timestamp,Xmm,Ymm,Zmm,TouchDetected,OutgoingPacket,IncomingPacket,GainPropAb, GainPropAd, GainPropFl, GainPropEx,PropA, PropB, PropC,GainIntegAb, GainIntegAd, GainIntegFl, GainIntegEx,IntegA, IntegB, IntegC,GainDerivAb, GainDerivAd, GainDerivFl, GainDerivEx,DerivA, DerivB, DerivC,Heading5
0.00597373,252,-54,490,0,DRIVE [ 10 ] [ 1 ] [ 1025 1905 1325 ] [    0    0    0 ] [      0      0      0 ] [ 0 ],drive [ 09 ] [ 0 ] [ 1025 1905 1308 ] [   93    8   58 ] [  12739   6891  11364 ] [ 0 ],1.10,1.10,1.10,1.10,277.63,-59.38,0.00,0.80,0.80,0.80,0.80,0.00,0.00,0.00,0.00,0.00,0.00,0.80,0.00,0.00,0.00,0
0.0211566,253,-53,490,0,DRIVE [ 10 ] [ 1 ] [ 1025 1905 1330 ] [    0    0    0 ] [      0      0      0 ] [ 0 ],drive [ 10 ] [ 0 ] [ 1025 1905 1325 ] [   93    8   58 ] [  12739   6891  11363 ] [ 0 ],1.10,1.10,1.10,1.10,277.87,-57.76,0.00,0.80,0.80,0.80,0.80,0.00,0.00,0.00,0.00,0.00,0.00,0.80,-0.00,0.00,0.00,0
0.0342918,253,-52,490,0,DRIVE [ 11 ] [ 1 ] [ 1025 1905 1331 ] [    0    0    0 ] [      0      0      0 ] [ 0 ],drive [ 10 ] [ 0 ] [ 1025 1905 1330 ] [   92    8   54 ] [  12739   6891  11363 ] [ 0 ],1.10,1.10,1.10,1.10,277.92,-57.39,0.00,0.80,0.80,0.80,0.80,0.00,0.00,0.00,0.00,0.00,0.00,0.80,-0.00,0.00,0.00,0
0.0502089,251,-51,487,0,DRIVE [ 11 ] [ 1 ] [ 1025 1905 1332 ] [    0    0    0 ] [      0      0      0 ] [ 0 ],drive [ 11 ] [ 0 ] [ 1025 1905 1331 ] [   92    8   54 ] [  12739   6891  11363 ] [ 0 ],1.10,1.10,1.10,1.10,275.94,-56.61,0.00,0.80,0.80,0.80,0.80,0.00,0.00,0.00,0.00,0.00,0.00,0.80,-0.00,0.00,0.00,0
0.0635965,250,-51,485,0,DRIVE [ 12 ] [ 1 ] [ 1025 1905 1333 ] [    0    0    0 ] [      0      0      0 ] [ 0 ],drive [ 11 ] [ 0 ] [ 1025 1905 1332 ] [   92    8   54 ] [  12739   6891  11363 ] [ 0 ],1.10,1.10,1.10,1.10,274.77,-56.05,0.00,0.80,0.80,0.80,0.80,0.00,0.00,0.00,0.00,0.00,0.00,0.80,-0.00,0.00,0.00,0
0.0781642,252,-51,489,0,DRIVE [ 12 ] [ 1 ] [ 1025 1905 1334 ] [    0    0    0 ] [      0      0      0 ] [ 0 ],drive [ 12 ] [ 0 ] [ 1025 1905 1333 ] [   92    8   54 ] [  12739   6891  11363 ] [ 0 ],1.10,1.10,1.10,1.10,277.04,-55.92,0.00,0.80,0.80,0.80,0.80,0.00,0.00,0.00,0.00,0.00,0.00,0.80,0.00,0.00,0.00,0
0.0917817,251,-50,487,0,DRIVE [ 13 ] [ 1 ] [ 1025 1905 1336 ] [    0    0    0 ] [      0      0      0 ] [ 0 ],drive [ 12 ] [ 0 ] [ 1025 1905 1334 ] [   92    8   54 ] [  12739   6891  11363 ] [ 0 ],1.10,1.10,1.10,1.10,276.00,-55.13,0.00,0.80,0.80,0.80,0.80,0.00,0.00,0.00,0.00,0.00,0.00,0.80,-0.00,0.00,0.00,0
0.105321,250,-49,485,0,DRIVE [ 13 ] [ 1 ] [ 1025 1905 1337 ] [    0    0    0 ] [      0      0      0 ] [ 0 ],drive [ 13 ] [ 0 ] [ 1025 1905 1336 ] [   92    8   54 ] [  12739   6891  11363 ] [ 0 ],1.10,1.10,1.10,1.10,275.29,-54.40,0.00,0.80,0.80,0.80,0.80,0.00,0.00,0.00,0.00,0.00,0.00,0.80,-0.00,0.00,0.00,0
0.119277,250,-49,484,0,DRIVE [ 14 ] [ 1 ] [ 1025 1905 1338 ] [    0    0    0 ] [      0      0      0 ] [ 0 ],drive [ 13 ] [ 0 ] [ 1025 1905 1337 ] [   92    8   54 ] [  12739   6891  11363 ] [ 0 ],1.10,1.10,1.10,1.10,275.07,-53.66,0.00,0.80,0.80,0.80,0.80,0.00,0.00,0.00,0.00,0.00,0.00,0.80,-0.00,0.00,0.00,0
0.132744,249,-48,482,0,DRIVE [ 14 ] [ 1 ] [ 1025 1905 1341 ] [    0    0    0 ] [      0      0      0 ] [ 0 ],drive [ 14 ] [ 0 ] [ 1025 1905 1338 ] [   92    8   52 ] [  12739   6891  11363 ] [ 0 ],1.10,1.10,1.10,1.10,274.06,-52.43,0.00,0.80,0.80,0.80,0.80,0.00,0.00,0.00,0.00,0.00,0.00,0.80,-0.00,0.00,0.00,0
0.146019,-201,77,544,0,DRIVE [ 15 ] [ 1 ] [ 1025 1025 1770 ] [    0    0    0 ] [      0      0      0 ] [ 0 ],drive [ 14 ] [ 0 ] [ 1025 1905 1341 ] [   92    8   52 ] [  12739   6891  11363 ] [ 0 ],1.10,1.10,1.10,1.10,-221.37,85.04,0.00,0.80,0.80,0.80,0.80,0.00,0.00,0.00,0.00,0.00,0.00,0.80,0.00,0.00,0.00,0
0.159361,-204,79,550,0,DRIVE [ 15 ] [ 1 ] [ 1025 1025 1771 ] [    0    0    0 ] [      0      0      0 ] [ 0 ],drive [ 15 ] [ 0 ] [ 1025 1025 1770 ] [   92    8   52 ] [  12739   6891  11363 ] [ 0 ],1.10,1.10,1.10,1.10,-224.13,86.85,0.00,0.80,0.80,0.80,0.80,0.00,0.00,0.00,0.00,0.00,0.00,0.80,0.00,0.00,0.00,0
0.172742,-206,80,556,0,DRIVE [ 16 ] [ 1 ] [ 1025 1025 1771 ] [    0    0    0 ] [      0      0      0 ] [ 0 ],drive [ 15 ] [ 0 ] [ 1025 1025 1771 ] [   92    8   52 ] [  12739   6891  11363 ] [ 0 ],1.10,1.10,1.10,1.10,-226.33,87.57,0.00,0.80,0.80,0.80,0.80,0.00,0.00,0.00,0.00,0.00,0.00,0.80,0.00,0.00,0.00,0
0.18645,-204,79,549,0,DRIVE [ 16 ] [ 1 ] [ 1025 1025 1771 ] [    0    0    0 ] [      0      0      0 ] [ 0 ],drive [ 16 ] [ 0 ] [ 1025 1025 1771 ] [   89  103   28 ] [  12739   6891  11363 ] [ 0 ],1.10,1.10,1.10,1.10,-223.91,86.68,0.00,0.80,0.80,0.80,0.80,0.00,0.00,0.00,0.00,0.00,0.00,0.80,0.00,-0.00,0.00,0
0.199734,-202,78,544,0,DRIVE [ 17 ] [ 1 ] [ 1025 1025 1770 ] [    0    0    0 ] [      0      0      0 ] [ 0 ],drive [ 16 ] [ 0 ] [ 1025 1025 1771 ] [   89  103   28 ] [  12739   6891  11363 ] [ 0 ],1.10,1.10,1.10,1.10,-222.44,85.87,0.00,0.80,0.80,0.80,0.80,0.00,0.00,0.00,0.00,0.00,0.00,0.80,0.00,-0.00,0.00,0
0.212972,-205,79,553,0,DRIVE [ 17 ] [ 1 ] [ 1025 1025 1769 ] [    0    0    0 ] [      0      0      0 ] [ 0 ],drive [ 17 ] [ 0 ] [ 1025 1025 1770 ] [   89  103   28 ] [  12739   6891  11363 ] [ 0 ],1.10,1.10,1.10,1.10,-225.81,86.59,0.00,0.80,0.80,0.80,0.80,0.00,0.00,0.00,0.00,0.00,0.00,0.80,0.00,0.00,0.00,0
0.225352,-205,79,553,0,DRIVE [ 18 ] [ 1 ] [ 1025 1025 1782 ] [    0    0    0 ] [      0      0      0 ] [ 0 ],drive [ 17 ] [ 0 ] [ 1025 1025 1769 ] [   89  103   28 ] [  12739   8640  10797 ] [ 0 ],1.10,1.10,1.10,1.10,-203.23,77.93,0.00,0.80,0.80,0.80,0.80,0.00,0.00,0.00,0.00,0.00,0.00,0.80,0.00,0.00,0.00,0
0.23909,-205,79,553,0,DRIVE [ 18 ] [ 1 ] [ 1025 1025 1793 ] [    0    0    0 ] [      0      0      0 ] [ 0 ],drive [ 18 ] [ 0 ] [ 1025 1025 1782 ] [  102   90    9 ] [  12739   8640  10797 ] [ 0 ],1.10,1.10,1.10,1.10,-182.91,70.14,0.00,0.80,0.80,0.80,0.80,0.00,0.00,0.00,0.00,0.00,0.00,0.80,0.00,0.00,0.00,0
0.253001,-198,71,557,0,DRIVE [ 19 ] [ 1 ] [ 1025 1025 1764 ] [    0    0    0 ] [      0      0      0 ] [ 0 ],drive [ 18 ] [ 0 ] [ 1025 1025 1793 ] [  102   90    9 ] [  12739   8640  10797 ] [ 0 ],1.10,1.10,1.10,1.10,-217.33,78.00,0.00,0.80,0.80,0.80,0.80,0.00,0.00,0.00,0.00,0.00,0.00,0.80,0.00,-0.00,0.00,0
0.266101,-191,65,559,0,DRIVE [ 19 ] [ 1 ] [ 1025 1025 1760 ] [    0    0    0 ] [      0      0      0 ] [ 0 ],drive [ 19 ] [ 0 ] [ 1025 1025 1764 ] [  102   90    9 ] [  12782   8634  10778 ] [ 0 ],1.10,1.10,1.10,1.10,-210.24,70.97,0.00,0.80,0.80,0.80,0.80,0.00,0.00,0.00,0.00,0.00,0.00,0.80,0.00,-0.00,0.00,0
0.279684,-185,59,555,0,DRIVE [ 20 ] [ 1 ] [ 1025 1025 1756 ] [    0    0    0 ] [      0      0      0 ] [ 0 ],drive [ 19 ] [ 0 ] [ 1025 1025 1760 ] [  102   90    9 ] [  12782   8634  10778 ] [ 0 ],1.10,1.10,1.10,1.10,-203.80,65.40,0.00,0.80,0.80,0.80,0.80,0.00,0.00,0.00,0.00,0.00,0.00,0.80,0.00,-0.00,0.00,0
0.29509,-183,57,558,0,DRIVE [ 20 ] [ 1 ] [ 1025 1025 1754 ] [    0    0    0 ] [      0      0      0 ] [ 0 ],drive [ 20 ] [ 0 ] [ 1025 1025 1756 ] [   88   89   14 ] [  12782   8634  10778 ] [ 0 ],1.10,1.10,1.10,1.10,-201.02,62.24,0.00,0.80,0.80,0.80,0.80,0.00,0.00,0.00,0.00,0.00,0.00,0.80,0.00,-0.00,0.00,0
0.308756,-180,54,558,0,DRIVE [ 21 ] [ 1 ] [ 1025 1025 1753 ] [    0    0    0 ] [      0      0      0 ] [ 0 ],drive [ 20 ] [ 0 ] [ 1025 1025 1754 ] [   88   89   14 ] [  12782   8634  10778 ] [ 0 ],1.10,1.10,1.10,1.10,-198.29,59.54,0.00,0.80,0.80,0.80,0.80,0.00,0.00,0.00,0.00,0.00,0.00,0.80,0.00,-0.00,0.00,0
0.322938,-179,52,561,0,DRIVE [ 21 ] [ 1 ] [ 1025 1030 1750 ] [    0    0    0 ] [      0      0      0 ] [ 0 ],drive [ 21 ] [ 0 ] [ 1025 1025 1753 ] [   88   89   14 ] [  12818   8635  10772 ] [ 0 ],1.10,1.10,1.10,1.10,-197.39,57.48,0.00,0.80,0.80,0.80,0.80,0.00,0.00,0.00,0.00,0.00,0.00,0.80,0.00,-0.00,0.00,0
0.336271,-178,51,561,0,DRIVE [ 22 ] [ 1 ] [ 1025 1041 1748 ] [    0    0    0 ] [      0      0      0 ] [ 0 ],drive [ 21 ] [ 0 ] [ 1025 1030 1750 ] [   83   92   18 ] [  12818   8635  10772 ] [ 0 ],1.10,1.10,1.10,1.10,-196.12,55.56,0.00,0.80,0.80,0.80,0.80,0.00,0.00,0.00,0.00,0.00,0.00,0.80,0.00,-0.00,0.00,0
0.350052,-177,48,560,0,DRIVE [ 22 ] [ 1 ] [ 1025 1051 1745 ] [    0    0    0 ] [      0      0      0 ] [ 0 ],drive [ 22 ] [ 0 ] [ 1025 1041 1748 ] [   83   92   18 ] [  12818   8635  10772 ] [ 0 ],1.10,1.10,1.10,1.10,-194.90,53.10,0.00,0.80,0.80,0.80,0.80,0.00,0.00,0.00,0.00,0.00,0.00,0.80,0.00,-0.00,0.00,0
0.365885,-175,46,555,0,DRIVE [ 23 ] [ 1 ] [ 1025 1059 1742 ] [    0    0    0 ] [      0      0      0 ] [ 0 ],drive [ 22 ] [ 0 ] [ 1025 1051 1745 ] [   83   92   18 ] [  12818   8635  10772 ] [ 0 ],1.10,1.10,1.10,1.10,-192.19,50.81,0.00,0.80,0.80,0.80,0.80,0.00,0.00,0.00,0.00,0.00,0.00,0.80,0.00,-0.00,0.00,0
0.379612,-175,46,555,0,DRIVE [ 23 ] [ 1 ] [ 1025 1138 1757 ] [    0    0    0 ] [      0      0      0 ] [ 0 ],drive [ 23 ] [ 0 ] [ 1025 1059 1742 ] [   83   92   18 ] [  12836   8644  10747 ] [ 0 ],1.10,1.10,1.10,1.10,-172.97,45.73,0.00,0.80,0.80,0.80,0.80,0.00,0.00,0.00,0.00,0.00,0.00,0.80,0.00,-0.00,0.00,0
0.394391,-175,45,557,0,DRIVE [ 24 ] [ 1 ] [ 1025 1068 1739 ] [    0    0    0 ] [      0      0      0 ] [ 0 ],drive [ 23 ] [ 0 ] [ 1025 1138 1757 ] [   85  100   14 ] [  12836   8644  10747 ] [ 0 ],1.10,1.10,1.10,1.10,-192.26,48.96,0.00,0.80,0.80,0.80,0.80,0.00,0.00,0.00,0.00,0.00,0.00,0.80,0.00,-0.00,0.00,0
0.409939,-175,45,557,0,DRIVE [ 24 ] [ 1 ] [ 1025 1146 1754 ] [    0    0    0 ] [      0      0      0 ] [ 0 ],drive [ 24 ] [ 0 ] [ 1025 1068 1739 ] [   85  100   14 ] [  12836   8644  10747 ] [ 0 ],1.10,1.10,1.10,1.10,-173.04,44.07,0.00,0.80,0.80,0.80,0.80,0.00,0.00,0.00,0.00,0.00,0.00,0.80,0.00,-0.00,0.00,0
0.423746,-175,45,557,0,DRIVE [ 25 ] [ 1 ] [ 1025 1218 1768 ] [    0    0    0 ] [      0      0      0 ] [ 0 ],drive [ 24 ] [ 0 ] [ 1025 1146 1754 ] [   85  100   14 ] [  12852   8744  10604 ] [ 0 ],1.10,1.10,1.10,1.10,-155.73,39.66,0.00,0.80,0.80,0.80,0.80,0.00,0.00,0.00,0.00,0.00,0.00,0.80,0.00,-0.00,0.00,0
0.437023,-175,41,561,0,DRIVE [ 25 ] [ 1 ] [ 1025 1085 1733 ] [    0    0    0 ] [      0      0      0 ] [ 0 ],drive [ 25 ] [ 0 ] [ 1025 1218 1768 ] [   96   76   29 ] [  12852   8744  10604 ] [ 0 ],1.10,1.10,1.10,1.10,-192.07,45.53,0.00,0.80,0.80,0.80,0.80,0.00,0.00,0.00,0.00,0.00,0.00,0.80,0.00,-0.00,0.00,0
0.450694,-175,41,561,0,DRIVE [ 26 ] [ 1 ] [ 1025 1161 1749 ] [    0    0    0 ] [      0      0      0 ] [ 0 ],drive [ 25 ] [ 0 ] [ 1025 1085 1733 ] [   96   76   29 ] [  12852   8744  10604 ] [ 0 ],1.10,1.10,1.10,1.10,-172.86,40.98,0.00,0.80,0.80,0.80,0.80,0.00,0.00,0.00,0.00,0.00,0.00,0.80,0.00,-0.00,0.00,0
0.46642,-174,38,564,0,DRIVE [ 26 ] [ 1 ] [ 1025 1104 1728 ] [    0    0    0 ] [      0      0      0 ] [ 0 ],drive [ 26 ] [ 0 ] [ 1025 1161 1749 ] [   96   76   29 ] [  12852   8744  10604 ] [ 0 ],1.10,1.10,1.10,1.10,-191.11,42.00,0.00,0.80,0.80,0.80,0.80,0.00,0.00,0.00,0.00,0.00,0.00,0.80,0.00,-0.00,0.00,0
0.481874,-173,36,567,0,DRIVE [ 27 ] [ 1 ] [ 1025 1117 1724 ] [    0    0    0 ] [      0      0      0 ] [ 0 ],drive [ 26 ] [ 0 ] [ 1025 1104 1728 ] [   96   76   29 ] [  12863   8741  10587 ] [ 0 ],1.10,1.10,1.10,1.10,-190.41,39.35,0.00,0.80,0.80,0.80,0.80,0.00,0.00,0.00,0.00,0.00,0.00,0.80,0.00,-0.00,0.00,0
0.495148,-171,34,565,0,DRIVE [ 27 ] [ 1 ] [ 1025 1127 1722 ] [    0    0    0 ] [      0      0      0 ] [ 0 ],drive [ 27 ] [ 0 ] [ 1025 1117 1724 ] [   95   71   26 ] [  12863   8741  10587 ] [ 0 ],1.10,1.10,1.10,1.10,-188.34,37.36,0.00,0.80,0.80,0.80,0.80,0.00,0.00,0.00,0.00,0.00,0.00,0.80,0.00,-0.00,0.00,0
0.508555,-171,33,569,0,DRIVE [ 28 ] [ 1 ] [ 1025 1137 1721 ] [    0    0    0 ] [      0      0      0 ] [ 0 ],drive [ 27 ] [ 0 ] [ 1025 1127 1722 ] [   95   71   26 ] [  12863   8741  10587 ] [ 0 ],1.10,1.10,1.10,1.10,-187.87,36.16,0.00,0.80,0.80,0.80,0.80,0.00,0.00,0.00,0.00,0.00,0.00,0.80,0.00,-0.00,0.00,0
0.522734,-170,32,570,0,DRIVE [ 28 ] [ 1 ] [ 1025 1145 1721 ] [    0    0    0 ] [      0      0      0 ] [ 0 ],drive [ 28 ] [ 0 ] [ 1025 1137 1721 ] [   95   71   26 ] [  12864   8741  10586 ] [ 0 ],1.10,1.10,1.10,1.10,-186.71,35.12,0.00,0.80,0.80,0.80,0.80,0.00,0.00,0.00,0.00,0.00,0.00,0.80,0.00,-0.00,0.00,0
0.536083,-168,31,568,0,DRIVE [ 29 ] [ 1 ] [ 1025 1153 1722 ] [    0    0    0 ] [      0      0      0 ] [ 0 ],drive [ 28 ] [ 0 ] [ 1025 1145 1721 ] [   97   73   27 ] [  12864   8741  10586 ] [ 0 ],1.10,1.10,1.10,1.10,-184.32,34.36,0.00,0.80,0.80,0.80,0.80,0.00,0.00,0.00,0.00,0.00,0.00,0.80,0.00,-0.00,0.00,0
0.54989,-167,31,570,0,DRIVE [ 29 ] [ 1 ] [ 1025 1159 1724 ] [    0    0    0 ] [      0      0      0 ] [ 0 ],drive [ 29 ] [ 0 ] [ 1025 1153 1722 ] [   97   73   27 ] [  12864   8741  10586 ] [ 0 ],1.10,1.10,1.10,1.10,-183.20,34.13,0.00,0.80,0.80,0.80,0.80,0.00,0.00,0.00,0.00,0.00,0.00,0.80,0.00,-0.00,0.00,0
0.563329,-163,31,564,0,DRIVE [ 30 ] [ 1 ] [ 1025 1165 1725 ] [    0    0    0 ] [      0      0      0 ] [ 0 ],drive [ 29 ] [ 0 ] [ 1025 1159 1724 ] [   97   73   27 ] [  12864   8741  10586 ] [ 0 ],1.10,1.10,1.10,1.10,-179.83,33.62,0.00,0.80,0.80,0.80,0.80,0.00,0.00,0.00,0.00,0.00,0.00,0.80,0.00,-0.00,0.00,0
0.576689,-161,31,563,0,DRIVE [ 30 ] [ 1 ] [ 1025 1172 1729 ] [    0    0    0 ] [      0      0      0 ] [ 0 ],drive [ 30 ] [ 0 ] [ 1025 1165 1725 ] [   97   73   27 ] [  12929   8741  10558 ] [ 0 ],1.10,1.10,1.10,1.10,-177.35,33.96,0.00,0.80,0.80,0.80,0.80,0.00,0.00,0.00,0.00,0.00,0.00,0.80,0.00,-0.00,0.00,0
0.590723,-160,32,566,0,DRIVE [ 31 ] [ 1 ] [ 1025 1175 1733 ] [    0    0    0 ] [      0      0      0 ] [ 0 ],drive [ 30 ] [ 0 ] [ 1025 1172 1729 ] [   85   72   37 ] [  12929   8741  10558 ] [ 0 ],1.10,1.10,1.10,1.10,-176.29,34.89,0.00,0.80,0.80,0.80,0.80,0.00,0.00,0.00,0.00,0.00,0.00,0.80,0.00,-0.00,0.00,0
0.604635,-158,32,565,0,DRIVE [ 31 ] [ 1 ] [ 1025 1179 1737 ] [    0    0    0 ] [      0      0      0 ] [ 0 ],drive [ 31 ] [ 0 ] [ 1025 1175 1733 ] [   85   72   37 ] [  12929   8741  10558 ] [ 0 ],1.10,1.10,1.10,1.10,-174.27,35.55,0.00,0.80,0.80,0.80,0.80,0.00,0.00,0.00,0.00,0.00,0.00,0.80,0.00,-0.00,0.00,0
0.618281,-156,33,561,0,DRIVE [ 32 ] [ 1 ] [ 1025 1182 1740 ] [    0    0    0 ] [      0      0      0 ] [ 0 ],drive [ 31 ] [ 0 ] [ 1025 1179 1737 ] [   85   72   37 ] [  12949   8741  10506 ] [ 0 ],1.10,1.10,1.10,1.10,-171.57,35.93,0.00,0.80,0.80,0.80,0.80,0.00,0.00,0.00,0.00,0.00,0.00,0.80,0.00,-0.00,0.00,0
0.631506,-155,33,562,0,DRIVE [ 32 ] [ 1 ] [ 1025 1185 1744 ] [    0    0    0 ] [      0      0      0 ] [ 0 ],drive [ 32 ] [ 0 ] [ 1025 1182 1740 ] [   86   69   43 ] [  12949   8741  10506 ] [ 0 ],1.10,1.10,1.10,1.10,-170.29,36.70,0.00,0.80,0.80,0.80,0.80,0.00,0.00,0.00,0.00,0.00,0.00,0.80,0.00,-0.00,0.00,0
0.644776,-155,33,562,0,DRIVE [ 33 ] [ 1 ] [ 1025 1254 1759 ] [    0    0    0 ] [      0      0      0 ] [ 0 ],drive [ 32 ] [ 0 ] [ 1025 1185 1744 ] [   86   69   43 ] [  12949   8741  10506 ] [ 0 ],1.10,1.10,1.10,1.10,-153.26,33.03,0.00,0.80,0.80,0.80,0.80,0.00,0.00,0.00,0.00,0.00,0.00,0.80,0.00,-0.00,0.00,0
0.658547,-151,34,559,0,DRIVE [ 33 ] [ 1 ] [ 1025 1191 1750 ] [    0    0    0 ] [      0      0      0 ] [ 0 ],drive [ 33 ] [ 0 ] [ 1025 1254 1759 ] [   86   69   43 ] [  12949   8741  10506 ] [ 0 ],1.10,1.10,1.10,1.10,-166.64,37.41,0.00,0.80,0.80,0.80,0.80,0.00,0.00,0.00,0.00,0.00,0.00,0.80,0.00,-0.00,0.00,0
0.672291,-151,34,559,0,DRIVE [ 34 ] [ 1 ] [ 1025 1259 1764 ] [    0    0    0 ] [      0      0      0 ] [ 0 ],drive [ 33 ] [ 0 ] [ 1025 1191 1750 ] [   86   69   43 ] [  12958   8741  10458 ] [ 0 ],1.10,1.10,1.10,1.10,-149.97,33.67,0.00,0.80,0.80,0.80,0.80,0.00,0.00,0.00,0.00,0.00,0.00,0.80,0.00,-0.00,0.00,0
0.686167,-148,34,555,0,DRIVE [ 34 ] [ 1 ] [ 1025 1200 1755 ] [    0    0    0 ] [      0      0      0 ] [ 0 ],drive [ 34 ] [ 0 ] [ 1025 1259 1764 ] [   96   63   19 ] [  12958   8741  10458 ] [ 0 ],1.10,1.10,1.10,1.10,-162.40,37.75,0.00,0.80,0.80,0.80,0.80,0.00,0.00,0.00,0.00,0.00,0.00,0.80,0.00,-0.00,0.00,0
0.699498,-143,34,554,0,DRIVE [ 35 ] [ 1 ] [ 1025 1215 1760 ] [    0    0    0 ] [      0      0      0 ] [ 0 ],drive [ 34 ] [ 0 ] [ 1025 1200 1755 ] [   96   63   19 ] [  12958   8741  10458 ] [ 0 ],1.10,1.10,1.10,1.10,-157.81,37.33,0.00,0.80,0.80,0.80,0.80,0.00,0.00,0.00,0.00,0.00,0.00,0.80,0.00,-0.00,0.00,0
0.715916,-139,33,546,0,DRIVE [ 35 ] [ 1 ] [ 1025 1228 1764 ] [    0    0    0 ] [      0      0      0 ] [ 0 ],drive [ 35 ] [ 0 ] [ 1025 1215 1760 ] [   96   63   19 ] [  12958   8741  10458 ] [ 0 ],1.10,1.10,1.10,1.10,-152.43,36.38,0.00,0.80,0.80,0.80,0.80,0.00,0.00,0.00,0.00,0.00,0.00,0.80,0.00,-0.00,0.00,0
0.72888,-134,32,540,0,DRIVE [ 36 ] [ 1 ] [ 1025 1241 1767 ] [    0    0    0 ] [      0      0      0 ] [ 0 ],drive [ 35 ] [ 0 ] [ 1025 1228 1764 ] [   96   63   19 ] [  12973   8740  10433 ] [ 0 ],1.10,1.10,1.10,1.10,-147.44,35.33,0.00,0.80,0.80,0.80,0.80,0.00,0.00,0.00,0.00,0.00,0.00,0.80,0.00,-0.00,0.00,0
0.742143,-130,31,535,0,DRIVE [ 36 ] [ 1 ] [ 1025 1254 1769 ] [    0    0    0 ] [      0      0      0 ] [ 0 ],drive [ 36 ] [ 0 ] [ 1025 1241 1767 ] [  107   65   25 ] [  12973   8740  10433 ] [ 0 ],1.10,1.10,1.10,1.10,-143.20,34.16,0.00,0.80,0.80,0.80,0.80,0.00,0.00,0.00,0.00,0.00,0.00,0.80,0.00,-0.00,0.00,0
0.755962,-126,30,529,0,DRIVE [ 37 ] [ 1 ] [ 1025 1268 1771 ] [    0    0    0 ] [      0      0      0 ] [ 0 ],drive [ 36 ] [ 0 ] [ 1025 1254 1769 ] [  107   65   25 ] [  12973   8740  10433 ] [ 0 ],1.10,1.10,1.10,1.10,-138.59,32.74,0.00,0.80,0.80,0.80,0.80,0.00,0.00,0.00,0.00,0.00,0.00,0.80,0.00,-0.00,0.00,0
0.769028,-121,28,525,0,DRIVE [ 37 ] [ 1 ] [ 1025 1289 1773 ] [    0    0    0 ] [      0      0      0 ] [ 0 ],drive [ 37 ] [ 0 ] [ 1025 1268 1771 ] [  107   65   25 ] [  13052   8740  10428 ] [ 0 ],1.10,1.10,1.10,1.10,-133.46,30.74,0.00,0.80,0.80,0.80,0.80,0.00,0.00,0.00,0.00,0.00,0.00,0.80,0.00,-0.00,0.00,0
0.782162,-117,26,520,0,DRIVE [ 38 ] [ 1 ] [ 1025 1308 1775 ] [    0    0    0 ] [      0      0      0 ] [ 0 ],drive [ 37 ] [ 0 ] [ 1025 1289 1773 ] [   82   61   33 ] [  13052   8740  10428 ] [ 0 ],1.10,1.10,1.10,1.10,-128.48,28.80,0.00,0.80,0.80,0.80,0.80,0.00,0.00,0.00,0.00,0.00,0.00,0.80,0.00,-0.00,0.00,0
0.795108,-112,24,513,0,DRIVE [ 38 ] [ 1 ] [ 1025 1326 1776 ] [    0    0    0 ] [      0      0      0 ] [ 0 ],drive [ 38 ] [ 0 ] [ 1025 1308 1775 ] [   82   61   33 ] [  13052   8740  10428 ] [ 0 ],1.10,1.10,1.10,1.10,-123.61,26.69,0.00,0.80,0.80,0.80,0.80,0.00,0.00,0.00,0.00,0.00,0.00,0.80,0.00,-0.00,0.00,0
0.808319,-108,22,507,0,DRIVE [ 39 ] [ 1 ] [ 1025 1344 1776 ] [    0    0    0 ] [      0      0      0 ] [ 0 ],drive [ 38 ] [ 0 ] [ 1025 1326 1776 ] [   82   61   33 ] [  13052   8740  10428 ] [ 0 ],1.10,1.10,1.10,1.10,-118.95,24.49,0.00,0.80,0.80,0.80,0.80,0.00,0.00,0.00,0.00,0.00,0.00,0.80,0.00,-0.00,0.00,0
0.821977,-104,20,502,0,DRIVE [ 39 ] [ 1 ] [ 1025 1367 1775 ] [    0    0    0 ] [      0      0      0 ] [ 0 ],drive [ 39 ] [ 0 ] [ 1025 1344 1776 ] [   82   61   33 ] [  13056   8738  10379 ] [ 0 ],1.10,1.10,1.10,1.10,-114.44,21.58,0.00,0.80,0.80,0.80,0.80,0.00,0.00,0.00,0.00,0.00,0.00,0.80,0.00,-0.00,0.00,0
0.834952,-101,17,503,0,DRIVE [ 40 ] [ 1 ] [ 1025 1389 1774 ] [    0    0    0 ] [      0      0      0 ] [ 0 ],drive [ 39 ] [ 0 ] [ 1025 1367 1775 ] [   82   55   30 ] [  13056   8738  10379 ] [ 0 ],1.10,1.10,1.10,1.10,-111.20,18.82,0.00,0.80,0.80,0.80,0.80,0.00,0.00,0.00,0.00,0.00,0.00,0.80,0.00,-0.00,0.00,0
0.848552,-97,15,498,0,DRIVE [ 40 ] [ 1 ] [ 1025 1410 1772 ] [    0    0    0 ] [      0      0      0 ] [ 0 ],drive [ 40 ] [ 0 ] [ 1025 1389 1774 ] [   82   55   30 ] [  13056   8738  10379 ] [ 0 ],1.10,1.10,1.10,1.10,-107.20,16.01,0.00,0.80,0.80,0.80,0.80,0.00,0.00,0.00,0.00,0.00,0.00,0.80,0.00,-0.00,0.00,0
0.861382,-95,12,495,0,DRIVE [ 41 ] [ 1 ] [ 1025 1430 1769 ] [    0    0    0 ] [      0      0      0 ] [ 0 ],drive [ 40 ] [ 0 ] [ 1025 1410 1772 ] [   82   55   30 ] [  13056   8738  10379 ] [ 0 ],1.10,1.10,1.10,1.10,-103.99,13.11,0.00,0.80,0.80,0.80,0.80,0.00,0.00,0.00,0.00,0.00,0.00,0.80,0.00,-0.00,0.00,0
0.874358,-95,12,495,0,DRIVE [ 41 ] [ 1 ] [ 1025 1476 1782 ] [    0    0    0 ] [      0      0      0 ] [ 0 ],drive [ 41 ] [ 0 ] [ 1025 1430 1769 ] [   82   55   30 ] [  13063   8730  10350 ] [ 0 ],1.10,1.10,1.10,1.10,-93.59,11.80,0.00,0.80,0.80,0.80,0.80,0.00,0.00,0.00,0.00,0.00,0.00,0.80,0.00,-0.00,0.00,0
0.887811,-90,8,488,0,DRIVE [ 42 ] [ 1 ] [ 1025 1457 1763 ] [    0    0    0 ] [      0      0      0 ] [ 0 ],drive [ 41 ] [ 0 ] [ 1025 1476 1782 ] [   84   49   11 ] [  13063   8730  10350 ] [ 0 ],1.10,1.10,1.10,1.10,-99.32,8.43,0.00,0.80,0.80,0.80,0.80,0.00,0.00,0.00,0.00,0.00,0.00,0.80,0.00,-0.00,0.00,0
0.900624,-87,4,485,0,DRIVE [ 42 ] [ 1 ] [ 1025 1481 1756 ] [    0    0    0 ] [      0      0      0 ] [ 0 ],drive [ 42 ] [ 0 ] [ 1025 1457 1763 ] [   84   49   11 ] [  13063   8730  10350 ] [ 0 ],1.10,1.10,1.10,1.10,-95.88,4.34,0.00,0.80,0.80,0.80,0.80,0.00,0.00,0.00,0.00,0.00,0.00,0.80,0.00,-0.00,0.00,0
0.913586,-84,1,479,0,DRIVE [ 43 ] [ 1 ] [ 1025 1502 1751 ] [    0    0    0 ] [      0      0      0 ] [ 0 ],drive [ 42 ] [ 0 ] [ 1025 1481 1756 ] [   84   49   11 ] [  13063   8730  10350 ] [ 0 ],1.10,1.10,1.10,1.10,-92.26,0.74,0.00,0.80,0.80,0.80,0.80,0.00,0.00,0.00,0.00,0.00,0.00,0.80,0.00,-0.00,0.00,0
0.92633,-81,-2,476,0,DRIVE [ 43 ] [ 1 ] [ 1025 1521 1746 ] [    0    0    0 ] [      0      0      0 ] [ 0 ],drive [ 43 ] [ 0 ] [ 1025 1502 1751 ] [   84   49   11 ] [  13077   8687  10304 ] [ 0 ],1.10,1.10,1.10,1.10,-89.26,-2.59,0.00,0.80,0.80,0.80,0.80,0.00,0.00,0.00,0.00,0.00,0.00,0.80,0.00,0.00,0.00,0
0.939262,-79,-5,474,0,DRIVE [ 44 ] [ 1 ] [ 1025 1538 1740 ] [    0    0    0 ] [      0      0      0 ] [ 0 ],drive [ 43 ] [ 0 ] [ 1025 1521 1746 ] [  103   58   26 ] [  13077   8687  10304 ] [ 0 ],1.10,1.10,1.10,1.10,-86.82,-5.77,0.00,0.80,0.80,0.80,0.80,0.00,0.00,0.00,0.00,0.00,0.00,0.80,0.00,0.00,0.00,0
0.95232,-76,-8,471,0,DRIVE [ 44 ] [ 1 ] [ 1025 1557 1734 ] [    0    0    0 ] [      0      0      0 ] [ 0 ],drive [ 44 ] [ 0 ] [ 1025 1538 1740 ] [  103   58   26 ] [  13077   8687  10304 ] [ 0 ],1.10,1.10,1.10,1.10,-83.86,-9.25,0.00,0.80,0.80,0.80,0.80,0.00,0.00,0.00,0.00,0.00,0.00,0.80,0.00,0.00,0.00,0
0.96506,-74,-11,469,0,DRIVE [ 45 ] [ 1 ] [ 1025 1575 1728 ] [    0    0    0 ] [      0      0      0 ] [ 0 ],drive [ 44 ] [ 0 ] [ 1025 1557 1734 ] [  103   58   26 ] [  13077   8687  10304 ] [ 0 ],1.10,1.10,1.10,1.10,-80.98,-12.35,0.00,0.80,0.80,0.80,0.80,0.00,0.00,0.00,0.00,0.00,0.00,0.80,0.00,0.00,0.00,0
0.977586,-72,-14,469,0,DRIVE [ 45 ] [ 1 ] [ 1025 1591 1723 ] [    0    0    0 ] [      0      0      0 ] [ 0 ],drive [ 45 ] [ 0 ] [ 1025 1575 1728 ] [  103   58   26 ] [  13169   8577  10304 ] [ 0 ],1.10,1.10,1.10,1.10,-78.75,-15.17,0.00,0.80,0.80,0.80,0.80,0.00,0.00,0.00,0.00,0.00,0.00,0.80,0.00,0.00,0.00,0
0.990679,-68,-16,461,0,DRIVE [ 46 ] [ 1 ] [ 1025 1604 1719 ] [    0    0    0 ] [      0      0      0 ] [ 0 ],drive [ 45 ] [ 0 ] [ 1025 1591 1723 ] [   84   39   30 ] [  13169   8577  10304 ] [ 0 ],1.10,1.10,1.10,1.10,-75.34,-17.15,0.00,0.80,0.80,0.80,0.80,0.00,0.00,0.00,0.00,0.00,0.00,0.80,0.00,0.00,0.00,0
1.00355,-66,-17,458,0,DRIVE [ 46 ] [ 1 ] [ 1025 1617 1716 ] [    0    0    0 ] [      0      0      0 ] [ 0 ],drive [ 46 ] [ 0 ] [ 1025 1604 1719 ] [   84   39   30 ] [  13169   8577  10304 ] [ 0 ],1.10,1.10,1.10,1.10,-72.93,-18.97,0.00,0.80,0.80,0.80,0.80,0.00,0.00,0.00,0.00,0.00,0.00,0.80,0.00,0.00,0.00,0
1.01751,-64,-18,455,0,DRIVE [ 47 ] [ 1 ] [ 1025 1628 1714 ] [    0    0    0 ] [      0      0      0 ] [ 0 ],drive [ 46 ] [ 0 ] [ 1025 1617 1716 ] [   84   39   30 ] [  13171   8369  10305 ] [ 0 ],1.10,1.10,1.10,1.10,-70.52,-20.33,0.00,0.80,0.80,0.80,0.80,0.00,0.00,0.00,0.00,0.00,0.00,0.80,0.00,0.00,0.00,0
1.0303,-63,-19,456,0,DRIVE [ 47 ] [ 1 ] [ 1025 1638 1713 ] [    0    0    0 ] [      0      0      0 ] [ 0 ],drive [ 47 ] [ 0 ] [ 1025 1628 1714 ] [   84   39   30 ] [  13171   8369  10305 ] [ 0 ],1.10,1.10,1.10,1.10,-68.82,-21.43,0.00,0.80,0.80,0.80,0.80,0.00,0.00,0.00,0.00,0.00,0.00,0.80,0.00,0.00,0.00,0
1.0431,-61,-21,455,0,DRIVE [ 48 ] [ 1 ] [ 1025 1649 1712 ] [    0    0    0 ] [      0      0      0 ] [ 0 ],drive [ 47 ] [ 0 ] [ 1025 1638 1713 ] [   84   52   31 ] [  13171   8369  10305 ] [ 0 ],1.10,1.10,1.10,1.10,-66.67,-22.58,0.00,0.80,0.80,0.80,0.80,0.00,0.00,0.00,0.00,0.00,0.00,0.80,0.00,0.00,0.00,0
1.05652,-58,-21,453,0,DRIVE [ 48 ] [ 1 ] [ 1025 1660 1712 ] [    0    0    0 ] [      0      0      0 ] [ 0 ],drive [ 48 ] [ 0 ] [ 1025 1649 1712 ] [   84   52   31 ] [  13171   8369  10305 ] [ 0 ],1.10,1.10,1.10,1.10,-64.06,-23.45,0.00,0.80,0.80,0.80,0.80,0.00,0.00,0.00,0.00,0.00,0.00,0.80,0.00,0.00,0.00,0
1.06927,-55,-22,448,0,DRIVE [ 49 ] [ 1 ] [ 1025 1675 1712 ] [    0    0    0 ] [      0      0      0 ] [ 0 ],drive [ 48 ] [ 0 ] [ 1025 1660 1712 ] [   84   52   31 ] [  13174   8319  10305 ] [ 0 ],1.10,1.10,1.10,1.10,-60.36,-24.57,0.00,0.80,0.80,0.80,0.80,0.00,0.00,0.00,0.00,0.00,0.00,0.80,0.00,0.00,0.00,0
1.08241,-52,-23,445,0,DRIVE [ 49 ] [ 1 ] [ 1025 1690 1712 ] [    0    0    0 ] [      0      0      0 ] [ 0 ],drive [ 49 ] [ 0 ] [ 1025 1675 1712 ] [   85   27   30 ] [  13174   8319  10305 ] [ 0 ],1.10,1.10,1.10,1.10,-56.98,-25.50,0.00,0.80,0.80,0.80,0.80,0.00,0.00,0.00,0.00,0.00,0.00,0.80,0.00,0.00,0.00,0
1.09516,-49,-24,442,0,DRIVE [ 50 ] [ 1 ] [ 1025 1704 1712 ] [    0    0    0 ] [      0      0      0 ] [ 0 ],drive [ 49 ] [ 0 ] [ 1025 1690 1712 ] [   85   27   30 ] [  13174   8319  10305 ] [ 0 ],1.10,1.10,1.10,1.10,-53.65,-26.39,0.00,0.80,0.80,0.80,0.80,0.00,0.00,0.00,0.00,0.00,0.00,0.80,0.00,0.00,0.00,0
1.10777,-46,-25,440,0,DRIVE [ 50 ] [ 1 ] [ 1025 1719 1713 ] [    0    0    0 ] [      0      0      0 ] [ 0 ],drive [ 50 ] [ 0 ] [ 1025 1704 1712 ] [   85   27   30 ] [  13174   8319  10305 ] [ 0 ],1.10,1.10,1.10,1.10,-50.15,-27.27,0.00,0.80,0.80,0.80,0.80,0.00,0.00,0.00,0.00,0.00,0.00,0.80,0.00,0.00,0.00,0
1.12128,-42,-25,434,0,DRIVE [ 51 ] [ 1 ] [ 1025 1731 1712 ] [    0    0    0 ] [      0      0      0 ] [ 0 ],drive [ 50 ] [ 0 ] [ 1025 1719 1713 ] [   85   27   30 ] [  13180   8140  10305 ] [ 0 ],1.10,1.10,1.10,1.10,-46.39,-27.62,0.00,0.80,0.80,0.80,0.80,-0.66,-0.38,0.00,0.00,0.00,0.00,0.80,0.00,0.00,0.00,0
1.13394,-39,-25,431,0,DRIVE [ 51 ] [ 1 ] [ 1025 1741 1711 ] [    0    0    0 ] [      0      0      0 ] [ 0 ],drive [ 51 ] [ 0 ] [ 1025 1731 1712 ] [   91   40   30 ] [  13180   8140  10305 ] [ 0 ],1.10,1.10,1.10,1.10,-43.25,-27.96,0.00,0.80,0.80,0.80,0.80,-1.29,-0.77,0.00,0.00,0.00,0.00,0.80,0.00,0.00,0.00,0
1.14723,-36,-26,429,0,DRIVE [ 52 ] [ 1 ] [ 1025 1755 1710 ] [    0    0    0 ] [      0      0      0 ] [ 0 ],drive [ 51 ] [ 0 ] [ 1025 1741 1711 ] [   91   40   30 ] [  13180   8140  10305 ] [ 0 ],1.10,1.10,1.10,1.10,-39.47,-28.37,0.00,0.80,0.80,0.80,0.80,-1.85,-1.16,0.00,0.00,0.00,0.00,0.80,0.00,0.00,0.00,0
1.15984,-33,-26,426,0,DRIVE [ 52 ] [ 1 ] [ 1025 1767 1710 ] [    0    0    0 ] [      0      0      0 ] [ 0 ],drive [ 52 ] [ 0 ] [ 1025 1755 1710 ] [   91   40   30 ] [  13180   8140  10305 ] [ 0 ],1.10,1.10,1.10,1.10,-35.78,-28.66,0.00,0.80,0.80,0.80,0.80,-2.36,-1.56,0.00,0.00,0.00,0.00,0.80,0.00,0.00,0.00,0
1.17241,-30,-26,424,0,DRIVE [ 53 ] [ 1 ] [ 1025 1779 1708 ] [    0    0    0 ] [      0      0      0 ] [ 0 ],drive [ 52 ] [ 0 ] [ 1025 1767 1710 ] [   91   40   30 ] [  13235   8053  10303 ] [ 0 ],1.10,1.10,1.10,1.10,-32.54,-28.90,0.00,0.80,0.80,0.80,0.80,-2.84,-1.96,0.00,0.00,0.00,0.00,0.80,0.00,0.00,0.00,0
1.18555,-27,-26,419,0,DRIVE [ 53 ] [ 1 ] [ 1025 1789 1707 ] [    0    0    0 ] [      0      0      0 ] [ 0 ],drive [ 53 ] [ 0 ] [ 1025 1779 1708 ] [   93   38   42 ] [  13235   8053  10303 ] [ 0 ],1.10,1.10,1.10,1.10,-29.35,-28.89,0.00,0.80,0.80,0.80,0.80,-3.26,-2.36,0.00,0.00,0.00,0.00,0.80,0.00,0.00,0.00,0
1.19831,-24,-27,419,0,DRIVE [ 54 ] [ 1 ] [ 1025 1797 1704 ] [    0    0    0 ] [      0      0      0 ] [ 0 ],drive [ 53 ] [ 0 ] [ 1025 1789 1707 ] [   93   38   42 ] [  13235   8053  10303 ] [ 0 ],1.10,1.10,1.10,1.10,-26.86,-29.33,0.00,0.80,0.80,0.80,0.80,-3.66,-2.77,0.00,0.00,0.00,0.00,0.80,0.00,0.00,0.00,0
1.21124,-22,-27,415,0,DRIVE [ 54 ] [ 1 ] [ 1025 1805 1701 ] [    0    0    0 ] [      0      0      0 ] [ 0 ],drive [ 54 ] [ 0 ] [ 1025 1797 1704 ] [   93   38   42 ] [  13235   8053  10303 ] [ 0 ],1.10,1.10,1.10,1.10,-24.41,-29.36,0.00,0.80,0.80,0.80,0.80,-4.03,-3.18,0.00,0.00,0.00,0.00,0.80,0.00,0.00,0.00,0
1.22395,-20,-27,408,0,DRIVE [ 55 ] [ 1 ] [ 1025 1813 1696 ] [    0    0    0 ] [      0      0      0 ] [ 0 ],drive [ 54 ] [ 0 ] [ 1025 1805 1701 ] [   93   38   42 ] [  13309   7912  10251 ] [ 0 ],1.10,1.10,1.10,1.10,-21.76,-29.46,0.00,0.80,0.80,0.80,0.80,-4.35,-3.59,0.00,0.00,0.00,0.00,0.80,0.00,0.00,0.00,0
1.2366,-18,-27,403,0,DRIVE [ 55 ] [ 1 ] [ 1025 1820 1691 ] [    0    0    0 ] [      0      0      0 ] [ 0 ],drive [ 55 ] [ 0 ] [ 1025 1813 1696 ] [   93   12   37 ] [  13309   7912  10251 ] [ 0 ],1.10,1.10,1.10,1.10,-19.38,-29.53,0.00,0.80,0.80,0.80,0.80,-4.64,-4.01,0.00,0.00,0.00,0.00,0.80,0.00,0.00,0.00,0
1.24993,-16,-27,397,0,DRIVE [ 56 ] [ 1 ] [ 1025 1826 1687 ] [    0    0    0 ] [      0      0      0 ] [ 0 ],drive [ 55 ] [ 0 ] [ 1025 1820 1691 ] [   93   12   37 ] [  13309   7912  10251 ] [ 0 ],1.10,1.10,1.10,1.10,-17.21,-29.39,0.00,0.80,0.80,0.80,0.80,-4.91,-4.42,0.00,0.00,0.00,0.00,0.80,0.00,0.00,0.00,0
1.26481,-14,-26,393,0,DRIVE [ 56 ] [ 1 ] [ 1025 1831 1684 ] [    0    0    0 ] [      0      0      0 ] [ 0 ],drive [ 56 ] [ 0 ] [ 1025 1826 1687 ] [   93   12   37 ] [  13309   7912  10251 ] [ 0 ],1.10,1.10,1.10,1.10,-15.47,-29.03,0.00,0.80,0.80,0.80,0.80,-5.15,-4.82,0.00,0.00,0.00,0.00,0.80,0.00,0.00,0.00,0
1.27963,-13,-26,388,0,DRIVE [ 57 ] [ 1 ] [ 1025 1835 1681 ] [    0    0    0 ] [      0      0      0 ] [ 0 ],drive [ 56 ] [ 0 ] [ 1025 1831 1684 ] [   93   12   37 ] [  13336   7642  10251 ] [ 0 ],1.10,1.10,1.10,1.10,-13.91,-28.63,0.00,0.80,0.80,0.80,0.80,-5.37,-5.21,0.00,0.00,0.00,0.00,0.80,0.00,0.00,0.00,0
1.29261,-12,-26,384,0,DRIVE [ 57 ] [ 1 ] [ 1025 1839 1678 ] [    0    0    0 ] [      0      0      0 ] [ 0 ],drive [ 57 ] [ 0 ] [ 1025 1835 1681 ] [   83   17   38 ] [  13336   7642  10251 ] [ 0 ],1.10,1.10,1.10,1.10,-12.65,-28.30,0.00,0.80,0.80,0.80,0.80,-5.58,-5.61,0.00,0.00,0.00,0.00,0.80,0.00,0.00,0.00,0
1.30786,-11,-26,382,0,DRIVE [ 58 ] [ 1 ] [ 1025 1841 1675 ] [    0    0    0 ] [      0      0      0 ] [ 0 ],drive [ 57 ] [ 0 ] [ 1025 1839 1678 ] [   83   17   38 ] [  13336   7642  10251 ] [ 0 ],1.10,1.10,1.10,1.10,-11.78,-28.20,0.00,0.80,0.80,0.80,0.80,-5.78,-6.01,0.00,0.00,0.00,0.00,0.80,0.00,0.00,0.00,0
1.32298,-10,-25,376,0,DRIVE [ 58 ] [ 1 ] [ 1025 1842 1670 ] [    0    0    0 ] [      0      0      0 ] [ 0 ],drive [ 58 ] [ 0 ] [ 1025 1841 1675 ] [   83   17   38 ] [  13397   7505  10247 ] [ 0 ],1.10,1.10,1.10,1.10,-11.09,-27.95,0.00,0.80,0.80,0.80,0.80,-5.97,-6.40,0.00,0.00,0.00,0.00,0.80,0.00,0.00,0.00,0
1.33543,-9,-25,372,0,DRIVE [ 59 ] [ 1 ] [ 1025 1844 1665 ] [    0    0    0 ] [      0      0      0 ] [ 0 ],drive [ 58 ] [ 0 ] [ 1025 1842 1670 ] [   83    9   35 ] [  13397   7505  10247 ] [ 0 ],1.10,1.10,1.10,1.10,-10.38,-27.98,0.00,0.80,0.80,0.80,0.80,-6.15,-6.79,0.00,0.00,0.00,0.00,0.80,0.00,0.00,0.00,0
1.34825,-9,-26,368,0,DRIVE [ 59 ] [ 1 ] [ 1025 1846 1657 ] [    0    0    0 ] [      0      0      0 ] [ 0 ],drive [ 59 ] [ 0 ] [ 1025 1844 1665 ] [   83    9   35 ] [  13397   7505  10247 ] [ 0 ],1.10,1.10,1.10,1.10,-9.55,-28.19,0.00,0.80,0.80,0.80,0.80,-6.32,-7.20,0.00,0.00,0.00,0.00,0.80,0.00,0.00,0.00,0
1.361,-8,-26,364,0,DRIVE [ 60 ] [ 1 ] [ 1025 1848 1649 ] [    0    0    0 ] [      0      0      0 ] [ 0 ],drive [ 59 ] [ 0 ] [ 1025 1846 1657 ] [   83    9   35 ] [  13397   7505  10247 ] [ 0 ],1.10,1.10,1.10,1.10,-8.76,-28.38,0.00,0.80,0.80,0.80,0.80,-6.47,-7.60,0.00,0.00,0.00,0.00,0.80,0.00,0.00,0.00,0
1.37385,-7,-26,359,0,DRIVE [ 60 ] [ 1 ] [ 1025 1851 1638 ] [    0    0    0 ] [      0      0      0 ] [ 0 ],drive [ 60 ] [ 0 ] [ 1025 1848 1649 ] [   83    9   35 ] [  13400   7390  10246 ] [ 0 ],1.10,1.10,1.10,1.10,-7.65,-28.81,0.00,0.80,0.80,0.80,0.80,-6.60,-8.02,0.00,0.00,0.00,0.00,0.80,0.00,0.00,0.00,0
1.38773,-6,-27,355,0,DRIVE [ 61 ] [ 1 ] [ 1025 1853 1628 ] [    0    0    0 ] [      0      0      0 ] [ 0 ],drive [ 60 ] [ 0 ] [ 1025 1851 1638 ] [   86   21   37 ] [  13400   7390  10246 ] [ 0 ],1.10,1.10,1.10,1.10,-6.74,-29.20,0.00,0.80,0.80,0.80,0.80,-6.71,-8.44,0.00,0.00,0.00,0.00,0.80,0.00,0.00,0.00,0
1.4003,-5,-27,350,0,DRIVE [ 61 ] [ 1 ] [ 1025 1856 1618 ] [    0    0    0 ] [      0      0      0 ] [ 0 ],drive [ 61 ] [ 0 ] [ 1025 1853 1628 ] [   86   21   37 ] [  13400   7390  10246 ] [ 0 ],1.10,1.10,1.10,1.10,-5.90,-29.47,0.00,0.80,0.80,0.80,0.80,-6.82,-8.87,0.00,0.00,0.00,0.00,0.80,0.00,0.00,0.00,0
1.4132,-5,-27,347,0,DRIVE [ 62 ] [ 1 ] [ 1025 1857 1607 ] [    0    0    0 ] [      0      0      0 ] [ 0 ],drive [ 61 ] [ 0 ] [ 1025 1856 1618 ] [   86   21   37 ] [  13400   7390  10246 ] [ 0 ],1.10,1.10,1.10,1.10,-5.30,-29.99,0.00,0.80,0.80,0.80,0.80,-6.92,-9.31,0.00,0.00,0.00,0.00,0.80,0.00,0.00,0.00,0
1.42602,-4,-27,343,0,DRIVE [ 62 ] [ 1 ] [ 1025 1859 1597 ] [    0    0    0 ] [      0      0      0 ] [ 0 ],drive [ 62 ] [ 0 ] [ 1025 1857 1607 ] [   86   21   37 ] [  13408   7284  10246 ] [ 0 ],1.10,1.10,1.10,1.10,-4.61,-30.25,0.00,0.80,0.80,0.80,0.80,-7.00,-9.74,0.00,0.00,0.00,0.00,0.80,0.00,0.00,0.00,0
1.43877,-3,-28,340,0,DRIVE [ 63 ] [ 1 ] [ 1025 1862 1587 ] [    0    0    0 ] [      0      0      0 ] [ 0 ],drive [ 62 ] [ 0 ] [ 1025 1859 1597 ] [   89   17   41 ] [  13408   7284  10246 ] [ 0 ],1.10,1.10,1.10,1.10,-3.81,-30.59,0.00,0.80,0.80,0.80,0.80,-7.08,-10.18,0.00,0.00,0.00,0.00,0.80,0.00,0.00,0.00,0
1.45191,-2,-28,335,0,DRIVE [ 63 ] [ 1 ] [ 1025 1868 1573 ] [    0    0    0 ] [      0      0      0 ] [ 0 ],drive [ 63 ] [ 0 ] [ 1025 1862 1587 ] [   89   17   41 ] [  13408   7284  10246 ] [ 0 ],1.10,1.10,1.10,1.10,-2.24,-30.90,0.00,0.80,0.80,0.80,0.80,-7.11,-10.63,0.00,0.00,0.00,0.00,0.80,0.00,0.00,0.00,0
1.46451,-1,-28,331,0,DRIVE [ 64 ] [ 1 ] [ 1025 1873 1559 ] [    0    0    0 ] [      0      0      0 ] [ 0 ],drive [ 63 ] [ 0 ] [ 1025 1868 1573 ] [   89   17   41 ] [  13408   7284  10246 ] [ 0 ],1.10,1.10,1.10,1.10,-0.78,-31.14,0.00,0.80,0.80,0.80,0.80,-7.13,-11.08,0.00,0.00,0.00,0.00,0.80,0.00,0.00,0.00,0
1.47757,0,-28,326,0,DRIVE [ 64 ] [ 1 ] [ 1025 1878 1545 ] [    0    0    0 ] [      0      0      0 ] [ 0 ],drive [ 64 ] [ 0 ] [ 1025 1873 1559 ] [   89   17   41 ] [  13433   7060  10247 ] [ 0 ],1.10,1.10,1.10,1.10,0.53,-31.23,0.00,0.80,0.80,0.80,0.80,-7.13,-11.53,0.00,0.00,0.00,0.00,0.80,0.00,0.00,0.00,0
1.4927,2,-29,323,0,DRIVE [ 65 ] [ 1 ] [ 1025 1883 1532 ] [    0    0    0 ] [      0      0      0 ] [ 0 ],drive [ 64 ] [ 0 ] [ 1025 1878 1545 ] [   89    2   47 ] [  13433   7060  10247 ] [ 0 ],1.10,1.10,1.10,1.10,1.74,-31.53,0.00,0.80,0.80,0.80,0.80,-7.11,-11.98,0.00,0.00,0.00,0.00,0.80,0.00,0.00,0.00,0
1.50535,3,-29,319,0,DRIVE [ 65 ] [ 1 ] [ 1025 1887 1518 ] [    0    0    0 ] [      0      0      0 ] [ 0 ],drive [ 65 ] [ 0 ] [ 1025 1883 1532 ] [   89    2   47 ] [  13433   7060  10247 ] [ 0 ],1.10,1.10,1.10,1.10,2.85,-31.69,0.00,0.80,0.80,0.80,0.80,-7.08,-12.44,0.00,0.00,0.00,0.00,0.80,0.00,0.00,0.00,0
1.51849,3,-29,316,0,DRIVE [ 66 ] [ 1 ] [ 1025 1892 1504 ] [    0    0    0 ] [      0      0      0 ] [ 0 ],drive [ 65 ] [ 0 ] [ 1025 1887 1518 ] [   89    2   47 ] [  13539   6944  10249 ] [ 0 ],1.10,1.10,1.10,1.10,3.84,-31.90,0.00,0.80,0.80,0.80,0.80,-7.03,-12.90,0.00,0.00,0.00,0.00,0.80,0.00,0.00,0.00,0
1.53089,4,-29,311,0,DRIVE [ 66 ] [ 1 ] [ 1025 1896 1486 ] [    0    0    0 ] [      0      0      0 ] [ 0 ],drive [ 66 ] [ 0 ] [ 1025 1892 1504 ] [   99    6   53 ] [  13539   6944  10249 ] [ 0 ],1.10,1.10,1.10,1.10,4.86,-32.33,0.00,0.80,0.80,0.80,0.80,-6.97,-13.37,0.00,0.00,0.00,0.00,0.80,0.00,0.00,0.00,0
1.54386,5,-30,306,0,DRIVE [ 67 ] [ 1 ] [ 1025 1900 1467 ] [    0    0    0 ] [      0      0      0 ] [ 0 ],drive [ 66 ] [ 0 ] [ 1025 1896 1486 ] [   99    6   53 ] [  13539   6944  10249 ] [ 0 ],1.10,1.10,1.10,1.10,5.77,-32.78,0.00,0.80,0.80,0.80,0.80,-6.90,-13.85,0.00,0.00,0.00,0.00,0.80,0.00,0.00,0.00,0
1.55645,6,-30,302,0,DRIVE [ 67 ] [ 1 ] [ 1025 1905 1446 ] [    0    0    0 ] [      0      0      0 ] [ 0 ],drive [ 67 ] [ 0 ] [ 1025 1900 1467 ] [   99    6   53 ] [  13539   6944  10249 ] [ 0 ],1.10,1.10,1.10,1.10,6.72,-33.28,0.00,0.80,0.80,0.80,0.80,-6.81,-14.33,0.00,0.00,0.00,0.00,0.80,0.00,0.00,0.00,0
1.56931,7,-31,299,0,DRIVE [ 68 ] [ 1 ] [ 1902 1905 1434 ] [    0    0    0 ] [      0      0      0 ] [ 0 ],drive [ 67 ] [ 0 ] [ 1025 1905 1446 ] [   99    6   53 ] [  13539   6789  10271 ] [ 0 ],1.10,1.10,1.10,1.10,7.50,-33.95,0.00,0.80,0.80,0.80,0.80,-6.71,-14.83,0.00,0.00,0.00,0.00,0.80,0.00,0.00,0.00,0
1.5826,7,-31,295,0,DRIVE [ 68 ] [ 1 ] [ 1899 1905 1421 ] [    0    0    0 ] [      0      0      0 ] [ 0 ],drive [ 68 ] [ 0 ] [ 1902 1905 1434 ] [   98    1   61 ] [  13539   6789  10271 ] [ 0 ],1.10,1.10,1.10,1.10,8.08,-34.49,0.00,0.80,0.80,0.80,0.80,-6.61,-15.34,0.00,0.00,0.00,0.00,0.80,0.00,0.00,0.00,0
1.59667,8,-32,291,0,DRIVE [ 69 ] [ 1 ] [ 1897 1905 1407 ] [    0    0    0 ] [      0      0      0 ] [ 0 ],drive [ 68 ] [ 0 ] [ 1899 1905 1421 ] [   98    1   61 ] [  13539   6789  10271 ] [ 0 ],1.10,1.10,1.10,1.10,8.32,-35.00,0.00,0.80,0.80,0.80,0.80,-6.51,-15.85,0.00,0.00,0.00,0.00,0.80,0.00,0.00,0.00,0
1.61287,7,-32,287,0,DRIVE [ 69 ] [ 1 ] [ 1898 1905 1388 ] [    0    0    0 ] [      0      0      0 ] [ 0 ],drive [ 69 ] [ 0 ] [ 1897 1905 1407 ] [   98    1   61 ] [  13539   6789  10271 ] [ 0 ],1.10,1.10,1.10,1.10,8.07,-35.54,0.00,0.80,0.80,0.80,0.80,-6.41,-16.36,0.00,0.00,0.00,0.00,0.80,0.00,0.00,0.00,0
1.62542,7,-33,283,0,DRIVE [ 70 ] [ 1 ] [ 1899 1905 1371 ] [    0    0    0 ] [      0      0      0 ] [ 0 ],drive [ 69 ] [ 0 ] [ 1898 1905 1388 ] [   98    1   61 ] [  12768   6545  10353 ] [ 0 ],1.10,1.10,1.10,1.10,7.73,-35.95,0.00,0.80,0.80,0.80,0.80,-6.33,-16.89,0.00,0.00,0.00,0.00,0.80,0.00,0.00,0.00,0
1.63797,7,-33,280,0,DRIVE [ 70 ] [ 1 ] [ 1900 1905 1354 ] [    0    0    0 ] [      0      0      0 ] [ 0 ],drive [ 70 ] [ 0 ] [ 1899 1905 1371 ] [   23    8   66 ] [  12768   6545  10353 ] [ 0 ],1.10,1.10,1.10,1.10,7.41,-36.39,0.00,0.80,0.80,0.80,0.80,-6.24,-17.42,0.00,0.00,0.00,0.00,0.80,0.00,0.00,0.00,0
1.65106,7,-33,277,0,DRIVE [ 71 ] [ 1 ] [ 1897 1905 1348 ] [    0    0    0 ] [      0      0      0 ] [ 0 ],drive [ 70 ] [ 0 ] [ 1900 1905 1354 ] [   23    8   66 ] [  12768   6545  10353 ] [ 0 ],1.10,1.10,1.10,1.10,7.89,-36.17,0.00,0.80,0.80,0.80,0.80,-6.14,-17.93,0.00,0.00,0.00,0.00,0.80,0.00,0.00,0.00,0
1.66358,8,-32,273,0,DRIVE [ 71 ] [ 1 ] [ 1892 1905 1350 ] [    0    0    0 ] [      0      0      0 ] [ 0 ],drive [ 71 ] [ 0 ] [ 1897 1905 1348 ] [   23    8   66 ] [  12768   6545  10353 ] [ 0 ],1.10,1.10,1.10,1.10,8.84,-35.20,0.00,0.80,0.80,0.80,0.80,-6.01,-18.42,0.00,0.00,0.00,0.00,0.80,0.00,0.00,0.00,0
1.67737,10,-30,268,0,DRIVE [ 72 ] [ 1 ] [ 1880 1905 1363 ] [    0    0    0 ] [      0      0      0 ] [ 0 ],drive [ 71 ] [ 0 ] [ 1892 1905 1350 ] [   23    8   66 ] [  11635   6506  10684 ] [ 0 ],1.10,1.10,1.10,1.10,10.91,-33.34,0.00,0.80,0.80,0.80,0.80,-5.84,-18.87,0.00,0.00,0.00,0.00,0.80,0.00,0.00,0.00,0
1.68995,12,-29,263,0,DRIVE [ 72 ] [ 1 ] [ 1869 1905 1375 ] [    0    0    0 ] [      0      0      0 ] [ 0 ],drive [ 72 ] [ 0 ] [ 1880 1905 1363 ] [   18    5   55 ] [  11635   6506  10684 ] [ 0 ],1.10,1.10,1.10,1.10,12.75,-31.71,0.00,0.80,0.80,0.80,0.80,-5.64,-19.30,0.00,0.00,0.00,0.00,0.80,0.00,0.00,0.00,0
1.70281,13,-28,259,0,DRIVE [ 73 ] [ 1 ] [ 1861 1905 1381 ] [    0    0    0 ] [      0      0      0 ] [ 0 ],drive [ 72 ] [ 0 ] [ 1869 1905 1375 ] [   18    5   55 ] [  11635   6506  10684 ] [ 0 ],1.10,1.10,1.10,1.10,14.06,-30.34,0.00,0.80,0.80,0.80,0.80,-5.43,-19.72,0.00,0.00,0.00,0.00,0.80,0.00,0.00,0.00,0
1.71611,14,-27,255,0,DRIVE [ 73 ] [ 1 ] [ 1855 1905 1382 ] [    0    0    0 ] [      0      0      0 ] [ 0 ],drive [ 73 ] [ 0 ] [ 1861 1905 1381 ] [   18    5   55 ] [  11661   6342  10695 ] [ 0 ],1.10,1.10,1.10,1.10,14.86,-29.56,0.00,0.80,0.80,0.80,0.80,-5.22,-20.14,0.00,0.00,0.00,0.00,0.80,0.00,0.00,0.00,0
1.72865,14,-26,252,0,DRIVE [ 74 ] [ 1 ] [ 1852 1905 1376 ] [    0    0    0 ] [      0      0      0 ] [ 0 ],drive [ 73 ] [ 0 ] [ 1855 1905 1382 ] [   18    5   55 ] [  11661   6342  10695 ] [ 0 ],1.10,1.10,1.10,1.10,15.08,-29.10,0.00,0.80,0.80,0.80,0.80,-5.01,-20.56,0.00,0.00,0.00,0.00,0.80,0.00,0.00,0.00,0
1.74134,13,-26,248,0,DRIVE [ 74 ] [ 1 ] [ 1852 1905 1368 ] [    0    0    0 ] [      0      0      0 ] [ 0 ],drive [ 74 ] [ 0 ] [ 1852 1905 1376 ] [   20   19   53 ] [  11661   6342  10695 ] [ 0 ],1.10,1.10,1.10,1.10,14.77,-28.74,0.00,0.80,0.80,0.80,0.80,-4.82,-20.97,0.00,0.00,0.00,0.00,0.80,0.00,0.00,0.00,0
1.75465,13,-26,245,0,DRIVE [ 75 ] [ 1 ] [ 1853 1905 1358 ] [    0    0    0 ] [      0      0      0 ] [ 0 ],drive [ 74 ] [ 0 ] [ 1852 1905 1368 ] [   20   19   53 ] [  11661   6342  10695 ] [ 0 ],1.10,1.10,1.10,1.10,14.16,-28.53,0.00,0.80,0.80,0.80,0.80,-4.64,-21.38,0.00,0.00,0.00,0.00,0.80,0.00,0.00,0.00,0
1.76743,12,-26,242,0,DRIVE [ 75 ] [ 1 ] [ 1857 1905 1345 ] [    0    0    0 ] [      0      0      0 ] [ 0 ],drive [ 75 ] [ 0 ] [ 1853 1905 1358 ] [   20   19   53 ] [  11661   6073  10695 ] [ 0 ],1.10,1.10,1.10,1.10,13.20,-28.32,0.00,0.80,0.80,0.80,0.80,-4.48,-21.79,0.00,0.00,0.00,0.00,0.80,0.00,0.00,0.00,0
1.78058,11,-25,238,0,DRIVE [ 76 ] [ 1 ] [ 1865 1905 1331 ] [    0    0    0 ] [      0      0      0 ] [ 0 ],drive [ 75 ] [ 0 ] [ 1857 1905 1345 ] [   20   19   53 ] [  11661   6073  10695 ] [ 0 ],1.10,1.10,1.10,1.10,11.61,-27.93,0.00,0.80,0.80,0.80,0.80,-4.35,-22.19,0.00,0.00,0.00,0.00,0.80,0.00,0.00,0.00,0
1.79326,9,-25,235,0,DRIVE [ 76 ] [ 1 ] [ 1873 1905 1317 ] [    0    0    0 ] [      0      0      0 ] [ 0 ],drive [ 76 ] [ 0 ] [ 1865 1905 1331 ] [   18    0   54 ] [  11661   6073  10695 ] [ 0 ],1.10,1.10,1.10,1.10,9.96,-27.57,0.00,0.80,0.80,0.80,0.80,-4.24,-22.59,0.00,0.00,0.00,0.00,0.80,0.00,0.00,0.00,0
1.80602,8,-25,232,0,DRIVE [ 77 ] [ 1 ] [ 1882 1905 1302 ] [    0    0    0 ] [      0      0      0 ] [ 0 ],drive [ 76 ] [ 0 ] [ 1873 1905 1317 ] [   18    0   54 ] [  11661   6073  10695 ] [ 0 ],1.10,1.10,1.10,1.10,8.27,-27.17,0.00,0.80,0.80,0.80,0.80,-4.15,-22.98,0.00,0.00,0.00,0.00,0.80,-0.00,0.00,0.00,0
1.81908,6,-24,229,0,DRIVE [ 77 ] [ 1 ] [ 1891 1905 1286 ] [    0    0    0 ] [      0      0      0 ] [ 0 ],drive [ 77 ] [ 0 ] [ 1882 1905 1302 ] [   18    0   54 ] [  11661   5936  10703 ] [ 0 ],1.10,1.10,1.10,1.10,6.60,-26.80,0.00,0.80,0.80,0.80,0.80,-4.09,-23.37,0.00,0.00,0.00,0.00,0.80,-0.00,0.00,0.00,0
1.83178,5,-24,225,0,DRIVE [ 78 ] [ 1 ] [ 1899 1905 1270 ] [    0    0    0 ] [      0      0      0 ] [ 0 ],drive [ 77 ] [ 0 ] [ 1891 1905 1286 ] [   19   22   71 ] [  11661   5936  10703 ] [ 0 ],1.10,1.10,1.10,1.10,5.11,-26.33,0.00,0.80,0.80,0.80,0.80,-4.04,-23.75,0.00,0.00,0.00,0.00,0.80,-0.00,0.00,0.00,0
1.84459,3,-23,222,0,DRIVE [ 78 ] [ 1 ] [ 1899 1902 1261 ] [    0    0    0 ] [      0      0      0 ] [ 0 ],drive [ 78 ] [ 0 ] [ 1899 1905 1270 ] [   19   22   71 ] [  11661   5936  10703 ] [ 0 ],1.10,1.10,1.10,1.10,3.54,-25.71,0.00,0.80,0.80,0.80,0.80,-4.02,-24.11,0.00,0.00,0.00,0.00,0.80,-0.00,0.00,0.00,0
1.85777,2,-23,218,0,DRIVE [ 79 ] [ 1 ] [ 1899 1894 1263 ] [    0    0    0 ] [      0      0      0 ] [ 0 ],drive [ 78 ] [ 0 ] [ 1899 1902 1261 ] [   19   22   71 ] [  11661   5936  10703 ] [ 0 ],1.10,1.10,1.10,1.10,2.21,-24.94,0.00,0.80,0.80,0.80,0.80,-4.01,-24.47,0.00,0.00,0.00,0.00,0.80,-0.00,0.00,0.00,0
1.87101,1,-22,216,0,DRIVE [ 79 ] [ 1 ] [ 1899 1887 1268 ] [    0    0    0 ] [      0      0      0 ] [ 0 ],drive [ 79 ] [ 0 ] [ 1899 1894 1263 ] [   19   22   71 ] [  11609   5909  10802 ] [ 0 ],1.10,1.10,1.10,1.10,1.08,-24.12,0.00,0.80,0.80,0.80,0.80,-4.01,-24.81,0.00,0.00,0.00,0.00,0.80,-0.00,0.00,0.00,0
1.88411,0,-21,213,0,DRIVE [ 80 ] [ 1 ] [ 1899 1881 1274 ] [    0    0    0 ] [      0      0      0 ] [ 0 ],drive [ 79 ] [ 0 ] [ 1899 1887 1268 ] [   13    8   57 ] [  11609   5909  10802 ] [ 0 ],1.10,1.10,1.10,1.10,0.13,-23.13,0.00,0.80,0.80,0.80,0.80,-4.02,-25.13,0.00,0.00,0.00,0.00,0.80,-0.00,0.00,0.00,0
1.89685,-1,-20,210,0,DRIVE [ 80 ] [ 1 ] [ 1899 1876 1277 ] [    0    0    0 ] [      0      0      0 ] [ 0 ],drive [ 80 ] [ 0 ] [ 1899 1881 1274 ] [   13    8   57 ] [  11609   5909  10802 ] [ 0 ],1.10,1.10,1.10,1.10,-0.65,-22.27,0.00,0.80,0.80,0.80,0.80,-4.04,-25.45,0.00,0.00,0.00,0.00,0.80,0.00,0.00,0.00,0
1.90957,-1,-19,207,0,DRIVE [ 81 ] [ 1 ] [ 1899 1871 1279 ] [    0    0    0 ] [      0      0      0 ] [ 0 ],drive [ 80 ] [ 0 ] [ 1899 1876 1277 ] [   13    8   57 ] [  11609   5909  10802 ] [ 0 ],1.10,1.10,1.10,1.10,-1.32,-21.40,0.00,0.80,0.80,0.80,0.80,-4.07,-25.75,0.00,0.00,0.00,0.00,0.80,0.00,0.00,0.00,0
1.92272,-2,-19,204,0,DRIVE [ 81 ] [ 1 ] [ 1899 1866 1282 ] [    0    0    0 ] [      0      0      0 ] [ 0 ],drive [ 81 ] [ 0 ] [ 1899 1871 1279 ] [   13    8   57 ] [  11598   5837  10802 ] [ 0 ],1.10,1.10,1.10,1.10,-1.86,-20.56,0.00,0.80,0.80,0.80,0.80,-4.10,-26.04,0.00,0.00,0.00,0.00,0.80,0.00,0.00,0.00,0
1.93538,-2,-18,202,0,DRIVE [ 82 ] [ 1 ] [ 1899 1862 1284 ] [    0    0    0 ] [      0      0      0 ] [ 0 ],drive [ 81 ] [ 0 ] [ 1899 1866 1282 ] [   13   27   56 ] [  11598   5837  10802 ] [ 0 ],1.10,1.10,1.10,1.10,-2.39,-19.81,0.00,0.80,0.80,0.80,0.80,-4.14,-26.33,0.00,0.00,0.00,0.00,0.80,0.00,0.00,0.00,0
1.94843,-3,-17,199,0,DRIVE [ 82 ] [ 1 ] [ 1899 1857 1286 ] [    0    0    0 ] [      0      0      0 ] [ 0 ],drive [ 82 ] [ 0 ] [ 1899 1862 1284 ] [   13   27   56 ] [  11598   5837  10802 ] [ 0 ],1.10,1.10,1.10,1.10,-3.06,-18.84,0.00,0.80,0.80,0.80,0.80,-4.19,-26.59,0.00,0.00,0.00,0.00,0.80,0.00,0.00,0.00,0
1.96105,-3,-16,195,0,DRIVE [ 83 ] [ 1 ] [ 1899 1852 1288 ] [    0    0    0 ] [      0      0      0 ] [ 0 ],drive [ 82 ] [ 0 ] [ 1899 1857 1286 ] [   13   27   56 ] [  11598   5837  10802 ] [ 0 ],1.10,1.10,1.10,1.10,-3.60,-17.94,0.00,0.80,0.80,0.80,0.80,-4.25,-26.85,0.00,0.00,0.00,0.00,0.80,0.00,0.00,0.00,0
1.97378,-4,-16,192,0,DRIVE [ 83 ] [ 1 ] [ 1899 1848 1289 ] [    0    0    0 ] [      0      0      0 ] [ 0 ],drive [ 83 ] [ 0 ] [ 1899 1852 1288 ] [   13   27   56 ] [  11596   5824  10802 ] [ 0 ],1.10,1.10,1.10,1.10,-4.00,-17.15,0.00,0.80,0.80,0.80,0.80,-4.31,-27.09,0.00,0.00,0.00,0.00,0.80,0.00,0.00,0.00,0
1.98784,-4,-15,190,0,DRIVE [ 84 ] [ 1 ] [ 1899 1844 1289 ] [    0    0    0 ] [      0      0      0 ] [ 0 ],drive [ 83 ] [ 0 ] [ 1899 1848 1289 ] [   10   29   54 ] [  11596   5824  10802 ] [ 0 ],1.10,1.10,1.10,1.10,-4.31,-16.48,0.00,0.80,0.80,0.80,0.80,-4.37,-27.33,0.00,0.00,0.00,0.00,0.80,0.00,0.00,0.00,0
2.0002,-4,-14,187,0,DRIVE [ 84 ] [ 1 ] [ 1899 1841 1288 ] [    0    0    0 ] [      0      0      0 ] [ 0 ],drive [ 84 ] [ 0 ] [ 1899 1844 1289 ] [   10   29   54 ] [  11596   5824  10802 ] [ 0 ],1.10,1.10,1.10,1.10,-4.55,-15.85,0.00,0.80,0.80,0.80,0.80,-4.44,-27.56,0.00,0.00,0.00,0.00,0.80,0.00,0.00,0.00,0
2.01318,-4,-14,185,0,DRIVE [ 85 ] [ 1 ] [ 1899 1839 1285 ] [    0    0    0 ] [      0      0      0 ] [ 0 ],drive [ 84 ] [ 0 ] [ 1899 1841 1288 ] [   10   29   54 ] [  11596   5824  10802 ] [ 0 ],1.10,1.10,1.10,1.10,-4.73,-15.35,0.00,0.80,0.80,0.80,0.80,-4.50,-27.78,0.00,0.00,0.00,0.00,0.80,0.00,0.00,0.00,0
2.02639,-4,-14,183,0,DRIVE [ 85 ] [ 1 ] [ 1899 1836 1282 ] [    0    0    0 ] [      0      0      0 ] [ 0 ],drive [ 85 ] [ 0 ] [ 1899 1839 1285 ] [   10   29   54 ] [  11574   5822  10802 ] [ 0 ],1.10,1.10,1.10,1.10,-4.92,-14.89,0.00,0.80,0.80,0.80,0.80,-4.57,-28.00,0.00,0.00,0.00,0.00,0.80,0.00,0.00,0.00,0
2.03913,-5,-13,179,0,DRIVE [ 86 ] [ 1 ] [ 1899 1833 1275 ] [    0    0    0 ] [      0      0      0 ] [ 0 ],drive [ 85 ] [ 0 ] [ 1899 1836 1282 ] [    7   31   55 ] [  11574   5822  10802 ] [ 0 ],1.10,1.10,1.10,1.10,-5.09,-14.45,0.00,0.80,0.80,0.80,0.80,-4.65,-28.21,0.00,0.00,0.00,0.00,0.80,0.00,0.00,0.00,0
2.05216,-5,-13,176,0,DRIVE [ 86 ] [ 1 ] [ 1899 1830 1268 ] [    0    0    0 ] [      0      0      0 ] [ 0 ],drive [ 86 ] [ 0 ] [ 1899 1833 1275 ] [    7   31   55 ] [  11574   5822  10802 ] [ 0 ],1.10,1.10,1.10,1.10,-5.21,-14.13,0.00,0.80,0.80,0.80,0.80,-4.72,-28.42,0.00,0.00,0.00,0.00,0.80,0.00,0.00,0.00,0
2.06462,-5,-13,174,0,DRIVE [ 87 ] [ 1 ] [ 1899 1827 1259 ] [    0    0    0 ] [      0      0      0 ] [ 0 ],drive [ 86 ] [ 0 ] [ 1899 1830 1268 ] [    7   31   55 ] [  11574   5822  10802 ] [ 0 ],1.10,1.10,1.10,1.10,-5.34,-13.92,0.00,0.80,0.80,0.80,0.80,-4.80,-28.62,0.00,0.00,0.00,0.00,0.80,0.00,0.00,0.00,0
2.07769,-5,-13,171,0,DRIVE [ 87 ] [ 1 ] [ 1899 1825 1250 ] [    0    0    0 ] [      0      0      0 ] [ 0 ],drive [ 87 ] [ 0 ] [ 1899 1827 1259 ] [    7   31   55 ] [  11528   5822  10807 ] [ 0 ],1.10,1.10,1.10,1.10,-5.44,-13.78,0.00,0.80,0.80,0.80,0.80,-4.87,-28.83,0.00,0.00,0.00,0.00,0.80,0.00,0.00,0.00,0
2.09061,-5,-12,168,0,DRIVE [ 88 ] [ 1 ] [ 1899 1823 1239 ] [    0    0    0 ] [      0      0      0 ] [ 0 ],drive [ 87 ] [ 0 ] [ 1899 1825 1250 ] [   22   32   62 ] [  11528   5822  10807 ] [ 0 ],1.10,1.10,1.10,1.10,-5.53,-13.67,0.00,0.80,0.80,0.80,0.80,-4.95,-29.03,0.00,0.00,0.00,0.00,0.80,0.00,0.00,0.00,0
2.10403,-5,-12,166,0,DRIVE [ 88 ] [ 1 ] [ 1899 1820 1228 ] [    0    0    0 ] [      0      0      0 ] [ 0 ],drive [ 88 ] [ 0 ] [ 1899 1823 1239 ] [   22   32   62 ] [  11528   5822  10807 ] [ 0 ],1.10,1.10,1.10,1.10,-5.66,-13.63,0.00,0.80,0.80,0.80,0.80,-5.03,-29.24,0.00,0.00,0.00,0.00,0.80,0.00,0.00,0.00,0
2.11706,-5,-12,163,0,DRIVE [ 89 ] [ 1 ] [ 1899 1816 1215 ] [    0    0    0 ] [      0      0      0 ] [ 0 ],drive [ 88 ] [ 0 ] [ 1899 1820 1228 ] [   22   32   62 ] [  11469   5816  10902 ] [ 0 ],1.10,1.10,1.10,1.10,-5.90,-13.64,0.00,0.80,0.80,0.80,0.80,-5.12,-29.44,0.00,0.00,0.00,0.00,0.80,0.00,0.00,0.00,0
2.12933,-6,-12,160,0,DRIVE [ 89 ] [ 1 ] [ 1899 1811 1203 ] [    0    0    0 ] [      0      0      0 ] [ 0 ],drive [ 89 ] [ 0 ] [ 1899 1816 1215 ] [   22   32   62 ] [  11469   5816  10902 ] [ 0 ],1.10,1.10,1.10,1.10,-6.17,-13.57,0.00,0.80,0.80,0.80,0.80,-5.21,-29.65,0.00,0.00,0.00,0.00,0.80,0.00,0.00,0.00,0
2.14173,-6,-12,158,0,DRIVE [ 90 ] [ 1 ] [ 1899 1807 1193 ] [    0    0    0 ] [      0      0      0 ] [ 0 ],drive [ 89 ] [ 0 ] [ 1899 1811 1203 ] [   16   29   82 ] [  11469   5816  10902 ] [ 0 ],1.10,1.10,1.10,1.10,-6.38,-13.40,0.00,0.80,0.80,0.80,0.80,-5.30,-29.84,0.00,0.00,0.00,0.00,0.80,0.00,0.00,0.00,0
2.15513,-6,-12,155,0,DRIVE [ 90 ] [ 1 ] [ 1899 1803 1186 ] [    0    0    0 ] [      0      0      0 ] [ 0 ],drive [ 90 ] [ 0 ] [ 1899 1807 1193 ] [   16   29   82 ] [  11469   5816  10902 ] [ 0 ],1.10,1.10,1.10,1.10,-6.61,-13.03,0.00,0.80,0.80,0.80,0.80,-5.40,-30.03,0.00,0.00,0.00,0.00,0.80,0.00,0.00,0.00,0
2.16805,-6,-11,153,0,DRIVE [ 91 ] [ 1 ] [ 1899 1799 1179 ] [    0    0    0 ] [      0      0      0 ] [ 0 ],drive [ 90 ] [ 0 ] [ 1899 1803 1186 ] [   16   29   82 ] [  11417   5805  10942 ] [ 0 ],1.10,1.10,1.10,1.10,-6.77,-12.62,0.00,0.80,0.80,0.80,0.80,-5.49,-30.22,0.00,0.00,0.00,0.00,0.80,0.00,0.00,0.00,0
2.18137,-6,-11,150,0,DRIVE [ 91 ] [ 1 ] [ 1899 1795 1171 ] [    0    0    0 ] [      0      0      0 ] [ 0 ],drive [ 91 ] [ 0 ] [ 1899 1799 1179 ] [   25   31   88 ] [  11417   5805  10942 ] [ 0 ],1.10,1.10,1.10,1.10,-6.91,-12.34,0.00,0.80,0.80,0.80,0.80,-5.59,-30.40,0.00,0.00,0.00,0.00,0.80,0.00,0.00,0.00,0
2.19399,-6,-11,148,0,DRIVE [ 92 ] [ 1 ] [ 1899 1791 1163 ] [    0    0    0 ] [      0      0      0 ] [ 0 ],drive [ 91 ] [ 0 ] [ 1899 1795 1171 ] [   25   31   88 ] [  11417   5805  10942 ] [ 0 ],1.10,1.10,1.10,1.10,-7.04,-12.14,0.00,0.80,0.80,0.80,0.80,-5.69,-30.58,0.00,0.00,0.00,0.00,0.80,0.00,0.00,0.00,0
2.20662,-6,-11,146,0,DRIVE [ 92 ] [ 1 ] [ 1899 1788 1154 ] [    0    0    0 ] [      0      0      0 ] [ 0 ],drive [ 92 ] [ 0 ] [ 1899 1791 1163 ] [   25   31   88 ] [  11417   5805  10942 ] [ 0 ],1.10,1.10,1.10,1.10,-7.09,-11.94,0.00,0.80,0.80,0.80,0.80,-5.79,-30.75,0.00,0.00,0.00,0.00,0.80,0.00,0.00,0.00,0
2.22012,-6,-11,144,0,DRIVE [ 93 ] [ 1 ] [ 1899 1786 1144 ] [    0    0    0 ] [      0      0      0 ] [ 0 ],drive [ 92 ] [ 0 ] [ 1899 1788 1154 ] [   25   31   88 ] [  11385   5805  11041 ] [ 0 ],1.10,1.10,1.10,1.10,-7.13,-11.76,0.00,0.80,0.80,0.80,0.80,-5.90,-30.93,0.00,0.00,0.00,0.00,0.80,0.00,0.00,0.00,0
2.23285,-6,-10,141,0,DRIVE [ 93 ] [ 1 ] [ 1899 1782 1136 ] [    0    0    0 ] [      0      0      0 ] [ 0 ],drive [ 93 ] [ 0 ] [ 1899 1786 1144 ] [   17   31   85 ] [  11385   5805  11041 ] [ 0 ],1.10,1.10,1.10,1.10,-7.12,-11.25,0.00,0.80,0.80,0.80,0.80,-6.00,-31.09,0.00,0.00,0.00,0.00,0.80,0.00,0.00,0.00,0
2.25012,-6,-10,139,0,DRIVE [ 94 ] [ 1 ] [ 1899 1779 1129 ] [    0    0    0 ] [      0      0      0 ] [ 0 ],drive [ 93 ] [ 0 ] [ 1899 1782 1136 ] [   17   31   85 ] [  11385   5805  11041 ] [ 0 ],1.10,1.10,1.10,1.10,-7.08,-10.82,0.00,0.80,0.80,0.80,0.80,-6.09,-31.24,0.00,0.00,0.00,0.00,0.80,0.00,0.00,0.00,0
2.26289,-6,-10,136,0,DRIVE [ 94 ] [ 1 ] [ 1899 1777 1119 ] [    0    0    0 ] [      0      0      0 ] [ 0 ],drive [ 94 ] [ 0 ] [ 1899 1779 1129 ] [   17   31   85 ] [  11385   5805  11041 ] [ 0 ],1.10,1.10,1.10,1.10,-7.02,-10.54,0.00,0.80,0.80,0.80,0.80,-6.19,-31.40,0.00,0.00,0.00,0.00,0.80,0.00,0.00,0.00,0
2.27561,-6,-9,134,0,DRIVE [ 95 ] [ 1 ] [ 1899 1775 1109 ] [    0    0    0 ] [      0      0      0 ] [ 0 ],drive [ 94 ] [ 0 ] [ 1899 1777 1119 ] [   17   31   85 ] [  11374   5805  11085 ] [ 0 ],1.10,1.10,1.10,1.10,-6.92,-10.32,0.00,0.80,0.80,0.80,0.80,-6.29,-31.55,0.00,0.00,0.00,0.00,0.80,0.00,0.00,0.00,0
2.28902,-6,-9,132,0,DRIVE [ 95 ] [ 1 ] [ 1899 1773 1096 ] [    0    0    0 ] [      0      0      0 ] [ 0 ],drive [ 95 ] [ 0 ] [ 1899 1775 1109 ] [   16   33   74 ] [  11374   5805  11085 ] [ 0 ],1.10,1.10,1.10,1.10,-6.87,-10.15,0.00,0.80,0.80,0.80,0.80,-6.39,-31.70,0.00,0.00,0.00,0.00,0.80,0.00,0.00,0.00,0
2.30167,-6,-9,130,0,DRIVE [ 96 ] [ 1 ] [ 1899 1769 1084 ] [    0    0    0 ] [      0      0      0 ] [ 0 ],drive [ 95 ] [ 0 ] [ 1899 1773 1096 ] [   16   33   74 ] [  11374   5805  11085 ] [ 0 ],1.10,1.10,1.10,1.10,-6.90,-10.02,0.00,0.80,0.80,0.80,0.80,-6.49,-31.85,0.00,0.00,0.00,0.00,0.80,0.00,0.00,0.00,0
2.31484,-6,-9,128,0,DRIVE [ 96 ] [ 1 ] [ 1899 1766 1075 ] [    0    0    0 ] [      0      0      0 ] [ 0 ],drive [ 96 ] [ 0 ] [ 1899 1769 1084 ] [   16   33   74 ] [  11374   5805  11085 ] [ 0 ],1.10,1.10,1.10,1.10,-6.95,-9.74,0.00,0.80,0.80,0.80,0.80,-6.59,-31.99,0.00,0.00,0.00,0.00,0.80,0.00,0.00,0.00,0
2.32748,-6,-9,126,0,DRIVE [ 97 ] [ 1 ] [ 1899 1762 1066 ] [    0    0    0 ] [      0      0      0 ] [ 0 ],drive [ 96 ] [ 0 ] [ 1899 1766 1075 ] [   16   33   74 ] [  11373   5805  11141 ] [ 0 ],1.10,1.10,1.10,1.10,-7.05,-9.53,0.00,0.80,0.80,0.80,0.80,-6.69,-32.13,0.00,0.00,0.00,0.00,0.80,0.00,0.00,0.00,0
2.33995,-6,-9,124,0,DRIVE [ 97 ] [ 1 ] [ 1899 1758 1055 ] [    0    0    0 ] [      0      0      0 ] [ 0 ],drive [ 97 ] [ 0 ] [ 1899 1762 1066 ] [   17   34   92 ] [  11373   5805  11141 ] [ 0 ],1.10,1.10,1.10,1.10,-7.13,-9.41,0.00,0.80,0.80,0.80,0.80,-6.79,-32.27,0.00,0.00,0.00,0.00,0.80,0.00,0.00,0.00,0
2.35342,-7,-8,122,0,DRIVE [ 98 ] [ 1 ] [ 1899 1752 1041 ] [    0    0    0 ] [      0      0      0 ] [ 0 ],drive [ 97 ] [ 0 ] [ 1899 1758 1055 ] [   17   34   92 ] [  11373   5805  11141 ] [ 0 ],1.10,1.10,1.10,1.10,-7.32,-9.26,0.00,0.80,0.80,0.80,0.80,-6.90,-32.41,0.00,0.00,0.00,0.00,0.80,0.00,0.00,0.00,0
2.36586,-7,-8,119,0,DRIVE [ 98 ] [ 1 ] [ 1899 1745 1029 ] [    0    0    0 ] [      0      0      0 ] [ 0 ],drive [ 98 ] [ 0 ] [ 1899 1752 1041 ] [   17   34   92 ] [  11372   5805  11259 ] [ 0 ],1.10,1.10,1.10,1.10,-7.56,-9.06,0.00,0.80,0.80,0.80,0.80,-7.01,-32.54,0.00,0.00,0.00,0.00,0.80,0.00,0.00,0.00,0
2.3822,-7,-8,117,0,DRIVE [ 99 ] [ 1 ] [ 1899 1738 1025 ] [    0    0    0 ] [      0      0      0 ] [ 0 ],drive [ 98 ] [ 0 ] [ 1899 1745 1029 ] [   17   34   92 ] [  11372   5805  11259 ] [ 0 ],1.10,1.10,1.10,1.10,-7.83,-8.75,0.00,0.80,0.80,0.80,0.80,-7.13,-32.67,0.00,0.00,0.00,0.00,0.80,0.00,0.00,0.00,0
2.3947,-7,-8,116,0,DRIVE [ 99 ] [ 1 ] [ 1899 1731 1025 ] [    0    0    0 ] [      0      0      0 ] [ 0 ],drive [ 99 ] [ 0 ] [ 1899 1738 1025 ] [   15   35   84 ] [  11372   5805  11259 ] [ 0 ],1.10,1.10,1.10,1.10,-8.11,-8.31,0.00,0.80,0.80,0.80,0.80,-7.25,-32.79,0.00,0.00,0.00,0.00,0.80,0.00,0.00,0.00,0
2.40903,-8,-7,114,0,DRIVE [ 00 ] [ 1 ] [ 1899 1723 1025 ] [    0    0    0 ] [      0      0      0 ] [ 0 ],drive [ 99 ] [ 0 ] [ 1899 1731 1025 ] [   15   35   84 ] [  11372   5805  11259 ] [ 0 ],1.10,1.10,1.10,1.10,-8.38,-7.79,0.00,0.80,0.80,0.80,0.80,-7.37,-32.90,0.00,0.00,0.00,0.00,0.80,0.00,0.00,0.00,0
2.42192,-8,-7,112,0,DRIVE [ 00 ] [ 1 ] [ 1899 1715 1025 ] [    0    0    0 ] [      0      0      0 ] [ 0 ],drive [ 00 ] [ 0 ] [ 1899 1723 1025 ] [   15   35   84 ] [  11243   5805  11361 ] [ 0 ],1.10,1.10,1.10,1.10,-8.67,-7.30,0.00,0.80,0.80,0.80,0.80,-7.50,-33.00,0.00,0.00,0.00,0.00,0.80,0.00,0.00,0.00,0
2.43463,-8,-6,110,0,DRIVE [ 01 ] [ 1 ] [ 1899 1707 1025 ] [    0    0    0 ] [      0      0      0 ] [ 0 ],drive [ 00 ] [ 0 ] [ 1899 1715 1025 ] [   25   37   90 ] [  11243   5805  11361 ] [ 0 ],1.10,1.10,1.10,1.10,-8.95,-6.77,0.00,0.80,0.80,0.80,0.80,-7.63,-33.09,0.00,0.00,0.00,0.00,0.80,0.00,0.00,0.00,0
2.44757,-8,-5,108,0,DRIVE [ 01 ] [ 1 ] [ 1899 1698 1025 ] [    0    0    0 ] [      0      0      0 ] [ 0 ],drive [ 01 ] [ 0 ] [ 1899 1707 1025 ] [   25   37   90 ] [  11243   5805  11361 ] [ 0 ],1.10,1.10,1.10,1.10,-9.23,-5.80,0.00,0.80,0.80,0.80,0.80,-7.77,-33.17,0.00,0.00,0.00,0.00,0.80,0.00,0.00,0.00,0
2.46104,-9,-4,106,0,DRIVE [ 02 ] [ 1 ] [ 1899 1689 1025 ] [    0    0    0 ] [      0      0      0 ] [ 0 ],drive [ 01 ] [ 0 ] [ 1899 1698 1025 ] [   25   37   90 ] [  11243   5805  11361 ] [ 0 ],1.10,1.10,1.10,1.10,-9.43,-4.79,0.00,0.80,0.80,0.80,0.80,-7.90,-33.23,0.00,0.00,0.00,0.00,0.80,0.00,0.00,0.00,0
2.47347,-9,-4,104,0,DRIVE [ 02 ] [ 1 ] [ 1899 1681 1027 ] [    0    0    0 ] [      0      0      0 ] [ 0 ],drive [ 02 ] [ 0 ] [ 1899 1689 1025 ] [   25   37   90 ] [  11144   5805  11379 ] [ 0 ],1.10,1.10,1.10,1.10,-9.56,-3.87,0.00,0.80,0.80,0.80,0.80,-8.04,-33.28,0.00,0.00,0.00,0.00,0.80,0.00,0.00,0.00,0
2.48635,-9,-3,102,0,DRIVE [ 03 ] [ 1 ] [ 1899 1674 1034 ] [    0    0    0 ] [      0      0      0 ] [ 0 ],drive [ 02 ] [ 0 ] [ 1899 1681 1027 ] [   17   41   97 ] [  11144   5805  11379 ] [ 0 ],1.10,1.10,1.10,1.10,-9.65,-2.96,0.00,0.80,0.80,0.80,0.80,-8.18,-33.31,0.00,0.00,0.00,0.00,0.80,0.00,0.00,0.00,0
2.49866,-9,-2,101,0,DRIVE [ 03 ] [ 1 ] [ 1899 1667 1043 ] [    0    0    0 ] [      0      0      0 ] [ 0 ],drive [ 03 ] [ 0 ] [ 1899 1674 1034 ] [   17   41   97 ] [  11144   5805  11379 ] [ 0 ],1.10,1.10,1.10,1.10,-9.76,-2.04,0.00,0.80,0.80,0.80,0.80,-8.32,-33.33,0.00,0.00,0.00,0.00,0.80,0.00,0.00,0.00,0
2.51101,-9,-1,99,0,DRIVE [ 04 ] [ 1 ] [ 1899 1659 1053 ] [    0    0    0 ] [      0      0      0 ] [ 0 ],drive [ 03 ] [ 0 ] [ 1899 1667 1043 ] [   17   41   97 ] [  11144   5805  11379 ] [ 0 ],1.10,1.10,1.10,1.10,-9.88,-1.12,0.00,0.80,0.80,0.80,0.80,-8.47,-33.34,0.00,0.00,0.00,0.00,0.80,0.00,0.00,0.00,0
2.52407,-9,0,97,0,DRIVE [ 04 ] [ 1 ] [ 1899 1648 1071 ] [    0    0    0 ] [      0      0      0 ] [ 0 ],drive [ 04 ] [ 0 ] [ 1899 1659 1053 ] [   17   41   97 ] [  11144   5805  11455 ] [ 0 ],1.10,1.10,1.10,1.10,-10.06,0.22,0.00,0.80,0.80,0.80,0.80,-8.61,-33.33,0.00,0.00,0.00,0.00,0.80,0.00,0.00,0.00,0
2.53631,-9,1,96,0,DRIVE [ 05 ] [ 1 ] [ 1899 1638 1091 ] [    0    0    0 ] [      0      0      0 ] [ 0 ],drive [ 04 ] [ 0 ] [ 1899 1648 1071 ] [    7   43   75 ] [  11144   5805  11455 ] [ 0 ],1.10,1.10,1.10,1.10,-10.22,1.58,0.00,0.80,0.80,0.80,0.80,-8.76,-33.29,0.00,0.00,0.00,0.00,0.80,0.00,0.00,0.00,0
2.54892,-9,3,94,0,DRIVE [ 05 ] [ 1 ] [ 1899 1627 1117 ] [    0    0    0 ] [      0      0      0 ] [ 0 ],drive [ 05 ] [ 0 ] [ 1899 1638 1091 ] [    7   43   75 ] [  11144   5805  11455 ] [ 0 ],1.10,1.10,1.10,1.10,-10.34,3.08,0.00,0.80,0.80,0.80,0.80,-8.91,-33.23,0.00,0.00,0.00,0.00,0.80,0.00,0.00,0.00,0
2.56103,-9,4,92,0,DRIVE [ 06 ] [ 1 ] [ 1899 1617 1145 ] [    0    0    0 ] [      0      0      0 ] [ 0 ],drive [ 05 ] [ 0 ] [ 1899 1627 1117 ] [    7   43   75 ] [  11144   5805  11455 ] [ 0 ],1.10,1.10,1.10,1.10,-10.40,4.67,0.00,0.80,0.80,0.80,0.80,-9.06,-33.15,0.00,0.00,0.00,0.00,0.80,0.00,0.00,0.00,0
2.57335,-9,6,91,0,DRIVE [ 06 ] [ 1 ] [ 1899 1607 1175 ] [    0    0    0 ] [      0      0      0 ] [ 0 ],drive [ 06 ] [ 0 ] [ 1899 1617 1145 ] [    7   43   75 ] [  11073   5805  11473 ] [ 0 ],1.10,1.10,1.10,1.10,-10.40,6.23,0.00,0.80,0.80,0.80,0.80,-9.21,-33.05,0.00,0.00,0.00,0.00,0.80,0.00,0.00,0.00,0
2.58601,-9,7,89,0,DRIVE [ 07 ] [ 1 ] [ 1899 1598 1205 ] [    0    0    0 ] [      0      0      0 ] [ 0 ],drive [ 06 ] [ 0 ] [ 1899 1607 1175 ] [   20   48   68 ] [  11073   5805  11473 ] [ 0 ],1.10,1.10,1.10,1.10,-10.37,7.77,0.00,0.80,0.80,0.80,0.80,-9.36,-32.92,0.00,0.00,0.00,0.00,0.80,0.00,0.00,0.00,0
2.59794,-9,9,88,0,DRIVE [ 07 ] [ 1 ] [ 1899 1587 1246 ] [    0    0    0 ] [      0      0      0 ] [ 0 ],drive [ 07 ] [ 0 ] [ 1899 1598 1205 ] [   20   48   68 ] [  11073   5805  11473 ] [ 0 ],1.10,1.10,1.10,1.10,-10.25,9.78,0.00,0.80,0.80,0.80,0.80,-9.50,-32.76,0.00,0.00,0.00,0.00,0.80,0.00,0.00,0.00,0
2.61202,-9,9,88,0,DRIVE [ 08 ] [ 1 ] [ 1899 1617 1308 ] [    0    0    0 ] [      0      0      0 ] [ 2 ],drive [ 07 ] [ 0 ] [ 1899 1587 1246 ] [   20   48   68 ] [  11073   5805  11473 ] [ 0 ],1.10,1.10,1.10,1.10,-9.22,8.80,0.00,0.80,0.80,0.80,0.80,-8.55,-29.48,0.00,0.00,0.00,0.00,0.80,0.00,0.00,0.00,0
2.626,-9,9,88,0,DRIVE [ 08 ] [ 1 ] [ 1899 1644 1364 ] [    0    0    0 ] [      0      0      0 ] [ 2 ],drive [ 08 ] [ 0 ] [ 1899 1617 1308 ] [   20   48   68 ] [  11074   5809  11471 ] [ 2 ],1.10,1.10,1.10,1.10,-8.30,7.92,0.00,0.80,0.80,0.80,0.80,-7.70,-26.54,0.00,0.00,0.00,0.00,0.80,0.00,0.00,0.00,0
2.63816,-9,9,88,0,DRIVE [ 09 ] [ 1 ] [ 1899 1669 1416 ] [    0    0    0 ] [      0      0      0 ] [ 2 ],drive [ 08 ] [ 0 ] [ 1899 1644 1364 ] [   49   58   78 ] [  11074   5809  11471 ] [ 2 ],1.10,1.10,1.10,1.10,-7.47,7.13,0.00,0.80,0.80,0.80,0.80,-6.93,-23.88,0.00,0.00,0.00,0.00,0.80,0.00,0.00,0.00,0
2.65044,-9,9,88,0,DRIVE [ 09 ] [ 1 ] [ 1899 1692 1463 ] [    0    0    0 ] [      0      0      0 ] [ 2 ],drive [ 09 ] [ 0 ] [ 1899 1669 1416 ] [   49   58   78 ] [  11074   5809  11471 ] [ 2 ],1.10,1.10,1.10,1.10,-6.72,6.42,0.00,0.80,0.80,0.80,0.80,-6.23,-21.49,0.00,0.00,0.00,0.00,0.80,0.00,0.00,0.00,0
2.66231,-9,9,88,0,DRIVE [ 10 ] [ 1 ] [ 1899 1713 1506 ] [    0    0    0 ] [      0      0      0 ] [ 2 ],drive [ 09 ] [ 0 ] [ 1899 1692 1463 ] [   49   58   78 ] [  11074   5809  11471 ] [ 2 ],1.10,1.10,1.10,1.10,-6.05,5.77,0.00,0.80,0.80,0.80,0.80,-5.61,-19.34,0.00,0.00,0.00,0.00,0.80,0.00,0.00,0.00,0
2.67379,-9,9,88,0,DRIVE [ 10 ] [ 1 ] [ 1899 1731 1545 ] [    0    0    0 ] [      0      0      0 ] [ 2 ],drive [ 10 ] [ 0 ] [ 1899 1713 1506 ] [   49   58   78 ] [  11766   5934  11024 ] [ 2 ],1.10,1.10,1.10,1.10,-5.45,5.20,0.00,0.80,0.80,0.80,0.80,-5.05,-17.41,0.00,0.00,0.00,0.00,0.80,0.00,0.00,0.00,0
2.686,-9,9,88,0,DRIVE [ 11 ] [ 1 ] [ 1899 1748 1581 ] [    0    0    0 ] [      0      0      0 ] [ 2 ],drive [ 10 ] [ 0 ] [ 1899 1731 1545 ] [   43    0   82 ] [  11766   5934  11024 ] [ 2 ],1.10,1.10,1.10,1.10,-4.90,4.68,0.00,0.80,0.80,0.80,0.80,-4.54,-15.67,0.00,0.00,0.00,0.00,0.80,0.00,0.00,0.00,0
2.69752,-9,9,88,0,DRIVE [ 11 ] [ 1 ] [ 1899 1764 1613 ] [    0    0    0 ] [      0      0      0 ] [ 2 ],drive [ 11 ] [ 0 ] [ 1899 1748 1581 ] [   43    0   82 ] [  11766   5934  11024 ] [ 2 ],1.10,1.10,1.10,1.10,-4.41,4.21,0.00,0.80,0.80,0.80,0.80,-4.09,-14.10,0.00,0.00,0.00,0.00,0.80,0.00,0.00,0.00,0
2.70934,-9,9,88,0,DRIVE [ 12 ] [ 1 ] [ 1899 1778 1641 ] [    0    0    0 ] [      0      0      0 ] [ 2 ],drive [ 11 ] [ 0 ] [ 1899 1764 1613 ] [   43    0   82 ] [  11766   5934  11024 ] [ 2 ],1.10,1.10,1.10,1.10,-3.97,3.79,0.00,0.80,0.80,0.80,0.80,-3.68,-12.69,0.00,0.00,0.00,0.00,0.80,0.00,0.00,0.00,0
2.72164,-9,9,88,0,DRIVE [ 12 ] [ 1 ] [ 1899 1790 1668 ] [    0    0    0 ] [      0      0      0 ] [ 2 ],drive [ 12 ] [ 0 ] [ 1899 1778 1641 ] [   43    0   82 ] [  12287   6077  11122 ] [ 2 ],1.10,1.10,1.10,1.10,-3.57,3.41,0.00,0.80,0.80,0.80,0.80,-3.31,-11.42,0.00,0.00,0.00,0.00,0.80,0.00,0.00,0.00,0
2.73299,-9,9,88,0,DRIVE [ 13 ] [ 1 ] [ 1899 1802 1691 ] [    0    0    0 ] [      0      0      0 ] [ 2 ],drive [ 12 ] [ 0 ] [ 1899 1790 1668 ] [   55   -1   81 ] [  12287   6077  11122 ] [ 2 ],1.10,1.10,1.10,1.10,-3.22,3.07,0.00,0.80,0.80,0.80,0.80,-2.98,-10.28,0.00,0.00,0.00,0.00,0.80,0.00,0.00,0.00,0
2.74496,-9,9,88,0,DRIVE [ 13 ] [ 1 ] [ 1899 1812 1712 ] [    0    0    0 ] [      0      0      0 ] [ 2 ],drive [ 13 ] [ 0 ] [ 1899 1802 1691 ] [   55   -1   81 ] [  12287   6077  11122 ] [ 2 ],1.10,1.10,1.10,1.10,-2.89,2.76,0.00,0.80,0.80,0.80,0.80,-2.68,-9.25,0.00,0.00,0.00,0.00,0.80,0.00,0.00,0.00,0
2.75607,-9,9,88,0,DRIVE [ 14 ] [ 1 ] [ 1899 1821 1732 ] [    0    0    0 ] [      0      0      0 ] [ 2 ],drive [ 13 ] [ 0 ] [ 1899 1812 1712 ] [   55   -1   81 ] [  12287   6077  11122 ] [ 2 ],1.10,1.10,1.10,1.10,-2.61,2.49,0.00,0.80,0.80,0.80,0.80,-2.42,-8.33,0.00,0.00,0.00,0.00,0.80,0.00,0.00,0.00,0
2.76719,-9,9,88,0,DRIVE [ 14 ] [ 1 ] [ 1899 1830 1749 ] [    0    0    0 ] [      0      0      0 ] [ 2 ],drive [ 14 ] [ 0 ] [ 1899 1821 1732 ] [   55   -1   81 ] [  12206   6210  10888 ] [ 2 ],1.10,1.10,1.10,1.10,-2.34,2.24,0.00,0.80,0.80,0.80,0.80,-2.17,-7.49,0.00,0.00,0.00,0.00,0.80,0.00,0.00,0.00,0
2.77885,-9,9,88,0,DRIVE [ 15 ] [ 1 ] [ 1899 1837 1764 ] [    0    0    0 ] [      0      0      0 ] [ 2 ],drive [ 14 ] [ 0 ] [ 1899 1830 1749 ] [   55   -1   81 ] [  12206   6210  10888 ] [ 2 ],1.10,1.10,1.10,1.10,-2.11,2.01,0.00,0.80,0.80,0.80,0.80,-1.96,-6.74,0.00,0.00,0.00,0.00,0.80,0.00,0.00,0.00,0
2.79017,-9,9,88,0,DRIVE [ 15 ] [ 1 ] [ 1899 1844 1778 ] [    0    0    0 ] [      0      0      0 ] [ 2 ],drive [ 15 ] [ 0 ] [ 1899 1837 1764 ] [  174  161  175 ] [  12206   6210  10888 ] [ 2 ],1.10,1.10,1.10,1.10,-1.90,1.81,0.00,0.80,0.80,0.80,0.80,-1.76,-6.07,0.00,0.00,0.00,0.00,0.80,0.00,0.00,0.00,0
2.80209,-9,9,88,0,DRIVE [ 16 ] [ 1 ] [ 1899 1850 1791 ] [    0    0    0 ] [      0      0      0 ] [ 2 ],drive [ 15 ] [ 0 ] [ 1899 1844 1778 ] [  174  161  175 ] [  12206   6210  10888 ] [ 2 ],1.10,1.10,1.10,1.10,-1.71,1.63,0.00,0.80,0.80,0.80,0.80,-1.58,-5.46,0.00,0.00,0.00,0.00,0.80,0.00,0.00,0.00,0
2.81385,-9,9,88,0,DRIVE [ 16 ] [ 1 ] [ 1899 1856 1803 ] [    0    0    0 ] [      0      0      0 ] [ 2 ],drive [ 16 ] [ 0 ] [ 1899 1850 1791 ] [  174  161  175 ] [  12206   6210  10888 ] [ 2 ],1.10,1.10,1.10,1.10,-1.54,1.47,0.00,0.80,0.80,0.80,0.80,-1.43,-4.92,0.00,0.00,0.00,0.00,0.80,0.00,0.00,0.00,0
2.82725,-9,9,88,0,DRIVE [ 17 ] [ 1 ] [ 1899 1861 1813 ] [    0    0    0 ] [      0      0      0 ] [ 2 ],drive [ 16 ] [ 0 ] [ 1899 1856 1803 ] [  174  161  175 ] [  12737   6479  10509 ] [ 2 ],1.10,1.10,1.10,1.10,-1.38,1.32,0.00,0.80,0.80,0.80,0.80,-1.28,-4.43,0.00,0.00,0.00,0.00,0.80,0.00,0.00,0.00,0
2.83866,-9,9,88,0,DRIVE [ 17 ] [ 1 ] [ 1899 1865 1822 ] [    0    0    0 ] [      0      0      0 ] [ 2 ],drive [ 17 ] [ 0 ] [ 1899 1861 1813 ] [    0   -1    0 ] [  12737   6479  10509 ] [ 2 ],1.10,1.10,1.10,1.10,-1.25,1.19,0.00,0.80,0.80,0.80,0.80,-1.16,-3.98,0.00,0.00,0.00,0.00,0.80,0.00,0.00,0.00,0
2.85046,-9,9,88,0,DRIVE [ 18 ] [ 1 ] [ 1899 1869 1830 ] [    0    0    0 ] [      0      0      0 ] [ 2 ],drive [ 17 ] [ 0 ] [ 1899 1865 1822 ] [    0   -1    0 ] [  12737   6479  10509 ] [ 2 ],1.10,1.10,1.10,1.10,-1.12,1.07,0.00,0.80,0.80,0.80,0.80,-1.04,-3.58,0.00,0.00,0.00,0.00,0.80,0.00,0.00,0.00,0
2.86184,-9,9,88,0,DRIVE [ 18 ] [ 1 ] [ 1899 1873 1838 ] [    0    0    0 ] [      0      0      0 ] [ 2 ],drive [ 18 ] [ 0 ] [ 1899 1869 1830 ] [    0   -1    0 ] [  12737   6479  10509 ] [ 2 ],1.10,1.10,1.10,1.10,-1.01,0.96,0.00,0.80,0.80,0.80,0.80,-0.94,-3.23,0.00,0.00,0.00,0.00,0.80,0.00,0.00,0.00,0
2.87272,-9,9,88,0,DRIVE [ 19 ] [ 1 ] [ 1899 1876 1845 ] [    0    0    0 ] [      0      0      0 ] [ 2 ],drive [ 18 ] [ 0 ] [ 1899 1873 1838 ] [    0   -1    0 ] [  12868   6328  10352 ] [ 2 ],1.10,1.10,1.10,1.10,-0.91,0.87,0.00,0.80,0.80,0.80,0.80,-0.84,-2.90,0.00,0.00,0.00,0.00,0.80,0.00,0.00,0.00,0
2.88432,-9,9,88,0,DRIVE [ 19 ] [ 1 ] [ 1899 1879 1851 ] [    0    0    0 ] [      0      0      0 ] [ 2 ],drive [ 19 ] [ 0 ] [ 1899 1876 1845 ] [   32    0   26 ] [  12868   6328  10352 ] [ 2 ],1.10,1.10,1.10,1.10,-0.82,0.78,0.00,0.80,0.80,0.80,0.80,-0.76,-2.61,0.00,0.00,0.00,0.00,0.80,0.00,0.00,0.00,0
2.8953,-9,9,88,0,DRIVE [ 20 ] [ 1 ] [ 1899 1881 1856 ] [    0    0    0 ] [      0      0      0 ] [ 2 ],drive [ 19 ] [ 0 ] [ 1899 1879 1851 ] [   32    0   26 ] [  12868   6328  10352 ] [ 2 ],1.10,1.10,1.10,1.10,-0.74,0.70,0.00,0.80,0.80,0.80,0.80,-0.68,-2.35,0.00,0.00,0.00,0.00,0.80,0.00,0.00,0.00,0
2.90711,-9,9,88,1,DRIVE [ 20 ] [ 1 ] [ 1899 1884 1861 ] [    0    0    0 ] [      0      0      0 ] [ 2 ],drive [ 20 ] [ 0 ] [ 1899 1881 1856 ] [   32    0   26 ] [  12868   6328  10352 ] [ 2 ],1.10,1.10,1.10,1.10,-0.66,0.63,0.00,0.80,0.80,0.80,0.80,-0.61,-2.12,0.00,0.00,0.00,0.00,0.80,0.00,0.00,0.00,0
