timestamp,Xmm,Ymm,Zmm,TouchDetected,OutgoingPacket,IncomingPacket,GainPropAb, GainPropAd, GainPropFl, GainPropEx,PropA, PropB, PropC,GainIntegAb, GainIntegAd, GainIntegFl, GainIntegEx,IntegA, IntegB, IntegC,GainDerivAb, GainDerivAd, GainDerivFl, GainDerivEx,DerivA, DerivB, DerivC,Heading5
0.00611769,8,61,460,0,DRIVE [ 50 ] [ 1 ] [ 1654 1704 1901 ] [    0    0    0 ] [      0      0      0 ] [ 0 ],drive [ 49 ] [ 0 ] [ 1648 1706 1901 ] [   26   43   10 ] [  13178   3900   8191 ] [ 0 ],1.10,1.30,1.30,1.10,10.74,67.37,0.00,0.00,0.00,0.00,0.00,0.00,0.00,0.00,0.00,0.00,0.00,0.00,0.00,0.00,0.00,0
0.0203799,9,61,460,0,DRIVE [ 50 ] [ 1 ] [ 1653 1706 1901 ] [    0    0    0 ] [      0      0      0 ] [ 0 ],drive [ 50 ] [ 0 ] [ 1654 1704 1901 ] [   28   41   10 ] [  13178   3900   8191 ] [ 0 ],1.10,1.30,1.30,1.10,11.07,67.21,0.00,0.00,0.00,0.00,0.00,0.00,0.00,0.00,0.00,0.00,0.00,0.00,-0.00,-0.00,0.00,0
0.0333629,9,61,459,0,DRIVE [ 51 ] [ 1 ] [ 1653 1706 1901 ] [    0    0    0 ] [      0      0      0 ] [ 0 ],drive [ 50 ] [ 0 ] [ 1653 1706 1901 ] [   28   41   10 ] [  13178   3900   8191 ] [ 0 ],1.10,1.30,1.30,1.10,11.09,67.12,0.00,0.00,0.00,0.00,0.00,0.00,0.00,0.00,0.00,0.00,0.00,0.00,-0.00,-0.00,0.00,0
0.0468277,8,61,460,0,DRIVE [ 51 ] [ 1 ] [ 1653 1705 1901 ] [    0    0    0 ] [      0      0      0 ] [ 0 ],drive [ 51 ] [ 0 ] [ 1653 1706 1901 ] [   28   41   10 ] [  13179   3900   8191 ] [ 0 ],1.10,1.30,1.30,1.10,10.98,67.25,0.00,0.00,0.00,0.00,0.00,0.00,0.00,0.00,0.00,0.00,0.00,0.00,0.00,0.00,0.00,0
0.0602248,8,61,462,0,DRIVE [ 52 ] [ 1 ] [ 1654 1705 1901 ] [    0    0    0 ] [      0      0      0 ] [ 0 ],drive [ 51 ] [ 0 ] [ 1653 1705 1901 ] [   28   43   10 ] [  13179   3900   8191 ] [ 0 ],1.10,1.30,1.30,1.10,10.96,67.57,0.00,0.00,0.00,0.00,0.00,0.00,0.00,0.00,0.00,0.00,0.00,0.00,0.00,0.00,0.00,0
0.0743803,8,62,466,0,DRIVE [ 52 ] [ 1 ] [ 1654 1705 1901 ] [    0    0    0 ] [      0      0      0 ] [ 0 ],drive [ 52 ] [ 0 ] [ 1654 1705 1901 ] [   28   43   10 ] [  13179   3900   8191 ] [ 0 ],1.10,1.30,1.30,1.10,10.97,67.96,0.00,0.00,0.00,0.00,0.00,0.00,0.00,0.00,0.00,0.00,0.00,0.00,0.00,0.00,0.00,0
0.0899024,8,61,464,0,DRIVE [ 53 ] [ 1 ] [ 1655 1706 1901 ] [    0    0    0 ] [      0      0      0 ] [ 0 ],drive [ 52 ] [ 0 ] [ 1654 1705 1901 ] [   28   43   10 ] [  13179   3900   8191 ] [ 0 ],1.10,1.30,1.30,1.10,11.00,67.58,0.00,0.00,0.00,0.00,0.00,0.00,0.00,0.00,0.00,0.00,0.00,0.00,0.00,0.00,0.00,0
0.102895,8,61,464,0,DRIVE [ 53 ] [ 1 ] [ 1657 1707 1901 ] [    0    0    0 ] [      0      0      0 ] [ 0 ],drive [ 53 ] [ 0 ] [ 1655 1706 1901 ] [   28   43   10 ] [  13180   3900   8191 ] [ 0 ],1.10,1.30,1.30,1.10,10.83,67.14,0.00,0.00,0.00,0.00,0.00,0.00,0.00,0.00,0.00,0.00,0.00,0.00,-0.00,-0.00,0.00,0
0.117616,8,61,463,0,DRIVE [ 54 ] [ 1 ] [ 1658 1707 1901 ] [    0    0    0 ] [      0      0      0 ] [ 0 ],drive [ 53 ] [ 0 ] [ 1657 1707 1901 ] [   28   43   10 ] [  13180   3900   8191 ] [ 0 ],1.10,1.30,1.30,1.10,10.65,66.67,0.00,0.00,0.00,0.00,0.00,0.00,0.00,0.00,0.00,0.00,0.00,0.00,-0.00,-0.00,0.00,0
0.130784,8,61,463,0,DRIVE [ 54 ] [ 1 ] [ 1682 1725 1901 ] [    0    0    0 ] [      0      0      0 ] [ 0 ],drive [ 54 ] [ 0 ] [ 1658 1707 1901 ] [   28   43   10 ] [  13180   3900   8191 ] [ 0 ],1.10,1.30,1.30,1.10,9.59,60.01,0.00,0.00,0.00,0.00,0.00,0.00,0.00,0.00,0.00,0.00,0.00,0.00,-0.00,-0.00,0.00,0
0.144357,17,-47,439,0,DRIVE [ 55 ] [ 1 ] [ 1836 1725 1544 ] [    0    0    0 ] [      0      0      0 ] [ 0 ],drive [ 54 ] [ 0 ] [ 1682 1725 1901 ] [   28   43   10 ] [  13180   3900   8191 ] [ 0 ],1.10,1.30,1.30,1.10,22.29,-60.94,0.00,0.00,0.00,0.00,0.00,0.00,0.00,0.00,0.00,0.00,0.00,0.00,0.00,0.00,0.00,0
0.157681,17,-47,435,0,DRIVE [ 55 ] [ 1 ] [ 1835 1725 1543 ] [    0    0    0 ] [      0      0      0 ] [ 0 ],drive [ 55 ] [ 0 ] [ 1836 1725 1544 ] [   28   43   10 ] [  13180   3900   8191 ] [ 0 ],1.10,1.30,1.30,1.10,22.36,-60.57,0.00,0.00,0.00,0.00,0.00,0.00,0.00,0.00,0.00,0.00,0.00,0.00,0.00,0.00,0.00,0
0.172871,18,-47,441,0,DRIVE [ 56 ] [ 1 ] [ 1835 1725 1542 ] [    0    0    0 ] [      0      0      0 ] [ 0 ],drive [ 55 ] [ 0 ] [ 1835 1725 1543 ] [   25   40   10 ] [  13180   3900   8191 ] [ 0 ],1.10,1.30,1.30,1.10,22.85,-61.64,0.00,0.00,0.00,0.00,0.00,0.00,0.00,0.00,0.00,0.00,0.00,0.00,0.00,0.00,0.00,0
0.185824,18,-47,440,0,DRIVE [ 56 ] [ 1 ] [ 1833 1725 1541 ] [    0    0    0 ] [      0      0      0 ] [ 0 ],drive [ 56 ] [ 0 ] [ 1835 1725 1542 ] [   25   40   10 ] [  13180   3900   8191 ] [ 0 ],1.10,1.30,1.30,1.10,23.16,-61.68,0.00,0.00,0.00,0.00,0.00,0.00,0.00,0.00,0.00,0.00,0.00,0.00,0.00,0.00,0.00,0
0.198226,18,-47,439,0,DRIVE [ 57 ] [ 1 ] [ 1832 1725 1542 ] [    0    0    0 ] [      0      0      0 ] [ 0 ],drive [ 56 ] [ 0 ] [ 1833 1725 1541 ] [   25   40   10 ] [  13090   3888   8760 ] [ 0 ],1.10,1.30,1.30,1.10,23.47,-61.47,0.00,0.00,0.00,0.00,0.00,0.00,0.00,0.00,0.00,0.00,0.00,0.00,-0.00,0.00,0.00,0
0.211466,18,-47,439,0,DRIVE [ 57 ] [ 1 ] [ 1831 1725 1541 ] [    0    0    0 ] [      0      0      0 ] [ 0 ],drive [ 57 ] [ 0 ] [ 1832 1725 1542 ] [   15   41   42 ] [  13090   3888   8760 ] [ 0 ],1.10,1.30,1.30,1.10,23.82,-61.71,0.00,0.00,0.00,0.00,0.00,0.00,0.00,0.00,0.00,0.00,0.00,0.00,0.00,0.00,0.00,0
0.224304,19,-44,438,0,DRIVE [ 58 ] [ 1 ] [ 1829 1725 1572 ] [    0    0    0 ] [      0      0      0 ] [ 0 ],drive [ 57 ] [ 0 ] [ 1831 1725 1541 ] [   15   41   42 ] [  13090   3888   8760 ] [ 0 ],1.10,1.30,1.30,1.10,24.40,-56.57,0.00,0.00,0.00,0.00,0.00,0.00,-0.00,0.00,0.00,0.00,0.00,0.00,-0.00,0.00,0.00,0
0.237459,19,-39,438,0,DRIVE [ 58 ] [ 1 ] [ 1826 1725 1605 ] [    0    0    0 ] [      0      0      0 ] [ 0 ],drive [ 58 ] [ 0 ] [ 1829 1725 1572 ] [   15   41   42 ] [  13090   3888   8760 ] [ 0 ],1.10,1.30,1.30,1.10,25.00,-51.06,0.00,0.00,0.00,0.00,0.00,0.00,-0.00,0.00,0.00,0.00,0.00,0.00,-0.00,0.00,0.00,0
0.250747,20,-36,433,0,DRIVE [ 59 ] [ 1 ] [ 1822 1725 1631 ] [    0    0    0 ] [      0      0      0 ] [ 0 ],drive [ 58 ] [ 0 ] [ 1826 1725 1605 ] [   15   41   42 ] [  13006   3887   8853 ] [ 0 ],1.10,1.30,1.30,1.10,25.96,-46.39,0.00,0.00,0.00,0.00,0.00,0.00,-0.00,0.00,0.00,0.00,0.00,0.00,-0.00,0.00,0.00,0
0.263296,21,-33,433,0,DRIVE [ 59 ] [ 1 ] [ 1816 1725 1649 ] [    0    0    0 ] [      0      0      0 ] [ 0 ],drive [ 59 ] [ 0 ] [ 1822 1725 1631 ] [   28   43   30 ] [  13006   3887   8853 ] [ 0 ],1.10,1.30,1.30,1.10,27.28,-43.26,0.00,0.00,0.00,0.00,0.00,0.00,-0.00,0.00,0.00,0.00,0.00,0.00,-0.00,0.00,0.00,0
0.276316,22,-31,430,0,DRIVE [ 60 ] [ 1 ] [ 1809 1725 1664 ] [    0    0    0 ] [      0      0      0 ] [ 0 ],drive [ 59 ] [ 0 ] [ 1816 1725 1649 ] [   28   43   30 ] [  13006   3887   8853 ] [ 0 ],1.10,1.30,1.30,1.10,29.01,-40.44,0.00,0.00,0.00,0.00,0.00,0.00,-0.00,0.00,0.00,0.00,0.00,0.00,-0.00,0.00,0.00,0
0.289218,24,-29,428,0,DRIVE [ 60 ] [ 1 ] [ 1801 1725 1675 ] [    0    0    0 ] [      0      0      0 ] [ 0 ],drive [ 60 ] [ 0 ] [ 1809 1725 1664 ] [   28   43   30 ] [  13006   3887   8853 ] [ 0 ],1.10,1.30,1.30,1.10,30.82,-38.09,0.00,0.00,0.00,0.00,0.00,0.00,-0.00,0.00,0.00,0.00,0.00,0.00,-0.00,0.00,0.00,0
0.302127,26,-28,427,0,DRIVE [ 61 ] [ 1 ] [ 1790 1725 1682 ] [    0    0    0 ] [      0      0      0 ] [ 0 ],drive [ 60 ] [ 0 ] [ 1801 1725 1675 ] [   28   43   30 ] [  13008   3891   8798 ] [ 0 ],1.10,1.30,1.30,1.10,33.33,-36.37,0.00,0.00,0.00,0.00,0.00,0.00,-0.00,0.00,0.00,0.00,0.00,0.00,-0.00,0.00,0.00,0
0.314666,27,-27,424,0,DRIVE [ 61 ] [ 1 ] [ 1780 1725 1685 ] [    0    0    0 ] [      0      0      0 ] [ 0 ],drive [ 61 ] [ 0 ] [ 1790 1725 1682 ] [   31   43   40 ] [  13008   3891   8798 ] [ 0 ],1.10,1.30,1.30,1.10,35.56,-35.27,0.00,0.00,0.00,0.00,0.00,0.00,-0.00,0.00,0.00,0.00,0.00,0.00,-0.00,0.00,0.00,0
0.32752,29,-26,421,0,DRIVE [ 62 ] [ 1 ] [ 1769 1725 1687 ] [    0    0    0 ] [      0      0      0 ] [ 0 ],drive [ 61 ] [ 0 ] [ 1780 1725 1685 ] [   31   43   40 ] [  13008   3891   8798 ] [ 0 ],1.10,1.30,1.30,1.10,37.92,-34.19,0.00,0.00,0.00,0.00,0.00,0.00,-0.00,0.00,0.00,0.00,0.00,0.00,-0.00,0.00,0.00,0
0.343907,31,-25,417,0,DRIVE [ 62 ] [ 1 ] [ 1758 1725 1688 ] [    0    0    0 ] [      0      0      0 ] [ 0 ],drive [ 62 ] [ 0 ] [ 1769 1725 1687 ] [   31   43   40 ] [  13008   3891   8798 ] [ 0 ],1.10,1.30,1.30,1.10,40.31,-33.06,0.00,0.00,0.00,0.00,0.00,0.00,-0.00,0.00,0.00,0.00,0.00,0.00,0.00,0.00,0.00,0
0.356841,33,-25,416,0,DRIVE [ 63 ] [ 1 ] [ 1745 1725 1690 ] [    0    0    0 ] [      0      0      0 ] [ 0 ],drive [ 62 ] [ 0 ] [ 1758 1725 1688 ] [   31   43   40 ] [  13008   3890   8793 ] [ 0 ],1.10,1.30,1.30,1.10,42.90,-32.05,0.00,0.00,0.00,0.00,0.00,0.00,-0.00,0.00,0.00,0.00,0.00,0.00,0.00,0.00,0.00,0
0.369928,35,-24,413,0,DRIVE [ 63 ] [ 1 ] [ 1732 1725 1690 ] [    0    0    0 ] [      0      0      0 ] [ 0 ],drive [ 63 ] [ 0 ] [ 1745 1725 1690 ] [   31   42   40 ] [  13008   3890   8793 ] [ 0 ],1.10,1.30,1.30,1.10,45.35,-30.87,0.00,0.00,0.00,0.00,0.00,0.00,-0.00,0.00,0.00,0.00,0.00,0.00,0.00,0.00,0.00,0
0.382593,37,-23,412,0,DRIVE [ 64 ] [ 1 ] [ 1717 1725 1690 ] [    0    0    0 ] [      0      0      0 ] [ 0 ],drive [ 63 ] [ 0 ] [ 1732 1725 1690 ] [   31   42   40 ] [  13008   3890   8793 ] [ 0 ],1.10,1.30,1.30,1.10,48.44,-29.98,0.00,0.00,0.00,0.00,0.00,0.00,-0.00,0.00,0.00,0.00,0.00,0.00,0.00,0.00,0.00,0
0.395732,40,-22,409,0,DRIVE [ 64 ] [ 1 ] [ 1699 1725 1688 ] [    0    0    0 ] [      0      0      0 ] [ 0 ],drive [ 64 ] [ 0 ] [ 1717 1725 1690 ] [   31   42   40 ] [  13037   3890   8781 ] [ 0 ],1.10,1.30,1.30,1.10,51.88,-28.87,0.00,0.00,0.00,0.00,0.00,0.00,-0.00,0.00,0.00,0.00,0.00,0.00,0.00,0.00,0.00,0
0.408758,42,-21,405,0,DRIVE [ 65 ] [ 1 ] [ 1681 1725 1686 ] [    0    0    0 ] [      0      0      0 ] [ 0 ],drive [ 64 ] [ 0 ] [ 1699 1725 1688 ] [   31   42   40 ] [  13037   3890   8781 ] [ 0 ],1.10,1.30,1.30,1.10,55.00,-27.83,0.00,0.00,0.00,0.00,0.00,0.00,-0.00,0.00,0.00,0.00,0.00,0.00,0.00,0.00,0.00,0
0.421692,45,-21,402,0,DRIVE [ 65 ] [ 1 ] [ 1664 1725 1684 ] [    0    0    0 ] [      0      0      0 ] [ 0 ],drive [ 65 ] [ 0 ] [ 1681 1725 1686 ] [   18   43   38 ] [  13037   3890   8781 ] [ 0 ],1.10,1.30,1.30,1.10,58.00,-26.91,0.00,0.00,0.00,0.00,0.00,0.00,-0.00,0.00,0.00,0.00,0.00,0.00,0.00,0.00,0.00,0
0.434627,47,-20,400,0,DRIVE [ 66 ] [ 1 ] [ 1648 1725 1682 ] [    0    0    0 ] [      0      0      0 ] [ 0 ],drive [ 65 ] [ 0 ] [ 1664 1725 1684 ] [   18   43   38 ] [  13037   3890   8781 ] [ 0 ],1.10,1.30,1.30,1.10,60.92,-25.98,0.00,0.00,0.00,0.00,0.00,0.00,-0.00,0.00,0.00,0.00,0.00,0.00,0.00,0.00,0.00,0
0.447067,49,-19,398,0,DRIVE [ 66 ] [ 1 ] [ 1631 1725 1679 ] [    0    0    0 ] [      0      0      0 ] [ 0 ],drive [ 66 ] [ 0 ] [ 1648 1725 1682 ] [   18   43   38 ] [  13061   3890   8769 ] [ 0 ],1.10,1.30,1.30,1.10,63.91,-25.16,0.00,0.00,0.00,0.00,0.00,0.00,-0.00,0.00,0.00,0.00,0.00,0.00,0.00,0.00,0.00,0
0.460103,52,-19,400,0,DRIVE [ 67 ] [ 1 ] [ 1613 1725 1676 ] [    0    0    0 ] [      0      0      0 ] [ 0 ],drive [ 66 ] [ 0 ] [ 1631 1725 1679 ] [   32   42   39 ] [  13061   3890   8769 ] [ 0 ],1.10,1.30,1.30,1.10,67.42,-24.44,0.00,0.00,0.00,0.00,0.00,0.00,-0.00,0.00,0.00,0.00,0.00,0.00,0.00,0.00,0.00,0
0.472619,55,-17,395,0,DRIVE [ 67 ] [ 1 ] [ 1588 1725 1675 ] [    0    0    0 ] [      0      0      0 ] [ 0 ],drive [ 67 ] [ 0 ] [ 1613 1725 1676 ] [   32   42   39 ] [  13061   3890   8769 ] [ 0 ],1.10,1.30,1.30,1.10,71.05,-22.44,0.00,0.00,0.00,0.00,0.00,0.00,-0.00,0.00,0.00,0.00,0.00,0.00,0.00,0.00,0.00,0
0.485585,57,-16,390,0,DRIVE [ 68 ] [ 1 ] [ 1564 1725 1674 ] [    0    0    0 ] [      0      0      0 ] [ 0 ],drive [ 67 ] [ 0 ] [ 1588 1725 1675 ] [   32   42   39 ] [  13061   3890   8769 ] [ 0 ],1.10,1.30,1.30,1.10,74.25,-20.46,0.00,0.00,0.00,0.00,0.00,0.00,-0.00,0.00,0.00,0.00,0.00,0.00,0.00,0.00,0.00,0
0.498488,60,-14,385,0,DRIVE [ 68 ] [ 1 ] [ 1539 1725 1673 ] [    0    0    0 ] [      0      0      0 ] [ 0 ],drive [ 68 ] [ 0 ] [ 1564 1725 1674 ] [   32   42   39 ] [  13180   3890   8767 ] [ 0 ],1.10,1.30,1.30,1.10,77.46,-18.58,0.00,0.00,0.00,0.00,0.00,0.00,-0.00,0.00,0.00,0.00,0.00,0.00,0.00,0.00,0.00,0
0.511215,62,-13,383,0,DRIVE [ 69 ] [ 1 ] [ 1515 1725 1673 ] [    0    0    0 ] [      0      0      0 ] [ 0 ],drive [ 68 ] [ 0 ] [ 1539 1725 1673 ] [   55   44   26 ] [  13180   3890   8767 ] [ 0 ],1.10,1.30,1.30,1.10,80.79,-16.65,0.00,0.00,0.00,0.00,0.00,0.00,-0.00,0.00,0.00,0.00,0.00,0.00,0.00,0.00,0.00,0
0.523997,64,-11,379,0,DRIVE [ 69 ] [ 1 ] [ 1492 1725 1673 ] [    0    0    0 ] [      0      0      0 ] [ 0 ],drive [ 69 ] [ 0 ] [ 1515 1725 1673 ] [   55   44   26 ] [  13180   3890   8767 ] [ 0 ],1.10,1.30,1.30,1.10,83.56,-14.60,0.00,0.00,0.00,0.00,0.00,0.00,-0.00,0.00,0.00,0.00,0.00,0.00,0.00,0.00,0.00,0
0.536317,67,-9,378,0,DRIVE [ 70 ] [ 1 ] [ 1462 1725 1674 ] [    0    0    0 ] [      0      0      0 ] [ 0 ],drive [ 69 ] [ 0 ] [ 1492 1725 1673 ] [   55   44   26 ] [  13180   3890   8767 ] [ 0 ],1.10,1.30,1.30,1.10,87.71,-12.16,0.00,0.00,0.00,0.00,0.00,0.00,-0.00,0.00,0.00,0.00,0.00,0.00,0.00,0.00,0.00,0
0.549135,70,-8,376,0,DRIVE [ 70 ] [ 1 ] [ 1434 1725 1674 ] [    0    0    0 ] [      0      0      0 ] [ 0 ],drive [ 70 ] [ 0 ] [ 1462 1725 1674 ] [   55   44   26 ] [  13334   3890   8717 ] [ 0 ],1.10,1.30,1.30,1.10,91.40,-9.77,0.00,0.00,0.00,0.00,0.00,0.00,-0.00,0.00,0.00,0.00,0.00,0.00,0.00,0.00,0.00,0
0.561915,72,-6,372,0,DRIVE [ 71 ] [ 1 ] [ 1407 1725 1676 ] [    0    0    0 ] [      0      0      0 ] [ 0 ],drive [ 70 ] [ 0 ] [ 1434 1725 1674 ] [   55   43   29 ] [  13334   3890   8717 ] [ 0 ],1.10,1.30,1.30,1.10,94.08,-7.30,0.00,0.00,0.00,0.00,0.00,0.00,-0.00,0.00,0.00,0.00,0.00,0.00,0.00,0.00,0.00,0
0.57488,74,-4,371,0,DRIVE [ 71 ] [ 1 ] [ 1384 1725 1677 ] [    0    0    0 ] [      0      0      0 ] [ 0 ],drive [ 71 ] [ 0 ] [ 1407 1725 1676 ] [   55   43   29 ] [  13334   3890   8717 ] [ 0 ],1.10,1.30,1.30,1.10,96.84,-5.16,0.00,0.00,0.00,0.00,0.00,0.00,-0.00,0.00,0.00,0.00,0.00,0.00,0.00,0.00,0.00,0
0.587505,76,-2,370,0,DRIVE [ 72 ] [ 1 ] [ 1361 1725 1680 ] [    0    0    0 ] [      0      0      0 ] [ 0 ],drive [ 71 ] [ 0 ] [ 1384 1725 1677 ] [   55   43   29 ] [  13334   3890   8717 ] [ 0 ],1.10,1.30,1.30,1.10,99.31,-2.82,0.00,0.00,0.00,0.00,0.00,0.00,-0.00,0.00,0.00,0.00,0.00,0.00,0.00,0.00,0.00,0
0.599974,78,0,367,0,DRIVE [ 72 ] [ 1 ] [ 1339 1725 1683 ] [    0    0    0 ] [      0      0      0 ] [ 0 ],drive [ 72 ] [ 0 ] [ 1361 1725 1680 ] [   55   43   29 ] [  13520   3890   8687 ] [ 0 ],1.10,1.30,1.30,1.10,101.18,-0.41,0.00,0.00,0.00,0.00,0.00,0.00,-0.00,0.00,0.00,0.00,0.00,0.00,0.00,0.00,0.00,0
0.612677,79,2,365,0,DRIVE [ 73 ] [ 1 ] [ 1317 1725 1686 ] [    0    0    0 ] [      0      0      0 ] [ 0 ],drive [ 72 ] [ 0 ] [ 1339 1725 1683 ] [   78   43   46 ] [  13520   3890   8687 ] [ 0 ],1.10,1.30,1.30,1.10,103.03,1.92,0.00,0.00,0.00,0.00,0.00,0.00,-0.00,0.00,0.00,0.00,0.00,0.00,0.00,0.00,0.00,0
0.625319,81,4,361,0,DRIVE [ 73 ] [ 1 ] [ 1294 1725 1689 ] [    0    0    0 ] [      0      0      0 ] [ 0 ],drive [ 73 ] [ 0 ] [ 1317 1725 1686 ] [   78   43   46 ] [  13520   3890   8687 ] [ 0 ],1.10,1.30,1.30,1.10,104.69,4.25,0.00,0.00,0.00,0.00,0.00,0.00,-0.00,0.00,0.00,0.00,0.00,0.00,0.00,0.00,0.00,0
0.639704,82,6,359,0,DRIVE [ 74 ] [ 1 ] [ 1270 1725 1691 ] [    0    0    0 ] [      0      0      0 ] [ 0 ],drive [ 73 ] [ 0 ] [ 1294 1725 1689 ] [   78   43   46 ] [  13520   3890   8687 ] [ 0 ],1.10,1.30,1.30,1.10,106.71,6.57,0.00,0.00,0.00,0.00,0.00,0.00,-0.00,0.00,0.00,0.00,0.00,0.00,0.00,0.00,0.00,0
0.652443,83,8,356,0,DRIVE [ 74 ] [ 1 ] [ 1246 1725 1695 ] [    0    0    0 ] [      0      0      0 ] [ 0 ],drive [ 74 ] [ 0 ] [ 1270 1725 1691 ] [   78   43   46 ] [  13909   3883   8589 ] [ 0 ],1.10,1.30,1.30,1.10,108.39,8.97,0.00,0.00,0.00,0.00,0.00,0.00,-0.00,0.00,0.00,0.00,0.00,0.00,0.00,0.00,0.00,0
0.664581,85,11,351,0,DRIVE [ 75 ] [ 1 ] [ 1215 1725 1699 ] [    0    0    0 ] [      0      0      0 ] [ 0 ],drive [ 74 ] [ 0 ] [ 1246 1725 1695 ] [   61   41   43 ] [  13909   3883   8589 ] [ 0 ],1.10,1.30,1.30,1.10,110.18,12.06,0.00,0.00,0.00,0.00,0.00,0.00,-0.00,0.00,0.00,0.00,0.00,0.00,0.00,0.00,0.00,0
0.677218,85,13,344,0,DRIVE [ 75 ] [ 1 ] [ 1187 1725 1703 ] [    0    0    0 ] [      0      0      0 ] [ 0 ],drive [ 75 ] [ 0 ] [ 1215 1725 1699 ] [   61   41   43 ] [  13909   3883   8589 ] [ 0 ],1.10,1.30,1.30,1.10,110.80,14.73,0.00,0.00,0.00,0.00,0.00,0.00,-0.00,0.00,0.00,0.00,0.00,0.00,0.00,0.00,0.00,0
0.690149,86,16,338,0,DRIVE [ 76 ] [ 1 ] [ 1160 1725 1707 ] [    0    0    0 ] [      0      0      0 ] [ 0 ],drive [ 75 ] [ 0 ] [ 1187 1725 1703 ] [   61   41   43 ] [  13909   3883   8589 ] [ 0 ],1.10,1.30,1.30,1.10,111.33,17.07,0.00,0.00,0.00,0.00,0.00,0.00,-0.00,0.00,0.00,0.00,0.00,0.00,0.00,0.00,0.00,0
0.702593,87,18,335,0,DRIVE [ 76 ] [ 1 ] [ 1135 1725 1710 ] [    0    0    0 ] [      0      0      0 ] [ 0 ],drive [ 76 ] [ 0 ] [ 1160 1725 1707 ] [   61   41   43 ] [  14382   3880   8468 ] [ 0 ],1.10,1.30,1.30,1.10,112.78,19.38,0.00,0.00,0.00,0.00,0.00,0.00,-0.00,0.00,0.00,0.00,0.00,0.00,0.00,0.00,0.00,0
0.714833,87,19,331,0,DRIVE [ 77 ] [ 1 ] [ 1111 1725 1713 ] [    0    0    0 ] [      0      0      0 ] [ 0 ],drive [ 76 ] [ 0 ] [ 1135 1725 1710 ] [   91   39   39 ] [  14382   3880   8468 ] [ 0 ],1.10,1.30,1.30,1.10,113.72,21.44,0.00,0.00,0.00,0.00,0.00,0.00,-0.00,0.00,0.00,0.00,0.00,0.00,0.00,0.00,0.00,0
0.72749,88,22,326,0,DRIVE [ 77 ] [ 1 ] [ 1084 1725 1717 ] [    0    0    0 ] [      0      0      0 ] [ 0 ],drive [ 77 ] [ 0 ] [ 1111 1725 1713 ] [   91   39   39 ] [  14382   3880   8468 ] [ 0 ],1.10,1.30,1.30,1.10,114.38,23.72,0.00,0.00,0.00,0.00,0.00,0.00,-0.00,0.00,0.00,0.00,0.00,0.00,0.00,0.00,0.00,0
0.741064,88,24,321,0,DRIVE [ 78 ] [ 1 ] [ 1059 1725 1723 ] [    0    0    0 ] [      0      0      0 ] [ 0 ],drive [ 77 ] [ 0 ] [ 1084 1725 1717 ] [   91   39   39 ] [  14382   3880   8468 ] [ 0 ],1.10,1.30,1.30,1.10,114.69,26.05,0.00,0.00,0.00,0.00,0.00,0.00,-0.00,0.00,0.00,0.00,0.00,0.00,0.00,0.00,0.00,0
0.753911,88,26,318,0,DRIVE [ 78 ] [ 1 ] [ 1037 1725 1728 ] [    0    0    0 ] [      0      0      0 ] [ 0 ],drive [ 78 ] [ 0 ] [ 1059 1725 1723 ] [   91   39   39 ] [  14823   3879   8362 ] [ 0 ],1.10,1.30,1.30,1.10,114.78,28.25,0.00,0.00,0.00,0.00,0.00,0.00,-0.00,0.00,0.00,0.00,0.00,0.00,0.00,0.00,0.00,0
0.76746,89,28,316,0,DRIVE [ 79 ] [ 1 ] [ 1025 1725 1733 ] [    0    0    0 ] [      0      0      0 ] [ 0 ],drive [ 78 ] [ 0 ] [ 1037 1725 1728 ] [   86   39   28 ] [  14823   3879   8362 ] [ 0 ],1.10,1.30,1.30,1.10,115.62,30.28,0.00,0.00,0.00,0.00,0.00,0.00,-0.00,0.00,0.00,0.00,0.00,0.00,0.00,0.00,0.00,0
0.779891,89,29,314,0,DRIVE [ 79 ] [ 1 ] [ 1025 1725 1736 ] [    0    0    0 ] [      0      0      0 ] [ 0 ],drive [ 79 ] [ 0 ] [ 1025 1725 1733 ] [   86   39   28 ] [  14823   3879   8362 ] [ 0 ],1.10,1.30,1.30,1.10,116.11,31.68,0.00,0.00,0.00,0.00,0.00,0.00,-0.00,0.00,0.00,0.00,0.00,0.00,0.00,0.00,0.00,0
0.792513,89,30,310,0,DRIVE [ 80 ] [ 1 ] [ 1025 1725 1737 ] [    0    0    0 ] [      0      0      0 ] [ 0 ],drive [ 79 ] [ 0 ] [ 1025 1725 1736 ] [   86   39   28 ] [  14823   3879   8362 ] [ 0 ],1.10,1.30,1.30,1.10,116.05,32.61,0.00,0.00,0.00,0.00,0.00,0.00,-0.00,0.00,0.00,0.00,0.00,0.00,0.00,0.00,0.00,0
0.804502,89,30,307,0,DRIVE [ 80 ] [ 1 ] [ 1025 1725 1738 ] [    0    0    0 ] [      0      0      0 ] [ 0 ],drive [ 80 ] [ 0 ] [ 1025 1725 1737 ] [   86   39   28 ] [  15166   3879   8192 ] [ 0 ],1.10,1.30,1.30,1.10,115.92,33.25,0.00,0.00,0.00,0.00,0.00,0.00,-0.00,0.00,0.00,0.00,0.00,0.00,0.00,0.00,0.00,0
0.817043,89,30,304,0,DRIVE [ 81 ] [ 1 ] [ 1025 1725 1738 ] [    0    0    0 ] [      0      0      0 ] [ 0 ],drive [ 80 ] [ 0 ] [ 1025 1725 1738 ] [  101   39   36 ] [  15166   3879   8192 ] [ 0 ],1.10,1.30,1.30,1.10,116.06,33.50,0.00,0.00,0.00,0.00,0.00,0.00,-0.00,0.00,0.00,0.00,0.00,0.00,0.00,0.00,0.00,0
0.829387,89,30,303,0,DRIVE [ 81 ] [ 1 ] [ 1025 1725 1736 ] [    0    0    0 ] [      0      0      0 ] [ 0 ],drive [ 81 ] [ 0 ] [ 1025 1725 1738 ] [  101   39   36 ] [  15166   3879   8192 ] [ 0 ],1.10,1.30,1.30,1.10,116.11,33.42,0.00,0.00,0.00,0.00,0.00,0.00,-0.00,0.00,0.00,0.00,0.00,0.00,0.00,0.00,0.00,0
0.841623,89,30,299,0,DRIVE [ 82 ] [ 1 ] [ 1025 1725 1735 ] [    0    0    0 ] [      0      0      0 ] [ 0 ],drive [ 81 ] [ 0 ] [ 1025 1725 1736 ] [  101   39   36 ] [  15166   3879   8192 ] [ 0 ],1.10,1.30,1.30,1.10,115.16,32.84,0.00,0.00,0.00,0.00,0.00,0.00,-0.00,0.00,0.00,0.00,0.00,0.00,0.00,0.00,0.00,0
0.854074,87,28,296,0,DRIVE [ 82 ] [ 1 ] [ 1025 1725 1732 ] [    0    0    0 ] [      0      0      0 ] [ 0 ],drive [ 82 ] [ 0 ] [ 1025 1725 1735 ] [  101   39   36 ] [  15610   3879   7941 ] [ 0 ],1.10,1.30,1.30,1.10,112.88,31.01,0.00,0.00,0.00,0.00,0.00,0.00,-0.00,0.00,0.00,0.00,0.00,0.00,0.00,0.00,0.00,0
0.866138,85,27,293,0,DRIVE [ 83 ] [ 1 ] [ 1025 1725 1729 ] [    0    0    0 ] [      0      0      0 ] [ 0 ],drive [ 82 ] [ 0 ] [ 1025 1725 1732 ] [   83   40   39 ] [  15610   3879   7941 ] [ 0 ],1.10,1.30,1.30,1.10,110.43,29.15,0.00,0.00,0.00,0.00,0.00,0.00,-0.00,0.00,0.00,0.00,0.00,0.00,0.00,0.00,0.00,0
0.878534,83,25,290,0,DRIVE [ 83 ] [ 1 ] [ 1025 1725 1727 ] [    0    0    0 ] [      0      0      0 ] [ 0 ],drive [ 83 ] [ 0 ] [ 1025 1725 1729 ] [   83   40   39 ] [  15610   3879   7941 ] [ 0 ],1.10,1.30,1.30,1.10,107.47,27.29,0.00,0.00,0.00,0.00,0.00,0.00,-0.00,0.00,0.00,0.00,0.00,0.00,0.00,0.00,0.00,0
0.89262,80,23,287,0,DRIVE [ 84 ] [ 1 ] [ 1037 1725 1727 ] [    0    0    0 ] [      0      0      0 ] [ 0 ],drive [ 83 ] [ 0 ] [ 1025 1725 1727 ] [   83   40   39 ] [  15610   3879   7941 ] [ 0 ],1.10,1.30,1.30,1.10,104.00,25.34,0.00,0.00,0.00,0.00,0.00,0.00,-0.00,0.00,0.00,0.00,0.00,0.00,0.00,0.00,0.00,0
0.90562,77,21,284,0,DRIVE [ 84 ] [ 1 ] [ 1065 1725 1727 ] [    0    0    0 ] [      0      0      0 ] [ 0 ],drive [ 84 ] [ 0 ] [ 1037 1725 1727 ] [   83   40   39 ] [  16060   3876   7752 ] [ 0 ],1.10,1.30,1.30,1.10,100.26,23.30,0.00,0.00,0.00,0.00,0.00,0.00,-0.00,0.00,0.00,0.00,0.00,0.00,0.00,0.00,0.00,0
0.917854,75,19,283,0,DRIVE [ 85 ] [ 1 ] [ 1095 1725 1726 ] [    0    0    0 ] [      0      0      0 ] [ 0 ],drive [ 84 ] [ 0 ] [ 1065 1725 1727 ] [   82   37   21 ] [  16060   3876   7752 ] [ 0 ],1.10,1.30,1.30,1.10,96.99,21.20,0.00,0.00,0.00,0.00,0.00,0.00,-0.00,0.00,0.00,0.00,0.00,0.00,-0.00,-0.00,0.00,0
0.929551,72,17,281,0,DRIVE [ 85 ] [ 1 ] [ 1128 1725 1726 ] [    0    0    0 ] [      0      0      0 ] [ 0 ],drive [ 85 ] [ 0 ] [ 1095 1725 1726 ] [   82   37   21 ] [  16060   3876   7752 ] [ 0 ],1.10,1.30,1.30,1.10,93.10,19.02,0.00,0.00,0.00,0.00,0.00,0.00,-0.00,0.00,0.00,0.00,0.00,0.00,-0.00,-0.00,0.00,0
0.941765,69,16,278,0,DRIVE [ 86 ] [ 1 ] [ 1158 1725 1726 ] [    0    0    0 ] [      0      0      0 ] [ 0 ],drive [ 85 ] [ 0 ] [ 1128 1725 1726 ] [   82   37   21 ] [  16060   3876   7752 ] [ 0 ],1.10,1.30,1.30,1.10,89.32,17.09,0.00,0.00,0.00,0.00,0.00,0.00,-0.00,0.00,0.00,0.00,0.00,0.00,-0.00,-0.00,0.00,0
0.953689,65,14,277,0,DRIVE [ 86 ] [ 1 ] [ 1197 1725 1728 ] [    0    0    0 ] [      0      0      0 ] [ 0 ],drive [ 86 ] [ 0 ] [ 1158 1725 1726 ] [   82   37   21 ] [  16139   3858   7667 ] [ 0 ],1.10,1.30,1.30,1.10,84.88,14.88,0.00,0.00,0.00,0.00,0.00,0.00,-0.00,0.00,0.00,0.00,0.00,0.00,-0.00,-0.00,0.00,0
0.965249,62,12,275,0,DRIVE [ 87 ] [ 1 ] [ 1232 1725 1730 ] [    0    0    0 ] [      0      0      0 ] [ 0 ],drive [ 86 ] [ 0 ] [ 1197 1725 1728 ] [   75   16   42 ] [  16139   3858   7667 ] [ 0 ],1.10,1.30,1.30,1.10,80.91,13.08,0.00,0.00,0.00,0.00,0.00,0.00,-0.00,0.00,0.00,0.00,0.00,0.00,-0.00,-0.00,0.00,0
0.977305,59,11,273,0,DRIVE [ 87 ] [ 1 ] [ 1263 1725 1733 ] [    0    0    0 ] [      0      0      0 ] [ 0 ],drive [ 87 ] [ 0 ] [ 1232 1725 1730 ] [   75   16   42 ] [  16139   3858   7667 ] [ 0 ],1.10,1.30,1.30,1.10,76.85,11.55,0.00,0.00,0.00,0.00,0.00,0.00,-0.00,0.00,0.00,0.00,0.00,0.00,-0.00,-0.00,0.00,0
0.989408,56,9,270,0,DRIVE [ 88 ] [ 1 ] [ 1294 1725 1737 ] [    0    0    0 ] [      0      0      0 ] [ 0 ],drive [ 87 ] [ 0 ] [ 1263 1725 1733 ] [   75   16   42 ] [  16139   3858   7667 ] [ 0 ],1.10,1.30,1.30,1.10,72.95,10.24,0.00,0.00,0.00,0.00,0.00,0.00,-0.00,0.00,0.00,0.00,0.00,0.00,-0.00,-0.00,0.00,0
1.00116,53,8,267,0,DRIVE [ 88 ] [ 1 ] [ 1324 1725 1741 ] [    0    0    0 ] [      0      0      0 ] [ 0 ],drive [ 88 ] [ 0 ] [ 1294 1725 1737 ] [   75   16   42 ] [  16133   3765   7593 ] [ 0 ],1.10,1.30,1.30,1.10,68.92,9.01,0.00,0.00,0.00,0.00,0.00,0.00,-0.00,0.00,0.00,0.00,0.00,0.00,-0.00,-0.00,0.00,0
1.01335,50,7,265,0,DRIVE [ 89 ] [ 1 ] [ 1355 1725 1745 ] [    0    0    0 ] [      0      0      0 ] [ 0 ],drive [ 88 ] [ 0 ] [ 1324 1725 1741 ] [   58   40   27 ] [  16133   3765   7593 ] [ 0 ],1.10,1.30,1.30,1.10,65.02,7.83,0.00,0.00,0.00,0.00,0.00,0.00,-0.00,0.00,0.00,0.00,0.00,0.00,-0.00,-0.00,0.00,0
1.02535,47,6,263,0,DRIVE [ 89 ] [ 1 ] [ 1388 1725 1751 ] [    0    0    0 ] [      0      0      0 ] [ 0 ],drive [ 89 ] [ 0 ] [ 1355 1725 1745 ] [   58   40   27 ] [  16133   3765   7593 ] [ 0 ],1.10,1.30,1.30,1.10,60.99,6.69,0.00,0.00,0.00,0.00,0.00,0.00,-0.00,0.00,0.00,0.00,0.00,0.00,-0.00,-0.00,0.00,0
1.03736,44,5,261,0,DRIVE [ 90 ] [ 1 ] [ 1422 1725 1756 ] [    0    0    0 ] [      0      0      0 ] [ 0 ],drive [ 89 ] [ 0 ] [ 1388 1725 1751 ] [   58   40   27 ] [  16133   3765   7593 ] [ 0 ],1.10,1.30,1.30,1.10,56.82,5.47,0.00,0.00,0.00,0.00,0.00,0.00,-0.00,0.00,0.00,0.00,0.00,0.00,-0.00,-0.00,0.00,0
1.0498,40,4,258,0,DRIVE [ 90 ] [ 1 ] [ 1458 1725 1763 ] [    0    0    0 ] [      0      0      0 ] [ 0 ],drive [ 90 ] [ 0 ] [ 1422 1725 1756 ] [   58   40   27 ] [  16126   3765   7570 ] [ 0 ],1.10,1.30,1.30,1.10,52.47,4.38,0.00,0.00,0.00,0.00,0.00,0.00,-0.00,0.00,0.00,0.00,0.00,0.00,-0.00,-0.00,0.00,0
1.06125,37,3,256,0,DRIVE [ 91 ] [ 1 ] [ 1497 1725 1770 ] [    0    0    0 ] [      0      0      0 ] [ 0 ],drive [ 90 ] [ 0 ] [ 1458 1725 1763 ] [   47   40   25 ] [  16126   3765   7570 ] [ 0 ],1.10,1.30,1.30,1.10,47.86,3.30,0.00,0.00,0.00,0.00,0.00,0.00,-0.00,0.00,0.00,0.00,0.00,0.00,-0.00,-0.00,0.00,0
1.0731,33,2,254,0,DRIVE [ 91 ] [ 1 ] [ 1538 1725 1779 ] [    0    0    0 ] [      0      0      0 ] [ 0 ],drive [ 91 ] [ 0 ] [ 1497 1725 1770 ] [   47   40   25 ] [  16126   3765   7570 ] [ 0 ],1.10,1.30,1.30,1.10,43.05,2.23,0.00,0.00,0.00,0.00,0.00,0.00,-0.00,0.00,0.00,0.00,0.00,0.00,-0.00,-0.00,0.00,0
1.08437,29,1,252,0,DRIVE [ 92 ] [ 1 ] [ 1581 1725 1787 ] [    0    0    0 ] [      0      0      0 ] [ 0 ],drive [ 91 ] [ 0 ] [ 1538 1725 1779 ] [   47   40   25 ] [  16126   3765   7570 ] [ 0 ],1.10,1.30,1.30,1.10,38.17,1.11,0.00,0.00,0.00,0.00,0.00,0.00,-0.00,0.00,0.00,0.00,0.00,0.00,-0.00,-0.00,0.00,0
1.0961,26,0,250,0,DRIVE [ 92 ] [ 1 ] [ 1626 1725 1797 ] [    0    0    0 ] [      0      0      0 ] [ 0 ],drive [ 92 ] [ 0 ] [ 1581 1725 1787 ] [   47   40   25 ] [  16079   3765   7569 ] [ 0 ],1.10,1.30,1.30,1.10,33.22,0.05,0.00,0.00,0.00,0.00,0.00,0.00,-0.00,0.00,0.00,0.00,0.00,0.00,-0.00,-0.00,0.00,0
1.10782,20,-1,247,0,DRIVE [ 93 ] [ 1 ] [ 1686 1725 1809 ] [    0    0    0 ] [      0      0      0 ] [ 0 ],drive [ 92 ] [ 0 ] [ 1626 1725 1797 ] [   47   40   25 ] [  16079   3765   7569 ] [ 0 ],1.10,1.30,1.30,1.10,26.53,-1.45,0.00,0.00,0.00,0.00,0.00,0.00,-0.00,0.00,0.00,0.00,0.00,0.00,-0.00,0.00,0.00,0
1.11931,16,-2,242,0,DRIVE [ 93 ] [ 1 ] [ 1744 1725 1821 ] [    0    0    0 ] [      0      0      0 ] [ 0 ],drive [ 93 ] [ 0 ] [ 1686 1725 1809 ] [   30   40   22 ] [  16079   3765   7569 ] [ 0 ],1.10,1.30,1.30,1.10,20.17,-2.77,0.00,0.00,0.00,0.00,0.00,0.00,-0.00,0.00,0.00,0.00,0.00,0.00,-0.00,0.00,0.00,0
1.13053,11,-3,240,0,DRIVE [ 94 ] [ 1 ] [ 1799 1725 1831 ] [    0    0    0 ] [      0      0      0 ] [ 0 ],drive [ 93 ] [ 0 ] [ 1744 1725 1821 ] [   30   40   22 ] [  16079   3765   7569 ] [ 0 ],1.10,1.30,1.30,1.10,14.19,-4.16,0.00,0.00,0.00,0.00,0.00,0.00,-0.00,0.00,0.00,0.00,0.00,0.00,-0.00,0.00,0.00,0
1.14227,7,-4,237,0,DRIVE [ 94 ] [ 1 ] [ 1848 1725 1838 ] [    0    0    0 ] [      0      0      0 ] [ 0 ],drive [ 94 ] [ 0 ] [ 1799 1725 1831 ] [   30   40   22 ] [  16079   3765   7569 ] [ 0 ],1.10,1.30,1.30,1.10,8.51,-5.44,0.00,0.00,0.00,0.00,0.00,0.00,-0.00,0.00,0.00,0.00,0.00,0.00,-0.00,0.00,0.00,0
1.15387,2,-5,235,0,DRIVE [ 95 ] [ 1 ] [ 1886 1725 1834 ] [    0    0    0 ] [      0      0      0 ] [ 0 ],drive [ 94 ] [ 0 ] [ 1848 1725 1838 ] [   30   40   22 ] [  15753   3765   7569 ] [ 0 ],1.10,1.30,1.30,1.10,3.19,-6.51,0.00,0.00,0.00,0.00,0.00,0.00,-0.00,0.00,0.00,0.00,0.00,0.00,-0.00,0.00,0.00,0
1.16637,-1,-6,233,0,DRIVE [ 95 ] [ 1 ] [ 1886 1876 1818 ] [    0    0    0 ] [      0      0      0 ] [ 0 ],drive [ 95 ] [ 0 ] [ 1886 1725 1834 ] [   25   40   17 ] [  15753   3765   7569 ] [ 0 ],1.10,1.30,1.30,1.10,-1.58,-7.47,0.00,0.00,0.00,0.00,0.00,0.00,-0.00,0.00,0.00,0.00,0.00,0.00,0.00,0.00,0.00,0
1.17765,-5,-6,231,0,DRIVE [ 96 ] [ 1 ] [ 1886 1850 1812 ] [    0    0    0 ] [      0      0      0 ] [ 0 ],drive [ 95 ] [ 0 ] [ 1886 1876 1818 ] [   25   40   17 ] [  15753   3765   7569 ] [ 0 ],1.10,1.30,1.30,1.10,-5.64,-8.40,0.00,0.00,0.00,0.00,0.00,0.00,-0.00,0.00,0.00,0.00,0.00,0.00,0.00,0.00,0.00,0
1.18939,-9,-7,228,0,DRIVE [ 96 ] [ 1 ] [ 1886 1823 1798 ] [    0    0    0 ] [      0      0      0 ] [ 0 ],drive [ 96 ] [ 0 ] [ 1886 1850 1812 ] [   25   40   17 ] [  15753   3765   7569 ] [ 0 ],1.10,1.30,1.30,1.10,-9.39,-9.17,0.00,0.00,0.00,0.00,0.00,0.00,-0.00,0.00,0.00,0.00,0.00,0.00,0.00,0.00,0.00,0
1.20079,-12,-7,225,0,DRIVE [ 97 ] [ 1 ] [ 1886 1796 1784 ] [    0    0    0 ] [      0      0      0 ] [ 0 ],drive [ 96 ] [ 0 ] [ 1886 1823 1798 ] [   25   40   17 ] [  14873   3752   7598 ] [ 0 ],1.10,1.30,1.30,1.10,-12.80,-9.73,0.00,0.00,0.00,0.00,0.00,0.00,-0.00,0.00,0.00,0.00,0.00,0.00,0.00,0.00,0.00,0
1.21258,-14,-8,223,0,DRIVE [ 97 ] [ 1 ] [ 1886 1771 1772 ] [    0    0    0 ] [      0      0      0 ] [ 0 ],drive [ 97 ] [ 0 ] [ 1886 1796 1784 ] [   25   29   26 ] [  14873   3752   7598 ] [ 0 ],1.10,1.30,1.30,1.10,-15.92,-10.11,0.00,0.00,0.00,0.00,0.00,0.00,-0.00,0.00,0.00,0.00,0.00,0.00,0.00,0.00,0.00,0
1.22402,-17,-8,220,0,DRIVE [ 98 ] [ 1 ] [ 1886 1746 1761 ] [    0    0    0 ] [      0      0      0 ] [ 0 ],drive [ 97 ] [ 0 ] [ 1886 1771 1772 ] [   25   29   26 ] [  14873   3752   7598 ] [ 0 ],1.10,1.30,1.30,1.10,-18.68,-10.26,0.00,0.00,0.00,0.00,0.00,0.00,-0.00,0.00,0.00,0.00,0.00,0.00,0.00,0.00,0.00,0
1.23551,-19,-8,218,0,DRIVE [ 98 ] [ 1 ] [ 1886 1722 1752 ] [    0    0    0 ] [      0      0      0 ] [ 0 ],drive [ 98 ] [ 0 ] [ 1886 1746 1761 ] [   25   29   26 ] [  14873   3752   7598 ] [ 0 ],1.10,1.30,1.30,1.10,-21.27,-10.27,0.00,0.00,0.00,0.00,0.00,0.00,-0.00,0.00,0.00,0.00,0.00,0.00,0.00,0.00,0.00,0
1.24669,-22,-8,217,0,DRIVE [ 99 ] [ 1 ] [ 1886 1698 1743 ] [    0    0    0 ] [      0      0      0 ] [ 0 ],drive [ 98 ] [ 0 ] [ 1886 1722 1752 ] [   25   29   26 ] [  14335   3631   7751 ] [ 0 ],1.10,1.30,1.30,1.10,-23.86,-10.17,0.00,0.00,0.00,0.00,0.00,0.00,-0.00,0.00,0.00,0.00,0.00,0.00,0.00,0.00,0.00,0
1.25828,-24,-8,215,0,DRIVE [ 99 ] [ 1 ] [ 1886 1672 1735 ] [    0    0    0 ] [      0      0      0 ] [ 0 ],drive [ 99 ] [ 0 ] [ 1886 1698 1743 ] [   24   25   41 ] [  14335   3631   7751 ] [ 0 ],1.10,1.30,1.30,1.10,-26.41,-9.96,0.00,0.00,0.00,0.00,0.00,0.00,-0.00,0.00,0.00,0.00,0.00,0.00,0.00,0.00,0.00,0
1.26963,-27,-8,214,0,DRIVE [ 00 ] [ 1 ] [ 1886 1645 1725 ] [    0    0    0 ] [      0      0      0 ] [ 0 ],drive [ 99 ] [ 0 ] [ 1886 1672 1735 ] [   24   25   41 ] [  14335   3631   7751 ] [ 0 ],1.10,1.30,1.30,1.10,-29.18,-9.90,0.00,0.00,0.00,0.00,0.00,0.00,-0.00,0.00,0.00,0.00,0.00,0.00,0.00,0.00,0.00,0
1.28126,-29,-8,212,0,DRIVE [ 00 ] [ 1 ] [ 1886 1618 1712 ] [    0    0    0 ] [      0      0      0 ] [ 0 ],drive [ 00 ] [ 0 ] [ 1886 1645 1725 ] [   24   25   41 ] [  14335   3631   7751 ] [ 0 ],1.10,1.30,1.30,1.10,-32.04,-10.07,0.00,0.00,0.00,0.00,0.00,0.00,-0.00,0.00,0.00,0.00,0.00,0.00,0.00,0.00,0.00,0
1.29286,-32,-8,211,0,DRIVE [ 01 ] [ 1 ] [ 1886 1588 1699 ] [    0    0    0 ] [      0      0      0 ] [ 0 ],drive [ 00 ] [ 0 ] [ 1886 1618 1712 ] [   24   25   41 ] [  14335   3631   7751 ] [ 0 ],1.10,1.30,1.30,1.10,-35.08,-10.29,0.00,0.00,0.00,0.00,0.00,0.00,-0.00,0.00,0.00,0.00,0.00,0.00,0.00,0.00,0.00,0
1.30438,-35,-8,210,0,DRIVE [ 01 ] [ 1 ] [ 1886 1558 1685 ] [    0    0    0 ] [      0      0      0 ] [ 0 ],drive [ 01 ] [ 0 ] [ 1886 1588 1699 ] [   24   25   41 ] [  14328   3635   7843 ] [ 0 ],1.10,1.30,1.30,1.10,-38.14,-10.52,0.00,0.00,0.00,0.00,0.00,0.00,-0.00,0.00,0.00,0.00,0.00,0.00,0.00,0.00,0.00,0
1.31584,-37,-8,208,0,DRIVE [ 02 ] [ 1 ] [ 1886 1528 1672 ] [    0    0    0 ] [      0      0      0 ] [ 0 ],drive [ 01 ] [ 0 ] [ 1886 1558 1685 ] [   23   40   41 ] [  14328   3635   7843 ] [ 0 ],1.10,1.30,1.30,1.10,-41.14,-10.61,0.00,0.00,0.00,0.00,0.00,0.00,-0.00,0.00,0.00,0.00,0.00,0.00,0.00,0.00,0.00,0
1.32694,-40,-8,207,0,DRIVE [ 02 ] [ 1 ] [ 1886 1498 1659 ] [    0    0    0 ] [      0      0      0 ] [ 0 ],drive [ 02 ] [ 0 ] [ 1886 1528 1672 ] [   23   40   41 ] [  14328   3635   7843 ] [ 0 ],1.10,1.30,1.30,1.10,-44.01,-10.64,0.00,0.00,0.00,0.00,0.00,0.00,-0.00,0.00,0.00,0.00,0.00,0.00,0.00,0.00,0.00,0
1.33949,-42,-8,205,0,DRIVE [ 03 ] [ 1 ] [ 1886 1469 1648 ] [    0    0    0 ] [      0      0      0 ] [ 0 ],drive [ 02 ] [ 0 ] [ 1886 1498 1659 ] [   23   40   41 ] [  14328   3635   7843 ] [ 0 ],1.10,1.30,1.30,1.10,-46.63,-10.63,0.00,0.00,0.00,0.00,0.00,0.00,-0.00,0.00,0.00,0.00,0.00,0.00,0.00,0.00,0.00,0
1.35072,-45,-8,203,0,DRIVE [ 03 ] [ 1 ] [ 1886 1440 1637 ] [    0    0    0 ] [      0      0      0 ] [ 0 ],drive [ 03 ] [ 0 ] [ 1886 1469 1648 ] [   23   40   41 ] [  14148   3644   8044 ] [ 0 ],1.10,1.30,1.30,1.10,-49.26,-10.51,0.00,0.00,0.00,0.00,0.00,-0.00,-0.00,0.00,0.00,0.00,0.00,0.00,0.00,0.00,0.00,0
1.36228,-47,-8,201,0,DRIVE [ 04 ] [ 1 ] [ 1886 1411 1630 ] [    0    0    0 ] [      0      0      0 ] [ 0 ],drive [ 03 ] [ 0 ] [ 1886 1440 1637 ] [    3   61   40 ] [  14148   3644   8044 ] [ 0 ],1.10,1.30,1.30,1.10,-51.62,-10.07,0.00,0.00,0.00,0.00,0.00,-0.00,-0.00,0.00,0.00,0.00,0.00,0.00,0.00,0.00,0.00,0
1.37391,-49,-7,200,0,DRIVE [ 04 ] [ 1 ] [ 1886 1385 1625 ] [    0    0    0 ] [      0      0      0 ] [ 0 ],drive [ 04 ] [ 0 ] [ 1886 1411 1630 ] [    3   61   40 ] [  14148   3644   8044 ] [ 0 ],1.10,1.30,1.30,1.10,-53.63,-9.41,0.00,0.00,0.00,0.00,0.00,-0.00,-0.00,0.00,0.00,0.00,0.00,0.00,0.00,0.00,0.00,0
1.38526,-50,-6,198,0,DRIVE [ 05 ] [ 1 ] [ 1886 1360 1624 ] [    0    0    0 ] [      0      0      0 ] [ 0 ],drive [ 04 ] [ 0 ] [ 1886 1385 1625 ] [    3   61   40 ] [  14148   3644   8044 ] [ 0 ],1.10,1.30,1.30,1.10,-55.24,-8.40,0.00,0.00,0.00,0.00,0.00,-0.00,-0.00,0.00,0.00,0.00,0.00,0.00,0.00,0.00,0.00,0
1.39645,-51,-6,196,0,DRIVE [ 05 ] [ 1 ] [ 1886 1338 1624 ] [    0    0    0 ] [      0      0      0 ] [ 0 ],drive [ 05 ] [ 0 ] [ 1886 1360 1624 ] [    3   61   40 ] [  13647   3727   8240 ] [ 0 ],1.10,1.30,1.30,1.10,-56.50,-7.42,0.00,0.00,0.00,0.00,0.00,-0.00,-0.00,0.00,0.00,0.00,0.00,0.00,0.00,0.00,0.00,0
1.40977,-52,-5,195,0,DRIVE [ 06 ] [ 1 ] [ 1886 1319 1627 ] [    0    0    0 ] [      0      0      0 ] [ 0 ],drive [ 05 ] [ 0 ] [ 1886 1338 1624 ] [    3   61   40 ] [  13647   3727   8240 ] [ 0 ],1.10,1.30,1.30,1.10,-57.30,-6.29,0.00,0.00,0.00,0.00,0.00,-0.00,-0.00,0.00,0.00,0.00,0.00,0.00,0.00,0.00,0.00,0
1.42136,-53,-4,193,0,DRIVE [ 06 ] [ 1 ] [ 1886 1304 1628 ] [    0    0    0 ] [      0      0      0 ] [ 0 ],drive [ 06 ] [ 0 ] [ 1886 1319 1627 ] [   16   53   45 ] [  13647   3727   8240 ] [ 0 ],1.10,1.30,1.30,1.10,-57.75,-5.47,0.00,0.00,0.00,0.00,0.00,-0.00,-0.00,0.00,0.00,0.00,0.00,0.00,0.00,0.00,0.00,0
1.43365,-53,-3,191,0,DRIVE [ 07 ] [ 1 ] [ 1886 1290 1631 ] [    0    0    0 ] [      0      0      0 ] [ 0 ],drive [ 06 ] [ 0 ] [ 1886 1304 1628 ] [   16   53   45 ] [  13647   3727   8240 ] [ 0 ],1.10,1.30,1.30,1.10,-58.13,-4.49,0.00,0.00,0.00,0.00,0.00,-0.00,-0.00,0.00,0.00,0.00,0.00,0.00,0.00,0.00,0.00,0
1.44467,-53,-3,190,0,DRIVE [ 07 ] [ 1 ] [ 1886 1274 1635 ] [    0    0    0 ] [      0      0      0 ] [ 0 ],drive [ 07 ] [ 0 ] [ 1886 1290 1631 ] [   16   53   45 ] [  13526   3812   8352 ] [ 0 ],1.10,1.30,1.30,1.10,-58.66,-3.46,0.00,0.00,0.00,0.00,0.00,-0.00,-0.00,0.00,0.00,0.00,0.00,0.00,0.00,0.00,0.00,0
1.45607,-54,-2,188,0,DRIVE [ 08 ] [ 1 ] [ 1886 1259 1637 ] [    0    0    0 ] [      0      0      0 ] [ 0 ],drive [ 07 ] [ 0 ] [ 1886 1274 1635 ] [   16   53   45 ] [  13526   3812   8352 ] [ 0 ],1.10,1.30,1.30,1.10,-59.18,-2.63,0.00,0.00,0.00,0.00,0.00,-0.00,-0.00,0.00,0.00,0.00,0.00,0.00,0.00,0.00,0.00,0
1.46728,-54,-2,186,0,DRIVE [ 08 ] [ 1 ] [ 1886 1243 1637 ] [    0    0    0 ] [      0      0      0 ] [ 0 ],drive [ 08 ] [ 0 ] [ 1886 1259 1637 ] [    1   72   42 ] [  13526   3812   8352 ] [ 0 ],1.10,1.30,1.30,1.10,-59.59,-2.01,0.00,0.00,0.00,0.00,0.00,-0.00,-0.00,0.00,0.00,0.00,0.00,0.00,0.00,0.00,0.00,0
1.48065,-55,-1,185,0,DRIVE [ 09 ] [ 1 ] [ 1886 1231 1636 ] [    0    0    0 ] [      0      0      0 ] [ 0 ],drive [ 08 ] [ 0 ] [ 1886 1243 1637 ] [    1   72   42 ] [  13526   3812   8352 ] [ 0 ],1.10,1.30,1.30,1.10,-60.36,-1.57,0.00,0.00,0.00,0.00,0.00,-0.00,-0.00,0.00,0.00,0.00,0.00,0.00,0.00,0.00,0.00,0
1.49242,-55,-1,184,0,DRIVE [ 09 ] [ 1 ] [ 1886 1219 1633 ] [    0    0    0 ] [      0      0      0 ] [ 0 ],drive [ 09 ] [ 0 ] [ 1886 1231 1636 ] [    1   72   42 ] [  13526   3812   8352 ] [ 0 ],1.10,1.30,1.30,1.10,-60.80,-1.35,0.00,0.00,0.00,0.00,0.00,-0.00,-0.00,0.00,0.00,0.00,0.00,0.00,0.00,0.00,0.00,0
1.50362,-55,-1,182,0,DRIVE [ 10 ] [ 1 ] [ 1886 1210 1632 ] [    0    0    0 ] [      0      0      0 ] [ 0 ],drive [ 09 ] [ 0 ] [ 1886 1219 1633 ] [    1   72   42 ] [  13434   4159   8362 ] [ 0 ],1.10,1.30,1.30,1.10,-60.89,-1.15,0.00,0.00,0.00,0.00,0.00,-0.00,-0.00,0.00,0.00,0.00,0.00,0.00,0.00,0.00,0.00,0
1.5155,-55,-1,180,0,DRIVE [ 10 ] [ 1 ] [ 1886 1206 1631 ] [    0    0    0 ] [      0      0      0 ] [ 0 ],drive [ 10 ] [ 0 ] [ 1886 1210 1632 ] [    4   88   39 ] [  13434   4159   8362 ] [ 0 ],1.10,1.30,1.30,1.10,-60.70,-1.00,0.00,0.00,0.00,0.00,0.00,-0.00,-0.00,0.00,0.00,0.00,0.00,0.00,0.00,0.00,0.00,0
1.52609,-55,-1,178,0,DRIVE [ 11 ] [ 1 ] [ 1886 1204 1632 ] [    0    0    0 ] [      0      0      0 ] [ 0 ],drive [ 10 ] [ 0 ] [ 1886 1206 1631 ] [    4   88   39 ] [  13434   4159   8362 ] [ 0 ],1.10,1.30,1.30,1.10,-60.16,-0.87,0.00,0.00,0.00,0.00,0.00,-0.00,-0.00,0.00,0.00,0.00,0.00,0.00,0.00,0.00,0.00,0
1.53644,-54,0,177,0,DRIVE [ 11 ] [ 1 ] [ 1886 1202 1634 ] [    0    0    0 ] [      0      0      0 ] [ 0 ],drive [ 11 ] [ 0 ] [ 1886 1204 1632 ] [    4   88   39 ] [  13434   4159   8362 ] [ 0 ],1.10,1.30,1.30,1.10,-59.62,-0.56,0.00,0.00,0.00,0.00,0.00,-0.00,-0.00,0.00,0.00,0.00,0.00,0.00,0.00,0.00,0.00,0
1.54762,-54,0,176,0,DRIVE [ 12 ] [ 1 ] [ 1886 1200 1637 ] [    0    0    0 ] [      0      0      0 ] [ 0 ],drive [ 11 ] [ 0 ] [ 1886 1202 1634 ] [    4   88   39 ] [  13347   4314   8363 ] [ 0 ],1.10,1.30,1.30,1.10,-59.18,-0.21,0.00,0.00,0.00,0.00,0.00,-0.00,-0.00,0.00,0.00,0.00,0.00,0.00,0.00,0.00,0.00,0
1.56044,-53,0,174,0,DRIVE [ 12 ] [ 1 ] [ 1886 1199 1640 ] [    0    0    0 ] [      0      0      0 ] [ 0 ],drive [ 12 ] [ 0 ] [ 1886 1200 1637 ] [    8   72   35 ] [  13347   4314   8363 ] [ 0 ],1.10,1.30,1.30,1.10,-58.44,0.21,0.00,0.00,0.00,0.00,0.00,-0.00,-0.00,0.00,0.00,0.00,0.00,0.00,0.00,0.00,0.00,0
1.57286,-53,1,172,0,DRIVE [ 13 ] [ 1 ] [ 1886 1197 1645 ] [    0    0    0 ] [      0      0      0 ] [ 0 ],drive [ 12 ] [ 0 ] [ 1886 1199 1640 ] [    8   72   35 ] [  13347   4314   8363 ] [ 0 ],1.10,1.30,1.30,1.10,-57.75,0.77,0.00,0.00,0.00,0.00,0.00,-0.00,-0.00,0.00,0.00,0.00,0.00,0.00,0.00,0.00,0.00,0
1.58373,-52,1,171,0,DRIVE [ 13 ] [ 1 ] [ 1886 1194 1653 ] [    0    0    0 ] [      0      0      0 ] [ 0 ],drive [ 13 ] [ 0 ] [ 1886 1197 1645 ] [    8   72   35 ] [  13347   4314   8363 ] [ 0 ],1.10,1.30,1.30,1.10,-57.12,1.57,0.00,0.00,0.00,0.00,0.00,-0.00,-0.00,0.00,0.00,0.00,0.00,0.00,0.00,0.00,0.00,0
1.59399,-51,2,170,0,DRIVE [ 14 ] [ 1 ] [ 1886 1189 1662 ] [    0    0    0 ] [      0      0      0 ] [ 0 ],drive [ 13 ] [ 0 ] [ 1886 1194 1653 ] [    8   72   35 ] [  13247   4320   8377 ] [ 0 ],1.10,1.30,1.30,1.10,-56.19,2.59,0.00,0.00,0.00,0.00,0.00,-0.00,-0.00,0.00,0.00,0.00,0.00,0.00,0.00,0.00,0.00,0
1.60573,-50,3,168,0,DRIVE [ 14 ] [ 1 ] [ 1886 1182 1672 ] [    0    0    0 ] [      0      0      0 ] [ 0 ],drive [ 14 ] [ 0 ] [ 1886 1189 1662 ] [    8   72   35 ] [  13247   4320   8377 ] [ 0 ],1.10,1.30,1.30,1.10,-55.25,3.72,0.00,0.00,0.00,0.00,0.00,-0.00,-0.00,0.00,0.00,0.00,0.00,0.00,0.00,0.00,0.00,0
1.61617,-49,5,166,0,DRIVE [ 15 ] [ 1 ] [ 1886 1175 1683 ] [    0    0    0 ] [      0      0      0 ] [ 0 ],drive [ 14 ] [ 0 ] [ 1886 1182 1672 ] [   23   85   31 ] [  13247   4320   8377 ] [ 0 ],1.10,1.30,1.30,1.10,-54.35,4.97,0.00,0.00,0.00,0.00,0.00,-0.00,-0.00,0.00,0.00,0.00,0.00,0.00,0.00,0.00,0.00,0
1.62752,-48,6,164,0,DRIVE [ 15 ] [ 1 ] [ 1886 1167 1695 ] [    0    0    0 ] [      0      0      0 ] [ 0 ],drive [ 15 ] [ 0 ] [ 1886 1175 1683 ] [   23   85   31 ] [  13247   4320   8377 ] [ 0 ],1.10,1.30,1.30,1.10,-53.35,6.30,0.00,0.00,0.00,0.00,0.00,-0.00,-0.00,0.00,0.00,0.00,0.00,0.00,0.00,0.00,0.00,0
1.63838,-47,7,162,0,DRIVE [ 16 ] [ 1 ] [ 1886 1160 1709 ] [    0    0    0 ] [      0      0      0 ] [ 0 ],drive [ 15 ] [ 0 ] [ 1886 1167 1695 ] [   23   85   31 ] [  13247   4320   8377 ] [ 0 ],1.10,1.30,1.30,1.10,-52.22,7.70,0.00,0.00,0.00,0.00,0.00,-0.00,-0.00,0.00,0.00,0.00,0.00,0.00,0.00,0.00,0.00,0
1.65073,-46,8,161,0,DRIVE [ 16 ] [ 1 ] [ 1886 1153 1724 ] [    0    0    0 ] [      0      0      0 ] [ 0 ],drive [ 16 ] [ 0 ] [ 1886 1160 1709 ] [   23   85   31 ] [  13222   4437   8373 ] [ 0 ],1.10,1.30,1.30,1.10,-51.00,9.18,0.00,0.00,0.00,0.00,0.00,-0.00,-0.00,0.00,0.00,0.00,0.00,0.00,0.00,0.00,0.00,0
1.661,-45,10,159,0,DRIVE [ 17 ] [ 1 ] [ 1886 1147 1740 ] [    0    0    0 ] [      0      0      0 ] [ 0 ],drive [ 16 ] [ 0 ] [ 1886 1153 1724 ] [   24   83   29 ] [  13222   4437   8373 ] [ 0 ],1.10,1.30,1.30,1.10,-49.52,10.69,0.00,0.00,0.00,0.00,0.00,-0.00,-0.00,0.00,0.00,0.00,0.00,0.00,0.00,0.00,0.00,0
1.67186,-43,11,158,0,DRIVE [ 17 ] [ 1 ] [ 1886 1144 1758 ] [    0    0    0 ] [      0      0      0 ] [ 0 ],drive [ 17 ] [ 0 ] [ 1886 1147 1740 ] [   24   83   29 ] [  13222   4437   8373 ] [ 0 ],1.10,1.30,1.30,1.10,-47.85,12.26,0.00,0.00,0.00,0.00,0.00,-0.00,-0.00,0.00,0.00,0.00,0.00,0.00,0.00,0.00,0.00,0
1.68202,-42,13,157,0,DRIVE [ 18 ] [ 1 ] [ 1886 1140 1778 ] [    0    0    0 ] [      0      0      0 ] [ 0 ],drive [ 17 ] [ 0 ] [ 1886 1144 1758 ] [   24   83   29 ] [  13222   4437   8373 ] [ 0 ],1.10,1.30,1.30,1.10,-45.95,13.91,0.00,0.00,0.00,0.00,0.00,-0.00,0.00,0.00,0.00,0.00,0.00,0.00,0.00,0.00,0.00,0
1.69269,-40,14,155,0,DRIVE [ 18 ] [ 1 ] [ 1886 1136 1799 ] [    0    0    0 ] [      0      0      0 ] [ 0 ],drive [ 18 ] [ 0 ] [ 1886 1140 1778 ] [   24   83   29 ] [  13195   4549   8366 ] [ 0 ],1.10,1.30,1.30,1.10,-43.92,15.56,0.00,0.00,0.00,0.00,0.00,-0.00,0.00,0.00,0.00,0.00,0.00,0.00,0.00,0.00,0.00,0
1.70291,-38,16,154,0,DRIVE [ 19 ] [ 1 ] [ 1886 1129 1820 ] [    0    0    0 ] [      0      0      0 ] [ 0 ],drive [ 18 ] [ 0 ] [ 1886 1136 1799 ] [   24   83   29 ] [  13195   4549   8366 ] [ 0 ],1.10,1.30,1.30,1.10,-41.90,17.27,0.00,0.00,0.00,0.00,0.00,-0.00,0.00,0.00,0.00,0.00,0.00,0.00,0.00,0.00,0.00,0
1.71432,-36,17,152,0,DRIVE [ 19 ] [ 1 ] [ 1886 1119 1842 ] [    0    0    0 ] [      0      0      0 ] [ 0 ],drive [ 19 ] [ 0 ] [ 1886 1129 1820 ] [   20   92   28 ] [  13195   4549   8366 ] [ 0 ],1.10,1.30,1.30,1.10,-39.86,18.99,0.00,0.00,0.00,0.00,0.00,-0.00,0.00,0.00,0.00,0.00,0.00,0.00,0.00,0.00,0.00,0
1.72622,-35,19,150,0,DRIVE [ 20 ] [ 1 ] [ 1886 1106 1863 ] [    0    0    0 ] [      0      0      0 ] [ 0 ],drive [ 19 ] [ 0 ] [ 1886 1119 1842 ] [   20   92   28 ] [  13195   4549   8366 ] [ 0 ],1.10,1.30,1.30,1.10,-37.96,20.75,0.00,0.00,0.00,0.00,0.00,-0.00,0.00,0.00,0.00,0.00,0.00,0.00,0.00,0.00,0.00,0
1.73629,-33,20,149,0,DRIVE [ 20 ] [ 1 ] [ 1886 1091 1885 ] [    0    0    0 ] [      0      0      0 ] [ 0 ],drive [ 20 ] [ 0 ] [ 1886 1106 1863 ] [   20   92   28 ] [  13195   4549   8366 ] [ 0 ],1.10,1.30,1.30,1.10,-36.02,22.40,0.00,0.00,0.00,0.00,0.00,-0.00,0.00,0.00,0.00,0.00,0.00,0.00,0.00,0.00,0.00,0
1.74644,-31,22,147,0,DRIVE [ 21 ] [ 1 ] [ 1904 1074 1885 ] [    0    0    0 ] [      0      0      0 ] [ 0 ],drive [ 20 ] [ 0 ] [ 1886 1091 1885 ] [   20   92   28 ] [  13195   4619   8295 ] [ 0 ],1.10,1.30,1.30,1.10,-34.19,24.07,0.00,0.00,0.00,0.00,0.00,-0.00,0.00,0.00,0.00,0.00,0.00,0.00,0.00,0.00,0.00,0
1.75632,-29,23,146,0,DRIVE [ 21 ] [ 1 ] [ 1881 1099 1885 ] [    0    0    0 ] [      0      0      0 ] [ 0 ],drive [ 21 ] [ 0 ] [ 1904 1074 1885 ] [   20   92   28 ] [  13195   4619   8295 ] [ 0 ],1.10,1.30,1.30,1.10,-32.40,25.61,0.00,0.00,0.00,0.00,0.00,-0.00,0.00,0.00,0.00,0.00,0.00,0.00,0.00,0.00,0.00,0
1.76621,-28,25,144,0,DRIVE [ 22 ] [ 1 ] [ 1859 1123 1885 ] [    0    0    0 ] [      0      0      0 ] [ 0 ],drive [ 21 ] [ 0 ] [ 1881 1099 1885 ] [   21   80   27 ] [  13195   4619   8295 ] [ 0 ],1.10,1.30,1.30,1.10,-30.63,26.97,0.00,0.00,0.00,0.00,0.00,-0.00,0.00,0.00,0.00,0.00,0.00,0.00,0.00,0.00,0.00,0
1.77604,-26,26,143,0,DRIVE [ 22 ] [ 1 ] [ 1837 1148 1885 ] [    0    0    0 ] [      0      0      0 ] [ 0 ],drive [ 22 ] [ 0 ] [ 1859 1123 1885 ] [   21   80   27 ] [  13195   4619   8295 ] [ 0 ],1.10,1.30,1.30,1.10,-28.79,28.11,0.00,0.00,0.00,0.00,0.00,-0.00,0.00,0.00,0.00,0.00,0.00,0.00,0.00,0.00,0.00,0
1.78613,-24,26,142,0,DRIVE [ 23 ] [ 1 ] [ 1817 1173 1885 ] [    0    0    0 ] [      0      0      0 ] [ 0 ],drive [ 22 ] [ 0 ] [ 1837 1148 1885 ] [   21   80   27 ] [  13195   4619   8295 ] [ 0 ],1.10,1.30,1.30,1.10,-26.92,29.04,0.00,0.00,0.00,0.00,0.00,-0.00,0.00,0.00,0.00,0.00,0.00,0.00,0.00,0.00,0.00,0
1.796,-23,27,140,0,DRIVE [ 23 ] [ 1 ] [ 1797 1200 1885 ] [    0    0    0 ] [      0      0      0 ] [ 0 ],drive [ 23 ] [ 0 ] [ 1817 1173 1885 ] [   21   80   27 ] [  13199   4798   8071 ] [ 0 ],1.10,1.30,1.30,1.10,-24.98,29.80,0.00,0.00,0.00,0.00,0.00,-0.00,0.00,0.00,0.00,0.00,0.00,0.00,0.00,0.00,0.00,0
1.80619,-21,28,139,0,DRIVE [ 24 ] [ 1 ] [ 1777 1226 1885 ] [    0    0    0 ] [      0      0      0 ] [ 0 ],drive [ 23 ] [ 0 ] [ 1797 1200 1885 ] [   21   80   27 ] [  13199   4798   8071 ] [ 0 ],1.10,1.30,1.30,1.10,-23.03,30.47,0.00,0.00,0.00,0.00,0.00,-0.00,0.00,0.00,0.00,0.00,0.00,0.00,0.00,0.00,0.00,0
1.81586,-19,28,138,0,DRIVE [ 24 ] [ 1 ] [ 1756 1249 1885 ] [    0    0    0 ] [      0      0      0 ] [ 0 ],drive [ 24 ] [ 0 ] [ 1777 1226 1885 ] [   34   80    5 ] [  13199   4798   8071 ] [ 0 ],1.10,1.30,1.30,1.10,-21.13,31.28,0.00,0.00,0.00,0.00,0.00,-0.00,0.00,0.00,0.00,0.00,0.00,0.00,0.00,0.00,0.00,0
1.82605,-18,29,136,0,DRIVE [ 25 ] [ 1 ] [ 1735 1268 1885 ] [    0    0    0 ] [      0      0      0 ] [ 0 ],drive [ 24 ] [ 0 ] [ 1756 1249 1885 ] [   34   80    5 ] [  13199   4798   8071 ] [ 0 ],1.10,1.30,1.30,1.10,-19.41,32.03,0.00,0.00,0.00,0.00,0.00,-0.00,0.00,0.00,0.00,0.00,0.00,0.00,0.00,0.00,0.00,0
1.83593,-16,30,135,0,DRIVE [ 25 ] [ 1 ] [ 1715 1284 1885 ] [    0    0    0 ] [      0      0      0 ] [ 0 ],drive [ 25 ] [ 0 ] [ 1735 1268 1885 ] [   34   80    5 ] [  13199   4798   8071 ] [ 0 ],1.10,1.30,1.30,1.10,-17.82,32.80,0.00,0.00,0.00,0.00,0.00,-0.00,0.00,0.00,0.00,0.00,0.00,0.00,0.00,0.00,0.00,0
1.8455,-15,30,133,0,DRIVE [ 26 ] [ 1 ] [ 1696 1297 1885 ] [    0    0    0 ] [      0      0      0 ] [ 0 ],drive [ 25 ] [ 0 ] [ 1715 1284 1885 ] [   34   80    5 ] [  13294   4837   8056 ] [ 0 ],1.10,1.30,1.30,1.10,-16.40,33.40,0.00,0.00,0.00,0.00,0.00,-0.00,0.00,0.00,0.00,0.00,0.00,0.00,0.00,0.00,0.00,0
1.85551,-14,31,132,0,DRIVE [ 26 ] [ 1 ] [ 1680 1308 1885 ] [    0    0    0 ] [      0      0      0 ] [ 0 ],drive [ 26 ] [ 0 ] [ 1696 1297 1885 ] [   34   80    5 ] [  13294   4837   8056 ] [ 0 ],1.10,1.30,1.30,1.10,-15.13,33.87,0.00,0.00,0.00,0.00,0.00,-0.00,0.00,0.00,0.00,0.00,0.00,0.00,0.00,0.00,0.00,0
1.86566,-13,31,131,0,DRIVE [ 27 ] [ 1 ] [ 1664 1319 1885 ] [    0    0    0 ] [      0      0      0 ] [ 0 ],drive [ 26 ] [ 0 ] [ 1680 1308 1885 ] [   37   70   10 ] [  13294   4837   8056 ] [ 0 ],1.10,1.30,1.30,1.10,-13.92,34.22,0.00,0.00,0.00,0.00,0.00,-0.00,0.00,0.00,0.00,0.00,0.00,0.00,0.00,0.00,0.00,0
1.87813,-12,31,130,0,DRIVE [ 27 ] [ 1 ] [ 1650 1330 1885 ] [    0    0    0 ] [      0      0      0 ] [ 0 ],drive [ 27 ] [ 0 ] [ 1664 1319 1885 ] [   37   70   10 ] [  13294   4837   8056 ] [ 0 ],1.10,1.30,1.30,1.10,-12.76,34.42,0.00,0.00,0.00,0.00,0.00,-0.00,0.00,0.00,0.00,0.00,0.00,0.00,0.00,0.00,0.00,0
1.88806,-11,31,129,0,DRIVE [ 28 ] [ 1 ] [ 1638 1343 1885 ] [    0    0    0 ] [      0      0      0 ] [ 0 ],drive [ 27 ] [ 0 ] [ 1650 1330 1885 ] [   37   70   10 ] [  13294   4837   8056 ] [ 0 ],1.10,1.30,1.30,1.10,-11.60,34.47,0.00,0.00,0.00,0.00,0.00,-0.00,0.00,0.00,0.00,0.00,0.00,0.00,0.00,0.00,0.00,0
1.89775,-9,31,127,0,DRIVE [ 28 ] [ 1 ] [ 1626 1358 1885 ] [    0    0    0 ] [      0      0      0 ] [ 0 ],drive [ 28 ] [ 0 ] [ 1638 1343 1885 ] [   37   70   10 ] [  13441   4836   8019 ] [ 0 ],1.10,1.30,1.30,1.10,-10.42,34.32,0.00,0.00,0.00,0.00,0.00,-0.00,0.00,0.00,0.00,0.00,0.00,0.00,0.00,0.00,0.00,0
1.90958,-8,31,126,0,DRIVE [ 29 ] [ 1 ] [ 1617 1373 1885 ] [    0    0    0 ] [      0      0      0 ] [ 0 ],drive [ 28 ] [ 0 ] [ 1626 1358 1885 ] [   27   66   17 ] [  13441   4836   8019 ] [ 0 ],1.10,1.30,1.30,1.10,-9.33,34.03,0.00,0.00,0.00,0.00,0.00,-0.00,0.00,0.00,0.00,0.00,0.00,0.00,0.00,0.00,0.00,0
1.92183,-8,30,125,0,DRIVE [ 29 ] [ 1 ] [ 1609 1389 1885 ] [    0    0    0 ] [      0      0      0 ] [ 0 ],drive [ 29 ] [ 0 ] [ 1617 1373 1885 ] [   27   66   17 ] [  13441   4836   8019 ] [ 0 ],1.10,1.30,1.30,1.10,-8.26,33.54,0.00,0.00,0.00,0.00,0.00,-0.00,0.00,0.00,0.00,0.00,0.00,0.00,0.00,0.00,0.00,0
1.93369,-7,30,124,0,DRIVE [ 30 ] [ 1 ] [ 1603 1406 1885 ] [    0    0    0 ] [      0      0      0 ] [ 0 ],drive [ 29 ] [ 0 ] [ 1609 1389 1885 ] [   27   66   17 ] [  13441   4836   8019 ] [ 0 ],1.10,1.30,1.30,1.10,-7.26,32.94,0.00,0.00,0.00,0.00,0.00,-0.00,0.00,0.00,0.00,0.00,0.00,0.00,0.00,0.00,0.00,0
1.9459,-6,29,123,0,DRIVE [ 30 ] [ 1 ] [ 1599 1423 1885 ] [    0    0    0 ] [      0      0      0 ] [ 0 ],drive [ 30 ] [ 0 ] [ 1603 1406 1885 ] [   27   66   17 ] [  13552   4836   7964 ] [ 0 ],1.10,1.30,1.30,1.10,-6.32,32.19,0.00,0.00,0.00,0.00,0.00,-0.00,0.00,0.00,0.00,0.00,0.00,0.00,0.00,0.00,0.00,0
1.95572,-5,28,122,0,DRIVE [ 31 ] [ 1 ] [ 1598 1442 1885 ] [    0    0    0 ] [      0      0      0 ] [ 0 ],drive [ 30 ] [ 0 ] [ 1599 1423 1885 ] [   27   66   17 ] [  13552   4836   7964 ] [ 0 ],1.10,1.30,1.30,1.10,-5.48,31.34,0.00,0.00,0.00,0.00,0.00,-0.00,0.00,0.00,0.00,0.00,0.00,0.00,0.00,0.00,0.00,0
1.96575,-4,27,121,0,DRIVE [ 31 ] [ 1 ] [ 1599 1461 1885 ] [    0    0    0 ] [      0      0      0 ] [ 0 ],drive [ 31 ] [ 0 ] [ 1598 1442 1885 ] [   50   59    3 ] [  13552   4836   7964 ] [ 0 ],1.10,1.30,1.30,1.10,-4.71,30.24,0.00,0.00,0.00,0.00,0.00,-0.00,0.00,0.00,0.00,0.00,0.00,0.00,0.00,0.00,0.00,0
1.97771,-4,26,120,0,DRIVE [ 32 ] [ 1 ] [ 1605 1481 1885 ] [    0    0    0 ] [      0      0      0 ] [ 0 ],drive [ 31 ] [ 0 ] [ 1599 1461 1885 ] [   50   59    3 ] [  13552   4836   7964 ] [ 0 ],1.10,1.30,1.30,1.10,-4.09,28.97,0.00,0.00,0.00,0.00,0.00,-0.00,0.00,0.00,0.00,0.00,0.00,0.00,0.00,0.00,0.00,0
1.98966,-3,25,119,0,DRIVE [ 32 ] [ 1 ] [ 1614 1501 1885 ] [    0    0    0 ] [      0      0      0 ] [ 0 ],drive [ 32 ] [ 0 ] [ 1605 1481 1885 ] [   50   59    3 ] [  13552   4836   7964 ] [ 0 ],1.10,1.30,1.30,1.10,-3.66,27.55,0.00,0.00,0.00,0.00,0.00,-0.00,0.00,0.00,0.00,0.00,0.00,0.00,0.00,-0.00,0.00,0
2.00166,-3,24,118,0,DRIVE [ 33 ] [ 1 ] [ 1627 1519 1885 ] [    0    0    0 ] [      0      0      0 ] [ 0 ],drive [ 32 ] [ 0 ] [ 1614 1501 1885 ] [   50   59    3 ] [  13850   4834   7833 ] [ 0 ],1.10,1.30,1.30,1.10,-3.44,26.05,0.00,0.00,0.00,0.00,0.00,-0.00,0.00,0.00,0.00,0.00,0.00,0.00,0.00,-0.00,0.00,0
2.01158,-3,22,117,0,DRIVE [ 33 ] [ 1 ] [ 1643 1535 1885 ] [    0    0    0 ] [      0      0      0 ] [ 0 ],drive [ 33 ] [ 0 ] [ 1627 1519 1885 ] [   28   53   21 ] [  13850   4834   7833 ] [ 0 ],1.10,1.30,1.30,1.10,-3.36,24.48,0.00,0.00,0.00,0.00,0.00,-0.00,0.00,0.00,0.00,0.00,0.00,0.00,0.00,-0.00,0.00,0
2.02188,-3,21,116,0,DRIVE [ 34 ] [ 1 ] [ 1660 1549 1885 ] [    0    0    0 ] [      0      0      0 ] [ 0 ],drive [ 33 ] [ 0 ] [ 1643 1535 1885 ] [   28   53   21 ] [  13850   4834   7833 ] [ 0 ],1.10,1.30,1.30,1.10,-3.46,22.93,0.00,0.00,0.00,0.00,0.00,-0.00,0.00,0.00,0.00,0.00,0.00,0.00,0.00,-0.00,0.00,0
2.0337,-3,20,115,0,DRIVE [ 34 ] [ 1 ] [ 1678 1561 1885 ] [    0    0    0 ] [      0      0      0 ] [ 0 ],drive [ 34 ] [ 0 ] [ 1660 1549 1885 ] [   28   53   21 ] [  13850   4834   7833 ] [ 0 ],1.10,1.30,1.30,1.10,-3.65,21.49,0.00,0.00,0.00,0.00,0.00,-0.00,0.00,0.00,0.00,0.00,0.00,0.00,0.00,-0.00,0.00,0
2.04549,-4,18,114,0,DRIVE [ 35 ] [ 1 ] [ 1695 1570 1885 ] [    0    0    0 ] [      0      0      0 ] [ 0 ],drive [ 34 ] [ 0 ] [ 1678 1561 1885 ] [   28   53   21 ] [  14003   4810   7771 ] [ 0 ],1.10,1.30,1.30,1.10,-3.92,20.15,0.00,0.00,0.00,0.00,0.00,-0.00,0.00,0.00,0.00,0.00,0.00,0.00,0.00,-0.00,0.00,0
2.05764,-4,17,112,0,DRIVE [ 35 ] [ 1 ] [ 1712 1577 1885 ] [    0    0    0 ] [      0      0      0 ] [ 0 ],drive [ 35 ] [ 0 ] [ 1695 1570 1885 ] [   28   53   21 ] [  14003   4810   7771 ] [ 0 ],1.10,1.30,1.30,1.10,-4.23,18.91,0.00,0.00,0.00,0.00,0.00,-0.00,0.00,0.00,0.00,0.00,0.00,0.00,0.00,-0.00,0.00,0
2.06947,-4,16,111,0,DRIVE [ 36 ] [ 1 ] [ 1729 1583 1885 ] [    0    0    0 ] [      0      0      0 ] [ 0 ],drive [ 35 ] [ 0 ] [ 1712 1577 1885 ] [   43   58   28 ] [  14003   4810   7771 ] [ 0 ],1.10,1.30,1.30,1.10,-4.56,17.73,0.00,0.00,0.00,0.00,0.00,-0.00,0.00,0.00,0.00,0.00,0.00,0.00,0.00,-0.00,0.00,0
2.07933,-4,15,110,0,DRIVE [ 36 ] [ 1 ] [ 1745 1586 1885 ] [    0    0    0 ] [      0      0      0 ] [ 0 ],drive [ 36 ] [ 0 ] [ 1729 1583 1885 ] [   43   58   28 ] [  14003   4810   7771 ] [ 0 ],1.10,1.30,1.30,1.10,-4.94,16.64,0.00,0.00,0.00,0.00,0.00,-0.00,0.00,0.00,0.00,0.00,0.00,0.00,0.00,-0.00,0.00,0
2.0898,-5,14,109,0,DRIVE [ 37 ] [ 1 ] [ 1761 1587 1885 ] [    0    0    0 ] [      0      0      0 ] [ 0 ],drive [ 36 ] [ 0 ] [ 1745 1586 1885 ] [   43   58   28 ] [  14003   4810   7771 ] [ 0 ],1.10,1.30,1.30,1.10,-5.40,15.61,0.00,0.00,0.00,0.00,0.00,-0.00,0.00,0.00,0.00,0.00,0.00,0.00,0.00,-0.00,0.00,0
2.10173,-5,13,108,0,DRIVE [ 37 ] [ 1 ] [ 1778 1585 1885 ] [    0    0    0 ] [      0      0      0 ] [ 0 ],drive [ 37 ] [ 0 ] [ 1761 1587 1885 ] [   43   58   28 ] [  13995   4793   7770 ] [ 0 ],1.10,1.30,1.30,1.10,-5.96,14.65,0.00,0.00,0.00,0.00,0.00,-0.00,0.00,0.00,0.00,0.00,0.00,0.00,0.00,-0.00,0.00,0
2.11342,-6,12,106,0,DRIVE [ 38 ] [ 1 ] [ 1794 1579 1885 ] [    0    0    0 ] [      0      0      0 ] [ 0 ],drive [ 37 ] [ 0 ] [ 1778 1585 1885 ] [   31   55   28 ] [  13995   4793   7770 ] [ 0 ],1.10,1.30,1.30,1.10,-6.60,13.72,0.00,0.00,0.00,0.00,0.00,-0.00,0.00,0.00,0.00,0.00,0.00,0.00,0.00,-0.00,0.00,0
2.12563,-7,12,105,0,DRIVE [ 38 ] [ 1 ] [ 1811 1570 1885 ] [    0    0    0 ] [      0      0      0 ] [ 0 ],drive [ 38 ] [ 0 ] [ 1794 1579 1885 ] [   31   55   28 ] [  13995   4793   7770 ] [ 0 ],1.10,1.30,1.30,1.10,-7.31,12.83,0.00,0.00,0.00,0.00,0.00,-0.00,0.00,0.00,0.00,0.00,0.00,0.00,0.00,-0.00,0.00,0
2.13764,-7,11,104,0,DRIVE [ 39 ] [ 1 ] [ 1828 1558 1885 ] [    0    0    0 ] [      0      0      0 ] [ 0 ],drive [ 38 ] [ 0 ] [ 1811 1570 1885 ] [   31   55   28 ] [  13995   4793   7770 ] [ 0 ],1.10,1.30,1.30,1.10,-8.05,11.99,0.00,0.00,0.00,0.00,0.00,-0.00,0.00,0.00,0.00,0.00,0.00,0.00,0.00,-0.00,0.00,0
2.14742,-8,10,103,0,DRIVE [ 39 ] [ 1 ] [ 1844 1543 1885 ] [    0    0    0 ] [      0      0      0 ] [ 0 ],drive [ 39 ] [ 0 ] [ 1828 1558 1885 ] [   31   55   28 ] [  13989   4792   7745 ] [ 0 ],1.10,1.30,1.30,1.10,-8.81,11.20,0.00,0.00,0.00,0.00,0.00,-0.00,0.00,0.00,0.00,0.00,0.00,0.00,0.00,-0.00,0.00,0
2.15787,-9,10,102,0,DRIVE [ 40 ] [ 1 ] [ 1859 1525 1885 ] [    0    0    0 ] [      0      0      0 ] [ 0 ],drive [ 39 ] [ 0 ] [ 1844 1543 1885 ] [   22   56   21 ] [  13989   4792   7745 ] [ 0 ],1.10,1.30,1.30,1.10,-9.58,10.48,0.00,0.00,0.00,0.00,0.00,-0.00,0.00,0.00,0.00,0.00,0.00,0.00,0.00,-0.00,0.00,0
2.16976,-9,9,101,0,DRIVE [ 40 ] [ 1 ] [ 1874 1504 1885 ] [    0    0    0 ] [      0      0      0 ] [ 0 ],drive [ 40 ] [ 0 ] [ 1859 1525 1885 ] [   22   56   21 ] [  13989   4792   7745 ] [ 0 ],1.10,1.30,1.30,1.10,-10.35,9.75,0.00,0.00,0.00,0.00,0.00,-0.00,0.00,0.00,0.00,0.00,0.00,0.00,0.00,-0.00,0.00,0
2.18162,-10,8,100,0,DRIVE [ 41 ] [ 1 ] [ 1889 1481 1885 ] [    0    0    0 ] [      0      0      0 ] [ 0 ],drive [ 40 ] [ 0 ] [ 1874 1504 1885 ] [   22   56   21 ] [  13989   4792   7745 ] [ 0 ],1.10,1.30,1.30,1.10,-11.11,9.08,0.00,0.00,0.00,0.00,0.00,-0.00,0.00,0.00,0.00,0.00,0.00,0.00,0.00,-0.00,0.00,0
2.1937,-11,8,98,0,DRIVE [ 41 ] [ 1 ] [ 1905 1455 1885 ] [    0    0    0 ] [      0      0      0 ] [ 0 ],drive [ 41 ] [ 0 ] [ 1889 1481 1885 ] [   22   56   21 ] [  13970   4792   7743 ] [ 0 ],1.10,1.30,1.30,1.10,-11.87,8.35,0.00,0.00,0.00,0.00,0.00,-0.00,0.00,0.00,0.00,0.00,0.00,0.00,0.00,-0.00,0.00,0
2.20433,-11,7,97,0,DRIVE [ 42 ] [ 1 ] [ 1905 1457 1891 ] [    0    0    0 ] [      0      0      0 ] [ 0 ],drive [ 41 ] [ 0 ] [ 1905 1455 1885 ] [   22   56   21 ] [  13970   4792   7743 ] [ 0 ],1.10,1.30,1.30,1.10,-12.63,7.63,0.00,0.00,0.00,0.00,0.00,-0.00,0.00,0.00,0.00,0.00,0.00,0.00,0.00,-0.00,0.00,0
2.21376,-12,6,96,0,DRIVE [ 42 ] [ 1 ] [ 1905 1458 1877 ] [    0    0    0 ] [      0      0      0 ] [ 0 ],drive [ 42 ] [ 0 ] [ 1905 1457 1891 ] [    1   65   11 ] [  13970   4792   7743 ] [ 0 ],1.10,1.30,1.30,1.10,-13.35,6.92,0.00,0.00,0.00,0.00,0.00,-0.00,0.00,0.00,0.00,0.00,0.00,0.00,0.00,-0.00,0.00,0
2.22597,-13,6,95,0,DRIVE [ 43 ] [ 1 ] [ 1905 1457 1863 ] [    0    0    0 ] [      0      0      0 ] [ 0 ],drive [ 42 ] [ 0 ] [ 1905 1458 1877 ] [    1   65   11 ] [  13970   4792   7743 ] [ 0 ],1.10,1.30,1.30,1.10,-14.05,6.23,0.00,0.00,0.00,0.00,0.00,-0.00,0.00,0.00,0.00,0.00,0.00,0.00,0.00,-0.00,0.00,0
2.23778,-13,5,94,0,DRIVE [ 43 ] [ 1 ] [ 1905 1454 1849 ] [    0    0    0 ] [      0      0      0 ] [ 0 ],drive [ 43 ] [ 0 ] [ 1905 1457 1863 ] [    1   65   11 ] [  13970   4792   7743 ] [ 0 ],1.10,1.30,1.30,1.10,-14.76,5.55,0.00,0.00,0.00,0.00,0.00,-0.00,0.00,0.00,0.00,0.00,0.00,0.00,0.00,-0.00,0.00,0
2.24988,-14,4,93,0,DRIVE [ 44 ] [ 1 ] [ 1905 1449 1835 ] [    0    0    0 ] [      0      0      0 ] [ 0 ],drive [ 43 ] [ 0 ] [ 1905 1454 1849 ] [    1   65   11 ] [  13912   4795   7713 ] [ 0 ],1.10,1.30,1.30,1.10,-15.44,4.91,0.00,0.00,0.00,0.00,0.00,-0.00,0.00,0.00,0.00,0.00,0.00,0.00,0.00,-0.00,0.00,0
2.26162,-15,4,92,0,DRIVE [ 44 ] [ 1 ] [ 1905 1442 1821 ] [    0    0    0 ] [      0      0      0 ] [ 0 ],drive [ 44 ] [ 0 ] [ 1905 1449 1835 ] [   28   67    7 ] [  13912   4795   7713 ] [ 0 ],1.10,1.30,1.30,1.10,-16.12,4.36,0.00,0.00,0.00,0.00,0.00,-0.00,0.00,0.00,0.00,0.00,0.00,0.00,0.00,0.00,0.00,0
2.27179,-15,4,91,0,DRIVE [ 45 ] [ 1 ] [ 1905 1433 1808 ] [    0    0    0 ] [      0      0      0 ] [ 0 ],drive [ 44 ] [ 0 ] [ 1905 1442 1821 ] [   28   67    7 ] [  13912   4795   7713 ] [ 0 ],1.10,1.30,1.30,1.10,-16.77,3.87,0.00,0.00,0.00,0.00,0.00,-0.00,0.00,0.00,0.00,0.00,0.00,0.00,0.00,0.00,0.00,0
2.2818,-16,3,90,0,DRIVE [ 45 ] [ 1 ] [ 1905 1423 1796 ] [    0    0    0 ] [      0      0      0 ] [ 0 ],drive [ 45 ] [ 0 ] [ 1905 1433 1808 ] [   28   67    7 ] [  13912   4795   7713 ] [ 0 ],1.10,1.30,1.30,1.10,-17.40,3.45,0.00,0.00,0.00,0.00,0.00,-0.00,0.00,0.00,0.00,0.00,0.00,0.00,0.00,0.00,0.00,0
2.29406,-16,3,89,0,DRIVE [ 46 ] [ 1 ] [ 1905 1412 1785 ] [    0    0    0 ] [      0      0      0 ] [ 0 ],drive [ 45 ] [ 0 ] [ 1905 1423 1796 ] [   28   67    7 ] [  13883   4795   7717 ] [ 0 ],1.10,1.30,1.30,1.10,-18.00,3.06,0.00,0.00,0.00,0.00,0.00,-0.00,0.00,0.00,0.00,0.00,0.00,0.00,0.00,0.00,0.00,0
2.30591,-17,2,88,0,DRIVE [ 46 ] [ 1 ] [ 1905 1401 1773 ] [    0    0    0 ] [      0      0      0 ] [ 0 ],drive [ 46 ] [ 0 ] [ 1905 1412 1785 ] [   28   67    7 ] [  13883   4795   7717 ] [ 0 ],1.10,1.30,1.30,1.10,-18.59,2.71,0.00,0.00,0.00,0.00,0.00,-0.00,0.00,0.00,0.00,0.00,0.00,0.00,0.00,0.00,0.00,0
2.31801,-17,2,87,0,DRIVE [ 47 ] [ 1 ] [ 1905 1389 1763 ] [    0    0    0 ] [      0      0      0 ] [ 0 ],drive [ 46 ] [ 0 ] [ 1905 1401 1773 ] [   20   71   13 ] [  13883   4795   7717 ] [ 0 ],1.10,1.30,1.30,1.10,-19.17,2.40,0.00,0.00,0.00,0.00,0.00,-0.00,0.00,0.00,0.00,0.00,0.00,0.00,0.00,0.00,0.00,0
2.32967,-18,2,87,0,DRIVE [ 47 ] [ 1 ] [ 1905 1377 1753 ] [    0    0    0 ] [      0      0      0 ] [ 0 ],drive [ 47 ] [ 0 ] [ 1905 1389 1763 ] [   20   71   13 ] [  13883   4795   7717 ] [ 0 ],1.10,1.30,1.30,1.10,-19.72,2.12,0.00,0.00,0.00,0.00,0.00,-0.00,0.00,0.00,0.00,0.00,0.00,0.00,0.00,0.00,0.00,0
2.33959,-18,2,86,0,DRIVE [ 48 ] [ 1 ] [ 1905 1365 1744 ] [    0    0    0 ] [      0      0      0 ] [ 0 ],drive [ 47 ] [ 0 ] [ 1905 1377 1753 ] [   20   71   13 ] [  13883   4795   7717 ] [ 0 ],1.10,1.30,1.30,1.10,-20.23,1.91,0.00,0.00,0.00,0.00,0.00,-0.00,0.00,0.00,0.00,0.00,0.00,0.00,0.00,0.00,0.00,0
2.35038,-19,2,85,0,DRIVE [ 48 ] [ 1 ] [ 1905 1352 1736 ] [    0    0    0 ] [      0      0      0 ] [ 0 ],drive [ 48 ] [ 0 ] [ 1905 1365 1744 ] [   20   71   13 ] [  13870   4797   7736 ] [ 0 ],1.10,1.30,1.30,1.10,-20.69,1.78,0.00,0.00,0.00,0.00,0.00,-0.00,0.00,0.00,0.00,0.00,0.00,0.00,0.00,0.00,0.00,0
2.36215,-19,2,84,0,DRIVE [ 49 ] [ 1 ] [ 1905 1339 1729 ] [    0    0    0 ] [      0      0      0 ] [ 0 ],drive [ 48 ] [ 0 ] [ 1905 1352 1736 ] [    5   75   36 ] [  13870   4797   7736 ] [ 0 ],1.10,1.30,1.30,1.10,-21.11,1.67,0.00,0.00,0.00,0.00,0.00,-0.00,0.00,0.00,0.00,0.00,0.00,0.00,0.00,0.00,0.00,0
2.37425,-20,1,83,0,DRIVE [ 49 ] [ 1 ] [ 1905 1326 1722 ] [    0    0    0 ] [      0      0      0 ] [ 0 ],drive [ 49 ] [ 0 ] [ 1905 1339 1729 ] [    5   75   36 ] [  13870   4797   7736 ] [ 0 ],1.10,1.30,1.30,1.10,-21.51,1.56,0.00,0.00,0.00,0.00,0.00,-0.00,0.00,0.00,0.00,0.00,0.00,0.00,0.00,0.00,0.00,0
2.38609,-20,1,83,0,DRIVE [ 50 ] [ 1 ] [ 1905 1314 1716 ] [    0    0    0 ] [      0      0      0 ] [ 0 ],drive [ 49 ] [ 0 ] [ 1905 1326 1722 ] [    5   75   36 ] [  13870   4797   7736 ] [ 0 ],1.10,1.30,1.30,1.10,-21.90,1.50,0.00,0.00,0.00,0.00,0.00,-0.00,0.00,0.00,0.00,0.00,0.00,0.00,0.00,0.00,0.00,0
2.39538,-20,1,82,0,DRIVE [ 50 ] [ 1 ] [ 1905 1301 1711 ] [    0    0    0 ] [      0      0      0 ] [ 0 ],drive [ 50 ] [ 0 ] [ 1905 1314 1716 ] [    5   75   36 ] [  13801   4809   7819 ] [ 0 ],1.10,1.30,1.30,1.10,-22.23,1.47,0.00,0.00,0.00,0.00,0.00,-0.00,0.00,0.00,0.00,0.00,0.00,0.00,0.00,0.00,0.00,0
2.40589,-20,1,81,0,DRIVE [ 51 ] [ 1 ] [ 1905 1291 1706 ] [    0    0    0 ] [      0      0      0 ] [ 0 ],drive [ 50 ] [ 0 ] [ 1905 1301 1711 ] [    5   75   36 ] [  13801   4809   7819 ] [ 0 ],1.10,1.30,1.30,1.10,-22.50,1.43,0.00,0.00,0.00,0.00,0.00,-0.00,0.00,0.00,0.00,0.00,0.00,0.00,0.00,0.00,0.00,0
2.41788,-21,1,81,0,DRIVE [ 51 ] [ 1 ] [ 1905 1281 1700 ] [    0    0    0 ] [      0      0      0 ] [ 0 ],drive [ 51 ] [ 0 ] [ 1905 1291 1706 ] [   23   70   19 ] [  13801   4809   7819 ] [ 0 ],1.10,1.30,1.30,1.10,-22.78,1.32,0.00,0.00,0.00,0.00,0.00,-0.00,0.00,0.00,0.00,0.00,0.00,0.00,0.00,0.00,0.00,0
2.43,-21,1,80,0,DRIVE [ 52 ] [ 1 ] [ 1905 1271 1693 ] [    0    0    0 ] [      0      0      0 ] [ 0 ],drive [ 51 ] [ 0 ] [ 1905 1281 1700 ] [   23   70   19 ] [  13801   4809   7819 ] [ 0 ],1.10,1.30,1.30,1.10,-23.08,1.20,0.00,0.00,0.00,0.00,0.00,-0.00,0.00,0.00,0.00,0.00,0.00,0.00,0.00,0.00,0.00,0
2.44225,-21,1,79,0,DRIVE [ 52 ] [ 1 ] [ 1905 1261 1687 ] [    0    0    0 ] [      0      0      0 ] [ 0 ],drive [ 52 ] [ 0 ] [ 1905 1271 1693 ] [   23   70   19 ] [  13801   4809   7819 ] [ 0 ],1.10,1.30,1.30,1.10,-23.40,1.07,0.00,0.00,0.00,0.00,0.00,-0.00,0.00,0.00,0.00,0.00,0.00,0.00,0.00,0.00,0.00,0
2.45375,-22,1,79,0,DRIVE [ 53 ] [ 1 ] [ 1905 1250 1679 ] [    0    0    0 ] [      0      0      0 ] [ 0 ],drive [ 52 ] [ 0 ] [ 1905 1261 1687 ] [   23   70   19 ] [  13757   4844   7821 ] [ 0 ],1.10,1.30,1.30,1.10,-23.73,0.93,0.00,0.00,0.00,0.00,0.00,-0.00,0.00,0.00,0.00,0.00,0.00,0.00,0.00,0.00,0.00,0
2.46293,-22,1,78,0,DRIVE [ 53 ] [ 1 ] [ 1905 1238 1672 ] [    0    0    0 ] [      0      0      0 ] [ 0 ],drive [ 53 ] [ 0 ] [ 1905 1250 1679 ] [   14   64   21 ] [  13757   4844   7821 ] [ 0 ],1.10,1.30,1.30,1.10,-24.06,0.81,0.00,0.00,0.00,0.00,0.00,-0.00,0.00,0.00,0.00,0.00,0.00,0.00,0.00,0.00,0.00,0
2.47391,-22,1,77,0,DRIVE [ 54 ] [ 1 ] [ 1905 1227 1665 ] [    0    0    0 ] [      0      0      0 ] [ 0 ],drive [ 53 ] [ 0 ] [ 1905 1238 1672 ] [   14   64   21 ] [  13757   4844   7821 ] [ 0 ],1.10,1.30,1.30,1.10,-24.38,0.69,0.00,0.00,0.00,0.00,0.00,-0.00,0.00,0.00,0.00,0.00,0.00,0.00,0.00,0.00,0.00,0
2.48568,-23,0,77,0,DRIVE [ 54 ] [ 1 ] [ 1905 1216 1657 ] [    0    0    0 ] [      0      0      0 ] [ 0 ],drive [ 54 ] [ 0 ] [ 1905 1227 1665 ] [   14   64   21 ] [  13757   4844   7821 ] [ 0 ],1.10,1.30,1.30,1.10,-24.75,0.52,0.00,0.00,0.00,0.00,0.00,-0.00,0.00,0.00,0.00,0.00,0.00,0.00,0.00,0.00,0.00,0
2.49759,-23,0,76,0,DRIVE [ 55 ] [ 1 ] [ 1905 1204 1648 ] [    0    0    0 ] [      0      0      0 ] [ 0 ],drive [ 54 ] [ 0 ] [ 1905 1216 1657 ] [   14   64   21 ] [  13756   4896   7824 ] [ 0 ],1.10,1.30,1.30,1.10,-25.13,0.34,0.00,0.00,0.00,0.00,0.00,-0.00,0.00,0.00,0.00,0.00,0.00,0.00,0.00,0.00,0.00,0
2.51005,-23,0,75,0,DRIVE [ 55 ] [ 1 ] [ 1905 1193 1639 ] [    0    0    0 ] [      0      0      0 ] [ 0 ],drive [ 55 ] [ 0 ] [ 1905 1204 1648 ] [   10   68   23 ] [  13756   4896   7824 ] [ 0 ],1.10,1.30,1.30,1.10,-25.49,0.15,0.00,0.00,0.00,0.00,0.00,-0.00,0.00,0.00,0.00,0.00,0.00,0.00,0.00,0.00,0.00,0
2.5216,-23,0,75,0,DRIVE [ 56 ] [ 1 ] [ 1905 1182 1632 ] [    0    0    0 ] [      0      0      0 ] [ 0 ],drive [ 55 ] [ 0 ] [ 1905 1193 1639 ] [   10   68   23 ] [  13756   4896   7824 ] [ 0 ],1.10,1.30,1.30,1.10,-25.81,-0.03,0.00,0.00,0.00,0.00,0.00,-0.00,0.00,0.00,0.00,0.00,0.00,0.00,0.00,0.00,0.00,0
2.53088,-24,0,74,0,DRIVE [ 56 ] [ 1 ] [ 1905 1172 1625 ] [    0    0    0 ] [      0      0      0 ] [ 0 ],drive [ 56 ] [ 0 ] [ 1905 1182 1632 ] [   10   68   23 ] [  13756   4896   7824 ] [ 0 ],1.10,1.30,1.30,1.10,-26.08,-0.16,0.00,0.00,0.00,0.00,0.00,-0.00,0.00,0.00,0.00,0.00,0.00,0.00,0.00,0.00,0.00,0
2.54202,-24,0,74,0,DRIVE [ 57 ] [ 1 ] [ 1905 1162 1620 ] [    0    0    0 ] [      0      0      0 ] [ 0 ],drive [ 56 ] [ 0 ] [ 1905 1172 1625 ] [   10   68   23 ] [  13756   4896   7824 ] [ 0 ],1.10,1.30,1.30,1.10,-26.32,-0.17,0.00,0.00,0.00,0.00,0.00,-0.00,0.00,0.00,0.00,0.00,0.00,0.00,0.00,0.00,0.00,0
2.55372,-24,0,73,0,DRIVE [ 57 ] [ 1 ] [ 1905 1149 1616 ] [    0    0    0 ] [      0      0      0 ] [ 0 ],drive [ 57 ] [ 0 ] [ 1905 1162 1620 ] [   10   68   23 ] [  13718   5062   7834 ] [ 0 ],1.10,1.30,1.30,1.10,-26.57,-0.14,0.00,0.00,0.00,0.00,0.00,-0.00,0.00,0.00,0.00,0.00,0.00,0.00,0.00,0.00,0.00,0
2.56598,-24,0,72,0,DRIVE [ 58 ] [ 1 ] [ 1905 1135 1613 ] [    0    0    0 ] [      0      0      0 ] [ 0 ],drive [ 57 ] [ 0 ] [ 1905 1149 1616 ] [   24   73   35 ] [  13718   5062   7834 ] [ 0 ],1.10,1.30,1.30,1.10,-26.80,-0.03,0.00,0.00,0.00,0.00,0.00,-0.00,0.00,0.00,0.00,0.00,0.00,0.00,0.00,0.00,0.00,0
2.57777,-25,0,72,0,DRIVE [ 58 ] [ 1 ] [ 1905 1120 1611 ] [    0    0    0 ] [      0      0      0 ] [ 0 ],drive [ 58 ] [ 0 ] [ 1905 1135 1613 ] [   24   73   35 ] [  13718   5062   7834 ] [ 0 ],1.10,1.30,1.30,1.10,-27.02,0.13,0.00,0.00,0.00,0.00,0.00,-0.00,0.00,0.00,0.00,0.00,0.00,0.00,0.00,0.00,0.00,0
2.58756,-25,0,71,0,DRIVE [ 59 ] [ 1 ] [ 1905 1103 1610 ] [    0    0    0 ] [      0      0      0 ] [ 0 ],drive [ 58 ] [ 0 ] [ 1905 1120 1611 ] [   24   73   35 ] [  13718   5062   7834 ] [ 0 ],1.10,1.30,1.30,1.10,-27.23,0.35,0.00,0.00,0.00,0.00,0.00,-0.00,0.00,0.00,0.00,0.00,0.00,0.00,0.00,0.00,0.00,0
2.5974,-25,1,70,0,DRIVE [ 59 ] [ 1 ] [ 1905 1085 1610 ] [    0    0    0 ] [      0      0      0 ] [ 0 ],drive [ 59 ] [ 0 ] [ 1905 1103 1610 ] [   24   73   35 ] [  13658   5080   7892 ] [ 0 ],1.10,1.30,1.30,1.10,-27.41,0.64,0.00,0.00,0.00,0.00,0.00,-0.00,0.00,0.00,0.00,0.00,0.00,0.00,0.00,0.00,0.00,0
2.60951,-25,1,69,0,DRIVE [ 60 ] [ 1 ] [ 1905 1065 1613 ] [    0    0    0 ] [      0      0      0 ] [ 0 ],drive [ 59 ] [ 0 ] [ 1905 1085 1610 ] [   12   76   29 ] [  13658   5080   7892 ] [ 0 ],1.10,1.30,1.30,1.10,-27.60,1.03,0.00,0.00,0.00,0.00,0.00,-0.00,0.00,0.00,0.00,0.00,0.00,0.00,0.00,0.00,0.00,0
2.62176,-25,1,69,0,DRIVE [ 60 ] [ 1 ] [ 1905 1046 1615 ] [    0    0    0 ] [      0      0      0 ] [ 0 ],drive [ 60 ] [ 0 ] [ 1905 1065 1613 ] [   12   76   29 ] [  13658   5080   7892 ] [ 0 ],1.10,1.30,1.30,1.10,-27.75,1.39,0.00,0.00,0.00,0.00,0.00,-0.00,0.00,0.00,0.00,0.00,0.00,0.00,0.00,0.00,0.00,0
2.6339,-25,2,68,0,DRIVE [ 61 ] [ 1 ] [ 1905 1028 1616 ] [    0    0    0 ] [      0      0      0 ] [ 0 ],drive [ 60 ] [ 0 ] [ 1905 1046 1615 ] [   12   76   29 ] [  13658   5080   7892 ] [ 0 ],1.10,1.30,1.30,1.10,-27.88,1.69,0.00,0.00,0.00,0.00,0.00,-0.00,0.00,0.00,0.00,0.00,0.00,0.00,0.00,0.00,0.00,0
2.64568,-25,2,67,0,DRIVE [ 61 ] [ 1 ] [ 1905 1025 1616 ] [    0    0    0 ] [      0      0      0 ] [ 0 ],drive [ 61 ] [ 0 ] [ 1905 1028 1616 ] [   12   76   29 ] [  13633   5116   7942 ] [ 0 ],1.10,1.30,1.30,1.10,-28.00,1.91,0.00,0.00,0.00,0.00,0.00,-0.00,0.00,0.00,0.00,0.00,0.00,0.00,0.00,0.00,0.00,0
2.65563,-26,2,66,0,DRIVE [ 62 ] [ 1 ] [ 1905 1025 1615 ] [    0    0    0 ] [      0      0      0 ] [ 0 ],drive [ 61 ] [ 0 ] [ 1905 1025 1616 ] [   12   76   29 ] [  13633   5116   7942 ] [ 0 ],1.10,1.30,1.30,1.10,-28.09,2.08,0.00,0.00,0.00,0.00,0.00,-0.00,0.00,0.00,0.00,0.00,0.00,0.00,0.00,0.00,0.00,0
2.66562,-26,2,66,0,DRIVE [ 62 ] [ 1 ] [ 1905 1025 1614 ] [    0    0    0 ] [      0      0      0 ] [ 0 ],drive [ 62 ] [ 0 ] [ 1905 1025 1615 ] [    8   81   28 ] [  13633   5116   7942 ] [ 0 ],1.10,1.30,1.30,1.10,-28.11,2.16,0.00,0.00,0.00,0.00,0.00,-0.00,0.00,0.00,0.00,0.00,0.00,0.00,0.00,0.00,0.00,0
2.67776,-25,2,65,0,DRIVE [ 63 ] [ 1 ] [ 1905 1025 1613 ] [    0    0    0 ] [      0      0      0 ] [ 0 ],drive [ 62 ] [ 0 ] [ 1905 1025 1614 ] [    8   81   28 ] [  13633   5116   7942 ] [ 0 ],1.10,1.30,1.30,1.10,-28.04,2.19,0.00,0.00,0.00,0.00,0.00,-0.00,0.00,0.00,0.00,0.00,0.00,0.00,0.00,0.00,0.00,0
2.68983,-25,2,64,0,DRIVE [ 63 ] [ 1 ] [ 1905 1025 1612 ] [    0    0    0 ] [      0      0      0 ] [ 0 ],drive [ 63 ] [ 0 ] [ 1905 1025 1613 ] [    8   81   28 ] [  13633   5116   7942 ] [ 0 ],1.10,1.30,1.30,1.10,-27.91,2.22,0.00,0.00,0.00,0.00,0.00,-0.00,0.00,0.00,0.00,0.00,0.00,0.00,0.00,0.00,0.00,0
2.70183,-25,2,64,0,DRIVE [ 64 ] [ 1 ] [ 1905 1025 1612 ] [    0    0    0 ] [      0      0      0 ] [ 0 ],drive [ 63 ] [ 0 ] [ 1905 1025 1612 ] [    8   81   28 ] [  13623   5343   7940 ] [ 0 ],1.10,1.30,1.30,1.10,-27.77,2.25,0.00,0.00,0.00,0.00,0.00,-0.00,0.00,0.00,0.00,0.00,0.00,0.00,0.00,0.00,0.00,0
2.71365,-25,2,63,0,DRIVE [ 64 ] [ 1 ] [ 1905 1025 1611 ] [    0    0    0 ] [      0      0      0 ] [ 0 ],drive [ 64 ] [ 0 ] [ 1905 1025 1612 ] [   11  102   28 ] [  13623   5343   7940 ] [ 0 ],1.10,1.30,1.30,1.10,-27.66,2.31,0.00,0.00,0.00,0.00,0.00,-0.00,0.00,0.00,0.00,0.00,0.00,0.00,0.00,0.00,0.00,0
2.72379,-25,2,63,0,DRIVE [ 65 ] [ 1 ] [ 1905 1025 1611 ] [    0    0    0 ] [      0      0      0 ] [ 0 ],drive [ 64 ] [ 0 ] [ 1905 1025 1611 ] [   11  102   28 ] [  13623   5343   7940 ] [ 0 ],1.10,1.30,1.30,1.10,-27.58,2.37,0.00,0.00,0.00,0.00,0.00,-0.00,0.00,0.00,0.00,0.00,0.00,0.00,0.00,0.00,0.00,0
2.73342,-25,2,62,0,DRIVE [ 65 ] [ 1 ] [ 1905 1025 1609 ] [    0    0    0 ] [      0      0      0 ] [ 0 ],drive [ 65 ] [ 0 ] [ 1905 1025 1611 ] [   11  102   28 ] [  13623   5343   7940 ] [ 0 ],1.10,1.30,1.30,1.10,-27.52,2.41,0.00,0.00,0.00,0.00,0.00,-0.00,0.00,0.00,0.00,0.00,0.00,0.00,0.00,0.00,0.00,0
2.74582,-25,2,61,0,DRIVE [ 66 ] [ 1 ] [ 1905 1025 1608 ] [    0    0    0 ] [      0      0      0 ] [ 0 ],drive [ 65 ] [ 0 ] [ 1905 1025 1609 ] [   11  102   28 ] [  13503   5366   7940 ] [ 0 ],1.10,1.30,1.30,1.10,-27.46,2.45,0.00,0.00,0.00,0.00,0.00,-0.00,0.00,0.00,0.00,0.00,0.00,0.00,0.00,0.00,0.00,0
2.75874,-25,2,60,0,DRIVE [ 66 ] [ 1 ] [ 1905 1025 1605 ] [    0    0    0 ] [      0      0      0 ] [ 0 ],drive [ 66 ] [ 0 ] [ 1905 1025 1608 ] [   11  102   28 ] [  13503   5366   7940 ] [ 0 ],1.10,1.30,1.30,1.10,-27.39,2.44,0.00,0.00,0.00,0.00,0.00,-0.00,0.00,0.00,0.00,0.00,0.00,0.00,0.00,0.00,0.00,0
2.76982,-25,2,60,0,DRIVE [ 67 ] [ 1 ] [ 1905 1025 1602 ] [    0    0    0 ] [      0      0      0 ] [ 0 ],drive [ 66 ] [ 0 ] [ 1905 1025 1605 ] [   -1   93   27 ] [  13503   5366   7940 ] [ 0 ],1.10,1.30,1.30,1.10,-27.28,2.39,0.00,0.00,0.00,0.00,0.00,-0.00,0.00,0.00,0.00,0.00,0.00,0.00,0.00,0.00,0.00,0
2.779,-25,2,59,0,DRIVE [ 67 ] [ 1 ] [ 1905 1025 1599 ] [    0    0    0 ] [      0      0      0 ] [ 0 ],drive [ 67 ] [ 0 ] [ 1905 1025 1602 ] [   -1   93   27 ] [  13503   5366   7940 ] [ 0 ],1.10,1.30,1.30,1.10,-27.14,2.29,0.00,0.00,0.00,0.00,0.00,-0.00,0.00,0.00,0.00,0.00,0.00,0.00,0.00,0.00,0.00,0
2.78972,-25,2,58,0,DRIVE [ 68 ] [ 1 ] [ 1905 1025 1595 ] [    0    0    0 ] [      0      0      0 ] [ 0 ],drive [ 67 ] [ 0 ] [ 1905 1025 1599 ] [   -1   93   27 ] [  13503   5366   7940 ] [ 0 ],1.10,1.30,1.30,1.10,-26.95,2.17,0.00,0.00,0.00,0.00,0.00,-0.00,0.00,0.00,0.00,0.00,0.00,0.00,0.00,0.00,0.00,0
2.80151,-24,2,58,0,DRIVE [ 68 ] [ 1 ] [ 1905 1025 1591 ] [    0    0    0 ] [      0      0      0 ] [ 0 ],drive [ 68 ] [ 0 ] [ 1905 1025 1595 ] [   -1   93   27 ] [  13500   5459   7941 ] [ 0 ],1.10,1.30,1.30,1.10,-26.76,2.03,0.00,0.00,0.00,0.00,0.00,-0.00,0.00,0.00,0.00,0.00,0.00,0.00,0.00,0.00,0.00,0
2.81373,-24,2,57,0,DRIVE [ 69 ] [ 1 ] [ 1905 1025 1588 ] [    0    0    0 ] [      0      0      0 ] [ 0 ],drive [ 68 ] [ 0 ] [ 1905 1025 1591 ] [   -1  101   29 ] [  13500   5459   7941 ] [ 0 ],1.10,1.30,1.30,1.10,-26.54,1.90,0.00,0.00,0.00,0.00,0.00,-0.00,0.00,0.00,0.00,0.00,0.00,0.00,0.00,0.00,0.00,0
2.82576,-24,2,56,0,DRIVE [ 69 ] [ 1 ] [ 1905 1025 1585 ] [    0    0    0 ] [      0      0      0 ] [ 0 ],drive [ 69 ] [ 0 ] [ 1905 1025 1588 ] [   -1  101   29 ] [  13500   5459   7941 ] [ 0 ],1.10,1.30,1.30,1.10,-26.27,1.79,0.00,0.00,0.00,0.00,0.00,-0.00,0.00,0.00,0.00,0.00,0.00,0.00,0.00,0.00,0.00,0
2.83808,-24,2,56,0,DRIVE [ 70 ] [ 1 ] [ 1905 1025 1586 ] [    0    0    0 ] [      0      0      0 ] [ 0 ],drive [ 69 ] [ 0 ] [ 1905 1025 1585 ] [   -1  101   29 ] [  13500   5459   7941 ] [ 0 ],1.10,1.30,1.30,1.10,-25.91,1.74,0.00,0.00,0.00,0.00,0.00,-0.00,0.00,0.00,0.00,0.00,0.00,0.00,0.00,-0.00,0.00,0
2.84791,-23,2,55,0,DRIVE [ 70 ] [ 1 ] [ 1905 1025 1588 ] [    0    0    0 ] [      0      0      0 ] [ 0 ],drive [ 70 ] [ 0 ] [ 1905 1025 1586 ] [   -1  101   29 ] [  13501   5533   7949 ] [ 0 ],1.10,1.30,1.30,1.10,-25.48,1.76,0.00,0.00,0.00,0.00,0.00,-0.00,0.00,0.00,0.00,0.00,0.00,0.00,0.00,-0.00,0.00,0
2.85759,-23,2,54,0,DRIVE [ 71 ] [ 1 ] [ 1905 1025 1593 ] [    0    0    0 ] [      0      0      0 ] [ 0 ],drive [ 70 ] [ 0 ] [ 1905 1025 1588 ] [   -1   84   46 ] [  13501   5533   7949 ] [ 0 ],1.10,1.30,1.30,1.10,-24.96,1.85,0.00,0.00,0.00,0.00,0.00,-0.00,0.00,0.00,0.00,0.00,0.00,0.00,0.00,-0.00,0.00,0
2.86963,-22,2,54,0,DRIVE [ 71 ] [ 1 ] [ 1905 1025 1601 ] [    0    0    0 ] [      0      0      0 ] [ 0 ],drive [ 71 ] [ 0 ] [ 1905 1025 1593 ] [   -1   84   46 ] [  13501   5533   7949 ] [ 0 ],1.10,1.30,1.30,1.10,-24.38,1.98,0.00,0.00,0.00,0.00,0.00,-0.00,0.00,0.00,0.00,0.00,0.00,0.00,0.00,-0.00,0.00,0
2.88176,-22,2,53,0,DRIVE [ 72 ] [ 1 ] [ 1905 1025 1610 ] [    0    0    0 ] [      0      0      0 ] [ 0 ],drive [ 71 ] [ 0 ] [ 1905 1025 1601 ] [   -1   84   46 ] [  13501   5533   7949 ] [ 0 ],1.10,1.30,1.30,1.10,-23.70,2.14,0.00,0.00,0.00,0.00,0.00,-0.00,0.00,0.00,0.00,0.00,0.00,0.00,0.00,-0.00,0.00,0
2.89376,-21,2,53,0,DRIVE [ 72 ] [ 1 ] [ 1905 1025 1622 ] [    0    0    0 ] [      0      0      0 ] [ 0 ],drive [ 72 ] [ 0 ] [ 1905 1025 1610 ] [   -1   84   46 ] [  13501   5553   8017 ] [ 0 ],1.10,1.30,1.30,1.10,-22.90,2.32,0.00,0.00,0.00,0.00,0.00,-0.00,0.00,0.00,0.00,0.00,0.00,0.00,0.00,-0.00,0.00,0
2.9036,-20,2,52,0,DRIVE [ 73 ] [ 1 ] [ 1905 1025 1637 ] [    0    0    0 ] [      0      0      0 ] [ 0 ],drive [ 72 ] [ 0 ] [ 1905 1025 1622 ] [   -1   84   46 ] [  13501   5553   8017 ] [ 0 ],1.10,1.30,1.30,1.10,-21.98,2.52,0.00,0.00,0.00,0.00,0.00,-0.00,0.00,0.00,0.00,0.00,0.00,0.00,0.00,-0.00,0.00,0
2.91425,-19,2,52,0,DRIVE [ 73 ] [ 1 ] [ 1905 1025 1655 ] [    0    0    0 ] [      0      0      0 ] [ 0 ],drive [ 73 ] [ 0 ] [ 1905 1025 1637 ] [   -1   97   38 ] [  13501   5553   8017 ] [ 0 ],1.10,1.30,1.30,1.10,-20.86,2.68,0.00,0.00,0.00,0.00,0.00,-0.00,0.00,0.00,0.00,0.00,0.00,0.00,0.00,-0.00,0.00,0
2.92549,-18,3,51,0,DRIVE [ 74 ] [ 1 ] [ 1905 1042 1674 ] [    0    0    0 ] [      0      0      0 ] [ 0 ],drive [ 73 ] [ 0 ] [ 1905 1025 1655 ] [   -1   97   38 ] [  13501   5553   8017 ] [ 0 ],1.10,1.30,1.30,1.10,-19.52,2.79,0.00,0.00,0.00,0.00,0.00,-0.00,0.00,0.00,0.00,0.00,0.00,0.00,0.00,-0.00,0.00,0
2.93789,-16,3,51,0,DRIVE [ 74 ] [ 1 ] [ 1905 1090 1698 ] [    0    0    0 ] [      0      0      0 ] [ 0 ],drive [ 74 ] [ 0 ] [ 1905 1042 1674 ] [   -1   97   38 ] [  13501   5553   8017 ] [ 0 ],1.10,1.30,1.30,1.10,-17.97,2.90,0.00,0.00,0.00,0.00,0.00,-0.00,0.00,0.00,0.00,0.00,0.00,0.00,0.00,-0.00,0.00,0
2.94976,-15,3,51,0,DRIVE [ 75 ] [ 1 ] [ 1905 1145 1724 ] [    0    0    0 ] [      0      0      0 ] [ 0 ],drive [ 74 ] [ 0 ] [ 1905 1090 1698 ] [   -1   97   38 ] [  13501   5784   8021 ] [ 0 ],1.10,1.30,1.30,1.10,-16.23,3.00,0.00,0.00,0.00,0.00,0.00,-0.00,0.00,0.00,0.00,0.00,0.00,0.00,0.00,-0.00,0.00,0
2.96182,-13,3,51,0,DRIVE [ 75 ] [ 1 ] [ 1905 1206 1753 ] [    0    0    0 ] [      0      0      0 ] [ 0 ],drive [ 75 ] [ 0 ] [ 1905 1145 1724 ] [   -1   93   34 ] [  13501   5784   8021 ] [ 0 ],1.10,1.30,1.30,1.10,-14.39,3.11,0.00,0.00,0.00,0.00,0.00,-0.00,0.00,0.00,0.00,0.00,0.00,0.00,0.00,-0.00,0.00,0
2.97178,-11,3,50,0,DRIVE [ 76 ] [ 1 ] [ 1905 1268 1783 ] [    0    0    0 ] [      0      0      0 ] [ 0 ],drive [ 75 ] [ 0 ] [ 1905 1206 1753 ] [   -1   93   34 ] [  13501   5784   8021 ] [ 0 ],1.10,1.30,1.30,1.10,-12.52,3.22,0.00,0.00,0.00,0.00,0.00,-0.00,0.00,0.00,0.00,0.00,0.00,0.00,0.00,-0.00,0.00,0
2.98181,-10,3,50,0,DRIVE [ 76 ] [ 1 ] [ 1905 1330 1812 ] [    0    0    0 ] [      0      0      0 ] [ 0 ],drive [ 76 ] [ 0 ] [ 1905 1268 1783 ] [   -1   93   34 ] [  13501   5784   8021 ] [ 0 ],1.10,1.30,1.30,1.10,-10.69,3.29,0.00,0.00,0.00,0.00,0.00,-0.00,0.00,0.00,0.00,0.00,0.00,0.00,0.00,-0.00,0.00,0
2.99373,-8,3,49,0,DRIVE [ 77 ] [ 1 ] [ 1905 1393 1839 ] [    0    0    0 ] [      0      0      0 ] [ 0 ],drive [ 76 ] [ 0 ] [ 1905 1330 1812 ] [   -1   93   34 ] [  13501   5783   7997 ] [ 0 ],1.10,1.30,1.30,1.10,-8.95,3.29,0.00,0.00,0.00,0.00,0.00,-0.00,0.00,0.00,0.00,0.00,0.00,0.00,0.00,-0.00,0.00,0
3.00583,-7,3,49,0,DRIVE [ 77 ] [ 1 ] [ 1905 1450 1860 ] [    0    0    0 ] [      0      0      0 ] [ 0 ],drive [ 77 ] [ 0 ] [ 1905 1393 1839 ] [   -1   93   34 ] [  13501   5783   7997 ] [ 0 ],1.10,1.30,1.30,1.10,-7.44,3.20,0.00,0.00,0.00,0.00,0.00,-0.00,0.00,0.00,0.00,0.00,0.00,0.00,0.00,-0.00,0.00,0
3.01768,-6,3,49,0,DRIVE [ 78 ] [ 1 ] [ 1905 1497 1875 ] [    0    0    0 ] [      0      0      0 ] [ 0 ],drive [ 77 ] [ 0 ] [ 1905 1450 1860 ] [   -1   58   10 ] [  13501   5783   7997 ] [ 0 ],1.10,1.30,1.30,1.10,-6.29,3.05,0.00,0.00,0.00,0.00,0.00,-0.00,0.00,0.00,0.00,0.00,0.00,0.00,0.00,-0.00,0.00,0
3.03046,-5,3,48,1,DRIVE [ 78 ] [ 1 ] [ 1905 1529 1883 ] [    0    0    0 ] [      0      0      0 ] [ 0 ],drive [ 78 ] [ 0 ] [ 1905 1497 1875 ] [   -1   58   10 ] [  13501   5783   7997 ] [ 0 ],1.10,1.30,1.30,1.10,-5.55,2.91,0.00,0.00,0.00,0.00,0.00,-0.00,0.00,0.00,0.00,0.00,0.00,0.00,0.00,-0.00,0.00,0
