timestamp,Xmm,Ymm,Zmm,TouchDetected,OutgoingPacket,IncomingPacket,GainPropAb, GainPropAd, GainPropFl, GainPropEx,PropA, PropB, PropC,GainIntegAb, GainIntegAd, GainIntegFl, GainIntegEx,IntegA, IntegB, IntegC,GainDerivAb, GainDerivAd, GainDerivFl, GainDerivEx,DerivA, DerivB, DerivC,Heading5
0.130369,2,72,517,0,DRIVE [ 85 ] [ 1 ] [ 1882 1882 1885 ] [    0    0    0 ] [      0      0      0 ] [ 0 ],drive [ 85 ] [ 0 ] [ 1869 1885 1885 ] [   14    9   22 ] [  13379   6928  10174 ] [ 0 ],1.00,1.00,1.00,1.00,1.89,72.17,0.00,0.00,0.00,0.00,0.00,0.00,0.00,0.00,0.00,0.00,0.00,0.00,0.00,0.00,0.00,0
0.143378,2,71,520,0,DRIVE [ 86 ] [ 1 ] [ 1879 1880 1885 ] [    0    0    0 ] [      0      0      0 ] [ 0 ],drive [ 85 ] [ 0 ] [ 1882 1882 1885 ] [   14    9   22 ] [  13354   6928  10170 ] [ 0 ],1.00,1.00,1.00,1.00,1.94,70.90,0.00,0.00,0.00,0.00,0.00,0.00,0.00,0.00,0.00,0.00,0.00,0.00,-0.00,-0.00,0.00,0
0.156106,2,70,519,0,DRIVE [ 86 ] [ 1 ] [ 1877 1877 1885 ] [    0    0    0 ] [      0      0      0 ] [ 0 ],drive [ 86 ] [ 0 ] [ 1879 1880 1885 ] [   15    8   23 ] [  13354   6928  10170 ] [ 0 ],1.00,1.00,1.00,1.00,1.99,69.68,0.00,0.00,0.00,0.00,0.00,0.00,0.00,0.00,0.00,0.00,0.00,0.00,-0.00,-0.00,0.00,0
0.169259,2,69,519,0,DRIVE [ 87 ] [ 1 ] [ 1874 1875 1885 ] [    0    0    0 ] [      0      0      0 ] [ 0 ],drive [ 86 ] [ 0 ] [ 1877 1877 1885 ] [   15    8   23 ] [  13354   6928  10170 ] [ 0 ],1.00,1.00,1.00,1.00,2.31,69.08,0.00,0.00,0.00,0.00,0.00,0.00,0.00,0.00,0.00,0.00,0.00,0.00,-0.00,-0.00,0.00,0
0.182352,3,68,518,0,DRIVE [ 87 ] [ 1 ] [ 1872 1873 1885 ] [    0    0    0 ] [      0      0      0 ] [ 0 ],drive [ 87 ] [ 0 ] [ 1874 1875 1885 ] [   15    8   23 ] [  13354   6928  10170 ] [ 0 ],1.00,1.00,1.00,1.00,2.69,68.32,0.00,0.00,0.00,0.00,0.00,0.00,0.00,0.00,0.00,0.00,0.00,0.00,-0.00,-0.00,0.00,0
0.195244,3,69,527,0,DRIVE [ 88 ] [ 1 ] [ 1869 1871 1885 ] [    0    0    0 ] [      0      0      0 ] [ 0 ],drive [ 87 ] [ 0 ] [ 1872 1873 1885 ] [   15    8   23 ] [  13320   6928  10168 ] [ 0 ],1.00,1.00,1.00,1.00,3.35,68.85,0.00,0.00,0.00,0.00,0.00,0.00,0.00,0.00,0.00,0.00,0.00,0.00,-0.00,-0.00,0.00,0
0.207971,4,68,523,0,DRIVE [ 88 ] [ 1 ] [ 1866 1868 1885 ] [    0    0    0 ] [      0      0      0 ] [ 0 ],drive [ 88 ] [ 0 ] [ 1869 1871 1885 ] [    5   10   23 ] [  13320   6928  10168 ] [ 0 ],1.00,1.00,1.00,1.00,3.98,67.96,0.00,0.00,0.00,0.00,0.00,0.00,0.00,0.00,0.00,0.00,0.00,0.00,-0.00,-0.00,0.00,0
0.221522,5,67,522,0,DRIVE [ 89 ] [ 1 ] [ 1864 1866 1885 ] [    0    0    0 ] [      0      0      0 ] [ 0 ],drive [ 88 ] [ 0 ] [ 1866 1868 1885 ] [    5   10   23 ] [  13320   6928  10168 ] [ 0 ],1.00,1.00,1.00,1.00,4.86,67.49,0.00,0.00,0.00,0.00,0.00,0.00,0.00,0.00,0.00,0.00,0.00,0.00,-0.00,-0.00,0.00,0
0.234181,6,67,519,0,DRIVE [ 89 ] [ 1 ] [ 1860 1865 1885 ] [    0    0    0 ] [      0      0      0 ] [ 0 ],drive [ 89 ] [ 0 ] [ 1864 1866 1885 ] [    5   10   23 ] [  13287   6928  10168 ] [ 0 ],1.00,1.00,1.00,1.00,6.28,67.26,0.00,0.00,0.00,0.00,0.00,0.00,0.00,0.00,0.00,0.00,0.00,0.00,-0.00,-0.00,0.00,0
0.247751,8,67,518,0,DRIVE [ 90 ] [ 1 ] [ 1857 1863 1885 ] [    0    0    0 ] [      0      0      0 ] [ 0 ],drive [ 89 ] [ 0 ] [ 1860 1865 1885 ] [    5   10   23 ] [  13287   6928  10168 ] [ 0 ],1.00,1.00,1.00,1.00,7.83,67.29,0.00,0.00,0.00,0.00,0.00,0.00,0.00,0.00,0.00,0.00,0.00,0.00,-0.00,-0.00,0.00,0
0.260676,9,67,514,0,DRIVE [ 90 ] [ 1 ] [ 1853 1861 1885 ] [    0    0    0 ] [      0      0      0 ] [ 0 ],drive [ 90 ] [ 0 ] [ 1857 1863 1885 ] [    4   10   24 ] [  13287   6928  10168 ] [ 0 ],1.00,1.00,1.00,1.00,9.18,67.21,0.00,0.00,0.00,0.00,0.00,0.00,0.00,0.00,0.00,0.00,0.00,0.00,-0.00,-0.00,0.00,0
0.274087,10,67,510,0,DRIVE [ 91 ] [ 1 ] [ 1849 1859 1885 ] [    0    0    0 ] [      0      0      0 ] [ 0 ],drive [ 90 ] [ 0 ] [ 1853 1861 1885 ] [    4   10   24 ] [  13287   6928  10168 ] [ 0 ],1.00,1.00,1.00,1.00,10.46,67.25,0.00,0.00,0.00,0.00,0.00,0.00,0.00,0.00,0.00,0.00,0.00,0.00,-0.00,-0.00,0.00,0
0.287539,12,68,508,0,DRIVE [ 91 ] [ 1 ] [ 1845 1857 1885 ] [    0    0    0 ] [      0      0      0 ] [ 0 ],drive [ 91 ] [ 0 ] [ 1849 1859 1885 ] [    4   10   24 ] [  13288   6928  10160 ] [ 0 ],1.00,1.00,1.00,1.00,11.81,67.80,0.00,0.00,0.00,0.00,0.00,0.00,0.00,0.00,0.00,0.00,0.00,0.00,0.00,0.00,0.00,0
0.300762,13,68,504,0,DRIVE [ 92 ] [ 1 ] [ 1841 1855 1885 ] [    0    0    0 ] [      0      0      0 ] [ 0 ],drive [ 91 ] [ 0 ] [ 1845 1857 1885 ] [    6   11   25 ] [  13288   6928  10160 ] [ 0 ],1.00,1.00,1.00,1.00,12.80,68.32,0.00,0.00,0.00,0.00,0.00,0.00,0.00,0.00,0.00,0.00,0.00,0.00,0.00,0.00,0.00,0
0.315534,14,69,501,0,DRIVE [ 92 ] [ 1 ] [ 1836 1852 1885 ] [    0    0    0 ] [      0      0      0 ] [ 0 ],drive [ 92 ] [ 0 ] [ 1841 1855 1885 ] [    6   11   25 ] [  13288   6928  10160 ] [ 0 ],1.00,1.00,1.00,1.00,13.87,69.26,0.00,0.00,0.00,0.00,0.00,0.00,0.00,0.00,0.00,0.00,0.00,0.00,0.00,0.00,0.00,0
0.33307,16,71,499,0,DRIVE [ 93 ] [ 1 ] [ 1829 1850 1885 ] [    0    0    0 ] [      0      0      0 ] [ 0 ],drive [ 92 ] [ 0 ] [ 1836 1852 1885 ] [    6   11   25 ] [  13288   6928  10160 ] [ 0 ],1.00,1.00,1.00,1.00,15.57,71.35,0.00,0.00,0.00,0.00,0.00,0.00,0.00,0.00,0.00,0.00,0.00,0.00,0.00,0.00,0.00,0
0.347907,17,74,499,0,DRIVE [ 93 ] [ 1 ] [ 1821 1846 1885 ] [    0    0    0 ] [      0      0      0 ] [ 0 ],drive [ 93 ] [ 0 ] [ 1829 1850 1885 ] [    6   11   25 ] [  13288   6928  10160 ] [ 0 ],1.00,1.00,1.00,1.00,17.37,73.80,0.00,0.00,0.00,0.00,0.00,0.00,0.00,0.00,0.00,0.00,0.00,0.00,0.00,0.00,0.00,0
0.369361,19,76,495,0,DRIVE [ 94 ] [ 1 ] [ 1814 1843 1885 ] [    0    0    0 ] [      0      0      0 ] [ 0 ],drive [ 93 ] [ 0 ] [ 1821 1846 1885 ] [    7   12   25 ] [  13288   6928  10160 ] [ 0 ],1.00,1.00,1.00,1.00,19.03,75.63,0.00,0.00,0.00,0.00,0.00,0.00,0.00,0.00,0.00,0.00,0.00,0.00,0.00,0.00,0.00,0
0.383296,21,78,492,0,DRIVE [ 94 ] [ 1 ] [ 1804 1838 1885 ] [    0    0    0 ] [      0      0      0 ] [ 0 ],drive [ 94 ] [ 0 ] [ 1814 1843 1885 ] [    7   12   25 ] [  13288   6928  10160 ] [ 0 ],1.00,1.00,1.00,1.00,20.73,77.79,0.00,0.00,0.00,0.00,0.00,0.00,0.00,0.00,0.00,0.00,0.00,0.00,0.00,0.00,0.00,0
0.396651,23,80,486,0,DRIVE [ 95 ] [ 1 ] [ 1794 1835 1885 ] [    0    0    0 ] [      0      0      0 ] [ 0 ],drive [ 94 ] [ 0 ] [ 1804 1838 1885 ] [    7   12   25 ] [  13289   6928  10158 ] [ 0 ],1.00,1.00,1.00,1.00,22.96,80.00,0.00,0.00,0.00,0.00,0.00,0.00,0.00,0.00,0.00,0.00,0.00,0.00,0.00,0.00,0.00,0
0.409733,25,82,481,0,DRIVE [ 95 ] [ 1 ] [ 1785 1832 1885 ] [    0    0    0 ] [      0      0      0 ] [ 0 ],drive [ 95 ] [ 0 ] [ 1794 1835 1885 ] [    9   13   22 ] [  13289   6928  10158 ] [ 0 ],1.00,1.00,1.00,1.00,24.96,82.29,0.00,0.00,0.00,0.00,0.00,0.00,0.00,0.00,0.00,0.00,0.00,0.00,0.00,0.00,0.00,0
0.422543,27,85,475,0,DRIVE [ 96 ] [ 1 ] [ 1774 1828 1885 ] [    0    0    0 ] [      0      0      0 ] [ 0 ],drive [ 95 ] [ 0 ] [ 1785 1832 1885 ] [    9   13   22 ] [  13289   6928  10158 ] [ 0 ],1.00,1.00,1.00,1.00,27.09,84.53,0.00,0.00,0.00,0.00,0.00,0.00,0.00,0.00,0.00,0.00,0.00,0.00,0.00,0.00,0.00,0
0.436397,30,88,478,0,DRIVE [ 96 ] [ 1 ] [ 1763 1825 1885 ] [    0    0    0 ] [      0      0      0 ] [ 0 ],drive [ 96 ] [ 0 ] [ 1774 1828 1885 ] [    9   13   22 ] [  13293   6928  10126 ] [ 0 ],1.00,1.00,1.00,1.00,29.65,88.24,0.00,0.00,0.00,0.00,0.00,0.00,0.00,0.00,0.00,0.00,0.00,0.00,0.00,0.00,0.00,0
0.449325,31,90,473,0,DRIVE [ 97 ] [ 1 ] [ 1752 1821 1885 ] [    0    0    0 ] [      0      0      0 ] [ 0 ],drive [ 96 ] [ 0 ] [ 1763 1825 1885 ] [   13   15    4 ] [  13293   6928  10126 ] [ 0 ],1.00,1.00,1.00,1.00,31.30,90.08,0.00,0.00,0.00,0.00,0.00,0.00,0.00,0.00,0.00,0.00,0.00,0.00,0.00,0.00,0.00,0
0.462671,33,92,464,0,DRIVE [ 97 ] [ 1 ] [ 1741 1817 1885 ] [    0    0    0 ] [      0      0      0 ] [ 0 ],drive [ 97 ] [ 0 ] [ 1752 1821 1885 ] [   13   15    4 ] [  13293   6928  10126 ] [ 0 ],1.00,1.00,1.00,1.00,32.78,91.62,0.00,0.00,0.00,0.00,0.00,0.00,0.00,0.00,0.00,0.00,0.00,0.00,0.00,0.00,0.00,0
0.477237,34,93,455,0,DRIVE [ 98 ] [ 1 ] [ 1729 1812 1885 ] [    0    0    0 ] [      0      0      0 ] [ 0 ],drive [ 97 ] [ 0 ] [ 1741 1817 1885 ] [   13   15    4 ] [  13293   6928  10126 ] [ 0 ],1.00,1.00,1.00,1.00,33.83,92.81,0.00,0.00,0.00,0.00,0.00,0.00,0.00,0.00,0.00,0.00,0.00,0.00,0.00,0.00,0.00,0
0.490948,35,95,448,0,DRIVE [ 98 ] [ 1 ] [ 1717 1807 1885 ] [    0    0    0 ] [      0      0      0 ] [ 0 ],drive [ 98 ] [ 0 ] [ 1729 1812 1885 ] [   13   15    4 ] [  13297   6928  10098 ] [ 0 ],1.00,1.00,1.00,1.00,35.06,94.51,0.00,0.00,0.00,0.00,0.00,0.00,0.00,0.00,0.00,0.00,0.00,0.00,0.00,0.00,0.00,0
0.503753,37,97,446,0,DRIVE [ 99 ] [ 1 ] [ 1704 1803 1885 ] [    0    0    0 ] [      0      0      0 ] [ 0 ],drive [ 98 ] [ 0 ] [ 1717 1807 1885 ] [   19   16    5 ] [  13297   6928  10098 ] [ 0 ],1.00,1.00,1.00,1.00,36.61,97.02,0.00,0.00,0.00,0.00,0.00,0.00,0.00,0.00,0.00,0.00,0.00,0.00,0.00,0.00,0.00,0
0.516619,38,99,441,0,DRIVE [ 99 ] [ 1 ] [ 1691 1798 1885 ] [    0    0    0 ] [      0      0      0 ] [ 0 ],drive [ 99 ] [ 0 ] [ 1704 1803 1885 ] [   19   16    5 ] [  13297   6928  10098 ] [ 0 ],1.00,1.00,1.00,1.00,37.83,98.90,0.00,0.00,0.00,0.00,0.00,0.00,0.00,0.00,0.00,0.00,0.00,0.00,0.00,0.00,0.00,0
0.53103,39,101,435,0,DRIVE [ 00 ] [ 1 ] [ 1677 1793 1885 ] [    0    0    0 ] [      0      0      0 ] [ 0 ],drive [ 99 ] [ 0 ] [ 1691 1798 1885 ] [   19   16    5 ] [  13297   6928  10098 ] [ 0 ],1.00,1.00,1.00,1.00,39.04,100.85,0.00,0.00,0.00,0.00,0.00,0.00,0.00,0.00,0.00,0.00,0.00,0.00,0.00,0.00,0.00,0
0.544088,41,104,429,0,DRIVE [ 00 ] [ 1 ] [ 1659 1786 1885 ] [    0    0    0 ] [      0      0      0 ] [ 0 ],drive [ 00 ] [ 0 ] [ 1677 1793 1885 ] [   19   16    5 ] [  13300   6924  10099 ] [ 0 ],1.00,1.00,1.00,1.00,40.75,103.98,0.00,0.00,0.00,0.00,0.00,0.00,0.00,0.00,0.00,0.00,0.00,0.00,0.00,0.00,0.00,0
0.55781,42,107,421,0,DRIVE [ 01 ] [ 1 ] [ 1642 1779 1885 ] [    0    0    0 ] [      0      0      0 ] [ 0 ],drive [ 00 ] [ 0 ] [ 1659 1786 1885 ] [   27   12    3 ] [  13300   6924  10099 ] [ 0 ],1.00,1.00,1.00,1.00,42.22,106.51,0.00,0.00,0.00,0.00,0.00,0.00,0.00,0.00,0.00,0.00,0.00,0.00,0.00,0.00,0.00,0
0.572448,44,109,415,0,DRIVE [ 01 ] [ 1 ] [ 1623 1772 1885 ] [    0    0    0 ] [      0      0      0 ] [ 0 ],drive [ 01 ] [ 0 ] [ 1642 1779 1885 ] [   27   12    3 ] [  13300   6924  10099 ] [ 0 ],1.00,1.00,1.00,1.00,43.81,109.24,0.00,0.00,0.00,0.00,0.00,0.00,0.00,0.00,0.00,0.00,0.00,0.00,0.00,0.00,0.00,0
0.5862,46,112,411,0,DRIVE [ 02 ] [ 1 ] [ 1602 1764 1885 ] [    0    0    0 ] [      0      0      0 ] [ 0 ],drive [ 01 ] [ 0 ] [ 1623 1772 1885 ] [   27   12    3 ] [  13303   6864  10105 ] [ 0 ],1.00,1.00,1.00,1.00,45.56,112.47,0.00,0.00,0.00,0.00,0.00,0.00,0.00,0.00,0.00,0.00,0.00,0.00,0.00,0.00,0.00,0
0.598853,47,116,402,0,DRIVE [ 02 ] [ 1 ] [ 1579 1755 1885 ] [    0    0    0 ] [      0      0      0 ] [ 0 ],drive [ 02 ] [ 0 ] [ 1602 1764 1885 ] [   43   28    3 ] [  13303   6864  10105 ] [ 0 ],1.00,1.00,1.00,1.00,47.16,115.66,0.00,0.00,0.00,0.00,0.00,0.00,0.00,0.00,0.00,0.00,0.00,0.00,0.00,0.00,0.00,0
0.611525,48,118,393,0,DRIVE [ 03 ] [ 1 ] [ 1557 1745 1885 ] [    0    0    0 ] [      0      0      0 ] [ 0 ],drive [ 02 ] [ 0 ] [ 1579 1755 1885 ] [   43   28    3 ] [  13303   6864  10105 ] [ 0 ],1.00,1.00,1.00,1.00,48.35,118.26,0.00,0.00,0.00,0.00,0.00,0.00,0.00,0.00,0.00,0.00,0.00,0.00,0.00,0.00,0.00,0
0.624465,49,121,386,0,DRIVE [ 03 ] [ 1 ] [ 1535 1736 1885 ] [    0    0    0 ] [      0      0      0 ] [ 0 ],drive [ 03 ] [ 0 ] [ 1557 1745 1885 ] [   43   28    3 ] [  13303   6864  10105 ] [ 0 ],1.00,1.00,1.00,1.00,49.31,120.57,0.00,0.00,0.00,0.00,0.00,0.00,0.00,0.00,0.00,0.00,0.00,0.00,0.00,0.00,0.00,0
0.636808,50,123,378,0,DRIVE [ 04 ] [ 1 ] [ 1514 1727 1885 ] [    0    0    0 ] [      0      0      0 ] [ 0 ],drive [ 03 ] [ 0 ] [ 1535 1736 1885 ] [   43   28    3 ] [  13433   6866  10089 ] [ 0 ],1.00,1.00,1.00,1.00,50.12,122.53,0.00,0.00,0.00,0.00,0.00,0.00,0.00,0.00,0.00,0.00,0.00,0.00,0.00,0.00,0.00,0
0.649536,51,125,373,0,DRIVE [ 04 ] [ 1 ] [ 1493 1718 1885 ] [    0    0    0 ] [      0      0      0 ] [ 0 ],drive [ 04 ] [ 0 ] [ 1514 1727 1885 ] [   55   28   17 ] [  13433   6866  10089 ] [ 0 ],1.00,1.00,1.00,1.00,51.04,124.88,0.00,0.00,0.00,0.00,0.00,0.00,0.00,0.00,0.00,0.00,0.00,0.00,0.00,0.00,0.00,0
0.662949,52,127,366,0,DRIVE [ 05 ] [ 1 ] [ 1467 1708 1885 ] [    0    0    0 ] [      0      0      0 ] [ 0 ],drive [ 04 ] [ 0 ] [ 1493 1718 1885 ] [   55   28   17 ] [  13433   6866  10089 ] [ 0 ],1.00,1.00,1.00,1.00,52.35,127.48,0.00,0.00,0.00,0.00,0.00,0.00,0.00,0.00,0.00,0.00,0.00,0.00,0.00,0.00,0.00,0
0.675363,53,129,359,0,DRIVE [ 05 ] [ 1 ] [ 1442 1699 1885 ] [    0    0    0 ] [      0      0      0 ] [ 0 ],drive [ 05 ] [ 0 ] [ 1467 1708 1885 ] [   55   28   17 ] [  13433   6866  10089 ] [ 0 ],1.00,1.00,1.00,1.00,53.48,129.36,0.00,0.00,0.00,0.00,0.00,0.00,0.00,0.00,0.00,0.00,0.00,0.00,0.00,0.00,0.00,0
0.687577,55,131,353,0,DRIVE [ 06 ] [ 1 ] [ 1417 1690 1885 ] [    0    0    0 ] [      0      0      0 ] [ 0 ],drive [ 05 ] [ 0 ] [ 1442 1699 1885 ] [   55   28   17 ] [  13574   6875  10072 ] [ 0 ],1.00,1.00,1.00,1.00,54.69,131.11,0.00,0.00,0.00,0.00,0.00,0.00,0.00,0.00,0.00,0.00,0.00,0.00,0.00,0.00,0.00,0
0.700088,56,133,347,0,DRIVE [ 06 ] [ 1 ] [ 1393 1681 1885 ] [    0    0    0 ] [      0      0      0 ] [ 0 ],drive [ 06 ] [ 0 ] [ 1417 1690 1885 ] [   71   31   21 ] [  13574   6875  10072 ] [ 0 ],1.00,1.00,1.00,1.00,55.82,132.51,0.00,0.00,0.00,0.00,0.00,0.00,0.00,0.00,0.00,0.00,0.00,0.00,0.00,0.00,0.00,0
0.712396,57,134,342,0,DRIVE [ 07 ] [ 1 ] [ 1368 1673 1885 ] [    0    0    0 ] [      0      0      0 ] [ 0 ],drive [ 06 ] [ 0 ] [ 1393 1681 1885 ] [   71   31   21 ] [  13574   6875  10072 ] [ 0 ],1.00,1.00,1.00,1.00,56.81,133.71,0.00,0.00,0.00,0.00,0.00,0.00,0.00,0.00,0.00,0.00,0.00,0.00,0.00,0.00,0.00,0
0.724457,58,135,337,0,DRIVE [ 07 ] [ 1 ] [ 1344 1665 1885 ] [    0    0    0 ] [      0      0      0 ] [ 0 ],drive [ 07 ] [ 0 ] [ 1368 1673 1885 ] [   71   31   21 ] [  13574   6875  10072 ] [ 0 ],1.00,1.00,1.00,1.00,57.91,135.04,0.00,0.00,0.00,0.00,0.00,0.00,0.00,0.00,0.00,0.00,0.00,0.00,0.00,0.00,0.00,0
0.73697,59,136,332,0,DRIVE [ 08 ] [ 1 ] [ 1321 1657 1885 ] [    0    0    0 ] [      0      0      0 ] [ 0 ],drive [ 07 ] [ 0 ] [ 1344 1665 1885 ] [   71   31   21 ] [  13892   6883   9994 ] [ 0 ],1.00,1.00,1.00,1.00,58.72,135.79,0.00,0.00,0.00,0.00,0.00,0.00,0.00,0.00,0.00,0.00,0.00,0.00,0.00,0.00,0.00,0
0.749553,60,136,327,0,DRIVE [ 08 ] [ 1 ] [ 1296 1650 1885 ] [    0    0    0 ] [      0      0      0 ] [ 0 ],drive [ 08 ] [ 0 ] [ 1321 1657 1885 ] [   52   30   24 ] [  13892   6883   9994 ] [ 0 ],1.00,1.00,1.00,1.00,59.64,136.42,0.00,0.00,0.00,0.00,0.00,0.00,0.00,0.00,0.00,0.00,0.00,0.00,0.00,0.00,0.00,0
0.762009,60,136,321,0,DRIVE [ 09 ] [ 1 ] [ 1274 1644 1885 ] [    0    0    0 ] [      0      0      0 ] [ 0 ],drive [ 08 ] [ 0 ] [ 1296 1650 1885 ] [   52   30   24 ] [  13892   6883   9994 ] [ 0 ],1.00,1.00,1.00,1.00,60.27,135.91,0.00,0.00,0.00,0.00,0.00,0.00,0.00,0.00,0.00,0.00,0.00,0.00,0.00,0.00,0.00,0
0.774487,61,135,316,0,DRIVE [ 09 ] [ 1 ] [ 1252 1639 1885 ] [    0    0    0 ] [      0      0      0 ] [ 0 ],drive [ 09 ] [ 0 ] [ 1274 1644 1885 ] [   52   30   24 ] [  13892   6883   9994 ] [ 0 ],1.00,1.00,1.00,1.00,61.04,135.45,0.00,0.00,0.00,0.00,0.00,0.00,0.00,0.00,0.00,0.00,0.00,0.00,0.00,0.00,0.00,0
0.786291,62,134,311,0,DRIVE [ 10 ] [ 1 ] [ 1230 1635 1885 ] [    0    0    0 ] [      0      0      0 ] [ 0 ],drive [ 09 ] [ 0 ] [ 1252 1639 1885 ] [   52   30   24 ] [  14310   6895   9857 ] [ 0 ],1.00,1.00,1.00,1.00,61.63,134.18,0.00,0.00,0.00,0.00,0.00,0.00,0.00,0.00,0.00,0.00,0.00,0.00,0.00,0.00,0.00,0
0.798868,62,133,306,0,DRIVE [ 10 ] [ 1 ] [ 1211 1632 1885 ] [    0    0    0 ] [      0      0      0 ] [ 0 ],drive [ 10 ] [ 0 ] [ 1230 1635 1885 ] [   69   31   12 ] [  14310   6895   9857 ] [ 0 ],1.00,1.00,1.00,1.00,62.01,133.17,0.00,0.00,0.00,0.00,0.00,0.00,0.00,0.00,0.00,0.00,0.00,0.00,0.00,0.00,0.00,0
0.811235,62,132,302,0,DRIVE [ 11 ] [ 1 ] [ 1191 1627 1885 ] [    0    0    0 ] [      0      0      0 ] [ 0 ],drive [ 10 ] [ 0 ] [ 1211 1632 1885 ] [   69   31   12 ] [  14310   6895   9857 ] [ 0 ],1.00,1.00,1.00,1.00,62.38,132.40,0.00,0.00,0.00,0.00,0.00,0.00,0.00,0.00,0.00,0.00,0.00,0.00,0.00,0.00,0.00,0
0.823784,63,132,299,0,DRIVE [ 11 ] [ 1 ] [ 1171 1623 1885 ] [    0    0    0 ] [      0      0      0 ] [ 0 ],drive [ 11 ] [ 0 ] [ 1191 1627 1885 ] [   69   31   12 ] [  14310   6895   9857 ] [ 0 ],1.00,1.00,1.00,1.00,62.81,131.65,0.00,0.00,0.00,0.00,0.00,0.00,0.00,0.00,0.00,0.00,0.00,0.00,0.00,0.00,0.00,0
0.837544,63,131,295,0,DRIVE [ 12 ] [ 1 ] [ 1151 1619 1885 ] [    0    0    0 ] [      0      0      0 ] [ 0 ],drive [ 11 ] [ 0 ] [ 1171 1623 1885 ] [   69   31   12 ] [  14449   6897   9797 ] [ 0 ],1.00,1.00,1.00,1.00,63.23,130.85,0.00,0.00,0.00,0.00,0.00,0.00,0.00,0.00,0.00,0.00,0.00,0.00,0.00,0.00,0.00,0
0.849817,64,130,291,0,DRIVE [ 12 ] [ 1 ] [ 1130 1616 1885 ] [    0    0    0 ] [      0      0      0 ] [ 0 ],drive [ 12 ] [ 0 ] [ 1151 1619 1885 ] [   90   30   17 ] [  14449   6897   9797 ] [ 0 ],1.00,1.00,1.00,1.00,63.53,129.73,0.00,0.00,0.00,0.00,0.00,0.00,0.00,0.00,0.00,0.00,0.00,0.00,0.00,0.00,0.00,0
0.862165,64,129,287,0,DRIVE [ 13 ] [ 1 ] [ 1110 1612 1885 ] [    0    0    0 ] [      0      0      0 ] [ 0 ],drive [ 12 ] [ 0 ] [ 1130 1616 1885 ] [   90   30   17 ] [  14449   6897   9797 ] [ 0 ],1.00,1.00,1.00,1.00,63.82,128.56,0.00,0.00,0.00,0.00,0.00,0.00,0.00,0.00,0.00,0.00,0.00,0.00,0.00,0.00,0.00,0
0.87651,64,128,284,0,DRIVE [ 13 ] [ 1 ] [ 1090 1610 1885 ] [    0    0    0 ] [      0      0      0 ] [ 0 ],drive [ 13 ] [ 0 ] [ 1110 1612 1885 ] [   90   30   17 ] [  14449   6897   9797 ] [ 0 ],1.00,1.00,1.00,1.00,64.29,127.69,0.00,0.00,0.00,0.00,0.00,0.00,0.00,0.00,0.00,0.00,0.00,0.00,0.00,0.00,0.00,0
0.888305,65,126,280,0,DRIVE [ 14 ] [ 1 ] [ 1068 1607 1885 ] [    0    0    0 ] [      0      0      0 ] [ 0 ],drive [ 13 ] [ 0 ] [ 1090 1610 1885 ] [   90   30   17 ] [  14915   6899   9632 ] [ 0 ],1.00,1.00,1.00,1.00,64.66,126.43,0.00,0.00,0.00,0.00,0.00,0.00,0.00,0.00,0.00,0.00,0.00,0.00,0.00,0.00,0.00,0
0.90073,65,124,277,0,DRIVE [ 14 ] [ 1 ] [ 1054 1607 1885 ] [    0    0    0 ] [      0      0      0 ] [ 0 ],drive [ 14 ] [ 0 ] [ 1068 1607 1885 ] [  104   31    5 ] [  14915   6899   9632 ] [ 0 ],1.00,1.00,1.00,1.00,64.72,124.36,0.00,0.00,0.00,0.00,0.00,0.00,0.00,0.00,0.00,0.00,0.00,0.00,0.00,0.00,0.00,0
0.912786,64,122,274,0,DRIVE [ 15 ] [ 1 ] [ 1042 1608 1885 ] [    0    0    0 ] [      0      0      0 ] [ 0 ],drive [ 14 ] [ 0 ] [ 1054 1607 1885 ] [  104   31    5 ] [  14915   6899   9632 ] [ 0 ],1.00,1.00,1.00,1.00,64.49,122.19,0.00,0.00,0.00,0.00,0.00,0.00,0.00,0.00,0.00,0.00,0.00,0.00,0.00,0.00,0.00,0
0.924496,64,120,271,0,DRIVE [ 15 ] [ 1 ] [ 1033 1609 1885 ] [    0    0    0 ] [      0      0      0 ] [ 0 ],drive [ 15 ] [ 0 ] [ 1042 1608 1885 ] [  104   31    5 ] [  14915   6899   9632 ] [ 0 ],1.00,1.00,1.00,1.00,64.02,119.79,0.00,0.00,0.00,0.00,0.00,0.00,0.00,0.00,0.00,0.00,0.00,0.00,0.00,0.00,0.00,0
0.936708,64,117,269,0,DRIVE [ 16 ] [ 1 ] [ 1026 1611 1885 ] [    0    0    0 ] [      0      0      0 ] [ 0 ],drive [ 15 ] [ 0 ] [ 1033 1609 1885 ] [  104   31    5 ] [  15331   6908   9387 ] [ 0 ],1.00,1.00,1.00,1.00,63.51,117.36,0.00,0.00,0.00,0.00,0.00,0.00,0.00,0.00,0.00,0.00,0.00,0.00,0.00,0.00,0.00,0
0.948633,63,115,267,0,DRIVE [ 16 ] [ 1 ] [ 1025 1612 1885 ] [    0    0    0 ] [      0      0      0 ] [ 0 ],drive [ 16 ] [ 0 ] [ 1026 1611 1885 ] [   93   28   12 ] [  15331   6908   9387 ] [ 0 ],1.00,1.00,1.00,1.00,62.83,114.87,0.00,0.00,0.00,0.00,0.00,0.00,0.00,0.00,0.00,0.00,0.00,0.00,-0.00,-0.00,0.00,0
0.960415,62,112,264,0,DRIVE [ 17 ] [ 1 ] [ 1025 1613 1885 ] [    0    0    0 ] [      0      0      0 ] [ 0 ],drive [ 16 ] [ 0 ] [ 1025 1612 1885 ] [   93   28   12 ] [  15331   6908   9387 ] [ 0 ],1.00,1.00,1.00,1.00,61.84,112.27,0.00,0.00,0.00,0.00,0.00,0.00,0.00,0.00,0.00,0.00,0.00,0.00,-0.00,-0.00,0.00,0
0.973185,61,110,262,0,DRIVE [ 17 ] [ 1 ] [ 1025 1614 1885 ] [    0    0    0 ] [      0      0      0 ] [ 0 ],drive [ 17 ] [ 0 ] [ 1025 1613 1885 ] [   93   28   12 ] [  15331   6908   9387 ] [ 0 ],1.00,1.00,1.00,1.00,60.84,110.14,0.00,0.00,0.00,0.00,0.00,0.00,0.00,0.00,0.00,0.00,0.00,0.00,-0.00,-0.00,0.00,0
0.984314,60,108,261,0,DRIVE [ 18 ] [ 1 ] [ 1025 1614 1885 ] [    0    0    0 ] [      0      0      0 ] [ 0 ],drive [ 17 ] [ 0 ] [ 1025 1614 1885 ] [   93   28   12 ] [  15704   6908   9181 ] [ 0 ],1.00,1.00,1.00,1.00,59.69,107.94,0.00,0.00,0.00,0.00,0.00,0.00,0.00,0.00,0.00,0.00,0.00,0.00,-0.00,-0.00,0.00,0
0.996258,58,105,259,0,DRIVE [ 18 ] [ 1 ] [ 1025 1614 1885 ] [    0    0    0 ] [      0      0      0 ] [ 0 ],drive [ 18 ] [ 0 ] [ 1025 1614 1885 ] [   93   28   12 ] [  15704   6908   9181 ] [ 0 ],1.00,1.00,1.00,1.00,58.34,105.48,0.00,0.00,0.00,0.00,0.00,0.00,0.00,0.00,0.00,0.00,0.00,0.00,-0.00,-0.00,0.00,0
1.00801,57,103,257,0,DRIVE [ 19 ] [ 1 ] [ 1025 1616 1885 ] [    0    0    0 ] [      0      0      0 ] [ 0 ],drive [ 18 ] [ 0 ] [ 1025 1614 1885 ] [   93   28   24 ] [  15704   6908   9181 ] [ 0 ],1.00,1.00,1.00,1.00,57.23,103.21,0.00,0.00,0.00,0.00,0.00,0.00,0.00,0.00,0.00,0.00,0.00,0.00,-0.00,-0.00,0.00,0
1.0196,55,100,254,0,DRIVE [ 19 ] [ 1 ] [ 1025 1619 1885 ] [    0    0    0 ] [      0      0      0 ] [ 0 ],drive [ 19 ] [ 0 ] [ 1025 1616 1885 ] [   93   28   24 ] [  15704   6908   9181 ] [ 0 ],1.00,1.00,1.00,1.00,55.47,99.56,0.00,0.00,0.00,0.00,0.00,0.00,0.00,0.00,0.00,0.00,0.00,0.00,-0.00,-0.00,0.00,0
1.03126,54,97,253,0,DRIVE [ 20 ] [ 1 ] [ 1028 1623 1885 ] [    0    0    0 ] [      0      0      0 ] [ 0 ],drive [ 19 ] [ 0 ] [ 1025 1619 1885 ] [   93   28   24 ] [  15704   6908   9181 ] [ 0 ],1.00,1.00,1.00,1.00,54.16,96.73,0.00,0.00,0.00,0.00,0.00,0.00,0.00,0.00,0.00,0.00,0.00,0.00,-0.00,-0.00,0.00,0
1.04274,53,94,251,0,DRIVE [ 20 ] [ 1 ] [ 1037 1626 1885 ] [    0    0    0 ] [      0      0      0 ] [ 0 ],drive [ 20 ] [ 0 ] [ 1028 1623 1885 ] [   93   28   24 ] [  15984   6902   8969 ] [ 0 ],1.00,1.00,1.00,1.00,52.53,93.55,0.00,0.00,0.00,0.00,0.00,0.00,0.00,0.00,0.00,0.00,0.00,0.00,-0.00,-0.00,0.00,0
1.05387,51,90,249,0,DRIVE [ 21 ] [ 1 ] [ 1049 1630 1885 ] [    0    0    0 ] [      0      0      0 ] [ 0 ],drive [ 20 ] [ 0 ] [ 1037 1626 1885 ] [   90   30   26 ] [  15984   6902   8969 ] [ 0 ],1.00,1.00,1.00,1.00,50.75,90.40,0.00,0.00,0.00,0.00,0.00,0.00,0.00,0.00,0.00,0.00,0.00,0.00,-0.00,-0.00,0.00,0
1.06567,49,87,248,0,DRIVE [ 21 ] [ 1 ] [ 1063 1634 1885 ] [    0    0    0 ] [      0      0      0 ] [ 0 ],drive [ 21 ] [ 0 ] [ 1049 1630 1885 ] [   90   30   26 ] [  15984   6902   8969 ] [ 0 ],1.00,1.00,1.00,1.00,48.87,87.16,0.00,0.00,0.00,0.00,0.00,0.00,0.00,0.00,0.00,0.00,0.00,0.00,-0.00,-0.00,0.00,0
1.07738,47,84,247,0,DRIVE [ 22 ] [ 1 ] [ 1079 1639 1885 ] [    0    0    0 ] [      0      0      0 ] [ 0 ],drive [ 21 ] [ 0 ] [ 1063 1634 1885 ] [   90   30   26 ] [  15984   6902   8969 ] [ 0 ],1.00,1.00,1.00,1.00,47.03,83.84,0.00,0.00,0.00,0.00,0.00,0.00,0.00,0.00,0.00,0.00,0.00,0.00,-0.00,-0.00,0.00,0
1.09075,45,80,245,0,DRIVE [ 22 ] [ 1 ] [ 1098 1644 1885 ] [    0    0    0 ] [      0      0      0 ] [ 0 ],drive [ 22 ] [ 0 ] [ 1079 1639 1885 ] [   90   30   26 ] [  16334   6901   8702 ] [ 0 ],1.00,1.00,1.00,1.00,45.01,80.45,0.00,0.00,0.00,0.00,0.00,0.00,0.00,0.00,0.00,0.00,0.00,0.00,-0.00,-0.00,0.00,0
1.10302,43,77,245,0,DRIVE [ 23 ] [ 1 ] [ 1119 1648 1885 ] [    0    0    0 ] [      0      0      0 ] [ 0 ],drive [ 22 ] [ 0 ] [ 1098 1644 1885 ] [   93   28   11 ] [  16334   6901   8702 ] [ 0 ],1.00,1.00,1.00,1.00,42.88,77.11,0.00,0.00,0.00,0.00,0.00,0.00,0.00,0.00,0.00,0.00,0.00,0.00,-0.00,-0.00,0.00,0
1.11464,40,74,244,0,DRIVE [ 23 ] [ 1 ] [ 1144 1652 1885 ] [    0    0    0 ] [      0      0      0 ] [ 0 ],drive [ 23 ] [ 0 ] [ 1119 1648 1885 ] [   93   28   11 ] [  16334   6901   8702 ] [ 0 ],1.00,1.00,1.00,1.00,40.43,73.82,0.00,0.00,0.00,0.00,0.00,0.00,0.00,0.00,0.00,0.00,0.00,0.00,-0.00,-0.00,0.00,0
1.12616,38,70,243,0,DRIVE [ 24 ] [ 1 ] [ 1181 1657 1885 ] [    0    0    0 ] [      0      0      0 ] [ 0 ],drive [ 23 ] [ 0 ] [ 1144 1652 1885 ] [   93   28   11 ] [  16334   6901   8702 ] [ 0 ],1.00,1.00,1.00,1.00,37.57,70.39,0.00,0.00,0.00,0.00,0.00,0.00,0.00,0.00,0.00,0.00,0.00,0.00,-0.00,-0.00,0.00,0
1.13761,34,67,241,0,DRIVE [ 24 ] [ 1 ] [ 1220 1659 1885 ] [    0    0    0 ] [      0      0      0 ] [ 0 ],drive [ 24 ] [ 0 ] [ 1181 1657 1885 ] [   93   28   11 ] [  16421   6901   8588 ] [ 0 ],1.00,1.00,1.00,1.00,34.41,67.06,0.00,0.00,0.00,0.00,0.00,0.00,0.00,0.00,0.00,0.00,0.00,0.00,-0.00,-0.00,0.00,0
1.14894,31,64,239,0,DRIVE [ 25 ] [ 1 ] [ 1260 1660 1885 ] [    0    0    0 ] [      0      0      0 ] [ 0 ],drive [ 24 ] [ 0 ] [ 1220 1659 1885 ] [   68   26   23 ] [  16421   6901   8588 ] [ 0 ],1.00,1.00,1.00,1.00,31.16,64.11,0.00,0.00,0.00,0.00,0.00,0.00,0.00,0.00,0.00,0.00,0.00,0.00,-0.00,-0.00,0.00,0
1.16036,28,61,238,0,DRIVE [ 25 ] [ 1 ] [ 1301 1659 1885 ] [    0    0    0 ] [      0      0      0 ] [ 0 ],drive [ 25 ] [ 0 ] [ 1260 1660 1885 ] [   68   26   23 ] [  16421   6901   8588 ] [ 0 ],1.00,1.00,1.00,1.00,27.70,61.41,0.00,0.00,0.00,0.00,0.00,0.00,0.00,0.00,0.00,0.00,0.00,0.00,-0.00,-0.00,0.00,0
1.1712,24,59,237,0,DRIVE [ 26 ] [ 1 ] [ 1344 1655 1885 ] [    0    0    0 ] [      0      0      0 ] [ 0 ],drive [ 25 ] [ 0 ] [ 1301 1659 1885 ] [   68   26   23 ] [  16421   6901   8588 ] [ 0 ],1.00,1.00,1.00,1.00,24.05,59.01,0.00,0.00,0.00,0.00,0.00,0.00,0.00,0.00,0.00,0.00,0.00,0.00,-0.00,-0.00,0.00,0
1.18278,20,57,235,0,DRIVE [ 26 ] [ 1 ] [ 1389 1648 1885 ] [    0    0    0 ] [      0      0      0 ] [ 0 ],drive [ 26 ] [ 0 ] [ 1344 1655 1885 ] [   68   26   23 ] [  16473   6901   8533 ] [ 0 ],1.00,1.00,1.00,1.00,20.00,56.54,0.00,0.00,0.00,0.00,0.00,0.00,0.00,0.00,0.00,0.00,0.00,0.00,-0.00,-0.00,0.00,0
1.19458,16,54,233,0,DRIVE [ 27 ] [ 1 ] [ 1435 1638 1885 ] [    0    0    0 ] [      0      0      0 ] [ 0 ],drive [ 26 ] [ 0 ] [ 1389 1648 1885 ] [   68   26   23 ] [  16473   6901   8533 ] [ 0 ],1.00,1.00,1.00,1.00,15.65,54.26,0.00,0.00,0.00,0.00,0.00,0.00,0.00,0.00,0.00,0.00,0.00,0.00,-0.00,-0.00,0.00,0
1.2054,11,52,233,0,DRIVE [ 27 ] [ 1 ] [ 1482 1626 1885 ] [    0    0    0 ] [      0      0      0 ] [ 0 ],drive [ 27 ] [ 0 ] [ 1435 1638 1885 ] [   54   26   18 ] [  16473   6901   8533 ] [ 0 ],1.00,1.00,1.00,1.00,11.07,52.22,0.00,0.00,0.00,0.00,0.00,0.00,0.00,0.00,0.00,0.00,0.00,0.00,-0.00,-0.00,0.00,0
1.21654,6,50,231,0,DRIVE [ 28 ] [ 1 ] [ 1527 1610 1885 ] [    0    0    0 ] [      0      0      0 ] [ 0 ],drive [ 27 ] [ 0 ] [ 1482 1626 1885 ] [   54   26   18 ] [  16473   6901   8533 ] [ 0 ],1.00,1.00,1.00,1.00,6.34,50.24,0.00,0.00,0.00,0.00,0.00,0.00,0.00,0.00,0.00,0.00,0.00,0.00,-0.00,-0.00,0.00,0
1.22748,1,48,229,0,DRIVE [ 28 ] [ 1 ] [ 1571 1590 1885 ] [    0    0    0 ] [      0      0      0 ] [ 0 ],drive [ 28 ] [ 0 ] [ 1527 1610 1885 ] [   54   26   18 ] [  16473   6901   8533 ] [ 0 ],1.00,1.00,1.00,1.00,1.44,48.17,0.00,0.00,0.00,0.00,0.00,-0.00,0.00,0.00,0.00,0.00,0.00,0.00,-0.00,-0.00,0.00,0
1.23933,-4,46,227,0,DRIVE [ 29 ] [ 1 ] [ 1614 1566 1885 ] [    0    0    0 ] [      0      0      0 ] [ 0 ],drive [ 28 ] [ 0 ] [ 1571 1590 1885 ] [   54   26   18 ] [  16456   6907   8513 ] [ 0 ],1.00,1.00,1.00,1.00,-3.58,46.12,0.00,0.00,0.00,0.00,0.00,-0.00,0.00,0.00,0.00,0.00,0.00,0.00,0.00,-0.00,0.00,0
1.24993,-9,44,225,0,DRIVE [ 29 ] [ 1 ] [ 1654 1537 1885 ] [    0    0    0 ] [      0      0      0 ] [ 0 ],drive [ 29 ] [ 0 ] [ 1614 1566 1885 ] [   44   29    7 ] [  16456   6907   8513 ] [ 0 ],1.00,1.00,1.00,1.00,-8.64,44.18,0.00,0.00,0.00,0.00,0.00,-0.00,0.00,0.00,0.00,0.00,0.00,0.00,0.00,-0.00,0.00,0
1.26247,-14,42,223,0,DRIVE [ 30 ] [ 1 ] [ 1691 1502 1885 ] [    0    0    0 ] [      0      0      0 ] [ 0 ],drive [ 29 ] [ 0 ] [ 1654 1537 1885 ] [   44   29    7 ] [  16456   6907   8513 ] [ 0 ],1.00,1.00,1.00,1.00,-13.73,42.26,0.00,0.00,0.00,0.00,0.00,-0.00,0.00,0.00,0.00,0.00,0.00,0.00,0.00,-0.00,0.00,0
1.27382,-19,40,222,0,DRIVE [ 30 ] [ 1 ] [ 1726 1462 1885 ] [    0    0    0 ] [      0      0      0 ] [ 0 ],drive [ 30 ] [ 0 ] [ 1691 1502 1885 ] [   44   29    7 ] [  16456   6907   8513 ] [ 0 ],1.00,1.00,1.00,1.00,-18.83,40.36,0.00,0.00,0.00,0.00,0.00,-0.00,0.00,0.00,0.00,0.00,0.00,0.00,0.00,-0.00,0.00,0
1.28471,-24,38,220,0,DRIVE [ 31 ] [ 1 ] [ 1760 1415 1885 ] [    0    0    0 ] [      0      0      0 ] [ 0 ],drive [ 30 ] [ 0 ] [ 1726 1462 1885 ] [   44   29    7 ] [  16358   7070   8413 ] [ 0 ],1.00,1.00,1.00,1.00,-23.92,38.46,0.00,0.00,0.00,0.00,0.00,-0.00,0.00,0.00,0.00,0.00,0.00,0.00,0.00,-0.00,0.00,0
1.29593,-29,36,219,0,DRIVE [ 31 ] [ 1 ] [ 1792 1364 1885 ] [    0    0    0 ] [      0      0      0 ] [ 0 ],drive [ 31 ] [ 0 ] [ 1760 1415 1885 ] [   44   29    7 ] [  16358   7070   8413 ] [ 0 ],1.00,1.00,1.00,1.00,-28.79,36.33,0.00,0.00,0.00,0.00,0.00,-0.00,0.00,0.00,0.00,0.00,0.00,0.00,0.00,0.00,0.00,0
1.30695,-33,34,216,0,DRIVE [ 32 ] [ 1 ] [ 1823 1310 1885 ] [    0    0    0 ] [      0      0      0 ] [ 0 ],drive [ 31 ] [ 0 ] [ 1792 1364 1885 ] [   21   64   15 ] [  16358   7070   8413 ] [ 0 ],1.00,1.00,1.00,1.00,-33.36,34.10,0.00,0.00,0.00,0.00,0.00,-0.00,0.00,0.00,0.00,0.00,0.00,0.00,0.00,0.00,0.00,0
1.31776,-37,32,214,0,DRIVE [ 32 ] [ 1 ] [ 1852 1255 1885 ] [    0    0    0 ] [      0      0      0 ] [ 0 ],drive [ 32 ] [ 0 ] [ 1823 1310 1885 ] [   21   64   15 ] [  16358   7070   8413 ] [ 0 ],1.00,1.00,1.00,1.00,-37.45,31.89,0.00,0.00,0.00,0.00,0.00,-0.00,0.00,0.00,0.00,0.00,0.00,0.00,0.00,0.00,0.00,0
1.32918,-41,30,211,0,DRIVE [ 33 ] [ 1 ] [ 1879 1200 1885 ] [    0    0    0 ] [      0      0      0 ] [ 0 ],drive [ 32 ] [ 0 ] [ 1852 1255 1885 ] [   21   64   15 ] [  16358   7070   8413 ] [ 0 ],1.00,1.00,1.00,1.00,-41.07,29.82,0.00,0.00,0.00,0.00,0.00,-0.00,0.00,0.00,0.00,0.00,0.00,0.00,0.00,0.00,0.00,0
1.34047,-44,28,209,0,DRIVE [ 33 ] [ 1 ] [ 1879 1183 1868 ] [    0    0    0 ] [      0      0      0 ] [ 0 ],drive [ 33 ] [ 0 ] [ 1879 1200 1885 ] [   21   64   15 ] [  15873   7657   8411 ] [ 0 ],1.00,1.00,1.00,1.00,-44.28,27.80,0.00,0.00,0.00,0.00,0.00,-0.00,0.00,0.00,0.00,0.00,0.00,0.00,0.00,0.00,0.00,0
1.35128,-47,26,207,0,DRIVE [ 34 ] [ 1 ] [ 1879 1179 1848 ] [    0    0    0 ] [      0      0      0 ] [ 0 ],drive [ 33 ] [ 0 ] [ 1879 1183 1868 ] [   23   68   13 ] [  15873   7657   8411 ] [ 0 ],1.00,1.00,1.00,1.00,-46.88,25.77,0.00,0.00,0.00,0.00,0.00,-0.00,0.00,0.00,0.00,0.00,0.00,0.00,0.00,0.00,0.00,0
1.36277,-49,24,204,0,DRIVE [ 34 ] [ 1 ] [ 1879 1174 1829 ] [    0    0    0 ] [      0      0      0 ] [ 0 ],drive [ 34 ] [ 0 ] [ 1879 1179 1848 ] [   23   68   13 ] [  15873   7657   8411 ] [ 0 ],1.00,1.00,1.00,1.00,-49.08,23.91,0.00,0.00,0.00,0.00,0.00,-0.00,0.00,0.00,0.00,0.00,0.00,0.00,0.00,0.00,0.00,0
1.37398,-51,22,203,0,DRIVE [ 35 ] [ 1 ] [ 1879 1170 1812 ] [    0    0    0 ] [      0      0      0 ] [ 0 ],drive [ 34 ] [ 0 ] [ 1879 1174 1829 ] [   23   68   13 ] [  15873   7657   8411 ] [ 0 ],1.00,1.00,1.00,1.00,-51.24,22.30,0.00,0.00,0.00,0.00,0.00,-0.00,0.00,0.00,0.00,0.00,0.00,0.00,0.00,0.00,0.00,0
1.38491,-53,21,202,0,DRIVE [ 35 ] [ 1 ] [ 1879 1166 1797 ] [    0    0    0 ] [      0      0      0 ] [ 0 ],drive [ 35 ] [ 0 ] [ 1879 1170 1812 ] [   23   68   13 ] [  15148   8292   8416 ] [ 0 ],1.00,1.00,1.00,1.00,-53.03,20.79,0.00,0.00,0.00,0.00,0.00,-0.00,0.00,0.00,0.00,0.00,0.00,0.00,0.00,0.00,0.00,0
1.39636,-55,19,200,0,DRIVE [ 36 ] [ 1 ] [ 1879 1160 1783 ] [    0    0    0 ] [      0      0      0 ] [ 0 ],drive [ 35 ] [ 0 ] [ 1879 1166 1797 ] [   23   68   13 ] [  15148   8292   8416 ] [ 0 ],1.00,1.00,1.00,1.00,-54.55,19.46,0.00,0.00,0.00,0.00,0.00,-0.00,0.00,0.00,0.00,0.00,0.00,0.00,0.00,0.00,0.00,0
1.4076,-56,18,199,0,DRIVE [ 36 ] [ 1 ] [ 1879 1155 1770 ] [    0    0    0 ] [      0      0      0 ] [ 0 ],drive [ 36 ] [ 0 ] [ 1879 1160 1783 ] [   29   69   31 ] [  15148   8292   8416 ] [ 0 ],1.00,1.00,1.00,1.00,-56.08,18.27,0.00,0.00,0.00,0.00,0.00,-0.00,0.00,0.00,0.00,0.00,0.00,0.00,0.00,0.00,0.00,0
1.41855,-58,17,197,0,DRIVE [ 37 ] [ 1 ] [ 1879 1147 1757 ] [    0    0    0 ] [      0      0      0 ] [ 0 ],drive [ 36 ] [ 0 ] [ 1879 1155 1770 ] [   29   69   31 ] [  15148   8292   8416 ] [ 0 ],1.00,1.00,1.00,1.00,-57.54,17.11,0.00,0.00,0.00,0.00,0.00,-0.00,0.00,0.00,0.00,0.00,0.00,0.00,0.00,0.00,0.00,0
1.42995,-59,16,196,0,DRIVE [ 37 ] [ 1 ] [ 1879 1137 1743 ] [    0    0    0 ] [      0      0      0 ] [ 0 ],drive [ 37 ] [ 0 ] [ 1879 1147 1757 ] [   29   69   31 ] [  15148   8292   8416 ] [ 0 ],1.00,1.00,1.00,1.00,-59.28,16.04,0.00,0.00,0.00,0.00,0.00,-0.00,0.00,0.00,0.00,0.00,0.00,0.00,0.00,0.00,0.00,0
1.44123,-61,15,195,0,DRIVE [ 38 ] [ 1 ] [ 1879 1126 1729 ] [    0    0    0 ] [      0      0      0 ] [ 0 ],drive [ 37 ] [ 0 ] [ 1879 1137 1743 ] [   29   69   31 ] [  15003   8408   8477 ] [ 0 ],1.00,1.00,1.00,1.00,-61.03,14.91,0.00,0.00,0.00,0.00,0.00,-0.00,0.00,0.00,0.00,0.00,0.00,0.00,0.00,0.00,0.00,0
1.45179,-63,14,194,0,DRIVE [ 38 ] [ 1 ] [ 1879 1111 1714 ] [    0    0    0 ] [      0      0      0 ] [ 0 ],drive [ 38 ] [ 0 ] [ 1879 1126 1729 ] [   12   78   23 ] [  15003   8408   8477 ] [ 0 ],1.00,1.00,1.00,1.00,-63.06,13.89,0.00,0.00,0.00,0.00,0.00,-0.00,0.00,0.00,0.00,0.00,0.00,0.00,0.00,0.00,0.00,0
1.46309,-65,13,192,0,DRIVE [ 39 ] [ 1 ] [ 1879 1095 1699 ] [    0    0    0 ] [      0      0      0 ] [ 0 ],drive [ 38 ] [ 0 ] [ 1879 1111 1714 ] [   12   78   23 ] [  15003   8408   8477 ] [ 0 ],1.00,1.00,1.00,1.00,-65.23,12.90,0.00,0.00,0.00,0.00,0.00,-0.00,0.00,0.00,0.00,0.00,0.00,0.00,0.00,0.00,0.00,0
1.47526,-67,12,191,0,DRIVE [ 39 ] [ 1 ] [ 1879 1077 1684 ] [    0    0    0 ] [      0      0      0 ] [ 0 ],drive [ 39 ] [ 0 ] [ 1879 1095 1699 ] [   12   78   23 ] [  15003   8408   8477 ] [ 0 ],1.00,1.00,1.00,1.00,-67.34,12.00,0.00,0.00,0.00,0.00,0.00,-0.00,0.00,0.00,0.00,0.00,0.00,0.00,0.00,0.00,0.00,0
1.4856,-69,11,189,0,DRIVE [ 40 ] [ 1 ] [ 1879 1059 1669 ] [    0    0    0 ] [      0      0      0 ] [ 0 ],drive [ 39 ] [ 0 ] [ 1879 1077 1684 ] [   12   78   23 ] [  14926   8610   8605 ] [ 0 ],1.00,1.00,1.00,1.00,-69.33,11.11,0.00,0.00,0.00,0.00,0.00,-0.00,0.00,0.00,0.00,0.00,0.00,0.00,0.00,0.00,0.00,0
1.49668,-71,10,188,0,DRIVE [ 40 ] [ 1 ] [ 1879 1042 1655 ] [    0    0    0 ] [      0      0      0 ] [ 0 ],drive [ 40 ] [ 0 ] [ 1879 1059 1669 ] [   12   78   23 ] [  14926   8610   8605 ] [ 0 ],1.00,1.00,1.00,1.00,-71.07,10.26,0.00,0.00,0.00,0.00,0.00,-0.00,0.00,0.00,0.00,0.00,0.00,0.00,0.00,0.00,0.00,0
1.5075,-72,9,185,0,DRIVE [ 41 ] [ 1 ] [ 1879 1031 1642 ] [    0    0    0 ] [      0      0      0 ] [ 0 ],drive [ 40 ] [ 0 ] [ 1879 1042 1655 ] [    7   78   44 ] [  14926   8610   8605 ] [ 0 ],1.00,1.00,1.00,1.00,-72.21,9.34,0.00,0.00,0.00,0.00,0.00,-0.00,0.00,0.00,0.00,0.00,0.00,0.00,0.00,0.00,0.00,0
1.51779,-73,9,184,0,DRIVE [ 41 ] [ 1 ] [ 1879 1025 1632 ] [    0    0    0 ] [      0      0      0 ] [ 0 ],drive [ 41 ] [ 0 ] [ 1879 1031 1642 ] [    7   78   44 ] [  14926   8610   8605 ] [ 0 ],1.00,1.00,1.00,1.00,-72.77,8.55,0.00,0.00,0.00,0.00,0.00,-0.00,0.00,0.00,0.00,0.00,0.00,0.00,0.00,0.00,0.00,0
1.52868,-73,8,182,0,DRIVE [ 42 ] [ 1 ] [ 1879 1025 1627 ] [    0    0    0 ] [      0      0      0 ] [ 0 ],drive [ 41 ] [ 0 ] [ 1879 1025 1632 ] [    7   78   44 ] [  14926   8610   8605 ] [ 0 ],1.00,1.00,1.00,1.00,-72.68,7.92,0.00,0.00,0.00,0.00,0.00,-0.00,0.00,0.00,0.00,0.00,0.00,0.00,0.00,0.00,0.00,0
1.53994,-72,7,181,0,DRIVE [ 42 ] [ 1 ] [ 1879 1029 1625 ] [    0    0    0 ] [      0      0      0 ] [ 0 ],drive [ 42 ] [ 0 ] [ 1879 1025 1627 ] [    7   78   44 ] [  14342   9218   8776 ] [ 0 ],1.00,1.00,1.00,1.00,-72.01,7.47,0.00,0.00,0.00,0.00,0.00,-0.00,0.00,0.00,0.00,0.00,0.00,0.00,0.00,0.00,0.00,0
1.55067,-71,7,180,0,DRIVE [ 43 ] [ 1 ] [ 1879 1037 1627 ] [    0    0    0 ] [      0      0      0 ] [ 0 ],drive [ 42 ] [ 0 ] [ 1879 1029 1625 ] [    3  104   26 ] [  14342   9218   8776 ] [ 0 ],1.00,1.00,1.00,1.00,-70.69,7.30,0.00,0.00,0.00,0.00,0.00,-0.00,0.00,0.00,0.00,0.00,0.00,0.00,0.00,0.00,0.00,0
1.56157,-69,7,178,0,DRIVE [ 43 ] [ 1 ] [ 1879 1046 1633 ] [    0    0    0 ] [      0      0      0 ] [ 0 ],drive [ 43 ] [ 0 ] [ 1879 1037 1627 ] [    3  104   26 ] [  14342   9218   8776 ] [ 0 ],1.00,1.00,1.00,1.00,-69.03,7.46,0.00,0.00,0.00,0.00,0.00,-0.00,0.00,0.00,0.00,0.00,0.00,0.00,0.00,0.00,0.00,0
1.57217,-67,8,177,0,DRIVE [ 44 ] [ 1 ] [ 1879 1054 1642 ] [    0    0    0 ] [      0      0      0 ] [ 0 ],drive [ 43 ] [ 0 ] [ 1879 1046 1633 ] [    3  104   26 ] [  14342   9218   8776 ] [ 0 ],1.00,1.00,1.00,1.00,-67.28,7.95,0.00,0.00,0.00,0.00,0.00,-0.00,0.00,0.00,0.00,0.00,0.00,0.00,0.00,0.00,0.00,0
1.58236,-65,9,175,0,DRIVE [ 44 ] [ 1 ] [ 1879 1059 1653 ] [    0    0    0 ] [      0      0      0 ] [ 0 ],drive [ 44 ] [ 0 ] [ 1879 1054 1642 ] [    3  104   26 ] [  14037   9426   8969 ] [ 0 ],1.00,1.00,1.00,1.00,-65.37,8.75,0.00,0.00,0.00,0.00,0.00,-0.00,0.00,0.00,0.00,0.00,0.00,0.00,0.00,0.00,0.00,0
1.59314,-63,10,173,0,DRIVE [ 45 ] [ 1 ] [ 1879 1063 1666 ] [    0    0    0 ] [      0      0      0 ] [ 0 ],drive [ 44 ] [ 0 ] [ 1879 1059 1653 ] [    3  104   26 ] [  14037   9426   8969 ] [ 0 ],1.00,1.00,1.00,1.00,-63.35,9.75,0.00,0.00,0.00,0.00,0.00,-0.00,0.00,0.00,0.00,0.00,0.00,0.00,0.00,0.00,0.00,0
1.60319,-61,11,171,0,DRIVE [ 45 ] [ 1 ] [ 1879 1065 1681 ] [    0    0    0 ] [      0      0      0 ] [ 0 ],drive [ 45 ] [ 0 ] [ 1879 1063 1666 ] [   24   85   45 ] [  14037   9426   8969 ] [ 0 ],1.00,1.00,1.00,1.00,-61.32,11.00,0.00,0.00,0.00,0.00,0.00,-0.00,0.00,0.00,0.00,0.00,0.00,0.00,0.00,0.00,0.00,0
1.61391,-59,12,169,0,DRIVE [ 46 ] [ 1 ] [ 1879 1065 1697 ] [    0    0    0 ] [      0      0      0 ] [ 0 ],drive [ 45 ] [ 0 ] [ 1879 1065 1681 ] [   24   85   45 ] [  14037   9426   8969 ] [ 0 ],1.00,1.00,1.00,1.00,-59.20,12.33,0.00,0.00,0.00,0.00,0.00,-0.00,0.00,0.00,0.00,0.00,0.00,0.00,0.00,0.00,0.00,0
1.62452,-57,14,167,0,DRIVE [ 46 ] [ 1 ] [ 1879 1066 1714 ] [    0    0    0 ] [      0      0      0 ] [ 0 ],drive [ 46 ] [ 0 ] [ 1879 1065 1697 ] [   24   85   45 ] [  14037   9426   8969 ] [ 0 ],1.00,1.00,1.00,1.00,-56.96,13.65,0.00,0.00,0.00,0.00,0.00,-0.00,0.00,0.00,0.00,0.00,0.00,0.00,0.00,0.00,0.00,0
1.63459,-55,15,165,0,DRIVE [ 47 ] [ 1 ] [ 1879 1068 1731 ] [    0    0    0 ] [      0      0      0 ] [ 0 ],drive [ 46 ] [ 0 ] [ 1879 1066 1714 ] [   24   85   45 ] [  14004   9431   8992 ] [ 0 ],1.00,1.00,1.00,1.00,-54.58,14.91,0.00,0.00,0.00,0.00,0.00,-0.00,0.00,0.00,0.00,0.00,0.00,0.00,0.00,0.00,0.00,0
1.64527,-52,16,163,0,DRIVE [ 47 ] [ 1 ] [ 1879 1072 1750 ] [    0    0    0 ] [      0      0      0 ] [ 0 ],drive [ 47 ] [ 0 ] [ 1879 1068 1731 ] [   24   85   45 ] [  14004   9431   8992 ] [ 0 ],1.00,1.00,1.00,1.00,-52.03,16.18,0.00,0.00,0.00,0.00,0.00,-0.00,0.00,0.00,0.00,0.00,0.00,0.00,0.00,0.00,0.00,0
1.65531,-49,17,161,0,DRIVE [ 48 ] [ 1 ] [ 1879 1078 1770 ] [    0    0    0 ] [      0      0      0 ] [ 0 ],drive [ 47 ] [ 0 ] [ 1879 1072 1750 ] [    3  102   38 ] [  14004   9431   8992 ] [ 0 ],1.00,1.00,1.00,1.00,-49.31,17.42,0.00,0.00,0.00,0.00,0.00,-0.00,0.00,0.00,0.00,0.00,0.00,0.00,0.00,-0.00,0.00,0
1.66704,-46,19,159,0,DRIVE [ 48 ] [ 1 ] [ 1879 1086 1791 ] [    0    0    0 ] [      0      0      0 ] [ 0 ],drive [ 48 ] [ 0 ] [ 1879 1078 1770 ] [    3  102   38 ] [  14004   9431   8992 ] [ 0 ],1.00,1.00,1.00,1.00,-46.25,18.60,0.00,0.00,0.00,0.00,0.00,-0.00,0.00,0.00,0.00,0.00,0.00,0.00,0.00,-0.00,0.00,0
1.67766,-43,20,157,0,DRIVE [ 49 ] [ 1 ] [ 1879 1097 1813 ] [    0    0    0 ] [      0      0      0 ] [ 0 ],drive [ 48 ] [ 0 ] [ 1879 1086 1791 ] [    3  102   38 ] [  14004   9431   8992 ] [ 0 ],1.00,1.00,1.00,1.00,-42.95,19.68,0.00,0.00,0.00,0.00,0.00,-0.00,0.00,0.00,0.00,0.00,0.00,0.00,0.00,-0.00,0.00,0
1.68979,-39,21,155,0,DRIVE [ 49 ] [ 1 ] [ 1879 1112 1836 ] [    0    0    0 ] [      0      0      0 ] [ 0 ],drive [ 49 ] [ 0 ] [ 1879 1097 1813 ] [    3  102   38 ] [  13957   9581   8988 ] [ 0 ],1.00,1.00,1.00,1.00,-39.43,20.65,0.00,0.00,0.00,0.00,0.00,-0.00,0.00,0.00,0.00,0.00,0.00,0.00,0.00,-0.00,0.00,0
1.70039,-36,22,153,0,DRIVE [ 50 ] [ 1 ] [ 1879 1126 1860 ] [    0    0    0 ] [      0      0      0 ] [ 0 ],drive [ 49 ] [ 0 ] [ 1879 1112 1836 ] [    3   77   26 ] [  13957   9581   8988 ] [ 0 ],1.00,1.00,1.00,1.00,-35.79,21.58,0.00,0.00,0.00,0.00,0.00,-0.00,0.00,0.00,0.00,0.00,0.00,0.00,0.00,-0.00,0.00,0
1.71107,-32,22,151,0,DRIVE [ 50 ] [ 1 ] [ 1885 1142 1860 ] [    0    0    0 ] [      0      0      0 ] [ 0 ],drive [ 50 ] [ 0 ] [ 1879 1126 1860 ] [    3   77   26 ] [  13957   9581   8988 ] [ 0 ],1.00,1.00,1.00,1.00,-32.07,22.49,0.00,0.00,0.00,0.00,0.00,-0.00,0.00,0.00,0.00,0.00,0.00,0.00,0.00,-0.00,0.00,0
1.72122,-28,23,150,0,DRIVE [ 51 ] [ 1 ] [ 1856 1210 1860 ] [    0    0    0 ] [      0      0      0 ] [ 0 ],drive [ 50 ] [ 0 ] [ 1885 1142 1860 ] [    3   77   26 ] [  13957   9581   8988 ] [ 0 ],1.00,1.00,1.00,1.00,-28.21,23.27,0.00,0.00,0.00,0.00,0.00,-0.00,0.00,0.00,0.00,0.00,0.00,0.00,0.00,-0.00,0.00,0
1.7318,-24,24,148,0,DRIVE [ 51 ] [ 1 ] [ 1827 1276 1860 ] [    0    0    0 ] [      0      0      0 ] [ 0 ],drive [ 51 ] [ 0 ] [ 1856 1210 1860 ] [    3   77   26 ] [  13916   9638   8973 ] [ 0 ],1.00,1.00,1.00,1.00,-24.33,24.01,0.00,0.00,0.00,0.00,0.00,-0.00,0.00,0.00,0.00,0.00,0.00,0.00,0.00,-0.00,0.00,0
1.74221,-20,25,146,0,DRIVE [ 52 ] [ 1 ] [ 1796 1337 1860 ] [    0    0    0 ] [      0      0      0 ] [ 0 ],drive [ 51 ] [ 0 ] [ 1827 1276 1860 ] [    3   77   26 ] [  13916   9638   8973 ] [ 0 ],1.00,1.00,1.00,1.00,-20.46,24.74,0.00,0.00,0.00,0.00,0.00,-0.00,0.00,0.00,0.00,0.00,0.00,0.00,0.00,-0.00,0.00,0
1.75201,-17,25,144,0,DRIVE [ 52 ] [ 1 ] [ 1763 1394 1860 ] [    0    0    0 ] [      0      0      0 ] [ 0 ],drive [ 52 ] [ 0 ] [ 1796 1337 1860 ] [   24   67   11 ] [  13916   9638   8973 ] [ 0 ],1.00,1.00,1.00,1.00,-16.65,25.46,0.00,0.00,0.00,0.00,0.00,-0.00,0.00,0.00,0.00,0.00,0.00,0.00,0.00,-0.00,0.00,0
1.76246,-13,26,141,0,DRIVE [ 53 ] [ 1 ] [ 1729 1445 1860 ] [    0    0    0 ] [      0      0      0 ] [ 0 ],drive [ 52 ] [ 0 ] [ 1763 1394 1860 ] [   24   67   11 ] [  13916   9638   8973 ] [ 0 ],1.00,1.00,1.00,1.00,-12.87,26.11,0.00,0.00,0.00,0.00,0.00,-0.00,0.00,0.00,0.00,0.00,0.00,0.00,0.00,-0.00,0.00,0
1.77282,-9,27,139,0,DRIVE [ 53 ] [ 1 ] [ 1692 1493 1860 ] [    0    0    0 ] [      0      0      0 ] [ 0 ],drive [ 53 ] [ 0 ] [ 1729 1445 1860 ] [   24   67   11 ] [  13916   9638   8973 ] [ 0 ],1.00,1.00,1.00,1.00,-9.05,26.67,0.00,0.00,0.00,0.00,0.00,-0.00,0.00,0.00,0.00,0.00,0.00,0.00,0.00,-0.00,0.00,0
1.7828,-5,27,137,0,DRIVE [ 54 ] [ 1 ] [ 1652 1535 1860 ] [    0    0    0 ] [      0      0      0 ] [ 0 ],drive [ 53 ] [ 0 ] [ 1692 1493 1860 ] [   24   67   11 ] [  13878   9610   8973 ] [ 0 ],1.00,1.00,1.00,1.00,-5.26,27.07,0.00,0.00,0.00,0.00,0.00,-0.00,0.00,0.00,0.00,0.00,0.00,0.00,0.00,-0.00,0.00,0
1.79313,-2,27,135,0,DRIVE [ 54 ] [ 1 ] [ 1608 1574 1860 ] [    0    0    0 ] [      0      0      0 ] [ 0 ],drive [ 54 ] [ 0 ] [ 1652 1535 1860 ] [   24   67   11 ] [  13878   9610   8973 ] [ 0 ],1.00,1.00,1.00,1.00,-1.54,27.36,0.00,0.00,0.00,0.00,0.00,-0.00,0.00,0.00,0.00,0.00,0.00,0.00,0.00,0.00,0.00,0
1.80301,2,28,133,0,DRIVE [ 55 ] [ 1 ] [ 1560 1607 1860 ] [    0    0    0 ] [      0      0      0 ] [ 0 ],drive [ 54 ] [ 0 ] [ 1608 1574 1860 ] [   41   59   11 ] [  13878   9610   8973 ] [ 0 ],1.00,1.00,1.00,1.00,2.11,27.57,0.00,0.00,0.00,0.00,0.00,-0.00,0.00,0.00,0.00,0.00,0.00,0.00,0.00,0.00,0.00,0
1.81344,6,28,131,0,DRIVE [ 55 ] [ 1 ] [ 1508 1636 1860 ] [    0    0    0 ] [      0      0      0 ] [ 0 ],drive [ 55 ] [ 0 ] [ 1560 1607 1860 ] [   41   59   11 ] [  13878   9610   8973 ] [ 0 ],1.00,1.00,1.00,1.00,5.55,27.70,0.00,0.00,0.00,0.00,0.00,-0.00,0.00,0.00,0.00,0.00,0.00,0.00,0.00,0.00,0.00,0
1.82362,9,28,128,0,DRIVE [ 56 ] [ 1 ] [ 1454 1661 1860 ] [    0    0    0 ] [      0      0      0 ] [ 0 ],drive [ 55 ] [ 0 ] [ 1508 1636 1860 ] [   41   59   11 ] [  13878   9610   8973 ] [ 0 ],1.00,1.00,1.00,1.00,8.73,27.76,0.00,0.00,0.00,0.00,0.00,-0.00,0.00,0.00,0.00,0.00,0.00,0.00,0.00,0.00,0.00,0
1.83345,12,28,126,0,DRIVE [ 56 ] [ 1 ] [ 1399 1682 1860 ] [    0    0    0 ] [      0      0      0 ] [ 0 ],drive [ 56 ] [ 0 ] [ 1454 1661 1860 ] [   41   59   11 ] [  14130   9316   8969 ] [ 0 ],1.00,1.00,1.00,1.00,11.57,27.79,0.00,0.00,0.00,0.00,0.00,-0.00,0.00,0.00,0.00,0.00,0.00,0.00,0.00,0.00,0.00,0
1.84381,14,28,124,0,DRIVE [ 57 ] [ 1 ] [ 1347 1699 1860 ] [    0    0    0 ] [      0      0      0 ] [ 0 ],drive [ 56 ] [ 0 ] [ 1399 1682 1860 ] [   41   59   11 ] [  14130   9316   8969 ] [ 0 ],1.00,1.00,1.00,1.00,14.02,27.76,0.00,0.00,0.00,0.00,0.00,-0.00,0.00,0.00,0.00,0.00,0.00,0.00,0.00,0.00,0.00,0
1.85387,16,28,121,0,DRIVE [ 57 ] [ 1 ] [ 1299 1714 1860 ] [    0    0    0 ] [      0      0      0 ] [ 0 ],drive [ 57 ] [ 0 ] [ 1347 1699 1860 ] [   56   45    4 ] [  14130   9316   8969 ] [ 0 ],1.00,1.00,1.00,1.00,16.12,27.65,0.00,0.00,0.00,0.00,0.00,-0.00,0.00,0.00,0.00,0.00,0.00,0.00,0.00,0.00,0.00,0
1.86641,18,27,119,0,DRIVE [ 58 ] [ 1 ] [ 1254 1728 1860 ] [    0    0    0 ] [      0      0      0 ] [ 0 ],drive [ 57 ] [ 0 ] [ 1299 1714 1860 ] [   56   45    4 ] [  14130   9316   8969 ] [ 0 ],1.00,1.00,1.00,1.00,17.91,27.43,0.00,0.00,0.00,0.00,0.00,-0.00,0.00,0.00,0.00,0.00,0.00,0.00,0.00,0.00,0.00,0
1.87829,19,27,117,0,DRIVE [ 58 ] [ 1 ] [ 1215 1742 1860 ] [    0    0    0 ] [      0      0      0 ] [ 0 ],drive [ 58 ] [ 0 ] [ 1254 1728 1860 ] [   56   45    4 ] [  14130   9316   8969 ] [ 0 ],1.00,1.00,1.00,1.00,19.40,27.06,0.00,0.00,0.00,0.00,0.00,-0.00,0.00,0.00,0.00,0.00,0.00,0.00,0.00,0.00,0.00,0
1.88836,21,27,115,0,DRIVE [ 59 ] [ 1 ] [ 1181 1754 1860 ] [    0    0    0 ] [      0      0      0 ] [ 0 ],drive [ 58 ] [ 0 ] [ 1215 1742 1860 ] [   56   45    4 ] [  14899   8761   8849 ] [ 0 ],1.00,1.00,1.00,1.00,20.62,26.60,0.00,0.00,0.00,0.00,0.00,-0.00,0.00,0.00,0.00,0.00,0.00,0.00,0.00,0.00,0.00,0
1.89826,22,26,113,0,DRIVE [ 59 ] [ 1 ] [ 1151 1765 1860 ] [    0    0    0 ] [      0      0      0 ] [ 0 ],drive [ 59 ] [ 0 ] [ 1181 1754 1860 ] [   76   20   15 ] [  14899   8761   8849 ] [ 0 ],1.00,1.00,1.00,1.00,21.63,26.13,0.00,0.00,0.00,0.00,0.00,-0.00,0.00,0.00,0.00,0.00,0.00,0.00,0.00,0.00,0.00,0
1.91008,22,26,112,0,DRIVE [ 60 ] [ 1 ] [ 1126 1776 1860 ] [    0    0    0 ] [      0      0      0 ] [ 0 ],drive [ 59 ] [ 0 ] [ 1151 1765 1860 ] [   76   20   15 ] [  14899   8761   8849 ] [ 0 ],1.00,1.00,1.00,1.00,22.40,25.60,0.00,0.00,0.00,0.00,0.00,-0.00,0.00,0.00,0.00,0.00,0.00,0.00,0.00,0.00,0.00,0
1.92199,23,25,110,0,DRIVE [ 60 ] [ 1 ] [ 1106 1786 1860 ] [    0    0    0 ] [      0      0      0 ] [ 0 ],drive [ 60 ] [ 0 ] [ 1126 1776 1860 ] [   76   20   15 ] [  14899   8761   8849 ] [ 0 ],1.00,1.00,1.00,1.00,22.98,24.92,0.00,0.00,0.00,0.00,0.00,-0.00,0.00,0.00,0.00,0.00,0.00,0.00,0.00,0.00,0.00,0
1.93412,23,24,108,0,DRIVE [ 61 ] [ 1 ] [ 1089 1797 1860 ] [    0    0    0 ] [      0      0      0 ] [ 0 ],drive [ 60 ] [ 0 ] [ 1106 1786 1860 ] [   76   20   15 ] [  15471   8362   8733 ] [ 0 ],1.00,1.00,1.00,1.00,23.41,24.19,0.00,0.00,0.00,0.00,0.00,-0.00,0.00,0.00,0.00,0.00,0.00,0.00,0.00,0.00,0.00,0
1.94405,24,23,107,0,DRIVE [ 61 ] [ 1 ] [ 1075 1806 1860 ] [    0    0    0 ] [      0      0      0 ] [ 0 ],drive [ 61 ] [ 0 ] [ 1089 1797 1860 ] [   76   20   15 ] [  15471   8362   8733 ] [ 0 ],1.00,1.00,1.00,1.00,23.67,23.45,0.00,0.00,0.00,0.00,0.00,-0.00,0.00,0.00,0.00,0.00,0.00,0.00,0.00,0.00,0.00,0
1.95507,24,23,105,0,DRIVE [ 62 ] [ 1 ] [ 1066 1815 1860 ] [    0    0    0 ] [      0      0      0 ] [ 0 ],drive [ 61 ] [ 0 ] [ 1075 1806 1860 ] [   86   27   19 ] [  15471   8362   8733 ] [ 0 ],1.00,1.00,1.00,1.00,23.75,22.68,0.00,0.00,0.00,0.00,0.00,-0.00,0.00,0.00,0.00,0.00,0.00,0.00,0.00,0.00,0.00,0
1.96604,24,22,103,0,DRIVE [ 62 ] [ 1 ] [ 1061 1823 1860 ] [    0    0    0 ] [      0      0      0 ] [ 0 ],drive [ 62 ] [ 0 ] [ 1066 1815 1860 ] [   86   27   19 ] [  15471   8362   8733 ] [ 0 ],1.00,1.00,1.00,1.00,23.69,21.87,0.00,0.00,0.00,0.00,0.00,-0.00,0.00,0.00,0.00,0.00,0.00,0.00,0.00,0.00,0.00,0
1.97806,24,21,102,0,DRIVE [ 63 ] [ 1 ] [ 1059 1830 1860 ] [    0    0    0 ] [      0      0      0 ] [ 0 ],drive [ 62 ] [ 0 ] [ 1061 1823 1860 ] [   86   27   19 ] [  15471   8362   8733 ] [ 0 ],1.00,1.00,1.00,1.00,23.51,21.05,0.00,0.00,0.00,0.00,0.00,-0.00,0.00,0.00,0.00,0.00,0.00,0.00,0.00,0.00,0.00,0
1.99018,23,20,100,0,DRIVE [ 63 ] [ 1 ] [ 1063 1835 1860 ] [    0    0    0 ] [      0      0      0 ] [ 0 ],drive [ 63 ] [ 0 ] [ 1059 1830 1860 ] [   86   27   19 ] [  15955   8016   8644 ] [ 0 ],1.00,1.00,1.00,1.00,23.10,20.24,0.00,0.00,0.00,0.00,0.00,-0.00,0.00,0.00,0.00,0.00,0.00,0.00,0.00,0.00,0.00,0
2.00198,22,19,99,0,DRIVE [ 64 ] [ 1 ] [ 1074 1839 1860 ] [    0    0    0 ] [      0      0      0 ] [ 0 ],drive [ 63 ] [ 0 ] [ 1063 1835 1860 ] [   82   28   18 ] [  15955   8016   8644 ] [ 0 ],1.00,1.00,1.00,1.00,22.44,19.45,0.00,0.00,0.00,0.00,0.00,0.00,0.00,0.00,0.00,0.00,0.00,0.00,0.00,0.00,0.00,0
2.01189,22,19,97,0,DRIVE [ 64 ] [ 1 ] [ 1094 1840 1860 ] [    0    0    0 ] [      0      0      0 ] [ 0 ],drive [ 64 ] [ 0 ] [ 1074 1839 1860 ] [   82   28   18 ] [  15955   8016   8644 ] [ 0 ],1.00,1.00,1.00,1.00,21.51,18.65,0.00,0.00,0.00,0.00,0.00,0.00,0.00,0.00,0.00,0.00,0.00,0.00,0.00,0.00,0.00,0
2.02194,20,18,96,0,DRIVE [ 65 ] [ 1 ] [ 1122 1839 1860 ] [    0    0    0 ] [      0      0      0 ] [ 0 ],drive [ 64 ] [ 0 ] [ 1094 1840 1860 ] [   82   28   18 ] [  15955   8016   8644 ] [ 0 ],1.00,1.00,1.00,1.00,20.32,17.84,0.00,0.00,0.00,0.00,0.00,0.00,0.00,0.00,0.00,0.00,0.00,0.00,0.00,0.00,0.00,0
2.03368,19,17,94,0,DRIVE [ 65 ] [ 1 ] [ 1159 1836 1860 ] [    0    0    0 ] [      0      0      0 ] [ 0 ],drive [ 65 ] [ 0 ] [ 1122 1839 1860 ] [   82   28   18 ] [  16394   7590   8594 ] [ 0 ],1.00,1.00,1.00,1.00,18.94,16.99,0.00,0.00,0.00,0.00,0.00,0.00,0.00,0.00,0.00,0.00,0.00,0.00,0.00,0.00,0.00,0
2.04592,17,16,93,0,DRIVE [ 66 ] [ 1 ] [ 1200 1833 1860 ] [    0    0    0 ] [      0      0      0 ] [ 0 ],drive [ 65 ] [ 0 ] [ 1159 1836 1860 ] [   82   28   18 ] [  16394   7590   8594 ] [ 0 ],1.00,1.00,1.00,1.00,17.43,16.08,0.00,0.00,0.00,0.00,0.00,0.00,0.00,0.00,0.00,0.00,0.00,0.00,0.00,0.00,0.00,0
2.0577,16,15,91,0,DRIVE [ 66 ] [ 1 ] [ 1245 1831 1860 ] [    0    0    0 ] [      0      0      0 ] [ 0 ],drive [ 66 ] [ 0 ] [ 1200 1833 1860 ] [   76    5   16 ] [  16394   7590   8594 ] [ 0 ],1.00,1.00,1.00,1.00,15.90,15.10,0.00,0.00,0.00,0.00,0.00,0.00,0.00,0.00,0.00,0.00,0.00,0.00,0.00,0.00,0.00,0
2.07006,14,14,89,0,DRIVE [ 67 ] [ 1 ] [ 1292 1830 1860 ] [    0    0    0 ] [      0      0      0 ] [ 0 ],drive [ 66 ] [ 0 ] [ 1245 1831 1860 ] [   76    5   16 ] [  16394   7590   8594 ] [ 0 ],1.00,1.00,1.00,1.00,14.38,14.06,0.00,0.00,0.00,0.00,0.00,0.00,0.00,0.00,0.00,0.00,0.00,0.00,-0.00,-0.00,0.00,0
2.08027,13,13,88,0,DRIVE [ 67 ] [ 1 ] [ 1340 1828 1860 ] [    0    0    0 ] [      0      0      0 ] [ 0 ],drive [ 67 ] [ 0 ] [ 1292 1830 1860 ] [   76    5   16 ] [  16394   7590   8594 ] [ 0 ],1.00,1.00,1.00,1.00,12.87,13.03,0.00,0.00,0.00,0.00,0.00,0.00,0.00,0.00,0.00,0.00,0.00,0.00,-0.00,-0.00,0.00,0
2.09034,11,12,87,0,DRIVE [ 68 ] [ 1 ] [ 1391 1827 1860 ] [    0    0    0 ] [      0      0      0 ] [ 0 ],drive [ 67 ] [ 0 ] [ 1340 1828 1860 ] [   76    5   16 ] [  16511   7368   8433 ] [ 0 ],1.00,1.00,1.00,1.00,11.33,11.93,0.00,0.00,0.00,0.00,0.00,0.00,0.00,0.00,0.00,0.00,0.00,0.00,-0.00,-0.00,0.00,0
2.10195,10,11,85,0,DRIVE [ 68 ] [ 1 ] [ 1444 1826 1860 ] [    0    0    0 ] [      0      0      0 ] [ 0 ],drive [ 68 ] [ 0 ] [ 1391 1827 1860 ] [   71   13   16 ] [  16511   7368   8433 ] [ 0 ],1.00,1.00,1.00,1.00,9.81,10.85,0.00,0.00,0.00,0.00,0.00,0.00,0.00,0.00,0.00,0.00,0.00,0.00,-0.00,-0.00,0.00,0
2.11394,8,10,84,0,DRIVE [ 69 ] [ 1 ] [ 1497 1825 1860 ] [    0    0    0 ] [      0      0      0 ] [ 0 ],drive [ 68 ] [ 0 ] [ 1444 1826 1860 ] [   71   13   16 ] [  16511   7368   8433 ] [ 0 ],1.00,1.00,1.00,1.00,8.32,9.83,0.00,0.00,0.00,0.00,0.00,0.00,0.00,0.00,0.00,0.00,0.00,0.00,-0.00,-0.00,0.00,0
2.12598,7,9,82,0,DRIVE [ 69 ] [ 1 ] [ 1551 1822 1860 ] [    0    0    0 ] [      0      0      0 ] [ 0 ],drive [ 69 ] [ 0 ] [ 1497 1825 1860 ] [   71   13   16 ] [  16511   7368   8433 ] [ 0 ],1.00,1.00,1.00,1.00,6.83,8.88,0.00,0.00,0.00,0.00,0.00,0.00,0.00,0.00,0.00,0.00,0.00,0.00,-0.00,-0.00,0.00,0
2.13614,5,8,81,0,DRIVE [ 70 ] [ 1 ] [ 1604 1818 1860 ] [    0    0    0 ] [      0      0      0 ] [ 0 ],drive [ 69 ] [ 0 ] [ 1551 1822 1860 ] [   71   13   16 ] [  16490   7326   8413 ] [ 0 ],1.00,1.00,1.00,1.00,5.34,7.99,0.00,0.00,0.00,0.00,0.00,0.00,0.00,0.00,0.00,0.00,0.00,0.00,-0.00,-0.00,0.00,0
2.14622,4,7,79,0,DRIVE [ 70 ] [ 1 ] [ 1659 1812 1860 ] [    0    0    0 ] [      0      0      0 ] [ 0 ],drive [ 70 ] [ 0 ] [ 1604 1818 1860 ] [   36   28   15 ] [  16490   7326   8413 ] [ 0 ],1.00,1.00,1.00,1.00,3.84,7.16,0.00,0.00,0.00,0.00,0.00,0.00,0.00,0.00,0.00,0.00,0.00,0.00,-0.00,-0.00,0.00,0
2.15806,2,6,78,0,DRIVE [ 71 ] [ 1 ] [ 1713 1804 1860 ] [    0    0    0 ] [      0      0      0 ] [ 0 ],drive [ 70 ] [ 0 ] [ 1659 1812 1860 ] [   36   28   15 ] [  16490   7326   8413 ] [ 0 ],1.00,1.00,1.00,1.00,2.30,6.32,0.00,0.00,0.00,0.00,0.00,0.00,0.00,0.00,0.00,0.00,0.00,0.00,-0.00,-0.00,0.00,0
2.16981,1,5,77,0,DRIVE [ 71 ] [ 1 ] [ 1765 1794 1860 ] [    0    0    0 ] [      0      0      0 ] [ 0 ],drive [ 71 ] [ 0 ] [ 1713 1804 1860 ] [   36   28   15 ] [  16490   7326   8413 ] [ 0 ],1.00,1.00,1.00,1.00,0.72,5.48,0.00,0.00,0.00,0.00,0.00,0.00,0.00,0.00,0.00,0.00,0.00,0.00,-0.00,-0.00,0.00,0
2.18204,-1,5,75,0,DRIVE [ 72 ] [ 1 ] [ 1811 1774 1860 ] [    0    0    0 ] [      0      0      0 ] [ 0 ],drive [ 71 ] [ 0 ] [ 1765 1794 1860 ] [   36   28   15 ] [  16490   7326   8413 ] [ 0 ],1.00,1.00,1.00,1.00,-0.91,4.66,0.00,0.00,0.00,0.00,0.00,0.00,0.00,0.00,0.00,0.00,0.00,0.00,0.00,-0.00,0.00,0
2.19432,-3,4,74,0,DRIVE [ 72 ] [ 1 ] [ 1849 1737 1860 ] [    0    0    0 ] [      0      0      0 ] [ 0 ],drive [ 72 ] [ 0 ] [ 1811 1774 1860 ] [   36   28   15 ] [  16435   7285   8413 ] [ 0 ],1.00,1.00,1.00,1.00,-2.57,3.89,0.00,0.00,0.00,0.00,0.00,0.00,0.00,0.00,0.00,0.00,0.00,0.00,0.00,-0.00,0.00,0
2.20596,-4,3,73,0,DRIVE [ 73 ] [ 1 ] [ 1880 1677 1860 ] [    0    0    0 ] [      0      0      0 ] [ 0 ],drive [ 72 ] [ 0 ] [ 1849 1737 1860 ] [   34   18   16 ] [  16435   7285   8413 ] [ 0 ],1.00,1.00,1.00,1.00,-4.21,3.21,0.00,0.00,0.00,0.00,0.00,0.00,0.00,0.00,0.00,0.00,0.00,0.00,0.00,0.00,0.00,0
2.21664,-6,3,72,0,DRIVE [ 73 ] [ 1 ] [ 1880 1647 1863 ] [    0    0    0 ] [      0      0      0 ] [ 0 ],drive [ 73 ] [ 0 ] [ 1880 1677 1860 ] [   34   18   16 ] [  16435   7285   8413 ] [ 0 ],1.00,1.00,1.00,1.00,-5.78,2.65,0.00,0.00,0.00,0.00,0.00,0.00,0.00,0.00,0.00,0.00,0.00,0.00,0.00,0.00,0.00,0
2.22715,-7,2,70,0,DRIVE [ 74 ] [ 1 ] [ 1880 1617 1839 ] [    0    0    0 ] [      0      0      0 ] [ 0 ],drive [ 73 ] [ 0 ] [ 1880 1647 1863 ] [   34   18   16 ] [  16435   7285   8413 ] [ 0 ],1.00,1.00,1.00,1.00,-7.23,2.19,0.00,0.00,0.00,0.00,0.00,0.00,0.00,0.00,0.00,0.00,0.00,0.00,0.00,0.00,0.00,0
2.2383,-9,2,69,0,DRIVE [ 74 ] [ 1 ] [ 1880 1582 1817 ] [    0    0    0 ] [      0      0      0 ] [ 0 ],drive [ 74 ] [ 0 ] [ 1880 1617 1839 ] [   34   18   16 ] [  15864   7289   8415 ] [ 0 ],1.00,1.00,1.00,1.00,-8.58,1.85,0.00,0.00,0.00,0.00,0.00,0.00,0.00,0.00,0.00,0.00,0.00,0.00,0.00,0.00,0.00,0
2.24999,-10,2,68,0,DRIVE [ 75 ] [ 1 ] [ 1880 1545 1796 ] [    0    0    0 ] [      0      0      0 ] [ 0 ],drive [ 74 ] [ 0 ] [ 1880 1582 1817 ] [    6   37   18 ] [  15864   7289   8415 ] [ 0 ],1.00,1.00,1.00,1.00,-9.87,1.60,0.00,0.00,0.00,0.00,0.00,0.00,0.00,0.00,0.00,0.00,0.00,0.00,0.00,0.00,0.00,0
2.26019,-11,1,67,0,DRIVE [ 75 ] [ 1 ] [ 1880 1508 1776 ] [    0    0    0 ] [      0      0      0 ] [ 0 ],drive [ 75 ] [ 0 ] [ 1880 1545 1796 ] [    6   37   18 ] [  15864   7289   8415 ] [ 0 ],1.00,1.00,1.00,1.00,-11.10,1.38,0.00,0.00,0.00,0.00,0.00,0.00,0.00,0.00,0.00,0.00,0.00,0.00,0.00,0.00,0.00,0
2.2711,-12,1,66,0,DRIVE [ 76 ] [ 1 ] [ 1880 1470 1756 ] [    0    0    0 ] [      0      0      0 ] [ 0 ],drive [ 75 ] [ 0 ] [ 1880 1508 1776 ] [    6   37   18 ] [  15864   7289   8415 ] [ 0 ],1.00,1.00,1.00,1.00,-12.29,1.17,0.00,0.00,0.00,0.00,0.00,0.00,0.00,0.00,0.00,0.00,0.00,0.00,0.00,0.00,0.00,0
2.28236,-13,1,65,0,DRIVE [ 76 ] [ 1 ] [ 1880 1431 1737 ] [    0    0    0 ] [      0      0      0 ] [ 0 ],drive [ 76 ] [ 0 ] [ 1880 1470 1756 ] [    6   37   18 ] [  15544   7561   8444 ] [ 0 ],1.00,1.00,1.00,1.00,-13.44,1.01,0.00,0.00,0.00,0.00,0.00,0.00,0.00,0.00,0.00,0.00,0.00,0.00,0.00,0.00,0.00,0
2.29409,-15,1,64,0,DRIVE [ 77 ] [ 1 ] [ 1880 1393 1719 ] [    0    0    0 ] [      0      0      0 ] [ 0 ],drive [ 76 ] [ 0 ] [ 1880 1431 1737 ] [    6   37   18 ] [  15544   7561   8444 ] [ 0 ],1.00,1.00,1.00,1.00,-14.53,0.91,0.00,0.00,0.00,0.00,0.00,0.00,0.00,0.00,0.00,0.00,0.00,0.00,0.00,0.00,0.00,0
2.30617,-16,1,63,0,DRIVE [ 77 ] [ 1 ] [ 1880 1355 1704 ] [    0    0    0 ] [      0      0      0 ] [ 0 ],drive [ 77 ] [ 0 ] [ 1880 1393 1719 ] [   25   42   24 ] [  15544   7561   8444 ] [ 0 ],1.00,1.00,1.00,1.00,-15.56,0.87,0.00,0.00,0.00,0.00,0.00,0.00,0.00,0.00,0.00,0.00,0.00,0.00,0.00,0.00,0.00,0
2.31796,-17,1,62,0,DRIVE [ 78 ] [ 1 ] [ 1880 1315 1691 ] [    0    0    0 ] [      0      0      0 ] [ 0 ],drive [ 77 ] [ 0 ] [ 1880 1355 1704 ] [   25   42   24 ] [  15544   7561   8444 ] [ 0 ],1.00,1.00,1.00,1.00,-16.55,0.95,0.00,0.00,0.00,0.00,0.00,0.00,0.00,0.00,0.00,0.00,0.00,0.00,0.00,0.00,0.00,0
2.32796,-17,1,61,0,DRIVE [ 78 ] [ 1 ] [ 1880 1275 1680 ] [    0    0    0 ] [      0      0      0 ] [ 0 ],drive [ 78 ] [ 0 ] [ 1880 1315 1691 ] [   25   42   24 ] [  15544   7561   8444 ] [ 0 ],1.00,1.00,1.00,1.00,-17.45,1.09,0.00,0.00,0.00,0.00,0.00,0.00,0.00,0.00,0.00,0.00,0.00,0.00,0.00,0.00,0.00,0
2.33782,-18,1,60,0,DRIVE [ 79 ] [ 1 ] [ 1880 1236 1673 ] [    0    0    0 ] [      0      0      0 ] [ 0 ],drive [ 78 ] [ 0 ] [ 1880 1275 1680 ] [   25   42   24 ] [  15312   7945   8526 ] [ 0 ],1.00,1.00,1.00,1.00,-18.23,1.35,0.00,0.00,0.00,0.00,0.00,-0.00,0.00,0.00,0.00,0.00,0.00,0.00,0.00,0.00,0.00,0
2.35024,-19,2,60,0,DRIVE [ 79 ] [ 1 ] [ 1880 1199 1669 ] [    0    0    0 ] [      0      0      0 ] [ 0 ],drive [ 79 ] [ 0 ] [ 1880 1236 1673 ] [    9   66   40 ] [  15312   7945   8526 ] [ 0 ],1.00,1.00,1.00,1.00,-18.85,1.70,0.00,0.00,0.00,0.00,0.00,-0.00,0.00,0.00,0.00,0.00,0.00,0.00,0.00,0.00,0.00,0
2.36223,-19,2,59,0,DRIVE [ 80 ] [ 1 ] [ 1880 1164 1670 ] [    0    0    0 ] [      0      0      0 ] [ 0 ],drive [ 79 ] [ 0 ] [ 1880 1199 1669 ] [    9   66   40 ] [  15312   7945   8526 ] [ 0 ],1.00,1.00,1.00,1.00,-19.32,2.16,0.00,0.00,0.00,0.00,0.00,-0.00,0.00,0.00,0.00,0.00,0.00,0.00,0.00,0.00,0.00,0
2.37401,-20,3,58,0,DRIVE [ 80 ] [ 1 ] [ 1880 1131 1675 ] [    0    0    0 ] [      0      0      0 ] [ 0 ],drive [ 80 ] [ 0 ] [ 1880 1164 1670 ] [    9   66   40 ] [  15312   7945   8526 ] [ 0 ],1.00,1.00,1.00,1.00,-19.61,2.69,0.00,0.00,0.00,0.00,0.00,-0.00,0.00,0.00,0.00,0.00,0.00,0.00,0.00,0.00,0.00,0
2.38588,-20,3,57,0,DRIVE [ 81 ] [ 1 ] [ 1880 1105 1682 ] [    0    0    0 ] [      0      0      0 ] [ 0 ],drive [ 80 ] [ 0 ] [ 1880 1131 1675 ] [    9   66   40 ] [  15065   8330   8653 ] [ 0 ],1.00,1.00,1.00,1.00,-19.72,3.20,0.00,0.00,0.00,0.00,0.00,-0.00,0.00,0.00,0.00,0.00,0.00,0.00,0.00,0.00,0.00,0
2.39599,-20,4,57,0,DRIVE [ 81 ] [ 1 ] [ 1880 1085 1690 ] [    0    0    0 ] [      0      0      0 ] [ 0 ],drive [ 81 ] [ 0 ] [ 1880 1105 1682 ] [    9   66   40 ] [  15065   8330   8653 ] [ 0 ],1.00,1.00,1.00,1.00,-19.67,3.65,0.00,0.00,0.00,0.00,0.00,-0.00,0.00,0.00,0.00,0.00,0.00,0.00,0.00,0.00,0.00,0
2.40602,-19,4,56,0,DRIVE [ 82 ] [ 1 ] [ 1880 1070 1699 ] [    0    0    0 ] [      0      0      0 ] [ 0 ],drive [ 81 ] [ 0 ] [ 1880 1085 1690 ] [    6   84   42 ] [  15065   8330   8653 ] [ 0 ],1.00,1.00,1.00,1.00,-19.50,4.09,0.00,0.00,0.00,0.00,0.00,-0.00,0.00,0.00,0.00,0.00,0.00,0.00,0.00,0.00,0.00,0
2.41784,-19,5,56,0,DRIVE [ 82 ] [ 1 ] [ 1880 1058 1710 ] [    0    0    0 ] [      0      0      0 ] [ 0 ],drive [ 82 ] [ 0 ] [ 1880 1070 1699 ] [    6   84   42 ] [  15065   8330   8653 ] [ 0 ],1.00,1.00,1.00,1.00,-19.22,4.52,0.00,0.00,0.00,0.00,0.00,-0.00,0.00,0.00,0.00,0.00,0.00,0.00,0.00,0.00,0.00,0
2.4304,-19,5,55,0,DRIVE [ 83 ] [ 1 ] [ 1880 1047 1722 ] [    0    0    0 ] [      0      0      0 ] [ 0 ],drive [ 82 ] [ 0 ] [ 1880 1058 1710 ] [    6   84   42 ] [  15065   8330   8653 ] [ 0 ],1.00,1.00,1.00,1.00,-18.87,4.94,0.00,0.00,0.00,0.00,0.00,-0.00,0.00,0.00,0.00,0.00,0.00,0.00,0.00,0.00,0.00,0
2.44184,-18,5,54,0,DRIVE [ 83 ] [ 1 ] [ 1880 1037 1735 ] [    0    0    0 ] [      0      0      0 ] [ 0 ],drive [ 83 ] [ 0 ] [ 1880 1047 1722 ] [    6   84   42 ] [  14861   8686   8652 ] [ 0 ],1.00,1.00,1.00,1.00,-18.48,5.38,0.00,0.00,0.00,0.00,0.00,-0.00,0.00,0.00,0.00,0.00,0.00,0.00,0.00,0.00,0.00,0
2.45138,-18,6,54,0,DRIVE [ 84 ] [ 1 ] [ 1880 1026 1748 ] [    0    0    0 ] [      0      0      0 ] [ 0 ],drive [ 83 ] [ 0 ] [ 1880 1037 1735 ] [    5   81   39 ] [  14861   8686   8652 ] [ 0 ],1.00,1.00,1.00,1.00,-18.07,5.81,0.00,0.00,0.00,0.00,0.00,-0.00,0.00,0.00,0.00,0.00,0.00,0.00,0.00,0.00,0.00,0
2.46194,-18,6,53,0,DRIVE [ 84 ] [ 1 ] [ 1880 1025 1760 ] [    0    0    0 ] [      0      0      0 ] [ 0 ],drive [ 84 ] [ 0 ] [ 1880 1026 1748 ] [    5   81   39 ] [  14861   8686   8652 ] [ 0 ],1.00,1.00,1.00,1.00,-17.71,6.24,0.00,0.00,0.00,0.00,0.00,-0.00,0.00,0.00,0.00,0.00,0.00,0.00,0.00,0.00,0.00,0
2.47415,-17,7,52,0,DRIVE [ 85 ] [ 1 ] [ 1880 1025 1771 ] [    0    0    0 ] [      0      0      0 ] [ 0 ],drive [ 84 ] [ 0 ] [ 1880 1025 1760 ] [    5   81   39 ] [  14861   8686   8652 ] [ 0 ],1.00,1.00,1.00,1.00,-17.39,6.63,0.00,0.00,0.00,0.00,0.00,-0.00,0.00,0.00,0.00,0.00,0.00,0.00,0.00,0.00,0.00,0
2.48588,-17,7,52,0,DRIVE [ 85 ] [ 1 ] [ 1880 1025 1781 ] [    0    0    0 ] [      0      0      0 ] [ 0 ],drive [ 85 ] [ 0 ] [ 1880 1025 1771 ] [    5   81   39 ] [  14682   8742   8651 ] [ 0 ],1.00,1.00,1.00,1.00,-17.11,6.95,0.00,0.00,0.00,0.00,0.00,-0.00,0.00,0.00,0.00,0.00,0.00,0.00,0.00,0.00,0.00,0
2.49827,-17,7,51,0,DRIVE [ 86 ] [ 1 ] [ 1880 1025 1789 ] [    0    0    0 ] [      0      0      0 ] [ 0 ],drive [ 85 ] [ 0 ] [ 1880 1025 1781 ] [    5   81   39 ] [  14682   8742   8651 ] [ 0 ],1.00,1.00,1.00,1.00,-16.81,7.17,0.00,0.00,0.00,0.00,0.00,-0.00,0.00,0.00,0.00,0.00,0.00,0.00,0.00,0.00,0.00,0
2.50977,-16,7,50,0,DRIVE [ 86 ] [ 1 ] [ 1880 1025 1796 ] [    0    0    0 ] [      0      0      0 ] [ 0 ],drive [ 86 ] [ 0 ] [ 1880 1025 1789 ] [   22  106   30 ] [  14682   8742   8651 ] [ 0 ],1.00,1.00,1.00,1.00,-16.49,7.33,0.00,0.00,0.00,0.00,0.00,-0.00,0.00,0.00,0.00,0.00,0.00,0.00,0.00,0.00,0.00,0
2.52046,-16,7,50,0,DRIVE [ 87 ] [ 1 ] [ 1880 1025 1802 ] [    0    0    0 ] [      0      0      0 ] [ 0 ],drive [ 86 ] [ 0 ] [ 1880 1025 1796 ] [   22  106   30 ] [  14682   8742   8651 ] [ 0 ],1.00,1.00,1.00,1.00,-16.05,7.40,0.00,0.00,0.00,0.00,0.00,-0.00,0.00,0.00,0.00,0.00,0.00,0.00,0.00,0.00,0.00,0
2.53183,-16,7,49,1,DRIVE [ 87 ] [ 1 ] [ 1880 1025 1810 ] [    0    0    0 ] [      0      0      0 ] [ 0 ],drive [ 87 ] [ 0 ] [ 1880 1025 1802 ] [   22  106   30 ] [  14682   8742   8651 ] [ 0 ],1.00,1.00,1.00,1.00,-15.56,7.43,0.00,0.00,0.00,0.00,0.00,-0.00,0.00,0.00,0.00,0.00,0.00,0.00,0.00,0.00,0.00,0
