timestamp,Xmm,Ymm,Zmm,TouchDetected,OutgoingPacket,IncomingPacket,GainPropAb, GainPropAd, GainPropFl, GainPropEx,PropA, PropB, PropC,GainIntegAb, GainIntegAd, GainIntegFl, GainIntegEx,IntegA, IntegB, IntegC,GainDerivAb, GainDerivAd, GainDerivFl, GainDerivEx,DerivA, DerivB, DerivC,Heading5
0.00582702,103,92,487,0,DRIVE [ 85 ] [ 1 ] [ 1071 1850 1904 ] [    0    0    0 ] [      0      0      0 ] [ 0 ],drive [ 85 ] [ 0 ] [ 1054 1842 1904 ] [   99    7   22 ] [  12382   5509   8808 ] [ 0 ],1.10,1.10,1.10,1.10,113.58,101.47,0.00,0.00,0.00,0.00,0.00,0.00,0.00,0.00,0.00,0.00,0.00,0.00,0.00,0.00,0.00,0
0.0193813,104,92,493,0,DRIVE [ 86 ] [ 1 ] [ 1074 1854 1904 ] [    0    0    0 ] [      0      0      0 ] [ 0 ],drive [ 85 ] [ 0 ] [ 1071 1850 1904 ] [   99    7   22 ] [  12682   5582   8740 ] [ 0 ],1.10,1.10,1.10,1.10,114.80,101.06,0.00,0.00,0.00,0.00,0.00,0.00,0.00,0.00,0.00,0.00,0.00,0.00,0.00,0.00,0.00,0
0.0328518,103,91,490,0,DRIVE [ 86 ] [ 1 ] [ 1078 1854 1904 ] [    0    0    0 ] [      0      0      0 ] [ 0 ],drive [ 86 ] [ 0 ] [ 1074 1854 1904 ] [   80   24   10 ] [  12682   5582   8740 ] [ 0 ],1.10,1.10,1.10,1.10,113.51,100.09,0.00,0.00,0.00,0.00,0.00,0.00,0.00,0.00,0.00,0.00,0.00,0.00,-0.00,-0.00,0.00,0
0.0458376,103,90,490,0,DRIVE [ 87 ] [ 1 ] [ 1083 1854 1904 ] [    0    0    0 ] [      0      0      0 ] [ 0 ],drive [ 86 ] [ 0 ] [ 1078 1854 1904 ] [   80   24   10 ] [  12682   5582   8740 ] [ 0 ],1.10,1.10,1.10,1.10,112.78,99.48,0.00,0.00,0.00,0.00,0.00,0.00,0.00,0.00,0.00,0.00,0.00,0.00,-0.00,-0.00,0.00,0
0.0591132,102,90,489,0,DRIVE [ 87 ] [ 1 ] [ 1086 1855 1904 ] [    0    0    0 ] [      0      0      0 ] [ 0 ],drive [ 87 ] [ 0 ] [ 1083 1854 1904 ] [   80   24   10 ] [  12682   5582   8740 ] [ 0 ],1.10,1.10,1.10,1.10,112.00,98.57,0.00,0.00,0.00,0.00,0.00,0.00,0.00,0.00,0.00,0.00,0.00,0.00,-0.00,-0.00,0.00,0
0.0725173,101,88,486,0,DRIVE [ 88 ] [ 1 ] [ 1088 1857 1904 ] [    0    0    0 ] [      0      0      0 ] [ 0 ],drive [ 87 ] [ 0 ] [ 1086 1855 1904 ] [   80   24   10 ] [  12725   5632   8677 ] [ 0 ],1.10,1.10,1.10,1.10,111.44,97.24,0.00,0.00,0.00,0.00,0.00,0.00,0.00,0.00,0.00,0.00,0.00,0.00,-0.00,-0.00,0.00,0
0.0855521,101,88,486,0,DRIVE [ 88 ] [ 1 ] [ 1088 1859 1904 ] [    0    0    0 ] [      0      0      0 ] [ 0 ],drive [ 88 ] [ 0 ] [ 1088 1857 1904 ] [   78   10   25 ] [  12725   5632   8677 ] [ 0 ],1.10,1.10,1.10,1.10,111.55,96.37,0.00,0.00,0.00,0.00,0.00,0.00,0.00,0.00,0.00,0.00,0.00,0.00,-0.00,-0.00,0.00,0
0.0989538,102,87,488,0,DRIVE [ 89 ] [ 1 ] [ 1088 1861 1904 ] [    0    0    0 ] [      0      0      0 ] [ 0 ],drive [ 88 ] [ 0 ] [ 1088 1859 1904 ] [   78   10   25 ] [  12725   5632   8677 ] [ 0 ],1.10,1.10,1.10,1.10,112.13,96.09,0.00,0.00,0.00,0.00,0.00,0.00,0.00,0.00,0.00,0.00,0.00,0.00,-0.00,-0.00,0.00,0
0.113444,102,86,485,0,DRIVE [ 89 ] [ 1 ] [ 1087 1863 1904 ] [    0    0    0 ] [      0      0      0 ] [ 0 ],drive [ 89 ] [ 0 ] [ 1088 1861 1904 ] [   78   10   25 ] [  12725   5632   8677 ] [ 0 ],1.10,1.10,1.10,1.10,111.67,95.08,0.00,0.00,0.00,0.00,0.00,0.00,0.00,0.00,0.00,0.00,0.00,0.00,-0.00,-0.00,0.00,0
0.126612,102,86,485,0,DRIVE [ 90 ] [ 1 ] [ 1086 1864 1904 ] [    0    0    0 ] [      0      0      0 ] [ 0 ],drive [ 89 ] [ 0 ] [ 1087 1863 1904 ] [   78   10   25 ] [  12725   5632   8677 ] [ 0 ],1.10,1.10,1.10,1.10,111.68,94.61,0.00,0.00,0.00,0.00,0.00,0.00,0.00,0.00,0.00,0.00,0.00,0.00,-0.00,-0.00,0.00,0
0.139306,102,86,485,0,DRIVE [ 90 ] [ 1 ] [ 1164 1868 1904 ] [    0    0    0 ] [      0      0      0 ] [ 0 ],drive [ 90 ] [ 0 ] [ 1086 1864 1904 ] [   77   10   24 ] [  12725   5632   8677 ] [ 0 ],1.10,1.10,1.10,1.10,100.51,85.15,0.00,0.00,0.00,0.00,0.00,0.00,0.00,0.00,0.00,0.00,0.00,0.00,-0.00,-0.00,0.00,0
0.152084,-41,5,425,0,DRIVE [ 91 ] [ 1 ] [ 1164 1667 1835 ] [    0    0    0 ] [      0      0      0 ] [ 0 ],drive [ 90 ] [ 0 ] [ 1164 1868 1904 ] [   77   10   24 ] [  12725   5632   8677 ] [ 0 ],1.10,1.10,1.10,1.10,-44.70,5.17,0.00,0.00,0.00,0.00,0.00,0.00,0.00,0.00,0.00,0.00,0.00,0.00,0.00,0.00,0.00,0
0.165382,-41,5,428,0,DRIVE [ 91 ] [ 1 ] [ 1164 1665 1836 ] [    0    0    0 ] [      0      0      0 ] [ 0 ],drive [ 91 ] [ 0 ] [ 1164 1667 1835 ] [   77   10   24 ] [  12725   5632   8677 ] [ 0 ],1.10,1.10,1.10,1.10,-44.84,5.59,0.00,0.00,0.00,0.00,0.00,0.00,0.00,0.00,0.00,0.00,0.00,0.00,0.00,0.00,0.00,0
0.178248,-41,5,427,0,DRIVE [ 92 ] [ 1 ] [ 1164 1664 1838 ] [    0    0    0 ] [      0      0      0 ] [ 0 ],drive [ 91 ] [ 0 ] [ 1164 1665 1836 ] [   77   10   24 ] [  12725   5632   8677 ] [ 0 ],1.10,1.10,1.10,1.10,-44.74,6.02,0.00,0.00,0.00,0.00,0.00,-0.00,0.00,0.00,0.00,0.00,0.00,0.00,0.00,-0.00,0.00,0
0.191555,-40,5,424,0,DRIVE [ 92 ] [ 1 ] [ 1164 1664 1838 ] [    0    0    0 ] [      0      0      0 ] [ 0 ],drive [ 92 ] [ 0 ] [ 1164 1664 1838 ] [   69   22   29 ] [  12725   5632   8677 ] [ 0 ],1.10,1.10,1.10,1.10,-44.35,6.03,0.00,0.00,0.00,0.00,0.00,-0.00,0.00,0.00,0.00,0.00,0.00,0.00,0.00,-0.00,0.00,0
0.204507,-40,6,424,0,DRIVE [ 93 ] [ 1 ] [ 1164 1664 1839 ] [    0    0    0 ] [      0      0      0 ] [ 0 ],drive [ 92 ] [ 0 ] [ 1164 1664 1838 ] [   69   22   29 ] [  12725   5632   8677 ] [ 0 ],1.10,1.10,1.10,1.10,-44.27,6.25,0.00,0.00,0.00,0.00,0.00,-0.00,0.00,0.00,0.00,0.00,0.00,0.00,0.00,-0.00,0.00,0
0.217227,-40,6,428,0,DRIVE [ 93 ] [ 1 ] [ 1164 1663 1840 ] [    0    0    0 ] [      0      0      0 ] [ 0 ],drive [ 93 ] [ 0 ] [ 1164 1664 1839 ] [   69   22   29 ] [  12718   6151   8709 ] [ 0 ],1.10,1.10,1.10,1.10,-44.46,6.78,0.00,0.00,0.00,0.00,0.00,-0.00,0.00,0.00,0.00,0.00,0.00,0.00,0.00,0.00,0.00,0
0.230717,-40,7,428,0,DRIVE [ 94 ] [ 1 ] [ 1164 1662 1843 ] [    0    0    0 ] [      0      0      0 ] [ 0 ],drive [ 93 ] [ 0 ] [ 1164 1663 1840 ] [   68   43   16 ] [  12718   6151   8709 ] [ 0 ],1.10,1.10,1.10,1.10,-44.09,7.43,0.00,0.00,0.00,0.00,0.00,-0.00,0.00,0.00,0.00,0.00,0.00,0.00,0.00,-0.00,0.00,0
0.24351,-38,7,427,0,DRIVE [ 94 ] [ 1 ] [ 1164 1673 1846 ] [    0    0    0 ] [      0      0      0 ] [ 0 ],drive [ 94 ] [ 0 ] [ 1164 1662 1843 ] [   68   43   16 ] [  12718   6151   8709 ] [ 0 ],1.10,1.10,1.10,1.10,-41.90,7.22,0.00,0.00,0.00,0.00,0.00,-0.00,0.00,0.00,0.00,0.00,0.00,0.00,0.00,-0.00,0.00,0
0.256489,-36,6,425,0,DRIVE [ 95 ] [ 1 ] [ 1164 1686 1850 ] [    0    0    0 ] [      0      0      0 ] [ 0 ],drive [ 94 ] [ 0 ] [ 1164 1673 1846 ] [   68   43   16 ] [  12718   6151   8709 ] [ 0 ],1.10,1.10,1.10,1.10,-39.29,6.78,0.00,0.00,0.00,0.00,0.00,-0.00,0.00,0.00,0.00,0.00,0.00,0.00,0.00,-0.00,0.00,0
0.270177,-34,6,425,0,DRIVE [ 95 ] [ 1 ] [ 1164 1699 1854 ] [    0    0    0 ] [      0      0      0 ] [ 0 ],drive [ 95 ] [ 0 ] [ 1164 1686 1850 ] [   68   43   16 ] [  12720   6316   8707 ] [ 0 ],1.10,1.10,1.10,1.10,-36.86,6.52,0.00,0.00,0.00,0.00,0.00,-0.00,0.00,0.00,0.00,0.00,0.00,0.00,0.00,-0.00,0.00,0
0.283242,-32,6,425,0,DRIVE [ 96 ] [ 1 ] [ 1164 1710 1857 ] [    0    0    0 ] [      0      0      0 ] [ 0 ],drive [ 95 ] [ 0 ] [ 1164 1699 1854 ] [   67   34   17 ] [  12720   6316   8707 ] [ 0 ],1.10,1.10,1.10,1.10,-34.73,6.42,0.00,0.00,0.00,0.00,0.00,-0.00,0.00,0.00,0.00,0.00,0.00,0.00,0.00,-0.00,0.00,0
0.297177,-30,6,426,0,DRIVE [ 96 ] [ 1 ] [ 1164 1718 1862 ] [    0    0    0 ] [      0      0      0 ] [ 0 ],drive [ 96 ] [ 0 ] [ 1164 1710 1857 ] [   67   34   17 ] [  12720   6316   8707 ] [ 0 ],1.10,1.10,1.10,1.10,-32.85,6.62,0.00,0.00,0.00,0.00,0.00,-0.00,0.00,0.00,0.00,0.00,0.00,0.00,0.00,-0.00,0.00,0
0.312014,-28,6,424,0,DRIVE [ 97 ] [ 1 ] [ 1164 1725 1865 ] [    0    0    0 ] [      0      0      0 ] [ 0 ],drive [ 96 ] [ 0 ] [ 1164 1718 1862 ] [   67   34   17 ] [  12720   6316   8707 ] [ 0 ],1.10,1.10,1.10,1.10,-31.17,6.88,0.00,0.00,0.00,0.00,0.00,-0.00,0.00,0.00,0.00,0.00,0.00,0.00,0.00,-0.00,0.00,0
0.325638,-27,7,424,0,DRIVE [ 97 ] [ 1 ] [ 1164 1730 1869 ] [    0    0    0 ] [      0      0      0 ] [ 0 ],drive [ 97 ] [ 0 ] [ 1164 1725 1865 ] [   67   34   17 ] [  12719   6314   8706 ] [ 0 ],1.10,1.10,1.10,1.10,-29.76,7.30,0.00,0.00,0.00,0.00,0.00,-0.00,0.00,0.00,0.00,0.00,0.00,0.00,0.00,-0.00,0.00,0
0.338723,-26,7,425,0,DRIVE [ 98 ] [ 1 ] [ 1164 1734 1874 ] [    0    0    0 ] [      0      0      0 ] [ 0 ],drive [ 97 ] [ 0 ] [ 1164 1730 1869 ] [   67   30   19 ] [  12719   6314   8706 ] [ 0 ],1.10,1.10,1.10,1.10,-28.32,7.94,0.00,0.00,0.00,0.00,0.00,-0.00,0.00,0.00,0.00,0.00,0.00,0.00,0.00,-0.00,0.00,0
0.353044,-25,8,424,0,DRIVE [ 98 ] [ 1 ] [ 1164 1738 1877 ] [    0    0    0 ] [      0      0      0 ] [ 0 ],drive [ 98 ] [ 0 ] [ 1164 1734 1874 ] [   67   30   19 ] [  12719   6314   8706 ] [ 0 ],1.10,1.10,1.10,1.10,-26.97,8.36,0.00,0.00,0.00,0.00,0.00,-0.00,0.00,0.00,0.00,0.00,0.00,0.00,0.00,-0.00,0.00,0
0.368671,-23,8,424,0,DRIVE [ 99 ] [ 1 ] [ 1164 1742 1881 ] [    0    0    0 ] [      0      0      0 ] [ 0 ],drive [ 98 ] [ 0 ] [ 1164 1738 1877 ] [   67   30   19 ] [  12720   6314   8675 ] [ 0 ],1.10,1.10,1.10,1.10,-25.67,8.74,0.00,0.00,0.00,0.00,0.00,-0.00,0.00,0.00,0.00,0.00,0.00,0.00,0.00,-0.00,0.00,0
0.381677,-22,8,421,0,DRIVE [ 99 ] [ 1 ] [ 1164 1745 1883 ] [    0    0    0 ] [      0      0      0 ] [ 0 ],drive [ 99 ] [ 0 ] [ 1164 1742 1881 ] [   67   28   27 ] [  12720   6314   8675 ] [ 0 ],1.10,1.10,1.10,1.10,-24.63,8.87,0.00,0.00,0.00,0.00,0.00,-0.00,0.00,0.00,0.00,0.00,0.00,0.00,0.00,-0.00,0.00,0
0.395187,-22,8,418,0,DRIVE [ 00 ] [ 1 ] [ 1164 1750 1884 ] [    0    0    0 ] [      0      0      0 ] [ 0 ],drive [ 99 ] [ 0 ] [ 1164 1745 1883 ] [   67   28   27 ] [  12720   6314   8675 ] [ 0 ],1.10,1.10,1.10,1.10,-23.74,8.61,0.00,0.00,0.00,0.00,0.00,-0.00,0.00,0.00,0.00,0.00,0.00,0.00,0.00,-0.00,0.00,0
0.408189,-21,8,416,0,DRIVE [ 00 ] [ 1 ] [ 1164 1754 1885 ] [    0    0    0 ] [      0      0      0 ] [ 0 ],drive [ 00 ] [ 0 ] [ 1164 1750 1884 ] [   67   28   27 ] [  12720   6314   8675 ] [ 0 ],1.10,1.10,1.10,1.10,-22.93,8.34,0.00,0.00,0.00,0.00,0.00,-0.00,0.00,0.00,0.00,0.00,0.00,0.00,0.00,-0.00,0.00,0
0.423553,-20,7,416,0,DRIVE [ 01 ] [ 1 ] [ 1164 1759 1885 ] [    0    0    0 ] [      0      0      0 ] [ 0 ],drive [ 00 ] [ 0 ] [ 1164 1754 1885 ] [   67   28   27 ] [  12720   6313   8670 ] [ 0 ],1.10,1.10,1.10,1.10,-22.28,8.09,0.00,0.00,0.00,0.00,0.00,-0.00,0.00,0.00,0.00,0.00,0.00,0.00,0.00,-0.00,0.00,0
0.437338,-20,7,417,0,DRIVE [ 01 ] [ 1 ] [ 1164 1763 1886 ] [    0    0    0 ] [      0      0      0 ] [ 0 ],drive [ 01 ] [ 0 ] [ 1164 1759 1885 ] [   69   28   27 ] [  12720   6313   8670 ] [ 0 ],1.10,1.10,1.10,1.10,-21.63,7.88,0.00,0.00,0.00,0.00,0.00,-0.00,0.00,0.00,0.00,0.00,0.00,0.00,0.00,-0.00,0.00,0
0.450504,-19,7,415,0,DRIVE [ 02 ] [ 1 ] [ 1164 1768 1887 ] [    0    0    0 ] [      0      0      0 ] [ 0 ],drive [ 01 ] [ 0 ] [ 1164 1763 1886 ] [   69   28   27 ] [  12720   6313   8670 ] [ 0 ],1.10,1.10,1.10,1.10,-20.70,7.63,0.00,0.00,0.00,0.00,0.00,-0.00,0.00,0.00,0.00,0.00,0.00,0.00,0.00,-0.00,0.00,0
0.464161,-18,7,415,0,DRIVE [ 02 ] [ 1 ] [ 1164 1776 1888 ] [    0    0    0 ] [      0      0      0 ] [ 0 ],drive [ 02 ] [ 0 ] [ 1164 1768 1887 ] [   69   28   27 ] [  12720   6313   8670 ] [ 0 ],1.10,1.10,1.10,1.10,-19.38,7.27,0.00,0.00,0.00,0.00,0.00,-0.00,0.00,0.00,0.00,0.00,0.00,0.00,0.00,-0.00,0.00,0
0.477221,-16,6,415,0,DRIVE [ 03 ] [ 1 ] [ 1164 1784 1891 ] [    0    0    0 ] [      0      0      0 ] [ 0 ],drive [ 02 ] [ 0 ] [ 1164 1776 1888 ] [   69   28   27 ] [  12719   6312   8669 ] [ 0 ],1.10,1.10,1.10,1.10,-17.88,7.05,0.00,0.00,0.00,0.00,0.00,-0.00,0.00,0.00,0.00,0.00,0.00,0.00,0.00,-0.00,0.00,0
0.490362,-15,6,415,0,DRIVE [ 03 ] [ 1 ] [ 1164 1791 1893 ] [    0    0    0 ] [      0      0      0 ] [ 0 ],drive [ 03 ] [ 0 ] [ 1164 1784 1891 ] [   68   28   26 ] [  12719   6312   8669 ] [ 0 ],1.10,1.10,1.10,1.10,-16.43,7.00,0.00,0.00,0.00,0.00,0.00,-0.00,0.00,0.00,0.00,0.00,0.00,0.00,0.00,-0.00,0.00,0
0.506339,-13,6,415,0,DRIVE [ 04 ] [ 1 ] [ 1164 1799 1896 ] [    0    0    0 ] [      0      0      0 ] [ 0 ],drive [ 03 ] [ 0 ] [ 1164 1791 1893 ] [   68   28   26 ] [  12719   6312   8669 ] [ 0 ],1.10,1.10,1.10,1.10,-14.81,6.96,0.00,0.00,0.00,0.00,0.00,-0.00,0.00,0.00,0.00,0.00,0.00,0.00,0.00,-0.00,0.00,0
0.51923,-11,7,415,0,DRIVE [ 04 ] [ 1 ] [ 1164 1807 1903 ] [    0    0    0 ] [      0      0      0 ] [ 0 ],drive [ 04 ] [ 0 ] [ 1164 1799 1896 ] [   68   28   26 ] [  12718   6306   8669 ] [ 0 ],1.10,1.10,1.10,1.10,-12.12,7.50,0.00,0.00,0.00,0.00,0.00,-0.00,0.00,0.00,0.00,0.00,0.00,0.00,0.00,-0.00,0.00,0
0.535065,-9,7,418,0,DRIVE [ 05 ] [ 1 ] [ 1900 1822 1903 ] [    0    0    0 ] [      0      0      0 ] [ 0 ],drive [ 04 ] [ 0 ] [ 1164 1807 1903 ] [   68   27   26 ] [  12718   6306   8669 ] [ 0 ],1.10,1.10,1.10,1.10,-9.40,8.22,0.00,0.00,0.00,0.00,0.00,-0.00,0.00,0.00,0.00,0.00,0.00,0.00,0.00,-0.00,0.00,0
0.548091,-6,8,417,0,DRIVE [ 05 ] [ 1 ] [ 1892 1841 1903 ] [    0    0    0 ] [      0      0      0 ] [ 0 ],drive [ 05 ] [ 0 ] [ 1900 1822 1903 ] [   68   27   26 ] [  12718   6306   8669 ] [ 0 ],1.10,1.10,1.10,1.10,-6.57,8.89,0.00,0.00,0.00,0.00,0.00,-0.00,0.00,0.00,0.00,0.00,0.00,0.00,0.00,-0.00,0.00,0
0.565857,-3,9,416,0,DRIVE [ 06 ] [ 1 ] [ 1883 1855 1903 ] [    0    0    0 ] [      0      0      0 ] [ 0 ],drive [ 05 ] [ 0 ] [ 1892 1841 1903 ] [   68   27   26 ] [  12718   6306   8669 ] [ 0 ],1.10,1.10,1.10,1.10,-3.73,9.54,0.00,0.00,0.00,0.00,0.00,-0.00,0.00,0.00,0.00,0.00,0.00,0.00,0.00,-0.00,0.00,0
0.579195,-1,9,416,0,DRIVE [ 06 ] [ 1 ] [ 1871 1867 1903 ] [    0    0    0 ] [      0      0      0 ] [ 0 ],drive [ 06 ] [ 0 ] [ 1883 1855 1903 ] [    6   21   20 ] [  12559   6295   8668 ] [ 0 ],1.10,1.10,1.10,1.10,-0.62,10.21,0.00,0.00,0.00,0.00,0.00,-0.00,0.00,0.00,0.00,0.00,0.00,0.00,0.00,0.00,0.00,0
0.592305,3,10,415,0,DRIVE [ 07 ] [ 1 ] [ 1852 1877 1903 ] [    0    0    0 ] [      0      0      0 ] [ 0 ],drive [ 06 ] [ 0 ] [ 1871 1867 1903 ] [    6   21   20 ] [  12559   6295   8668 ] [ 0 ],1.10,1.10,1.10,1.10,3.41,10.98,0.00,0.00,0.00,0.00,0.00,-0.00,0.00,0.00,0.00,0.00,0.00,0.00,0.00,0.00,0.00,0
0.605237,7,11,413,0,DRIVE [ 07 ] [ 1 ] [ 1827 1886 1903 ] [    0    0    0 ] [      0      0      0 ] [ 0 ],drive [ 07 ] [ 0 ] [ 1852 1877 1903 ] [    6   21   20 ] [  12559   6295   8668 ] [ 0 ],1.10,1.10,1.10,1.10,7.49,11.55,0.00,0.00,0.00,0.00,0.00,-0.00,0.00,0.00,0.00,0.00,0.00,0.00,0.00,0.00,0.00,0
0.618328,14,14,418,0,DRIVE [ 08 ] [ 1 ] [ 1768 1893 1903 ] [    0    0    0 ] [      0      0      0 ] [ 0 ],drive [ 07 ] [ 0 ] [ 1827 1886 1903 ] [    6   21   20 ] [  10111   6311   8898 ] [ 0 ],1.10,1.10,1.10,1.10,15.25,14.88,0.00,0.00,0.00,0.00,0.00,-0.00,0.00,0.00,0.00,0.00,0.00,0.00,0.00,0.00,0.00,0
0.630762,22,17,421,0,DRIVE [ 08 ] [ 1 ] [ 1698 1900 1903 ] [    0    0    0 ] [      0      0      0 ] [ 0 ],drive [ 08 ] [ 0 ] [ 1768 1893 1903 ] [   25   17   22 ] [  10111   6311   8898 ] [ 0 ],1.10,1.10,1.10,1.10,24.10,18.72,0.00,0.00,0.00,0.00,0.00,-0.00,0.00,0.00,0.00,0.00,0.00,0.00,0.00,0.00,0.00,0
0.643356,30,20,419,0,DRIVE [ 09 ] [ 1 ] [ 1629 1900 1902 ] [    0    0    0 ] [      0      0      0 ] [ 0 ],drive [ 08 ] [ 0 ] [ 1698 1900 1903 ] [   25   17   22 ] [  10111   6311   8898 ] [ 0 ],1.10,1.10,1.10,1.10,33.27,22.14,0.00,0.00,0.00,0.00,0.00,-0.00,0.00,0.00,0.00,0.00,0.00,0.00,0.00,0.00,0.00,0
0.655686,39,23,417,0,DRIVE [ 09 ] [ 1 ] [ 1569 1900 1892 ] [    0    0    0 ] [      0      0      0 ] [ 0 ],drive [ 09 ] [ 0 ] [ 1629 1900 1902 ] [   25   17   22 ] [  10111   6311   8898 ] [ 0 ],1.10,1.10,1.10,1.10,43.06,25.19,0.00,0.00,0.00,0.00,0.00,-0.00,0.00,0.00,0.00,0.00,0.00,0.00,0.00,0.00,0.00,0
0.669517,48,25,414,0,DRIVE [ 10 ] [ 1 ] [ 1509 1900 1881 ] [    0    0    0 ] [      0      0      0 ] [ 0 ],drive [ 09 ] [ 0 ] [ 1569 1900 1892 ] [   25   17   22 ] [   9783   6308   9128 ] [ 0 ],1.10,1.10,1.10,1.10,52.76,27.88,0.00,0.00,0.00,0.00,0.00,-0.00,0.00,0.00,0.00,0.00,0.00,0.00,0.00,0.00,0.00,0
0.682705,56,27,411,0,DRIVE [ 10 ] [ 1 ] [ 1455 1900 1870 ] [    0    0    0 ] [      0      0      0 ] [ 0 ],drive [ 10 ] [ 0 ] [ 1509 1900 1881 ] [   43   19   27 ] [   9783   6308   9128 ] [ 0 ],1.10,1.10,1.10,1.10,61.70,29.92,0.00,0.00,0.00,0.00,0.00,-0.00,0.00,0.00,0.00,0.00,0.00,0.00,0.00,0.00,0.00,0
0.695356,63,29,404,0,DRIVE [ 11 ] [ 1 ] [ 1403 1900 1858 ] [    0    0    0 ] [      0      0      0 ] [ 0 ],drive [ 10 ] [ 0 ] [ 1455 1900 1870 ] [   43   19   27 ] [   9783   6308   9128 ] [ 0 ],1.10,1.10,1.10,1.10,69.71,31.49,0.00,0.00,0.00,0.00,0.00,-0.00,0.00,0.00,0.00,0.00,0.00,0.00,0.00,0.00,0.00,0
0.708934,69,30,400,0,DRIVE [ 11 ] [ 1 ] [ 1360 1900 1851 ] [    0    0    0 ] [      0      0      0 ] [ 0 ],drive [ 11 ] [ 0 ] [ 1403 1900 1858 ] [   43   19   27 ] [   9783   6308   9128 ] [ 0 ],1.10,1.10,1.10,1.10,75.97,33.32,0.00,0.00,0.00,0.00,0.00,-0.00,0.00,0.00,0.00,0.00,0.00,0.00,0.00,0.00,0.00,0
0.721669,73,32,397,0,DRIVE [ 12 ] [ 1 ] [ 1328 1900 1846 ] [    0    0    0 ] [      0      0      0 ] [ 0 ],drive [ 11 ] [ 0 ] [ 1360 1900 1851 ] [   43   19   27 ] [  10464   6270   9110 ] [ 0 ],1.10,1.10,1.10,1.10,80.28,34.76,0.00,0.00,0.00,0.00,0.00,-0.00,0.00,0.00,0.00,0.00,0.00,0.00,0.00,0.00,0.00,0
0.735158,76,33,395,0,DRIVE [ 12 ] [ 1 ] [ 1304 1900 1844 ] [    0    0    0 ] [      0      0      0 ] [ 0 ],drive [ 12 ] [ 0 ] [ 1328 1900 1846 ] [   54    6   29 ] [  10464   6270   9110 ] [ 0 ],1.10,1.10,1.10,1.10,83.37,36.06,0.00,0.00,0.00,0.00,0.00,-0.00,0.00,0.00,0.00,0.00,0.00,0.00,0.00,0.00,0.00,0
0.748306,77,34,392,0,DRIVE [ 13 ] [ 1 ] [ 1285 1900 1843 ] [    0    0    0 ] [      0      0      0 ] [ 0 ],drive [ 12 ] [ 0 ] [ 1304 1900 1844 ] [   54    6   29 ] [  10464   6270   9110 ] [ 0 ],1.10,1.10,1.10,1.10,85.22,37.10,0.00,0.00,0.00,0.00,0.00,-0.00,0.00,0.00,0.00,0.00,0.00,0.00,0.00,0.00,0.00,0
0.761061,79,35,389,0,DRIVE [ 13 ] [ 1 ] [ 1268 1900 1842 ] [    0    0    0 ] [      0      0      0 ] [ 0 ],drive [ 13 ] [ 0 ] [ 1285 1900 1843 ] [   54    6   29 ] [  10464   6270   9110 ] [ 0 ],1.10,1.10,1.10,1.10,86.53,38.04,0.00,0.00,0.00,0.00,0.00,-0.00,0.00,0.00,0.00,0.00,0.00,0.00,0.00,0.00,0.00,0
0.773849,80,35,386,0,DRIVE [ 14 ] [ 1 ] [ 1250 1900 1841 ] [    0    0    0 ] [      0      0      0 ] [ 0 ],drive [ 13 ] [ 0 ] [ 1268 1900 1842 ] [   54    6   29 ] [  10891   6152   9112 ] [ 0 ],1.10,1.10,1.10,1.10,88.52,38.99,0.00,0.00,0.00,0.00,0.00,-0.00,0.00,0.00,0.00,0.00,0.00,0.00,0.00,0.00,0.00,0
0.787558,82,36,384,0,DRIVE [ 14 ] [ 1 ] [ 1231 1900 1838 ] [    0    0    0 ] [      0      0      0 ] [ 0 ],drive [ 14 ] [ 0 ] [ 1250 1900 1841 ] [   68   26   31 ] [  10891   6152   9112 ] [ 0 ],1.10,1.10,1.10,1.10,90.67,39.86,0.00,0.00,0.00,0.00,0.00,-0.00,0.00,0.00,0.00,0.00,0.00,0.00,0.00,0.00,0.00,0
0.800266,84,37,381,0,DRIVE [ 15 ] [ 1 ] [ 1213 1900 1836 ] [    0    0    0 ] [      0      0      0 ] [ 0 ],drive [ 14 ] [ 0 ] [ 1231 1900 1838 ] [   68   26   31 ] [  10891   6152   9112 ] [ 0 ],1.10,1.10,1.10,1.10,92.62,40.54,0.00,0.00,0.00,0.00,0.00,-0.00,0.00,0.00,0.00,0.00,0.00,0.00,0.00,0.00,0.00,0
0.813185,86,37,379,0,DRIVE [ 15 ] [ 1 ] [ 1196 1900 1833 ] [    0    0    0 ] [      0      0      0 ] [ 0 ],drive [ 15 ] [ 0 ] [ 1213 1900 1836 ] [   68   26   31 ] [  10891   6152   9112 ] [ 0 ],1.10,1.10,1.10,1.10,95.12,41.17,0.00,0.00,0.00,0.00,0.00,-0.00,0.00,0.00,0.00,0.00,0.00,0.00,0.00,0.00,0.00,0
0.826034,88,38,376,0,DRIVE [ 16 ] [ 1 ] [ 1178 1900 1829 ] [    0    0    0 ] [      0      0      0 ] [ 0 ],drive [ 15 ] [ 0 ] [ 1196 1900 1833 ] [   68   26   31 ] [  10939   6153   9115 ] [ 0 ],1.10,1.10,1.10,1.10,97.33,41.48,0.00,0.00,0.00,0.00,0.00,-0.00,0.00,0.00,0.00,0.00,0.00,0.00,0.00,0.00,0.00,0
0.838612,91,38,374,0,DRIVE [ 16 ] [ 1 ] [ 1160 1900 1825 ] [    0    0    0 ] [      0      0      0 ] [ 0 ],drive [ 16 ] [ 0 ] [ 1178 1900 1829 ] [   78   26   32 ] [  10939   6153   9115 ] [ 0 ],1.10,1.10,1.10,1.10,99.70,41.94,0.00,0.00,0.00,0.00,0.00,-0.00,0.00,0.00,0.00,0.00,0.00,0.00,0.00,0.00,0.00,0
0.852134,93,39,371,0,DRIVE [ 17 ] [ 1 ] [ 1136 1900 1820 ] [    0    0    0 ] [      0      0      0 ] [ 0 ],drive [ 16 ] [ 0 ] [ 1160 1900 1825 ] [   78   26   32 ] [  10939   6153   9115 ] [ 0 ],1.10,1.10,1.10,1.10,102.83,42.62,0.00,0.00,0.00,0.00,0.00,-0.00,0.00,0.00,0.00,0.00,0.00,0.00,0.00,0.00,0.00,0
0.864551,96,39,367,0,DRIVE [ 17 ] [ 1 ] [ 1116 1900 1815 ] [    0    0    0 ] [      0      0      0 ] [ 0 ],drive [ 17 ] [ 0 ] [ 1136 1900 1820 ] [   78   26   32 ] [  11262   6151   9115 ] [ 0 ],1.10,1.10,1.10,1.10,105.09,42.92,0.00,0.00,0.00,0.00,0.00,-0.00,0.00,0.00,0.00,0.00,0.00,0.00,0.00,0.00,0.00,0
0.877588,97,39,365,0,DRIVE [ 18 ] [ 1 ] [ 1099 1900 1812 ] [    0    0    0 ] [      0      0      0 ] [ 0 ],drive [ 17 ] [ 0 ] [ 1116 1900 1815 ] [   78   26   32 ] [  11262   6151   9115 ] [ 0 ],1.10,1.10,1.10,1.10,107.24,43.35,0.00,0.00,0.00,0.00,0.00,-0.00,0.00,0.00,0.00,0.00,0.00,0.00,0.00,0.00,0.00,0
0.892236,99,40,364,0,DRIVE [ 18 ] [ 1 ] [ 1082 1900 1810 ] [    0    0    0 ] [      0      0      0 ] [ 0 ],drive [ 18 ] [ 0 ] [ 1099 1900 1812 ] [   75   25   33 ] [  11262   6151   9115 ] [ 0 ],1.10,1.10,1.10,1.10,109.39,44.27,0.00,0.00,0.00,0.00,0.00,-0.00,0.00,0.00,0.00,0.00,0.00,0.00,0.00,0.00,0.00,0
0.904649,100,41,361,0,DRIVE [ 19 ] [ 1 ] [ 1067 1900 1809 ] [    0    0    0 ] [      0      0      0 ] [ 0 ],drive [ 18 ] [ 0 ] [ 1082 1900 1810 ] [   75   25   33 ] [  11262   6151   9115 ] [ 0 ],1.10,1.10,1.10,1.10,110.46,44.79,0.00,0.00,0.00,0.00,0.00,-0.00,0.00,0.00,0.00,0.00,0.00,0.00,0.00,0.00,0.00,0
0.917964,101,41,359,0,DRIVE [ 19 ] [ 1 ] [ 1054 1900 1808 ] [    0    0    0 ] [      0      0      0 ] [ 0 ],drive [ 19 ] [ 0 ] [ 1067 1900 1809 ] [   75   25   33 ] [  11547   6148   9114 ] [ 0 ],1.10,1.10,1.10,1.10,111.41,45.43,0.00,0.00,0.00,0.00,0.00,-0.00,0.00,0.00,0.00,0.00,0.00,0.00,0.00,0.00,0.00,0
0.930487,102,42,358,0,DRIVE [ 20 ] [ 1 ] [ 1043 1900 1808 ] [    0    0    0 ] [      0      0      0 ] [ 0 ],drive [ 19 ] [ 0 ] [ 1054 1900 1808 ] [   95   24   34 ] [  11547   6148   9114 ] [ 0 ],1.10,1.10,1.10,1.10,112.40,46.08,0.00,0.00,0.00,0.00,0.00,-0.00,0.00,0.00,0.00,0.00,0.00,0.00,0.00,0.00,0.00,0
0.943553,102,42,355,0,DRIVE [ 20 ] [ 1 ] [ 1033 1900 1808 ] [    0    0    0 ] [      0      0      0 ] [ 0 ],drive [ 20 ] [ 0 ] [ 1043 1900 1808 ] [   95   24   34 ] [  11547   6148   9114 ] [ 0 ],1.10,1.10,1.10,1.10,112.59,46.50,0.00,0.00,0.00,0.00,0.00,-0.00,0.00,0.00,0.00,0.00,0.00,0.00,0.00,0.00,0.00,0
0.95609,103,43,353,0,DRIVE [ 21 ] [ 1 ] [ 1025 1900 1808 ] [    0    0    0 ] [      0      0      0 ] [ 0 ],drive [ 20 ] [ 0 ] [ 1033 1900 1808 ] [   95   24   34 ] [  11547   6148   9114 ] [ 0 ],1.10,1.10,1.10,1.10,113.07,46.94,0.00,0.00,0.00,0.00,0.00,-0.00,0.00,0.00,0.00,0.00,0.00,0.00,0.00,0.00,0.00,0
0.969129,103,43,353,0,DRIVE [ 21 ] [ 1 ] [ 1025 1900 1808 ] [    0    0    0 ] [      0      0      0 ] [ 0 ],drive [ 21 ] [ 0 ] [ 1025 1900 1808 ] [   95   24   34 ] [  11741   6144   9105 ] [ 0 ],1.10,1.10,1.10,1.10,113.70,47.40,0.00,0.00,0.00,0.00,0.00,-0.00,0.00,0.00,0.00,0.00,0.00,0.00,0.00,0.00,0.00,0
0.983463,103,43,351,0,DRIVE [ 22 ] [ 1 ] [ 1025 1900 1808 ] [    0    0    0 ] [      0      0      0 ] [ 0 ],drive [ 21 ] [ 0 ] [ 1025 1900 1808 ] [  109    2   24 ] [  11741   6144   9105 ] [ 0 ],1.10,1.10,1.10,1.10,113.81,47.81,0.00,0.00,0.00,0.00,0.00,-0.00,0.00,0.00,0.00,0.00,0.00,0.00,0.00,0.00,0.00,0
0.995921,103,43,349,0,DRIVE [ 22 ] [ 1 ] [ 1025 1900 1809 ] [    0    0    0 ] [      0      0      0 ] [ 0 ],drive [ 22 ] [ 0 ] [ 1025 1900 1808 ] [  109    2   24 ] [  11741   6144   9105 ] [ 0 ],1.10,1.10,1.10,1.10,113.08,47.82,0.00,0.00,0.00,0.00,0.00,-0.00,0.00,0.00,0.00,0.00,0.00,0.00,0.00,0.00,0.00,0
1.0088,102,43,348,0,DRIVE [ 23 ] [ 1 ] [ 1025 1900 1810 ] [    0    0    0 ] [      0      0      0 ] [ 0 ],drive [ 22 ] [ 0 ] [ 1025 1900 1809 ] [  109    2   24 ] [  11741   6144   9105 ] [ 0 ],1.10,1.10,1.10,1.10,112.59,47.83,0.00,0.00,0.00,0.00,0.00,-0.00,0.00,0.00,0.00,0.00,0.00,0.00,0.00,0.00,0.00,0
1.02195,101,44,346,0,DRIVE [ 23 ] [ 1 ] [ 1025 1900 1813 ] [    0    0    0 ] [      0      0      0 ] [ 0 ],drive [ 23 ] [ 0 ] [ 1025 1900 1810 ] [  109    2   24 ] [  12049   6024   9088 ] [ 0 ],1.10,1.10,1.10,1.10,111.37,47.92,0.00,0.00,0.00,0.00,0.00,-0.00,0.00,0.00,0.00,0.00,0.00,0.00,0.00,0.00,0.00,0
1.03441,99,44,345,0,DRIVE [ 24 ] [ 1 ] [ 1025 1900 1818 ] [    0    0    0 ] [      0      0      0 ] [ 0 ],drive [ 23 ] [ 0 ] [ 1025 1900 1813 ] [   92   17   13 ] [  12049   6024   9088 ] [ 0 ],1.10,1.10,1.10,1.10,109.02,48.30,0.00,0.00,0.00,0.00,0.00,-0.00,0.00,0.00,0.00,0.00,0.00,0.00,0.00,0.00,0.00,0
1.04727,97,44,345,0,DRIVE [ 24 ] [ 1 ] [ 1025 1900 1825 ] [    0    0    0 ] [      0      0      0 ] [ 0 ],drive [ 24 ] [ 0 ] [ 1025 1900 1818 ] [   92   17   13 ] [  12049   6024   9088 ] [ 0 ],1.10,1.10,1.10,1.10,106.60,48.85,0.00,0.00,0.00,0.00,0.00,-0.00,0.00,0.00,0.00,0.00,0.00,0.00,0.00,0.00,0.00,0
1.05946,95,45,344,0,DRIVE [ 25 ] [ 1 ] [ 1031 1900 1832 ] [    0    0    0 ] [      0      0      0 ] [ 0 ],drive [ 24 ] [ 0 ] [ 1025 1900 1825 ] [   92   17   13 ] [  12049   6024   9088 ] [ 0 ],1.10,1.10,1.10,1.10,104.04,49.35,0.00,0.00,0.00,0.00,0.00,-0.00,0.00,0.00,0.00,0.00,0.00,0.00,0.00,0.00,0.00,0
1.07185,92,45,342,0,DRIVE [ 25 ] [ 1 ] [ 1041 1900 1839 ] [    0    0    0 ] [      0      0      0 ] [ 0 ],drive [ 25 ] [ 0 ] [ 1031 1900 1832 ] [   92   17   13 ] [  12158   6023   9014 ] [ 0 ],1.10,1.10,1.10,1.10,101.00,49.41,0.00,0.00,0.00,0.00,0.00,-0.00,0.00,0.00,0.00,0.00,0.00,0.00,0.00,0.00,0.00,0
1.08504,89,45,341,0,DRIVE [ 26 ] [ 1 ] [ 1052 1900 1844 ] [    0    0    0 ] [      0      0      0 ] [ 0 ],drive [ 25 ] [ 0 ] [ 1041 1900 1839 ] [   98   18   10 ] [  12158   6023   9014 ] [ 0 ],1.10,1.10,1.10,1.10,98.25,49.20,0.00,0.00,0.00,0.00,0.00,-0.00,0.00,0.00,0.00,0.00,0.00,0.00,0.00,0.00,0.00,0
1.09748,86,44,340,0,DRIVE [ 26 ] [ 1 ] [ 1069 1900 1848 ] [    0    0    0 ] [      0      0      0 ] [ 0 ],drive [ 26 ] [ 0 ] [ 1052 1900 1844 ] [   98   18   10 ] [  12158   6023   9014 ] [ 0 ],1.10,1.10,1.10,1.10,95.14,48.59,0.00,0.00,0.00,0.00,0.00,-0.00,0.00,0.00,0.00,0.00,0.00,0.00,0.00,0.00,0.00,0
1.11009,84,44,340,0,DRIVE [ 27 ] [ 1 ] [ 1087 1900 1852 ] [    0    0    0 ] [      0      0      0 ] [ 0 ],drive [ 26 ] [ 0 ] [ 1069 1900 1848 ] [   98   18   10 ] [  12158   6023   9014 ] [ 0 ],1.10,1.10,1.10,1.10,92.37,47.91,0.00,0.00,0.00,0.00,0.00,-0.00,0.00,0.00,0.00,0.00,0.00,0.00,0.00,0.00,0.00,0
1.12246,81,43,340,0,DRIVE [ 27 ] [ 1 ] [ 1107 1900 1856 ] [    0    0    0 ] [      0      0      0 ] [ 0 ],drive [ 27 ] [ 0 ] [ 1087 1900 1852 ] [   98   18   10 ] [  12291   5938   8862 ] [ 0 ],1.10,1.10,1.10,1.10,89.46,46.97,0.00,0.00,0.00,0.00,0.00,-0.00,0.00,0.00,0.00,0.00,0.00,0.00,0.00,0.00,0.00,0
1.13516,79,42,339,0,DRIVE [ 28 ] [ 1 ] [ 1129 1900 1859 ] [    0    0    0 ] [      0      0      0 ] [ 0 ],drive [ 27 ] [ 0 ] [ 1107 1900 1856 ] [   88    5   12 ] [  12291   5938   8862 ] [ 0 ],1.10,1.10,1.10,1.10,86.47,45.79,0.00,0.00,0.00,0.00,0.00,-0.00,0.00,0.00,0.00,0.00,0.00,0.00,-0.00,-0.00,0.00,0
1.14784,76,41,339,0,DRIVE [ 28 ] [ 1 ] [ 1150 1900 1863 ] [    0    0    0 ] [      0      0      0 ] [ 0 ],drive [ 28 ] [ 0 ] [ 1129 1900 1859 ] [   88    5   12 ] [  12291   5938   8862 ] [ 0 ],1.10,1.10,1.10,1.10,83.27,44.85,0.00,0.00,0.00,0.00,0.00,-0.00,0.00,0.00,0.00,0.00,0.00,0.00,-0.00,-0.00,0.00,0
1.16024,73,40,339,0,DRIVE [ 29 ] [ 1 ] [ 1170 1900 1868 ] [    0    0    0 ] [      0      0      0 ] [ 0 ],drive [ 28 ] [ 0 ] [ 1150 1900 1863 ] [   88    5   12 ] [  12291   5938   8862 ] [ 0 ],1.10,1.10,1.10,1.10,79.93,44.19,0.00,0.00,0.00,0.00,0.00,-0.00,0.00,0.00,0.00,0.00,0.00,0.00,-0.00,-0.00,0.00,0
1.17259,70,40,337,0,DRIVE [ 29 ] [ 1 ] [ 1189 1900 1873 ] [    0    0    0 ] [      0      0      0 ] [ 0 ],drive [ 29 ] [ 0 ] [ 1170 1900 1868 ] [   88    5   12 ] [  12286   5789   8863 ] [ 0 ],1.10,1.10,1.10,1.10,76.46,43.52,0.00,0.00,0.00,0.00,0.00,-0.00,0.00,0.00,0.00,0.00,0.00,0.00,-0.00,-0.00,0.00,0
1.18558,67,39,338,0,DRIVE [ 30 ] [ 1 ] [ 1210 1900 1879 ] [    0    0    0 ] [      0      0      0 ] [ 0 ],drive [ 29 ] [ 0 ] [ 1189 1900 1873 ] [   80   11   10 ] [  12286   5789   8863 ] [ 0 ],1.10,1.10,1.10,1.10,73.20,42.99,0.00,0.00,0.00,0.00,0.00,-0.00,0.00,0.00,0.00,0.00,0.00,0.00,-0.00,-0.00,0.00,0
1.19767,63,38,337,0,DRIVE [ 30 ] [ 1 ] [ 1232 1900 1884 ] [    0    0    0 ] [      0      0      0 ] [ 0 ],drive [ 30 ] [ 0 ] [ 1210 1900 1879 ] [   80   11   10 ] [  12286   5789   8863 ] [ 0 ],1.10,1.10,1.10,1.10,69.64,42.12,0.00,0.00,0.00,0.00,0.00,-0.00,0.00,0.00,0.00,0.00,0.00,0.00,-0.00,-0.00,0.00,0
1.21041,60,37,337,0,DRIVE [ 31 ] [ 1 ] [ 1255 1900 1888 ] [    0    0    0 ] [      0      0      0 ] [ 0 ],drive [ 30 ] [ 0 ] [ 1232 1900 1884 ] [   80   11   10 ] [  12286   5789   8863 ] [ 0 ],1.10,1.10,1.10,1.10,66.18,41.09,0.00,0.00,0.00,0.00,0.00,-0.00,0.00,0.00,0.00,0.00,0.00,0.00,-0.00,-0.00,0.00,0
1.22283,56,35,337,0,DRIVE [ 31 ] [ 1 ] [ 1293 1900 1892 ] [    0    0    0 ] [      0      0      0 ] [ 0 ],drive [ 31 ] [ 0 ] [ 1255 1900 1888 ] [   80   11   10 ] [  12287   5788   8795 ] [ 0 ],1.10,1.10,1.10,1.10,61.68,39.01,0.00,0.00,0.00,0.00,0.00,-0.00,0.00,0.00,0.00,0.00,0.00,0.00,-0.00,-0.00,0.00,0
1.23563,52,34,336,0,DRIVE [ 32 ] [ 1 ] [ 1329 1900 1895 ] [    0    0    0 ] [      0      0      0 ] [ 0 ],drive [ 31 ] [ 0 ] [ 1293 1900 1892 ] [   73   11    3 ] [  12287   5788   8795 ] [ 0 ],1.10,1.10,1.10,1.10,57.29,36.91,0.00,0.00,0.00,0.00,0.00,-0.00,0.00,0.00,0.00,0.00,0.00,0.00,-0.00,-0.00,0.00,0
1.24846,48,31,337,0,DRIVE [ 32 ] [ 1 ] [ 1369 1900 1897 ] [    0    0    0 ] [      0      0      0 ] [ 0 ],drive [ 32 ] [ 0 ] [ 1329 1900 1895 ] [   73   11    3 ] [  12287   5788   8795 ] [ 0 ],1.10,1.10,1.10,1.10,53.07,34.48,0.00,0.00,0.00,0.00,0.00,-0.00,0.00,0.00,0.00,0.00,0.00,0.00,-0.00,-0.00,0.00,0
1.26058,44,29,337,0,DRIVE [ 33 ] [ 1 ] [ 1411 1900 1898 ] [    0    0    0 ] [      0      0      0 ] [ 0 ],drive [ 32 ] [ 0 ] [ 1369 1900 1897 ] [   73   11    3 ] [  12287   5788   8795 ] [ 0 ],1.10,1.10,1.10,1.10,48.76,31.80,0.00,0.00,0.00,0.00,0.00,-0.00,0.00,0.00,0.00,0.00,0.00,0.00,-0.00,-0.00,0.00,0
1.27313,40,26,336,0,DRIVE [ 33 ] [ 1 ] [ 1452 1900 1899 ] [    0    0    0 ] [      0      0      0 ] [ 0 ],drive [ 33 ] [ 0 ] [ 1411 1900 1898 ] [   73   11    3 ] [  12282   5733   8733 ] [ 0 ],1.10,1.10,1.10,1.10,44.27,29.13,0.00,0.00,0.00,0.00,0.00,0.00,0.00,0.00,0.00,0.00,0.00,0.00,-0.00,-0.00,0.00,0
1.28619,36,24,335,0,DRIVE [ 34 ] [ 1 ] [ 1493 1900 1901 ] [    0    0    0 ] [      0      0      0 ] [ 0 ],drive [ 33 ] [ 0 ] [ 1452 1900 1899 ] [   52   16    0 ] [  12282   5733   8733 ] [ 0 ],1.10,1.10,1.10,1.10,39.70,26.60,0.00,0.00,0.00,0.00,0.00,0.00,0.00,0.00,0.00,0.00,0.00,0.00,-0.00,-0.00,0.00,0
1.29858,32,22,334,0,DRIVE [ 34 ] [ 1 ] [ 1534 1900 1904 ] [    0    0    0 ] [      0      0      0 ] [ 0 ],drive [ 34 ] [ 0 ] [ 1493 1900 1901 ] [   52   16    0 ] [  12282   5733   8733 ] [ 0 ],1.10,1.10,1.10,1.10,35.11,24.14,0.00,0.00,0.00,0.00,0.00,0.00,0.00,0.00,0.00,0.00,0.00,0.00,-0.00,-0.00,0.00,0
1.31118,28,20,334,0,DRIVE [ 35 ] [ 1 ] [ 1580 1903 1904 ] [    0    0    0 ] [      0      0      0 ] [ 0 ],drive [ 34 ] [ 0 ] [ 1534 1900 1904 ] [   52   16    0 ] [  12282   5733   8733 ] [ 0 ],1.10,1.10,1.10,1.10,30.43,21.80,0.00,0.00,0.00,0.00,0.00,0.00,0.00,0.00,0.00,0.00,0.00,0.00,-0.00,-0.00,0.00,0
1.32331,23,18,333,0,DRIVE [ 35 ] [ 1 ] [ 1628 1900 1904 ] [    0    0    0 ] [      0      0      0 ] [ 0 ],drive [ 35 ] [ 0 ] [ 1580 1903 1904 ] [   52   16    0 ] [  12254   5658   8719 ] [ 0 ],1.10,1.10,1.10,1.10,25.72,19.53,0.00,0.00,0.00,0.00,0.00,0.00,0.00,0.00,0.00,0.00,0.00,0.00,-0.00,-0.00,0.00,0
1.33585,19,16,334,0,DRIVE [ 36 ] [ 1 ] [ 1676 1896 1904 ] [    0    0    0 ] [      0      0      0 ] [ 0 ],drive [ 35 ] [ 0 ] [ 1628 1900 1904 ] [   48    1    5 ] [  12254   5658   8719 ] [ 0 ],1.10,1.10,1.10,1.10,21.07,17.17,0.00,0.00,0.00,0.00,0.00,0.00,0.00,0.00,0.00,0.00,0.00,0.00,-0.00,-0.00,0.00,0
1.34841,14,13,332,0,DRIVE [ 36 ] [ 1 ] [ 1736 1892 1904 ] [    0    0    0 ] [      0      0      0 ] [ 0 ],drive [ 36 ] [ 0 ] [ 1676 1896 1904 ] [   48    1    5 ] [  12254   5658   8719 ] [ 0 ],1.10,1.10,1.10,1.10,15.17,14.17,0.00,0.00,0.00,0.00,0.00,0.00,0.00,0.00,0.00,0.00,0.00,0.00,-0.00,-0.00,0.00,0
1.36064,9,10,331,0,DRIVE [ 37 ] [ 1 ] [ 1789 1888 1904 ] [    0    0    0 ] [      0      0      0 ] [ 0 ],drive [ 36 ] [ 0 ] [ 1736 1892 1904 ] [   48    1    5 ] [  12254   5658   8719 ] [ 0 ],1.10,1.10,1.10,1.10,9.86,11.33,0.00,0.00,0.00,0.00,0.00,0.00,0.00,0.00,0.00,0.00,0.00,0.00,-0.00,-0.00,0.00,0
1.37274,5,8,330,0,DRIVE [ 37 ] [ 1 ] [ 1837 1885 1904 ] [    0    0    0 ] [      0      0      0 ] [ 0 ],drive [ 37 ] [ 0 ] [ 1789 1888 1904 ] [   48    1    5 ] [  12089   5619   8705 ] [ 0 ],1.10,1.10,1.10,1.10,4.96,8.61,0.00,0.00,0.00,0.00,0.00,0.00,0.00,0.00,0.00,0.00,0.00,0.00,-0.00,-0.00,0.00,0
1.38573,0,6,330,0,DRIVE [ 38 ] [ 1 ] [ 1876 1880 1904 ] [    0    0    0 ] [      0      0      0 ] [ 0 ],drive [ 37 ] [ 0 ] [ 1837 1885 1904 ] [   36   15   13 ] [  12089   5619   8705 ] [ 0 ],1.10,1.10,1.10,1.10,0.42,6.09,0.00,0.00,0.00,0.00,0.00,0.00,0.00,0.00,0.00,0.00,0.00,0.00,-0.00,-0.00,0.00,0
1.3979,-3,3,330,0,DRIVE [ 38 ] [ 1 ] [ 1901 1863 1904 ] [    0    0    0 ] [      0      0      0 ] [ 0 ],drive [ 38 ] [ 0 ] [ 1876 1880 1904 ] [   36   15   13 ] [  12089   5619   8705 ] [ 0 ],1.10,1.10,1.10,1.10,-3.74,3.69,0.00,0.00,0.00,0.00,0.00,0.00,0.00,0.00,0.00,0.00,0.00,0.00,0.00,0.00,0.00,0
1.41066,-7,1,330,0,DRIVE [ 39 ] [ 1 ] [ 1901 1850 1892 ] [    0    0    0 ] [      0      0      0 ] [ 0 ],drive [ 38 ] [ 0 ] [ 1901 1863 1904 ] [   36   15   13 ] [  12089   5619   8705 ] [ 0 ],1.10,1.10,1.10,1.10,-7.55,1.47,0.00,0.00,0.00,0.00,0.00,0.00,0.00,0.00,0.00,0.00,0.00,0.00,0.00,0.00,0.00,0
1.42296,-10,0,328,0,DRIVE [ 39 ] [ 1 ] [ 1901 1837 1876 ] [    0    0    0 ] [      0      0      0 ] [ 0 ],drive [ 39 ] [ 0 ] [ 1901 1850 1892 ] [   36   15   13 ] [  11274   5619   8712 ] [ 0 ],1.10,1.10,1.10,1.10,-10.84,-0.40,0.00,0.00,0.00,0.00,0.00,0.00,0.00,0.00,0.00,0.00,0.00,0.00,0.00,0.00,0.00,0
1.43574,-12,-2,326,0,DRIVE [ 40 ] [ 1 ] [ 1901 1825 1862 ] [    0    0    0 ] [      0      0      0 ] [ 0 ],drive [ 39 ] [ 0 ] [ 1901 1837 1876 ] [    3   18    9 ] [  11274   5619   8712 ] [ 0 ],1.10,1.10,1.10,1.10,-13.58,-2.10,0.00,0.00,0.00,0.00,0.00,0.00,0.00,0.00,0.00,0.00,0.00,0.00,0.00,0.00,0.00,0
1.44842,-14,-3,324,0,DRIVE [ 40 ] [ 1 ] [ 1901 1815 1849 ] [    0    0    0 ] [      0      0      0 ] [ 0 ],drive [ 40 ] [ 0 ] [ 1901 1825 1862 ] [    3   18    9 ] [  11274   5619   8712 ] [ 0 ],1.10,1.10,1.10,1.10,-15.80,-3.63,0.00,0.00,0.00,0.00,0.00,0.00,0.00,0.00,0.00,0.00,0.00,0.00,0.00,0.00,0.00,0
1.46076,-16,-5,323,0,DRIVE [ 41 ] [ 1 ] [ 1901 1807 1837 ] [    0    0    0 ] [      0      0      0 ] [ 0 ],drive [ 40 ] [ 0 ] [ 1901 1815 1849 ] [    3   18    9 ] [  11274   5619   8712 ] [ 0 ],1.10,1.10,1.10,1.10,-17.65,-5.05,0.00,0.00,0.00,0.00,0.00,0.00,0.00,0.00,0.00,0.00,0.00,0.00,0.00,0.00,0.00,0
1.47426,-18,-6,322,0,DRIVE [ 41 ] [ 1 ] [ 1901 1800 1823 ] [    0    0    0 ] [      0      0      0 ] [ 0 ],drive [ 41 ] [ 0 ] [ 1901 1807 1837 ] [    3   18    9 ] [  10438   5619   8726 ] [ 0 ],1.10,1.10,1.10,1.10,-19.40,-6.94,0.00,0.00,0.00,0.00,0.00,0.00,0.00,0.00,0.00,0.00,0.00,0.00,0.00,0.00,0.00,0
1.48691,-19,-8,322,0,DRIVE [ 42 ] [ 1 ] [ 1901 1793 1811 ] [    0    0    0 ] [      0      0      0 ] [ 0 ],drive [ 41 ] [ 0 ] [ 1901 1800 1823 ] [   24   20    3 ] [  10438   5619   8726 ] [ 0 ],1.10,1.10,1.10,1.10,-21.04,-8.61,0.00,0.00,0.00,0.00,0.00,0.00,0.00,0.00,0.00,0.00,0.00,0.00,0.00,0.00,0.00,0
1.49921,-20,-9,321,0,DRIVE [ 42 ] [ 1 ] [ 1901 1787 1799 ] [    0    0    0 ] [      0      0      0 ] [ 0 ],drive [ 42 ] [ 0 ] [ 1901 1793 1811 ] [   24   20    3 ] [  10438   5619   8726 ] [ 0 ],1.10,1.10,1.10,1.10,-22.44,-10.12,0.00,0.00,0.00,0.00,0.00,0.00,0.00,0.00,0.00,0.00,0.00,0.00,0.00,0.00,0.00,0
1.51202,-22,-10,321,0,DRIVE [ 43 ] [ 1 ] [ 1901 1780 1788 ] [    0    0    0 ] [      0      0      0 ] [ 0 ],drive [ 42 ] [ 0 ] [ 1901 1787 1799 ] [   24   20    3 ] [  10438   5619   8726 ] [ 0 ],1.10,1.10,1.10,1.10,-24.01,-11.49,0.00,0.00,0.00,0.00,0.00,0.00,0.00,0.00,0.00,0.00,0.00,0.00,0.00,0.00,0.00,0
1.5261,-22,-10,321,0,DRIVE [ 43 ] [ 1 ] [ 1901 1792 1799 ] [    0    0    0 ] [      0      0      0 ] [ 0 ],drive [ 43 ] [ 0 ] [ 1901 1780 1788 ] [   24   20    3 ] [  10346   5622   8778 ] [ 0 ],1.10,1.10,1.10,1.10,-21.61,-10.34,0.00,0.00,0.00,0.00,0.00,0.00,0.00,0.00,0.00,0.00,0.00,0.00,0.00,0.00,0.00,0
1.53839,-25,-12,320,0,DRIVE [ 44 ] [ 1 ] [ 1901 1761 1769 ] [    0    0    0 ] [      0      0      0 ] [ 0 ],drive [ 43 ] [ 0 ] [ 1901 1792 1799 ] [    2   22   20 ] [  10346   5622   8778 ] [ 0 ],1.10,1.10,1.10,1.10,-27.56,-13.29,0.00,0.00,0.00,0.00,0.00,0.00,0.00,0.00,0.00,0.00,0.00,0.00,0.00,0.00,0.00,0
1.5515,-28,-14,319,0,DRIVE [ 44 ] [ 1 ] [ 1901 1744 1753 ] [    0    0    0 ] [      0      0      0 ] [ 0 ],drive [ 44 ] [ 0 ] [ 1901 1761 1769 ] [    2   22   20 ] [  10346   5622   8778 ] [ 0 ],1.10,1.10,1.10,1.10,-30.83,-14.87,0.00,0.00,0.00,0.00,0.00,-0.00,0.00,0.00,0.00,0.00,0.00,0.00,0.00,0.00,0.00,0
1.56354,-31,-14,319,0,DRIVE [ 45 ] [ 1 ] [ 1901 1728 1741 ] [    0    0    0 ] [      0      0      0 ] [ 0 ],drive [ 44 ] [ 0 ] [ 1901 1744 1753 ] [    2   22   20 ] [  10197   5622   8898 ] [ 0 ],1.10,1.10,1.10,1.10,-33.76,-15.88,0.00,0.00,0.00,0.00,0.00,-0.00,0.00,0.00,0.00,0.00,0.00,0.00,0.00,0.00,0.00,0
1.57612,-33,-15,318,0,DRIVE [ 45 ] [ 1 ] [ 1901 1713 1731 ] [    0    0    0 ] [      0      0      0 ] [ 0 ],drive [ 45 ] [ 0 ] [ 1901 1728 1741 ] [    2   22   20 ] [  10197   5622   8898 ] [ 0 ],1.10,1.10,1.10,1.10,-36.30,-16.60,0.00,0.00,0.00,0.00,0.00,-0.00,0.00,0.00,0.00,0.00,0.00,0.00,0.00,0.00,0.00,0
1.58883,-35,-16,315,0,DRIVE [ 46 ] [ 1 ] [ 1901 1701 1722 ] [    0    0    0 ] [      0      0      0 ] [ 0 ],drive [ 45 ] [ 0 ] [ 1901 1713 1731 ] [   21   25   21 ] [  10197   5622   8898 ] [ 0 ],1.10,1.10,1.10,1.10,-38.23,-17.17,0.00,0.00,0.00,0.00,0.00,-0.00,0.00,0.00,0.00,0.00,0.00,0.00,0.00,0.00,0.00,0
1.60148,-36,-16,312,0,DRIVE [ 46 ] [ 1 ] [ 1901 1690 1714 ] [    0    0    0 ] [      0      0      0 ] [ 0 ],drive [ 46 ] [ 0 ] [ 1901 1701 1722 ] [   21   25   21 ] [  10197   5622   8898 ] [ 0 ],1.10,1.10,1.10,1.10,-39.82,-17.59,0.00,0.00,0.00,0.00,0.00,-0.00,0.00,0.00,0.00,0.00,0.00,0.00,0.00,0.00,0.00,0
1.61413,-38,-16,311,0,DRIVE [ 47 ] [ 1 ] [ 1901 1680 1708 ] [    0    0    0 ] [      0      0      0 ] [ 0 ],drive [ 46 ] [ 0 ] [ 1901 1690 1714 ] [   21   25   21 ] [  10059   5626   9027 ] [ 0 ],1.10,1.10,1.10,1.10,-41.33,-17.92,0.00,0.00,0.00,0.00,0.00,-0.00,0.00,0.00,0.00,0.00,0.00,0.00,0.00,0.00,0.00,0
1.62634,-39,-16,312,0,DRIVE [ 47 ] [ 1 ] [ 1901 1672 1704 ] [    0    0    0 ] [      0      0      0 ] [ 0 ],drive [ 47 ] [ 0 ] [ 1901 1680 1708 ] [   21   25   21 ] [  10059   5626   9027 ] [ 0 ],1.10,1.10,1.10,1.10,-42.88,-18.05,0.00,0.00,0.00,0.00,0.00,-0.00,0.00,0.00,0.00,0.00,0.00,0.00,0.00,0.00,0.00,0
1.6383,-40,-16,310,0,DRIVE [ 48 ] [ 1 ] [ 1901 1665 1702 ] [    0    0    0 ] [      0      0      0 ] [ 0 ],drive [ 47 ] [ 0 ] [ 1901 1672 1704 ] [   29   28   25 ] [  10059   5626   9027 ] [ 0 ],1.10,1.10,1.10,1.10,-43.78,-17.92,0.00,0.00,0.00,0.00,0.00,-0.00,0.00,0.00,0.00,0.00,0.00,0.00,0.00,0.00,0.00,0
1.65124,-40,-16,310,0,DRIVE [ 48 ] [ 1 ] [ 1901 1659 1701 ] [    0    0    0 ] [      0      0      0 ] [ 0 ],drive [ 48 ] [ 0 ] [ 1901 1665 1702 ] [   29   28   25 ] [  10059   5626   9027 ] [ 0 ],1.10,1.10,1.10,1.10,-44.54,-17.68,0.00,0.00,0.00,0.00,0.00,-0.00,0.00,0.00,0.00,0.00,0.00,0.00,0.00,0.00,0.00,0
1.66315,-41,-15,308,0,DRIVE [ 49 ] [ 1 ] [ 1901 1653 1706 ] [    0    0    0 ] [      0      0      0 ] [ 0 ],drive [ 48 ] [ 0 ] [ 1901 1659 1701 ] [   29   28   25 ] [   9926   5630   9191 ] [ 0 ],1.10,1.10,1.10,1.10,-44.86,-16.49,0.00,0.00,0.00,0.00,0.00,-0.00,0.00,0.00,0.00,0.00,0.00,0.00,0.00,0.00,0.00,0
1.67551,-41,-14,306,0,DRIVE [ 49 ] [ 1 ] [ 1901 1648 1712 ] [    0    0    0 ] [      0      0      0 ] [ 0 ],drive [ 49 ] [ 0 ] [ 1901 1653 1706 ] [   29   28   25 ] [   9926   5630   9191 ] [ 0 ],1.10,1.10,1.10,1.10,-44.83,-15.20,0.00,0.00,0.00,0.00,0.00,-0.00,-0.00,0.00,0.00,0.00,0.00,0.00,0.00,0.00,0.00,0
1.68757,-40,-13,304,0,DRIVE [ 50 ] [ 1 ] [ 1901 1646 1719 ] [    0    0    0 ] [      0      0      0 ] [ 0 ],drive [ 49 ] [ 0 ] [ 1901 1648 1712 ] [    0   27   29 ] [   9926   5630   9191 ] [ 0 ],1.10,1.10,1.10,1.10,-44.53,-13.81,0.00,0.00,0.00,0.00,0.00,-0.00,-0.00,0.00,0.00,0.00,0.00,0.00,0.00,0.00,0.00,0
1.69954,-40,-11,302,0,DRIVE [ 50 ] [ 1 ] [ 1901 1644 1728 ] [    0    0    0 ] [      0      0      0 ] [ 0 ],drive [ 50 ] [ 0 ] [ 1901 1646 1719 ] [    0   27   29 ] [   9926   5630   9191 ] [ 0 ],1.10,1.10,1.10,1.10,-43.76,-12.19,0.00,0.00,0.00,0.00,0.00,-0.00,-0.00,0.00,0.00,0.00,0.00,0.00,0.00,0.00,0.00,0
1.7122,-39,-10,301,0,DRIVE [ 51 ] [ 1 ] [ 1901 1645 1738 ] [    0    0    0 ] [      0      0      0 ] [ 0 ],drive [ 50 ] [ 0 ] [ 1901 1644 1728 ] [    0   27   29 ] [   9926   5630   9191 ] [ 0 ],1.10,1.10,1.10,1.10,-42.78,-10.59,0.00,0.00,0.00,0.00,0.00,-0.00,-0.00,0.00,0.00,0.00,0.00,0.00,0.00,0.00,0.00,0
1.72422,-37,-8,299,0,DRIVE [ 51 ] [ 1 ] [ 1901 1648 1753 ] [    0    0    0 ] [      0      0      0 ] [ 0 ],drive [ 51 ] [ 0 ] [ 1901 1645 1738 ] [    0   27   29 ] [   9719   5646   9262 ] [ 0 ],1.10,1.10,1.10,1.10,-41.08,-8.33,0.00,0.00,0.00,0.00,0.00,-0.00,-0.00,0.00,0.00,0.00,0.00,0.00,0.00,0.00,0.00,0
1.7376,-36,-5,297,0,DRIVE [ 52 ] [ 1 ] [ 1901 1651 1770 ] [    0    0    0 ] [      0      0      0 ] [ 0 ],drive [ 51 ] [ 0 ] [ 1901 1648 1753 ] [    4   26   17 ] [   9719   5646   9262 ] [ 0 ],1.10,1.10,1.10,1.10,-39.20,-5.83,0.00,0.00,0.00,0.00,0.00,-0.00,-0.00,0.00,0.00,0.00,0.00,0.00,0.00,0.00,0.00,0
1.75108,-34,-3,295,0,DRIVE [ 52 ] [ 1 ] [ 1901 1653 1788 ] [    0    0    0 ] [      0      0      0 ] [ 0 ],drive [ 52 ] [ 0 ] [ 1901 1651 1770 ] [    4   26   17 ] [   9719   5646   9262 ] [ 0 ],1.10,1.10,1.10,1.10,-37.17,-3.14,0.00,0.00,0.00,0.00,0.00,-0.00,-0.00,0.00,0.00,0.00,0.00,0.00,0.00,0.00,0.00,0
1.76329,-32,0,292,0,DRIVE [ 53 ] [ 1 ] [ 1901 1655 1806 ] [    0    0    0 ] [      0      0      0 ] [ 0 ],drive [ 52 ] [ 0 ] [ 1901 1653 1788 ] [    4   26   17 ] [   9494   5647   9317 ] [ 0 ],1.10,1.10,1.10,1.10,-34.96,-0.35,0.00,0.00,0.00,0.00,0.00,-0.00,-0.00,0.00,0.00,0.00,0.00,0.00,0.00,0.00,0.00,0
1.77557,-30,2,289,0,DRIVE [ 53 ] [ 1 ] [ 1901 1655 1824 ] [    0    0    0 ] [      0      0      0 ] [ 0 ],drive [ 53 ] [ 0 ] [ 1901 1655 1806 ] [    4   26   17 ] [   9494   5647   9317 ] [ 0 ],1.10,1.10,1.10,1.10,-32.74,2.49,0.00,0.00,0.00,0.00,0.00,-0.00,-0.00,0.00,0.00,0.00,0.00,0.00,0.00,0.00,0.00,0
1.78753,-28,5,288,0,DRIVE [ 54 ] [ 1 ] [ 1901 1655 1842 ] [    0    0    0 ] [      0      0      0 ] [ 0 ],drive [ 53 ] [ 0 ] [ 1901 1655 1824 ] [   15   24   16 ] [   9494   5647   9317 ] [ 0 ],1.10,1.10,1.10,1.10,-30.48,5.24,0.00,0.00,0.00,0.00,0.00,-0.00,-0.00,0.00,0.00,0.00,0.00,0.00,0.00,0.00,0.00,0
1.79923,-26,7,287,0,DRIVE [ 54 ] [ 1 ] [ 1901 1652 1859 ] [    0    0    0 ] [      0      0      0 ] [ 0 ],drive [ 54 ] [ 0 ] [ 1901 1655 1842 ] [   15   24   16 ] [   9494   5647   9317 ] [ 0 ],1.10,1.10,1.10,1.10,-28.30,7.96,0.00,0.00,0.00,0.00,0.00,-0.00,-0.00,0.00,0.00,0.00,0.00,0.00,0.00,0.00,0.00,0
1.8117,-24,10,284,0,DRIVE [ 55 ] [ 1 ] [ 1901 1646 1875 ] [    0    0    0 ] [      0      0      0 ] [ 0 ],drive [ 54 ] [ 0 ] [ 1901 1652 1859 ] [   15   24   16 ] [   9494   5647   9317 ] [ 0 ],1.10,1.10,1.10,1.10,-26.05,10.48,0.00,0.00,0.00,0.00,0.00,-0.00,-0.00,0.00,0.00,0.00,0.00,0.00,0.00,0.00,0.00,0
1.82331,-22,12,281,0,DRIVE [ 55 ] [ 1 ] [ 1901 1639 1889 ] [    0    0    0 ] [      0      0      0 ] [ 0 ],drive [ 55 ] [ 0 ] [ 1901 1646 1875 ] [   15   24   16 ] [   9483   5647   9313 ] [ 0 ],1.10,1.10,1.10,1.10,-23.95,12.75,0.00,0.00,0.00,0.00,0.00,-0.00,0.00,0.00,0.00,0.00,0.00,0.00,0.00,0.00,0.00,0
1.83543,-20,14,279,0,DRIVE [ 56 ] [ 1 ] [ 1901 1630 1903 ] [    0    0    0 ] [      0      0      0 ] [ 0 ],drive [ 55 ] [ 0 ] [ 1901 1639 1889 ] [   16   24    5 ] [   9483   5647   9313 ] [ 0 ],1.10,1.10,1.10,1.10,-21.90,14.89,0.00,0.00,0.00,0.00,0.00,-0.00,0.00,0.00,0.00,0.00,0.00,0.00,0.00,0.00,0.00,0
1.84755,-18,15,277,0,DRIVE [ 56 ] [ 1 ] [ 1892 1643 1903 ] [    0    0    0 ] [      0      0      0 ] [ 0 ],drive [ 56 ] [ 0 ] [ 1901 1630 1903 ] [   16   24    5 ] [   9483   5647   9313 ] [ 0 ],1.10,1.10,1.10,1.10,-19.91,16.97,0.00,0.00,0.00,0.00,0.00,-0.00,0.00,0.00,0.00,0.00,0.00,0.00,0.00,0.00,0.00,0
1.85935,-16,17,276,0,DRIVE [ 57 ] [ 1 ] [ 1877 1657 1903 ] [    0    0    0 ] [      0      0      0 ] [ 0 ],drive [ 56 ] [ 0 ] [ 1892 1643 1903 ] [   16   24    5 ] [   9483   5647   9313 ] [ 0 ],1.10,1.10,1.10,1.10,-18.00,18.87,0.00,0.00,0.00,0.00,0.00,-0.00,0.00,0.00,0.00,0.00,0.00,0.00,0.00,0.00,0.00,0
1.871,-15,19,273,0,DRIVE [ 57 ] [ 1 ] [ 1862 1668 1903 ] [    0    0    0 ] [      0      0      0 ] [ 0 ],drive [ 57 ] [ 0 ] [ 1877 1657 1903 ] [   16   24    5 ] [   9481   5647   9295 ] [ 0 ],1.10,1.10,1.10,1.10,-16.13,20.62,0.00,0.00,0.00,0.00,0.00,-0.00,0.00,0.00,0.00,0.00,0.00,0.00,0.00,0.00,0.00,0
1.88322,-13,20,272,0,DRIVE [ 58 ] [ 1 ] [ 1847 1677 1903 ] [    0    0    0 ] [      0      0      0 ] [ 0 ],drive [ 57 ] [ 0 ] [ 1862 1668 1903 ] [   18   26    3 ] [   9481   5647   9295 ] [ 0 ],1.10,1.10,1.10,1.10,-14.33,22.34,0.00,0.00,0.00,0.00,0.00,-0.00,0.00,0.00,0.00,0.00,0.00,0.00,0.00,0.00,0.00,0
1.89497,-11,22,270,0,DRIVE [ 58 ] [ 1 ] [ 1833 1685 1903 ] [    0    0    0 ] [      0      0      0 ] [ 0 ],drive [ 58 ] [ 0 ] [ 1847 1677 1903 ] [   18   26    3 ] [   9481   5647   9295 ] [ 0 ],1.10,1.10,1.10,1.10,-12.57,23.93,0.00,0.00,0.00,0.00,0.00,-0.00,0.00,0.00,0.00,0.00,0.00,0.00,0.00,0.00,0.00,0
1.90802,-10,23,268,0,DRIVE [ 59 ] [ 1 ] [ 1818 1691 1903 ] [    0    0    0 ] [      0      0      0 ] [ 0 ],drive [ 58 ] [ 0 ] [ 1833 1685 1903 ] [   18   26    3 ] [   9481   5647   9295 ] [ 0 ],1.10,1.10,1.10,1.10,-10.84,25.47,0.00,0.00,0.00,0.00,0.00,-0.00,0.00,0.00,0.00,0.00,0.00,0.00,0.00,0.00,0.00,0
1.91957,-8,25,265,0,DRIVE [ 59 ] [ 1 ] [ 1798 1697 1903 ] [    0    0    0 ] [      0      0      0 ] [ 0 ],drive [ 59 ] [ 0 ] [ 1818 1691 1903 ] [   18   26    3 ] [   9484   5647   9288 ] [ 0 ],1.10,1.10,1.10,1.10,-8.61,27.24,0.00,0.00,0.00,0.00,0.00,-0.00,0.00,0.00,0.00,0.00,0.00,0.00,0.00,0.00,0.00,0
1.93088,-6,26,262,0,DRIVE [ 60 ] [ 1 ] [ 1780 1702 1903 ] [    0    0    0 ] [      0      0      0 ] [ 0 ],drive [ 59 ] [ 0 ] [ 1798 1697 1903 ] [   21   23   11 ] [   9484   5647   9288 ] [ 0 ],1.10,1.10,1.10,1.10,-6.64,28.74,0.00,0.00,0.00,0.00,0.00,-0.00,0.00,0.00,0.00,0.00,0.00,0.00,0.00,0.00,0.00,0
1.94279,-4,27,260,0,DRIVE [ 60 ] [ 1 ] [ 1762 1706 1903 ] [    0    0    0 ] [      0      0      0 ] [ 0 ],drive [ 60 ] [ 0 ] [ 1780 1702 1903 ] [   21   23   11 ] [   9484   5647   9288 ] [ 0 ],1.10,1.10,1.10,1.10,-4.78,30.08,0.00,0.00,0.00,0.00,0.00,-0.00,0.00,0.00,0.00,0.00,0.00,0.00,0.00,0.00,0.00,0
1.95467,-3,28,258,0,DRIVE [ 61 ] [ 1 ] [ 1746 1709 1903 ] [    0    0    0 ] [      0      0      0 ] [ 0 ],drive [ 60 ] [ 0 ] [ 1762 1706 1903 ] [   21   23   11 ] [   9484   5647   9288 ] [ 0 ],1.10,1.10,1.10,1.10,-3.15,31.24,0.00,0.00,0.00,0.00,0.00,-0.00,0.00,0.00,0.00,0.00,0.00,0.00,0.00,0.00,0.00,0
1.96641,-1,29,256,0,DRIVE [ 61 ] [ 1 ] [ 1732 1712 1903 ] [    0    0    0 ] [      0      0      0 ] [ 0 ],drive [ 61 ] [ 0 ] [ 1746 1709 1903 ] [   21   23   11 ] [   9499   5645   9246 ] [ 0 ],1.10,1.10,1.10,1.10,-1.64,32.10,0.00,0.00,0.00,0.00,0.00,-0.00,0.00,0.00,0.00,0.00,0.00,0.00,0.00,0.00,0.00,0
1.97855,0,30,254,0,DRIVE [ 62 ] [ 1 ] [ 1718 1714 1903 ] [    0    0    0 ] [      0      0      0 ] [ 0 ],drive [ 61 ] [ 0 ] [ 1732 1712 1903 ] [   18   20   22 ] [   9499   5645   9246 ] [ 0 ],1.10,1.10,1.10,1.10,-0.30,32.96,0.00,0.00,0.00,0.00,0.00,-0.00,0.00,0.00,0.00,0.00,0.00,0.00,0.00,0.00,0.00,0
1.99176,1,31,251,0,DRIVE [ 62 ] [ 1 ] [ 1704 1716 1903 ] [    0    0    0 ] [      0      0      0 ] [ 0 ],drive [ 62 ] [ 0 ] [ 1718 1714 1903 ] [   18   20   22 ] [   9499   5645   9246 ] [ 0 ],1.10,1.10,1.10,1.10,1.00,33.59,0.00,0.00,0.00,0.00,0.00,-0.00,0.00,0.00,0.00,0.00,0.00,0.00,0.00,0.00,0.00,0
2.00407,2,31,249,0,DRIVE [ 63 ] [ 1 ] [ 1690 1717 1903 ] [    0    0    0 ] [      0      0      0 ] [ 0 ],drive [ 62 ] [ 0 ] [ 1704 1716 1903 ] [   18   20   22 ] [   9499   5645   9246 ] [ 0 ],1.10,1.10,1.10,1.10,2.19,34.33,0.00,0.00,0.00,0.00,0.00,-0.00,0.00,0.00,0.00,0.00,0.00,0.00,0.00,0.00,0.00,0
2.01606,3,32,246,0,DRIVE [ 63 ] [ 1 ] [ 1677 1718 1903 ] [    0    0    0 ] [      0      0      0 ] [ 0 ],drive [ 63 ] [ 0 ] [ 1690 1717 1903 ] [   18   20   22 ] [   9524   5644   9246 ] [ 0 ],1.10,1.10,1.10,1.10,3.32,34.98,0.00,0.00,0.00,0.00,0.00,-0.00,0.00,0.00,0.00,0.00,0.00,0.00,0.00,0.00,0.00,0
2.02745,4,32,244,0,DRIVE [ 64 ] [ 1 ] [ 1663 1718 1903 ] [    0    0    0 ] [      0      0      0 ] [ 0 ],drive [ 63 ] [ 0 ] [ 1677 1718 1903 ] [   23   19   22 ] [   9524   5644   9246 ] [ 0 ],1.10,1.10,1.10,1.10,4.42,35.72,0.00,0.00,0.00,0.00,0.00,-0.00,0.00,0.00,0.00,0.00,0.00,0.00,0.00,0.00,0.00,0
2.03856,5,33,241,0,DRIVE [ 64 ] [ 1 ] [ 1650 1718 1903 ] [    0    0    0 ] [      0      0      0 ] [ 0 ],drive [ 64 ] [ 0 ] [ 1663 1718 1903 ] [   23   19   22 ] [   9524   5644   9246 ] [ 0 ],1.10,1.10,1.10,1.10,5.40,36.25,0.00,0.00,0.00,0.00,0.00,-0.00,0.00,0.00,0.00,0.00,0.00,0.00,0.00,0.00,0.00,0
2.0507,6,34,239,0,DRIVE [ 65 ] [ 1 ] [ 1636 1717 1903 ] [    0    0    0 ] [      0      0      0 ] [ 0 ],drive [ 64 ] [ 0 ] [ 1650 1718 1903 ] [   23   19   22 ] [   9524   5644   9246 ] [ 0 ],1.10,1.10,1.10,1.10,6.36,36.95,0.00,0.00,0.00,0.00,0.00,-0.00,0.00,0.00,0.00,0.00,0.00,0.00,0.00,0.00,0.00,0
2.06197,7,34,237,0,DRIVE [ 65 ] [ 1 ] [ 1622 1717 1903 ] [    0    0    0 ] [      0      0      0 ] [ 0 ],drive [ 65 ] [ 0 ] [ 1636 1717 1903 ] [   23   19   22 ] [   9548   5643   9246 ] [ 0 ],1.10,1.10,1.10,1.10,7.38,37.72,0.00,0.00,0.00,0.00,0.00,-0.00,0.00,0.00,0.00,0.00,0.00,0.00,0.00,0.00,0.00,0
2.07368,8,35,235,0,DRIVE [ 66 ] [ 1 ] [ 1608 1717 1903 ] [    0    0    0 ] [      0      0      0 ] [ 0 ],drive [ 65 ] [ 0 ] [ 1622 1717 1903 ] [   23   19   22 ] [   9548   5643   9246 ] [ 0 ],1.10,1.10,1.10,1.10,8.42,38.33,0.00,0.00,0.00,0.00,0.00,-0.00,0.00,0.00,0.00,0.00,0.00,0.00,0.00,0.00,0.00,0
2.08502,9,36,233,0,DRIVE [ 66 ] [ 1 ] [ 1592 1717 1903 ] [    0    0    0 ] [      0      0      0 ] [ 0 ],drive [ 66 ] [ 0 ] [ 1608 1717 1903 ] [   52   20   23 ] [   9548   5643   9246 ] [ 0 ],1.10,1.10,1.10,1.10,9.52,39.05,0.00,0.00,0.00,0.00,0.00,-0.00,0.00,0.00,0.00,0.00,0.00,0.00,0.00,0.00,0.00,0
2.09736,10,36,231,0,DRIVE [ 67 ] [ 1 ] [ 1577 1718 1903 ] [    0    0    0 ] [      0      0      0 ] [ 0 ],drive [ 66 ] [ 0 ] [ 1592 1717 1903 ] [   52   20   23 ] [   9548   5643   9246 ] [ 0 ],1.10,1.10,1.10,1.10,10.63,39.67,0.00,0.00,0.00,0.00,0.00,-0.00,0.00,0.00,0.00,0.00,0.00,0.00,0.00,0.00,0.00,0
2.10881,11,37,229,0,DRIVE [ 67 ] [ 1 ] [ 1560 1718 1903 ] [    0    0    0 ] [      0      0      0 ] [ 0 ],drive [ 67 ] [ 0 ] [ 1577 1718 1903 ] [   52   20   23 ] [   9548   5643   9246 ] [ 0 ],1.10,1.10,1.10,1.10,11.90,40.39,0.00,0.00,0.00,0.00,0.00,-0.00,0.00,0.00,0.00,0.00,0.00,0.00,0.00,0.00,0.00,0
2.11983,12,37,227,0,DRIVE [ 68 ] [ 1 ] [ 1544 1719 1903 ] [    0    0    0 ] [      0      0      0 ] [ 0 ],drive [ 67 ] [ 0 ] [ 1560 1718 1903 ] [   52   20   23 ] [   9782   5643   9208 ] [ 0 ],1.10,1.10,1.10,1.10,12.93,40.81,0.00,0.00,0.00,0.00,0.00,-0.00,0.00,0.00,0.00,0.00,0.00,0.00,0.00,0.00,0.00,0
2.1307,13,38,225,0,DRIVE [ 68 ] [ 1 ] [ 1532 1719 1903 ] [    0    0    0 ] [      0      0      0 ] [ 0 ],drive [ 68 ] [ 0 ] [ 1544 1719 1903 ] [   30   20    5 ] [   9782   5643   9208 ] [ 0 ],1.10,1.10,1.10,1.10,13.77,41.25,0.00,0.00,0.00,0.00,0.00,-0.00,0.00,0.00,0.00,0.00,0.00,0.00,0.00,0.00,0.00,0
2.14197,13,38,222,0,DRIVE [ 69 ] [ 1 ] [ 1519 1719 1903 ] [    0    0    0 ] [      0      0      0 ] [ 0 ],drive [ 68 ] [ 0 ] [ 1532 1719 1903 ] [   30   20    5 ] [   9782   5643   9208 ] [ 0 ],1.10,1.10,1.10,1.10,14.44,41.56,0.00,0.00,0.00,0.00,0.00,-0.00,0.00,0.00,0.00,0.00,0.00,0.00,0.00,0.00,0.00,0
2.15296,14,38,219,0,DRIVE [ 69 ] [ 1 ] [ 1506 1717 1903 ] [    0    0    0 ] [      0      0      0 ] [ 0 ],drive [ 69 ] [ 0 ] [ 1519 1719 1903 ] [   30   20    5 ] [   9782   5643   9208 ] [ 0 ],1.10,1.10,1.10,1.10,15.07,41.90,0.00,0.00,0.00,0.00,0.00,-0.00,0.00,0.00,0.00,0.00,0.00,0.00,0.00,0.00,0.00,0
2.16385,14,38,216,0,DRIVE [ 70 ] [ 1 ] [ 1492 1716 1903 ] [    0    0    0 ] [      0      0      0 ] [ 0 ],drive [ 69 ] [ 0 ] [ 1506 1717 1903 ] [   30   20    5 ] [   9998   5643   9173 ] [ 0 ],1.10,1.10,1.10,1.10,15.78,42.29,0.00,0.00,0.00,0.00,0.00,-0.00,0.00,0.00,0.00,0.00,0.00,0.00,0.00,0.00,0.00,0
2.17506,15,39,214,0,DRIVE [ 70 ] [ 1 ] [ 1477 1715 1903 ] [    0    0    0 ] [      0      0      0 ] [ 0 ],drive [ 70 ] [ 0 ] [ 1492 1716 1903 ] [   30   20    5 ] [   9998   5643   9173 ] [ 0 ],1.10,1.10,1.10,1.10,16.60,42.83,0.00,0.00,0.00,0.00,0.00,-0.00,0.00,0.00,0.00,0.00,0.00,0.00,0.00,0.00,0.00,0
2.18633,16,39,213,0,DRIVE [ 71 ] [ 1 ] [ 1462 1715 1903 ] [    0    0    0 ] [      0      0      0 ] [ 0 ],drive [ 70 ] [ 0 ] [ 1477 1715 1903 ] [   65   19   19 ] [   9998   5643   9173 ] [ 0 ],1.10,1.10,1.10,1.10,17.50,43.36,0.00,0.00,0.00,0.00,0.00,-0.00,0.00,0.00,0.00,0.00,0.00,0.00,0.00,0.00,0.00,0
2.19716,17,40,212,0,DRIVE [ 71 ] [ 1 ] [ 1445 1716 1903 ] [    0    0    0 ] [      0      0      0 ] [ 0 ],drive [ 71 ] [ 0 ] [ 1462 1715 1903 ] [   65   19   19 ] [   9998   5643   9173 ] [ 0 ],1.10,1.10,1.10,1.10,18.61,43.93,0.00,0.00,0.00,0.00,0.00,-0.00,0.00,0.00,0.00,0.00,0.00,0.00,0.00,0.00,0.00,0
2.2084,18,40,209,0,DRIVE [ 72 ] [ 1 ] [ 1428 1716 1903 ] [    0    0    0 ] [      0      0      0 ] [ 0 ],drive [ 71 ] [ 0 ] [ 1445 1716 1903 ] [   65   19   19 ] [   9998   5643   9173 ] [ 0 ],1.10,1.10,1.10,1.10,19.53,44.28,0.00,0.00,0.00,0.00,0.00,-0.00,0.00,0.00,0.00,0.00,0.00,0.00,0.00,0.00,0.00,0
2.21909,19,41,207,0,DRIVE [ 72 ] [ 1 ] [ 1410 1716 1903 ] [    0    0    0 ] [      0      0      0 ] [ 0 ],drive [ 72 ] [ 0 ] [ 1428 1716 1903 ] [   65   19   19 ] [  10158   5643   9109 ] [ 0 ],1.10,1.10,1.10,1.10,20.49,44.69,0.00,0.00,0.00,0.00,0.00,-0.00,0.00,0.00,0.00,0.00,0.00,0.00,0.00,0.00,0.00,0
2.22995,19,41,205,0,DRIVE [ 73 ] [ 1 ] [ 1394 1717 1903 ] [    0    0    0 ] [      0      0      0 ] [ 0 ],drive [ 72 ] [ 0 ] [ 1410 1716 1903 ] [   50   20   14 ] [  10158   5643   9109 ] [ 0 ],1.10,1.10,1.10,1.10,21.36,44.97,0.00,0.00,0.00,0.00,0.00,-0.00,0.00,0.00,0.00,0.00,0.00,0.00,0.00,0.00,0.00,0
2.24104,20,41,202,0,DRIVE [ 73 ] [ 1 ] [ 1379 1717 1903 ] [    0    0    0 ] [      0      0      0 ] [ 0 ],drive [ 73 ] [ 0 ] [ 1394 1717 1903 ] [   50   20   14 ] [  10158   5643   9109 ] [ 0 ],1.10,1.10,1.10,1.10,22.10,45.20,0.00,0.00,0.00,0.00,0.00,-0.00,0.00,0.00,0.00,0.00,0.00,0.00,0.00,0.00,0.00,0
2.25207,21,41,201,0,DRIVE [ 74 ] [ 1 ] [ 1366 1717 1903 ] [    0    0    0 ] [      0      0      0 ] [ 0 ],drive [ 73 ] [ 0 ] [ 1379 1717 1903 ] [   50   20   14 ] [  10158   5643   9109 ] [ 0 ],1.10,1.10,1.10,1.10,22.71,45.38,0.00,0.00,0.00,0.00,0.00,-0.00,0.00,0.00,0.00,0.00,0.00,0.00,0.00,0.00,0.00,0
2.26258,21,42,199,0,DRIVE [ 74 ] [ 1 ] [ 1355 1717 1903 ] [    0    0    0 ] [      0      0      0 ] [ 0 ],drive [ 74 ] [ 0 ] [ 1366 1717 1903 ] [   50   20   14 ] [  10223   5643   9062 ] [ 0 ],1.10,1.10,1.10,1.10,23.23,45.66,0.00,0.00,0.00,0.00,0.00,-0.00,0.00,0.00,0.00,0.00,0.00,0.00,0.00,0.00,0.00,0
2.27348,22,42,197,0,DRIVE [ 75 ] [ 1 ] [ 1343 1717 1903 ] [    0    0    0 ] [      0      0      0 ] [ 0 ],drive [ 74 ] [ 0 ] [ 1355 1717 1903 ] [   50   20   14 ] [  10223   5643   9062 ] [ 0 ],1.10,1.10,1.10,1.10,23.69,45.75,0.00,0.00,0.00,0.00,0.00,-0.00,0.00,0.00,0.00,0.00,0.00,0.00,0.00,0.00,0.00,0
2.28413,22,42,195,0,DRIVE [ 75 ] [ 1 ] [ 1333 1717 1903 ] [    0    0    0 ] [      0      0      0 ] [ 0 ],drive [ 75 ] [ 0 ] [ 1343 1717 1903 ] [   72   20   21 ] [  10223   5643   9062 ] [ 0 ],1.10,1.10,1.10,1.10,24.15,45.85,0.00,0.00,0.00,0.00,0.00,-0.00,0.00,0.00,0.00,0.00,0.00,0.00,0.00,0.00,0.00,0
2.29485,22,42,194,0,DRIVE [ 76 ] [ 1 ] [ 1323 1717 1903 ] [    0    0    0 ] [      0      0      0 ] [ 0 ],drive [ 75 ] [ 0 ] [ 1333 1717 1903 ] [   72   20   21 ] [  10223   5643   9062 ] [ 0 ],1.10,1.10,1.10,1.10,24.61,45.92,0.00,0.00,0.00,0.00,0.00,-0.00,0.00,0.00,0.00,0.00,0.00,0.00,0.00,0.00,0.00,0
2.30655,23,42,192,0,DRIVE [ 76 ] [ 1 ] [ 1315 1717 1903 ] [    0    0    0 ] [      0      0      0 ] [ 0 ],drive [ 76 ] [ 0 ] [ 1323 1717 1903 ] [   72   20   21 ] [  10223   5643   9062 ] [ 0 ],1.10,1.10,1.10,1.10,24.87,45.90,0.00,0.00,0.00,0.00,0.00,-0.00,0.00,0.00,0.00,0.00,0.00,0.00,0.00,0.00,0.00,0
2.31703,23,41,190,0,DRIVE [ 77 ] [ 1 ] [ 1312 1718 1903 ] [    0    0    0 ] [      0      0      0 ] [ 0 ],drive [ 76 ] [ 0 ] [ 1315 1717 1903 ] [   72   20   21 ] [  10583   5643   8942 ] [ 0 ],1.10,1.10,1.10,1.10,24.82,45.54,0.00,0.00,0.00,0.00,0.00,-0.00,0.00,0.00,0.00,0.00,0.00,0.00,0.00,0.00,0.00,0
2.32696,22,41,188,0,DRIVE [ 77 ] [ 1 ] [ 1315 1718 1903 ] [    0    0    0 ] [      0      0      0 ] [ 0 ],drive [ 77 ] [ 0 ] [ 1312 1718 1903 ] [   77   23    1 ] [  10583   5643   8942 ] [ 0 ],1.10,1.10,1.10,1.10,24.39,44.86,0.00,0.00,0.00,0.00,0.00,-0.00,0.00,0.00,0.00,0.00,0.00,0.00,0.00,0.00,0.00,0
2.33804,21,40,187,0,DRIVE [ 78 ] [ 1 ] [ 1325 1718 1903 ] [    0    0    0 ] [      0      0      0 ] [ 0 ],drive [ 77 ] [ 0 ] [ 1315 1718 1903 ] [   77   23    1 ] [  10583   5643   8942 ] [ 0 ],1.10,1.10,1.10,1.10,23.62,44.10,0.00,0.00,0.00,0.00,0.00,-0.00,0.00,0.00,0.00,0.00,0.00,0.00,0.00,0.00,0.00,0
2.34947,20,39,185,0,DRIVE [ 78 ] [ 1 ] [ 1344 1717 1903 ] [    0    0    0 ] [      0      0      0 ] [ 0 ],drive [ 78 ] [ 0 ] [ 1325 1718 1903 ] [   77   23    1 ] [  10583   5643   8942 ] [ 0 ],1.10,1.10,1.10,1.10,22.30,42.93,0.00,0.00,0.00,0.00,0.00,-0.00,0.00,0.00,0.00,0.00,0.00,0.00,0.00,0.00,0.00,0
2.35984,19,38,185,0,DRIVE [ 79 ] [ 1 ] [ 1372 1717 1903 ] [    0    0    0 ] [      0      0      0 ] [ 0 ],drive [ 78 ] [ 0 ] [ 1344 1717 1903 ] [   77   23    1 ] [  10583   5643   8942 ] [ 0 ],1.10,1.10,1.10,1.10,20.57,41.65,0.00,0.00,0.00,0.00,0.00,-0.00,0.00,0.00,0.00,0.00,0.00,0.00,0.00,0.00,0.00,0
2.37011,17,36,184,0,DRIVE [ 79 ] [ 1 ] [ 1407 1715 1903 ] [    0    0    0 ] [      0      0      0 ] [ 0 ],drive [ 79 ] [ 0 ] [ 1372 1717 1903 ] [   77   23    1 ] [  11134   5619   8577 ] [ 0 ],1.10,1.10,1.10,1.10,18.32,40.01,0.00,0.00,0.00,0.00,0.00,-0.00,0.00,0.00,0.00,0.00,0.00,0.00,0.00,0.00,0.00,0
2.3823,14,35,183,0,DRIVE [ 80 ] [ 1 ] [ 1445 1712 1903 ] [    0    0    0 ] [      0      0      0 ] [ 0 ],drive [ 79 ] [ 0 ] [ 1407 1715 1903 ] [   58   34   15 ] [  11134   5619   8577 ] [ 0 ],1.10,1.10,1.10,1.10,15.83,38.23,0.00,0.00,0.00,0.00,0.00,-0.00,0.00,0.00,0.00,0.00,0.00,0.00,-0.00,-0.00,0.00,0
2.39299,12,33,181,0,DRIVE [ 80 ] [ 1 ] [ 1480 1708 1903 ] [    0    0    0 ] [      0      0      0 ] [ 0 ],drive [ 80 ] [ 0 ] [ 1445 1712 1903 ] [   58   34   15 ] [  11134   5619   8577 ] [ 0 ],1.10,1.10,1.10,1.10,13.48,36.60,0.00,0.00,0.00,0.00,0.00,-0.00,0.00,0.00,0.00,0.00,0.00,0.00,-0.00,-0.00,0.00,0
2.40319,11,32,179,0,DRIVE [ 81 ] [ 1 ] [ 1506 1704 1903 ] [    0    0    0 ] [      0      0      0 ] [ 0 ],drive [ 80 ] [ 0 ] [ 1480 1708 1903 ] [   58   34   15 ] [  11134   5619   8577 ] [ 0 ],1.10,1.10,1.10,1.10,11.57,35.33,0.00,0.00,0.00,0.00,0.00,-0.00,0.00,0.00,0.00,0.00,0.00,0.00,-0.00,-0.00,0.00,0
2.41374,9,31,177,0,DRIVE [ 81 ] [ 1 ] [ 1527 1700 1903 ] [    0    0    0 ] [      0      0      0 ] [ 0 ],drive [ 81 ] [ 0 ] [ 1506 1704 1903 ] [   58   34   15 ] [  11128   5615   8533 ] [ 0 ],1.10,1.10,1.10,1.10,10.05,34.24,0.00,0.00,0.00,0.00,0.00,-0.00,0.00,0.00,0.00,0.00,0.00,0.00,-0.00,-0.00,0.00,0
2.42384,8,30,176,0,DRIVE [ 82 ] [ 1 ] [ 1545 1697 1903 ] [    0    0    0 ] [      0      0      0 ] [ 0 ],drive [ 81 ] [ 0 ] [ 1527 1700 1903 ] [   58   34   15 ] [  11128   5615   8533 ] [ 0 ],1.10,1.10,1.10,1.10,8.73,33.31,0.00,0.00,0.00,0.00,0.00,-0.00,0.00,0.00,0.00,0.00,0.00,0.00,-0.00,-0.00,0.00,0
2.43413,7,29,174,0,DRIVE [ 82 ] [ 1 ] [ 1563 1693 1903 ] [    0    0    0 ] [      0      0      0 ] [ 0 ],drive [ 82 ] [ 0 ] [ 1545 1697 1903 ] [   41   35   19 ] [  11128   5615   8533 ] [ 0 ],1.10,1.10,1.10,1.10,7.46,32.44,0.00,0.00,0.00,0.00,0.00,-0.00,0.00,0.00,0.00,0.00,0.00,0.00,-0.00,-0.00,0.00,0
2.44462,6,29,173,0,DRIVE [ 83 ] [ 1 ] [ 1581 1690 1903 ] [    0    0    0 ] [      0      0      0 ] [ 0 ],drive [ 82 ] [ 0 ] [ 1563 1693 1903 ] [   41   35   19 ] [  11128   5615   8533 ] [ 0 ],1.10,1.10,1.10,1.10,6.21,31.64,0.00,0.00,0.00,0.00,0.00,-0.00,0.00,0.00,0.00,0.00,0.00,0.00,-0.00,-0.00,0.00,0
2.45616,4,28,171,0,DRIVE [ 83 ] [ 1 ] [ 1599 1686 1903 ] [    0    0    0 ] [      0      0      0 ] [ 0 ],drive [ 83 ] [ 0 ] [ 1581 1690 1903 ] [   41   35   19 ] [  11128   5615   8533 ] [ 0 ],1.10,1.10,1.10,1.10,4.92,30.71,0.00,0.00,0.00,0.00,0.00,-0.00,0.00,0.00,0.00,0.00,0.00,0.00,-0.00,-0.00,0.00,0
2.468,3,27,170,0,DRIVE [ 84 ] [ 1 ] [ 1618 1681 1903 ] [    0    0    0 ] [      0      0      0 ] [ 0 ],drive [ 83 ] [ 0 ] [ 1599 1686 1903 ] [   41   35   19 ] [  11121   5615   8530 ] [ 0 ],1.10,1.10,1.10,1.10,3.54,29.68,0.00,0.00,0.00,0.00,0.00,-0.00,0.00,0.00,0.00,0.00,0.00,0.00,-0.00,-0.00,0.00,0
2.47851,2,26,168,0,DRIVE [ 84 ] [ 1 ] [ 1639 1676 1903 ] [    0    0    0 ] [      0      0      0 ] [ 0 ],drive [ 84 ] [ 0 ] [ 1618 1681 1903 ] [   31   36   14 ] [  11121   5615   8530 ] [ 0 ],1.10,1.10,1.10,1.10,2.10,28.59,0.00,0.00,0.00,0.00,0.00,-0.00,0.00,0.00,0.00,0.00,0.00,0.00,-0.00,-0.00,0.00,0
2.48845,1,25,166,0,DRIVE [ 85 ] [ 1 ] [ 1661 1671 1903 ] [    0    0    0 ] [      0      0      0 ] [ 0 ],drive [ 84 ] [ 0 ] [ 1639 1676 1903 ] [   31   36   14 ] [  11121   5615   8530 ] [ 0 ],1.10,1.10,1.10,1.10,0.57,27.42,0.00,0.00,0.00,0.00,0.00,-0.00,0.00,0.00,0.00,0.00,0.00,0.00,-0.00,-0.00,0.00,0
2.49926,-1,24,165,0,DRIVE [ 85 ] [ 1 ] [ 1683 1665 1903 ] [    0    0    0 ] [      0      0      0 ] [ 0 ],drive [ 85 ] [ 0 ] [ 1661 1671 1903 ] [   31   36   14 ] [  11121   5615   8530 ] [ 0 ],1.10,1.10,1.10,1.10,-0.99,26.17,0.00,0.00,0.00,0.00,0.00,-0.00,0.00,0.00,0.00,0.00,0.00,0.00,0.00,-0.00,0.00,0
2.50958,-2,23,163,0,DRIVE [ 86 ] [ 1 ] [ 1705 1658 1903 ] [    0    0    0 ] [      0      0      0 ] [ 0 ],drive [ 85 ] [ 0 ] [ 1683 1665 1903 ] [   31   36   14 ] [  11121   5615   8530 ] [ 0 ],1.10,1.10,1.10,1.10,-2.55,24.96,0.00,0.00,0.00,0.00,0.00,-0.00,0.00,0.00,0.00,0.00,0.00,0.00,0.00,-0.00,0.00,0
2.51969,-4,22,162,0,DRIVE [ 86 ] [ 1 ] [ 1727 1649 1903 ] [    0    0    0 ] [      0      0      0 ] [ 0 ],drive [ 86 ] [ 0 ] [ 1705 1658 1903 ] [   31   36   14 ] [  11112   5615   8525 ] [ 0 ],1.10,1.10,1.10,1.10,-4.16,23.75,0.00,0.00,0.00,0.00,0.00,-0.00,0.00,0.00,0.00,0.00,0.00,0.00,0.00,-0.00,0.00,0
2.52955,-5,20,160,0,DRIVE [ 87 ] [ 1 ] [ 1749 1638 1903 ] [    0    0    0 ] [      0      0      0 ] [ 0 ],drive [ 86 ] [ 0 ] [ 1727 1649 1903 ] [   27   39    9 ] [  11112   5615   8525 ] [ 0 ],1.10,1.10,1.10,1.10,-5.81,22.55,0.00,0.00,0.00,0.00,0.00,-0.00,0.00,0.00,0.00,0.00,0.00,0.00,0.00,-0.00,0.00,0
2.54017,-7,19,159,0,DRIVE [ 87 ] [ 1 ] [ 1771 1625 1903 ] [    0    0    0 ] [      0      0      0 ] [ 0 ],drive [ 87 ] [ 0 ] [ 1749 1638 1903 ] [   27   39    9 ] [  11112   5615   8525 ] [ 0 ],1.10,1.10,1.10,1.10,-7.50,21.30,0.00,0.00,0.00,0.00,0.00,-0.00,0.00,0.00,0.00,0.00,0.00,0.00,0.00,-0.00,0.00,0
2.55191,-8,18,158,0,DRIVE [ 88 ] [ 1 ] [ 1793 1610 1903 ] [    0    0    0 ] [      0      0      0 ] [ 0 ],drive [ 87 ] [ 0 ] [ 1771 1625 1903 ] [   27   39    9 ] [  11112   5615   8525 ] [ 0 ],1.10,1.10,1.10,1.10,-9.24,19.99,0.00,0.00,0.00,0.00,0.00,-0.00,0.00,0.00,0.00,0.00,0.00,0.00,0.00,-0.00,0.00,0
2.56383,-10,17,156,0,DRIVE [ 88 ] [ 1 ] [ 1814 1591 1903 ] [    0    0    0 ] [      0      0      0 ] [ 0 ],drive [ 88 ] [ 0 ] [ 1793 1610 1903 ] [   27   39    9 ] [  11039   5619   8511 ] [ 0 ],1.10,1.10,1.10,1.10,-10.94,18.71,0.00,0.00,0.00,0.00,0.00,-0.00,0.00,0.00,0.00,0.00,0.00,0.00,0.00,-0.00,0.00,0
2.57444,-12,16,155,0,DRIVE [ 89 ] [ 1 ] [ 1835 1569 1903 ] [    0    0    0 ] [      0      0      0 ] [ 0 ],drive [ 88 ] [ 0 ] [ 1814 1591 1903 ] [   27   39    9 ] [  11039   5619   8511 ] [ 0 ],1.10,1.10,1.10,1.10,-12.66,17.47,0.00,0.00,0.00,0.00,0.00,-0.00,0.00,0.00,0.00,0.00,0.00,0.00,0.00,-0.00,0.00,0
2.58459,-13,15,153,0,DRIVE [ 89 ] [ 1 ] [ 1854 1544 1903 ] [    0    0    0 ] [      0      0      0 ] [ 0 ],drive [ 89 ] [ 0 ] [ 1835 1569 1903 ] [   31   38    2 ] [  11039   5619   8511 ] [ 0 ],1.10,1.10,1.10,1.10,-14.29,16.23,0.00,0.00,0.00,0.00,0.00,-0.00,0.00,0.00,0.00,0.00,0.00,0.00,0.00,0.00,0.00,0
2.59551,-14,14,151,0,DRIVE [ 90 ] [ 1 ] [ 1873 1517 1903 ] [    0    0    0 ] [      0      0      0 ] [ 0 ],drive [ 89 ] [ 0 ] [ 1854 1544 1903 ] [   31   38    2 ] [  11039   5619   8511 ] [ 0 ],1.10,1.10,1.10,1.10,-15.86,15.02,0.00,0.00,0.00,0.00,0.00,-0.00,0.00,0.00,0.00,0.00,0.00,0.00,0.00,0.00,0.00,0
2.60767,-16,13,150,0,DRIVE [ 90 ] [ 1 ] [ 1891 1486 1903 ] [    0    0    0 ] [      0      0      0 ] [ 0 ],drive [ 90 ] [ 0 ] [ 1873 1517 1903 ] [   31   38    2 ] [  11039   5619   8511 ] [ 0 ],1.10,1.10,1.10,1.10,-17.39,13.90,0.00,0.00,0.00,0.00,0.00,-0.00,0.00,0.00,0.00,0.00,0.00,0.00,0.00,0.00,0.00,0
2.61989,-17,12,148,0,DRIVE [ 91 ] [ 1 ] [ 1891 1459 1903 ] [    0    0    0 ] [      0      0      0 ] [ 0 ],drive [ 90 ] [ 0 ] [ 1891 1486 1903 ] [   31   38    2 ] [  10798   5637   8470 ] [ 0 ],1.10,1.10,1.10,1.10,-18.82,12.89,0.00,0.00,0.00,0.00,0.00,-0.00,0.00,0.00,0.00,0.00,0.00,0.00,0.00,0.00,0.00,0
2.63033,-18,11,146,0,DRIVE [ 91 ] [ 1 ] [ 1891 1456 1889 ] [    0    0    0 ] [      0      0      0 ] [ 0 ],drive [ 91 ] [ 0 ] [ 1891 1459 1903 ] [   27   38   12 ] [  10798   5637   8470 ] [ 0 ],1.10,1.10,1.10,1.10,-20.10,11.96,0.00,0.00,0.00,0.00,0.00,-0.00,0.00,0.00,0.00,0.00,0.00,0.00,0.00,0.00,0.00,0
2.64097,-19,10,145,0,DRIVE [ 92 ] [ 1 ] [ 1891 1452 1876 ] [    0    0    0 ] [      0      0      0 ] [ 0 ],drive [ 91 ] [ 0 ] [ 1891 1456 1889 ] [   27   38   12 ] [  10798   5637   8470 ] [ 0 ],1.10,1.10,1.10,1.10,-21.32,11.12,0.00,0.00,0.00,0.00,0.00,-0.00,0.00,0.00,0.00,0.00,0.00,0.00,0.00,0.00,0.00,0
2.65161,-20,9,143,0,DRIVE [ 92 ] [ 1 ] [ 1891 1448 1864 ] [    0    0    0 ] [      0      0      0 ] [ 0 ],drive [ 92 ] [ 0 ] [ 1891 1452 1876 ] [   27   38   12 ] [  10798   5637   8470 ] [ 0 ],1.10,1.10,1.10,1.10,-22.37,10.29,0.00,0.00,0.00,0.00,0.00,-0.00,0.00,0.00,0.00,0.00,0.00,0.00,0.00,0.00,0.00,0
2.66347,-21,9,142,0,DRIVE [ 93 ] [ 1 ] [ 1891 1446 1852 ] [    0    0    0 ] [      0      0      0 ] [ 0 ],drive [ 92 ] [ 0 ] [ 1891 1448 1864 ] [   27   38   12 ] [  10472   5864   8473 ] [ 0 ],1.10,1.10,1.10,1.10,-23.18,9.37,0.00,0.00,0.00,0.00,0.00,-0.00,0.00,0.00,0.00,0.00,0.00,0.00,0.00,0.00,0.00,0
2.67566,-22,8,140,0,DRIVE [ 93 ] [ 1 ] [ 1891 1449 1840 ] [    0    0    0 ] [      0      0      0 ] [ 0 ],drive [ 93 ] [ 0 ] [ 1891 1446 1852 ] [   27   38   12 ] [  10472   5864   8473 ] [ 0 ],1.10,1.10,1.10,1.10,-23.73,8.39,0.00,0.00,0.00,0.00,0.00,-0.00,0.00,0.00,0.00,0.00,0.00,0.00,0.00,0.00,0.00,0
2.68765,-22,7,139,0,DRIVE [ 94 ] [ 1 ] [ 1891 1453 1829 ] [    0    0    0 ] [      0      0      0 ] [ 0 ],drive [ 93 ] [ 0 ] [ 1891 1449 1840 ] [   25   54   13 ] [  10472   5864   8473 ] [ 0 ],1.10,1.10,1.10,1.10,-24.14,7.39,0.00,0.00,0.00,0.00,0.00,-0.00,0.00,0.00,0.00,0.00,0.00,0.00,0.00,0.00,0.00,0
2.69774,-22,6,137,0,DRIVE [ 94 ] [ 1 ] [ 1891 1456 1818 ] [    0    0    0 ] [      0      0      0 ] [ 0 ],drive [ 94 ] [ 0 ] [ 1891 1453 1829 ] [   25   54   13 ] [  10472   5864   8473 ] [ 0 ],1.10,1.10,1.10,1.10,-24.50,6.47,0.00,0.00,0.00,0.00,0.00,-0.00,0.00,0.00,0.00,0.00,0.00,0.00,0.00,0.00,0.00,0
2.70808,-23,5,136,0,DRIVE [ 95 ] [ 1 ] [ 1891 1457 1807 ] [    0    0    0 ] [      0      0      0 ] [ 0 ],drive [ 94 ] [ 0 ] [ 1891 1456 1818 ] [   25   54   13 ] [  10472   5864   8473 ] [ 0 ],1.10,1.10,1.10,1.10,-24.96,5.54,0.00,0.00,0.00,0.00,0.00,-0.00,0.00,0.00,0.00,0.00,0.00,0.00,0.00,0.00,0.00,0
2.71964,-23,4,134,0,DRIVE [ 95 ] [ 1 ] [ 1891 1454 1794 ] [    0    0    0 ] [      0      0      0 ] [ 0 ],drive [ 95 ] [ 0 ] [ 1891 1457 1807 ] [   25   54   13 ] [  10324   6131   8483 ] [ 0 ],1.10,1.10,1.10,1.10,-25.64,4.67,0.00,0.00,0.00,0.00,0.00,-0.00,0.00,0.00,0.00,0.00,0.00,0.00,0.00,0.00,0.00,0
2.73177,-24,3,133,0,DRIVE [ 96 ] [ 1 ] [ 1891 1446 1780 ] [    0    0    0 ] [      0      0      0 ] [ 0 ],drive [ 95 ] [ 0 ] [ 1891 1454 1794 ] [    3   49   10 ] [  10324   6131   8483 ] [ 0 ],1.10,1.10,1.10,1.10,-26.52,3.84,0.00,0.00,0.00,0.00,0.00,-0.00,0.00,0.00,0.00,0.00,0.00,0.00,0.00,0.00,0.00,0
2.74339,-25,3,131,0,DRIVE [ 96 ] [ 1 ] [ 1891 1434 1765 ] [    0    0    0 ] [      0      0      0 ] [ 0 ],drive [ 96 ] [ 0 ] [ 1891 1446 1780 ] [    3   49   10 ] [  10324   6131   8483 ] [ 0 ],1.10,1.10,1.10,1.10,-27.58,3.08,0.00,0.00,0.00,0.00,0.00,-0.00,0.00,0.00,0.00,0.00,0.00,0.00,0.00,0.00,0.00,0
2.75354,-26,2,130,0,DRIVE [ 97 ] [ 1 ] [ 1891 1419 1749 ] [    0    0    0 ] [      0      0      0 ] [ 0 ],drive [ 96 ] [ 0 ] [ 1891 1434 1765 ] [    3   49   10 ] [  10324   6131   8483 ] [ 0 ],1.10,1.10,1.10,1.10,-28.77,2.32,0.00,0.00,0.00,0.00,0.00,-0.00,0.00,0.00,0.00,0.00,0.00,0.00,0.00,0.00,0.00,0
2.76345,-27,1,128,0,DRIVE [ 97 ] [ 1 ] [ 1891 1404 1733 ] [    0    0    0 ] [      0      0      0 ] [ 0 ],drive [ 97 ] [ 0 ] [ 1891 1419 1749 ] [    3   49   10 ] [  10324   6131   8506 ] [ 0 ],1.10,1.10,1.10,1.10,-29.91,1.63,0.00,0.00,0.00,0.00,0.00,-0.00,0.00,0.00,0.00,0.00,0.00,0.00,0.00,0.00,0.00,0
2.77561,-28,1,127,0,DRIVE [ 98 ] [ 1 ] [ 1891 1387 1719 ] [    0    0    0 ] [      0      0      0 ] [ 0 ],drive [ 97 ] [ 0 ] [ 1891 1404 1733 ] [    3   49   10 ] [  10324   6131   8506 ] [ 0 ],1.10,1.10,1.10,1.10,-30.99,1.04,0.00,0.00,0.00,0.00,0.00,-0.00,0.00,0.00,0.00,0.00,0.00,0.00,0.00,0.00,0.00,0
2.78748,-29,1,125,0,DRIVE [ 98 ] [ 1 ] [ 1891 1370 1705 ] [    0    0    0 ] [      0      0      0 ] [ 0 ],drive [ 98 ] [ 0 ] [ 1891 1387 1719 ] [    2   53   34 ] [  10324   6131   8506 ] [ 0 ],1.10,1.10,1.10,1.10,-32.00,0.58,0.00,0.00,0.00,0.00,0.00,-0.00,0.00,0.00,0.00,0.00,0.00,0.00,0.00,0.00,0.00,0
2.79959,-30,0,124,0,DRIVE [ 99 ] [ 1 ] [ 1891 1354 1694 ] [    0    0    0 ] [      0      0      0 ] [ 0 ],drive [ 98 ] [ 0 ] [ 1891 1370 1705 ] [    2   53   34 ] [  10324   6131   8506 ] [ 0 ],1.10,1.10,1.10,1.10,-32.90,0.23,0.00,0.00,0.00,0.00,0.00,-0.00,0.00,0.00,0.00,0.00,0.00,0.00,0.00,0.00,0.00,0
2.81164,-30,0,122,0,DRIVE [ 99 ] [ 1 ] [ 1891 1340 1686 ] [    0    0    0 ] [      0      0      0 ] [ 0 ],drive [ 99 ] [ 0 ] [ 1891 1354 1694 ] [    2   53   34 ] [  10324   6131   8506 ] [ 0 ],1.10,1.10,1.10,1.10,-33.53,-0.01,0.00,0.00,0.00,0.00,0.00,-0.00,0.00,0.00,0.00,0.00,0.00,0.00,0.00,0.00,0.00,0
2.82243,-31,0,121,0,DRIVE [ 00 ] [ 1 ] [ 1891 1332 1679 ] [    0    0    0 ] [      0      0      0 ] [ 0 ],drive [ 99 ] [ 0 ] [ 1891 1340 1686 ] [    2   53   34 ] [  10231   6256   8652 ] [ 0 ],1.10,1.10,1.10,1.10,-33.83,-0.26,0.00,0.00,0.00,0.00,0.00,-0.00,0.00,0.00,0.00,0.00,0.00,0.00,0.00,0.00,0.00,0
2.83388,-31,0,120,0,DRIVE [ 00 ] [ 1 ] [ 1891 1327 1673 ] [    0    0    0 ] [      0      0      0 ] [ 0 ],drive [ 00 ] [ 0 ] [ 1891 1332 1679 ] [   23   58   40 ] [  10231   6256   8652 ] [ 0 ],1.10,1.10,1.10,1.10,-33.88,-0.50,0.00,0.00,0.00,0.00,0.00,-0.00,0.00,0.00,0.00,0.00,0.00,0.00,0.00,0.00,0.00,0
2.84437,-31,-1,118,0,DRIVE [ 01 ] [ 1 ] [ 1891 1325 1670 ] [    0    0    0 ] [      0      0      0 ] [ 0 ],drive [ 00 ] [ 0 ] [ 1891 1327 1673 ] [   23   58   40 ] [  10231   6256   8652 ] [ 0 ],1.10,1.10,1.10,1.10,-33.74,-0.67,0.00,0.00,0.00,0.00,0.00,-0.00,0.00,0.00,0.00,0.00,0.00,0.00,0.00,0.00,0.00,0
2.85534,-30,-1,117,0,DRIVE [ 01 ] [ 1 ] [ 1891 1323 1667 ] [    0    0    0 ] [      0      0      0 ] [ 0 ],drive [ 01 ] [ 0 ] [ 1891 1325 1670 ] [   23   58   40 ] [  10231   6256   8652 ] [ 0 ],1.10,1.10,1.10,1.10,-33.52,-0.80,0.00,0.00,0.00,0.00,0.00,-0.00,0.00,0.00,0.00,0.00,0.00,0.00,0.00,0.00,0.00,0
2.86896,-30,-1,115,0,DRIVE [ 02 ] [ 1 ] [ 1891 1325 1663 ] [    0    0    0 ] [      0      0      0 ] [ 0 ],drive [ 01 ] [ 0 ] [ 1891 1323 1667 ] [   23   58   40 ] [  10107   6424   8746 ] [ 0 ],1.10,1.10,1.10,1.10,-33.23,-1.03,0.00,0.00,0.00,0.00,0.00,-0.00,0.00,0.00,0.00,0.00,0.00,0.00,0.00,0.00,0.00,0
2.87966,-30,-1,114,0,DRIVE [ 02 ] [ 1 ] [ 1891 1328 1660 ] [    0    0    0 ] [      0      0      0 ] [ 0 ],drive [ 02 ] [ 0 ] [ 1891 1325 1663 ] [    3   59   24 ] [  10107   6424   8746 ] [ 0 ],1.10,1.10,1.10,1.10,-32.83,-1.30,0.00,0.00,0.00,0.00,0.00,-0.00,0.00,0.00,0.00,0.00,0.00,0.00,0.00,0.00,0.00,0
2.88925,-29,-1,113,0,DRIVE [ 03 ] [ 1 ] [ 1891 1332 1658 ] [    0    0    0 ] [      0      0      0 ] [ 0 ],drive [ 02 ] [ 0 ] [ 1891 1328 1660 ] [    3   59   24 ] [  10107   6424   8746 ] [ 0 ],1.10,1.10,1.10,1.10,-32.38,-1.49,0.00,0.00,0.00,0.00,0.00,-0.00,0.00,0.00,0.00,0.00,0.00,0.00,0.00,0.00,0.00,0
2.89929,-29,-1,112,0,DRIVE [ 03 ] [ 1 ] [ 1891 1334 1658 ] [    0    0    0 ] [      0      0      0 ] [ 0 ],drive [ 03 ] [ 0 ] [ 1891 1332 1658 ] [    3   59   24 ] [  10107   6424   8746 ] [ 0 ],1.10,1.10,1.10,1.10,-31.95,-1.57,0.00,0.00,0.00,0.00,0.00,-0.00,0.00,0.00,0.00,0.00,0.00,0.00,0.00,0.00,0.00,0
2.91137,-29,-1,110,0,DRIVE [ 04 ] [ 1 ] [ 1891 1335 1657 ] [    0    0    0 ] [      0      0      0 ] [ 0 ],drive [ 03 ] [ 0 ] [ 1891 1334 1658 ] [    3   59   24 ] [  10107   6424   8746 ] [ 0 ],1.10,1.10,1.10,1.10,-31.55,-1.60,0.00,0.00,0.00,0.00,0.00,-0.00,0.00,0.00,0.00,0.00,0.00,0.00,0.00,0.00,0.00,0
2.92463,-28,-1,109,0,DRIVE [ 04 ] [ 1 ] [ 1891 1335 1660 ] [    0    0    0 ] [      0      0      0 ] [ 0 ],drive [ 04 ] [ 0 ] [ 1891 1335 1657 ] [    3   59   24 ] [  10099   6463   8770 ] [ 0 ],1.10,1.10,1.10,1.10,-31.09,-1.44,0.00,0.00,0.00,0.00,0.00,-0.00,0.00,0.00,0.00,0.00,0.00,0.00,0.00,0.00,0.00,0
2.93675,-28,-1,108,0,DRIVE [ 05 ] [ 1 ] [ 1891 1334 1665 ] [    0    0    0 ] [      0      0      0 ] [ 0 ],drive [ 04 ] [ 0 ] [ 1891 1335 1660 ] [    2   58   36 ] [  10099   6463   8770 ] [ 0 ],1.10,1.10,1.10,1.10,-30.53,-1.07,0.00,0.00,0.00,0.00,0.00,-0.00,0.00,0.00,0.00,0.00,0.00,0.00,0.00,0.00,0.00,0
2.9484,-27,0,106,0,DRIVE [ 05 ] [ 1 ] [ 1891 1334 1676 ] [    0    0    0 ] [      0      0      0 ] [ 0 ],drive [ 05 ] [ 0 ] [ 1891 1334 1665 ] [    2   58   36 ] [  10099   6463   8770 ] [ 0 ],1.10,1.10,1.10,1.10,-29.78,-0.43,0.00,0.00,0.00,0.00,0.00,-0.00,0.00,0.00,0.00,0.00,0.00,0.00,0.00,0.00,0.00,0
2.95814,-26,0,105,0,DRIVE [ 06 ] [ 1 ] [ 1891 1336 1690 ] [    0    0    0 ] [      0      0      0 ] [ 0 ],drive [ 05 ] [ 0 ] [ 1891 1334 1676 ] [    2   58   36 ] [  10099   6463   8770 ] [ 0 ],1.10,1.10,1.10,1.10,-28.88,0.35,0.00,0.00,0.00,0.00,0.00,-0.00,0.00,0.00,0.00,0.00,0.00,0.00,0.00,0.00,0.00,0
2.96967,-25,1,104,0,DRIVE [ 06 ] [ 1 ] [ 1891 1340 1706 ] [    0    0    0 ] [      0      0      0 ] [ 0 ],drive [ 06 ] [ 0 ] [ 1891 1336 1690 ] [    2   58   36 ] [  10008   6463   8899 ] [ 0 ],1.10,1.10,1.10,1.10,-27.75,1.17,0.00,0.00,0.00,0.00,0.00,-0.00,0.00,0.00,0.00,0.00,0.00,0.00,0.00,0.00,0.00,0
2.97982,-24,2,103,0,DRIVE [ 07 ] [ 1 ] [ 1891 1347 1722 ] [    0    0    0 ] [      0      0      0 ] [ 0 ],drive [ 06 ] [ 0 ] [ 1891 1340 1706 ] [    4   58   44 ] [  10008   6463   8899 ] [ 0 ],1.10,1.10,1.10,1.10,-26.45,1.94,0.00,0.00,0.00,0.00,0.00,-0.00,0.00,0.00,0.00,0.00,0.00,0.00,0.00,0.00,0.00,0
2.99117,-23,2,101,0,DRIVE [ 07 ] [ 1 ] [ 1891 1358 1741 ] [    0    0    0 ] [      0      0      0 ] [ 0 ],drive [ 07 ] [ 0 ] [ 1891 1347 1722 ] [    4   58   44 ] [  10008   6463   8899 ] [ 0 ],1.10,1.10,1.10,1.10,-24.98,2.71,0.00,0.00,0.00,0.00,0.00,-0.00,0.00,0.00,0.00,0.00,0.00,0.00,0.00,-0.00,0.00,0
3.00444,-21,3,100,0,DRIVE [ 08 ] [ 1 ] [ 1891 1371 1761 ] [    0    0    0 ] [      0      0      0 ] [ 0 ],drive [ 07 ] [ 0 ] [ 1891 1358 1741 ] [    4   58   44 ] [  10008   6463   8899 ] [ 0 ],1.10,1.10,1.10,1.10,-23.36,3.47,0.00,0.00,0.00,0.00,0.00,-0.00,0.00,0.00,0.00,0.00,0.00,0.00,0.00,-0.00,0.00,0
3.01493,-20,4,99,0,DRIVE [ 08 ] [ 1 ] [ 1891 1387 1782 ] [    0    0    0 ] [      0      0      0 ] [ 0 ],drive [ 08 ] [ 0 ] [ 1891 1371 1761 ] [    4   58   44 ] [   9887   6470   8897 ] [ 0 ],1.10,1.10,1.10,1.10,-21.63,4.22,0.00,0.00,0.00,0.00,0.00,-0.00,0.00,0.00,0.00,0.00,0.00,0.00,0.00,-0.00,0.00,0
3.02507,-18,4,98,0,DRIVE [ 09 ] [ 1 ] [ 1891 1405 1804 ] [    0    0    0 ] [      0      0      0 ] [ 0 ],drive [ 08 ] [ 0 ] [ 1891 1387 1782 ] [    4   58   44 ] [   9887   6470   8897 ] [ 0 ],1.10,1.10,1.10,1.10,-19.75,4.94,0.00,0.00,0.00,0.00,0.00,-0.00,0.00,0.00,0.00,0.00,0.00,0.00,0.00,-0.00,0.00,0
3.03699,-16,5,97,0,DRIVE [ 09 ] [ 1 ] [ 1891 1424 1827 ] [    0    0    0 ] [      0      0      0 ] [ 0 ],drive [ 09 ] [ 0 ] [ 1891 1405 1804 ] [    0   62   36 ] [   9887   6470   8897 ] [ 0 ],1.10,1.10,1.10,1.10,-17.81,5.61,0.00,0.00,0.00,0.00,0.00,-0.00,0.00,0.00,0.00,0.00,0.00,0.00,0.00,-0.00,0.00,0
3.04826,-14,6,96,0,DRIVE [ 10 ] [ 1 ] [ 1891 1445 1849 ] [    0    0    0 ] [      0      0      0 ] [ 0 ],drive [ 09 ] [ 0 ] [ 1891 1424 1827 ] [    0   62   36 ] [   9887   6470   8897 ] [ 0 ],1.10,1.10,1.10,1.10,-15.83,6.22,0.00,0.00,0.00,0.00,0.00,-0.00,0.00,0.00,0.00,0.00,0.00,0.00,0.00,-0.00,0.00,0
3.05957,-13,6,94,0,DRIVE [ 10 ] [ 1 ] [ 1891 1465 1871 ] [    0    0    0 ] [      0      0      0 ] [ 0 ],drive [ 10 ] [ 0 ] [ 1891 1445 1849 ] [    0   62   36 ] [   9887   6470   8897 ] [ 0 ],1.10,1.10,1.10,1.10,-13.82,6.76,0.00,0.00,0.00,0.00,0.00,-0.00,0.00,0.00,0.00,0.00,0.00,0.00,0.00,-0.00,0.00,0
3.07307,-11,7,93,0,DRIVE [ 11 ] [ 1 ] [ 1891 1484 1893 ] [    0    0    0 ] [      0      0      0 ] [ 0 ],drive [ 10 ] [ 0 ] [ 1891 1465 1871 ] [    0   62   36 ] [   9834   6473   8882 ] [ 0 ],1.10,1.10,1.10,1.10,-11.83,7.24,0.00,0.00,0.00,0.00,0.00,-0.00,0.00,0.00,0.00,0.00,0.00,0.00,0.00,-0.00,0.00,0
3.08507,-9,7,92,0,DRIVE [ 11 ] [ 1 ] [ 1896 1520 1893 ] [    0    0    0 ] [      0      0      0 ] [ 0 ],drive [ 11 ] [ 0 ] [ 1891 1484 1893 ] [   19   53   15 ] [   9834   6473   8882 ] [ 0 ],1.10,1.10,1.10,1.10,-9.86,7.59,0.00,0.00,0.00,0.00,0.00,-0.00,0.00,0.00,0.00,0.00,0.00,0.00,0.00,-0.00,0.00,0
3.09612,-7,7,91,0,DRIVE [ 12 ] [ 1 ] [ 1875 1579 1893 ] [    0    0    0 ] [      0      0      0 ] [ 0 ],drive [ 11 ] [ 0 ] [ 1896 1520 1893 ] [   19   53   15 ] [   9834   6473   8882 ] [ 0 ],1.10,1.10,1.10,1.10,-7.95,7.77,0.00,0.00,0.00,0.00,0.00,-0.00,0.00,0.00,0.00,0.00,0.00,0.00,0.00,-0.00,0.00,0
3.10976,-6,7,90,0,DRIVE [ 12 ] [ 1 ] [ 1856 1634 1893 ] [    0    0    0 ] [      0      0      0 ] [ 0 ],drive [ 12 ] [ 0 ] [ 1875 1579 1893 ] [   19   53   15 ] [   9834   6473   8882 ] [ 0 ],1.10,1.10,1.10,1.10,-6.07,7.74,0.00,0.00,0.00,0.00,0.00,-0.00,0.00,0.00,0.00,0.00,0.00,0.00,0.00,-0.00,0.00,0
3.11949,-4,7,89,0,DRIVE [ 13 ] [ 1 ] [ 1840 1688 1893 ] [    0    0    0 ] [      0      0      0 ] [ 0 ],drive [ 12 ] [ 0 ] [ 1856 1634 1893 ] [   19   53   15 ] [   9823   6469   8760 ] [ 0 ],1.10,1.10,1.10,1.10,-4.24,7.45,0.00,0.00,0.00,0.00,0.00,-0.00,0.00,0.00,0.00,0.00,0.00,0.00,0.00,-0.00,0.00,0
3.12955,-2,6,88,0,DRIVE [ 13 ] [ 1 ] [ 1826 1736 1893 ] [    0    0    0 ] [      0      0      0 ] [ 0 ],drive [ 13 ] [ 0 ] [ 1840 1688 1893 ] [   16   35   10 ] [   9823   6469   8760 ] [ 0 ],1.10,1.10,1.10,1.10,-2.51,7.01,0.00,0.00,0.00,0.00,0.00,-0.00,0.00,0.00,0.00,0.00,0.00,0.00,0.00,-0.00,0.00,0
3.1396,-1,6,87,0,DRIVE [ 14 ] [ 1 ] [ 1809 1779 1893 ] [    0    0    0 ] [      0      0      0 ] [ 0 ],drive [ 13 ] [ 0 ] [ 1826 1736 1893 ] [   16   35   10 ] [   9823   6469   8760 ] [ 0 ],1.10,1.10,1.10,1.10,-0.84,6.51,0.00,0.00,0.00,0.00,0.00,-0.00,0.00,0.00,0.00,0.00,0.00,0.00,0.00,-0.00,0.00,0
3.14934,1,5,85,0,DRIVE [ 14 ] [ 1 ] [ 1789 1814 1893 ] [    0    0    0 ] [      0      0      0 ] [ 0 ],drive [ 14 ] [ 0 ] [ 1809 1779 1893 ] [   16   35   10 ] [   9823   6469   8760 ] [ 0 ],1.10,1.10,1.10,1.10,0.70,6.03,0.00,0.00,0.00,0.00,0.00,-0.00,0.00,0.00,0.00,0.00,0.00,0.00,0.00,0.00,0.00,0
3.15911,2,5,84,0,DRIVE [ 15 ] [ 1 ] [ 1764 1840 1893 ] [    0    0    0 ] [      0      0      0 ] [ 0 ],drive [ 14 ] [ 0 ] [ 1789 1814 1893 ] [   16   35   10 ] [   9823   6469   8760 ] [ 0 ],1.10,1.10,1.10,1.10,2.05,5.56,0.00,0.00,0.00,0.00,0.00,-0.00,0.00,0.00,0.00,0.00,0.00,0.00,0.00,0.00,0.00,0
3.17126,3,5,83,0,DRIVE [ 15 ] [ 1 ] [ 1736 1860 1893 ] [    0    0    0 ] [      0      0      0 ] [ 0 ],drive [ 15 ] [ 0 ] [ 1764 1840 1893 ] [   16   35   10 ] [   9860   6339   8707 ] [ 0 ],1.10,1.10,1.10,1.10,3.21,5.14,0.00,0.00,0.00,0.00,0.00,-0.00,0.00,0.00,0.00,0.00,0.00,0.00,0.00,0.00,0.00,0
3.18359,4,4,82,0,DRIVE [ 16 ] [ 1 ] [ 1709 1876 1893 ] [    0    0    0 ] [      0      0      0 ] [ 0 ],drive [ 15 ] [ 0 ] [ 1736 1860 1893 ] [   18   33   13 ] [   9860   6339   8707 ] [ 0 ],1.10,1.10,1.10,1.10,4.13,4.77,0.00,0.00,0.00,0.00,0.00,-0.00,0.00,0.00,0.00,0.00,0.00,0.00,0.00,0.00,0.00,0
3.19534,4,4,81,0,DRIVE [ 16 ] [ 1 ] [ 1684 1888 1893 ] [    0    0    0 ] [      0      0      0 ] [ 0 ],drive [ 16 ] [ 0 ] [ 1709 1876 1893 ] [   18   33   13 ] [   9860   6339   8707 ] [ 0 ],1.10,1.10,1.10,1.10,4.82,4.47,0.00,0.00,0.00,0.00,0.00,-0.00,0.00,0.00,0.00,0.00,0.00,0.00,0.00,0.00,0.00,0
3.20552,5,4,79,0,DRIVE [ 17 ] [ 1 ] [ 1662 1898 1893 ] [    0    0    0 ] [      0      0      0 ] [ 0 ],drive [ 16 ] [ 0 ] [ 1684 1888 1893 ] [   18   33   13 ] [   9860   6339   8707 ] [ 0 ],1.10,1.10,1.10,1.10,5.33,4.21,0.00,0.00,0.00,0.00,0.00,-0.00,0.00,0.00,0.00,0.00,0.00,0.00,0.00,0.00,0.00,0
3.21535,5,4,78,0,DRIVE [ 17 ] [ 1 ] [ 1646 1898 1904 ] [    0    0    0 ] [      0      0      0 ] [ 0 ],drive [ 17 ] [ 0 ] [ 1662 1898 1893 ] [   18   33   13 ] [   9948   5831   8708 ] [ 0 ],1.10,1.10,1.10,1.10,5.76,3.93,0.00,0.00,0.00,0.00,0.00,-0.00,0.00,0.00,0.00,0.00,0.00,0.00,0.00,0.00,0.00,0
3.22714,6,3,77,0,DRIVE [ 18 ] [ 1 ] [ 1646 1898 1895 ] [    0    0    0 ] [      0      0      0 ] [ 0 ],drive [ 17 ] [ 0 ] [ 1646 1898 1904 ] [   47    6   12 ] [   9948   5831   8708 ] [ 0 ],1.10,1.10,1.10,1.10,6.12,3.58,0.00,0.00,0.00,0.00,0.00,-0.00,0.00,0.00,0.00,0.00,0.00,0.00,0.00,0.00,0.00,0
3.23904,6,3,76,0,DRIVE [ 18 ] [ 1 ] [ 1648 1898 1886 ] [    0    0    0 ] [      0      0      0 ] [ 0 ],drive [ 18 ] [ 0 ] [ 1646 1898 1895 ] [   47    6   12 ] [   9948   5831   8708 ] [ 0 ],1.10,1.10,1.10,1.10,6.44,3.17,0.00,0.00,0.00,0.00,0.00,-0.00,0.00,0.00,0.00,0.00,0.00,0.00,0.00,0.00,0.00,0
3.25148,6,2,75,0,DRIVE [ 19 ] [ 1 ] [ 1652 1898 1876 ] [    0    0    0 ] [      0      0      0 ] [ 0 ],drive [ 18 ] [ 0 ] [ 1648 1898 1886 ] [   47    6   12 ] [   9948   5831   8708 ] [ 0 ],1.10,1.10,1.10,1.10,6.66,2.71,0.00,0.00,0.00,0.00,0.00,-0.00,0.00,0.00,0.00,0.00,0.00,0.00,0.00,0.00,0.00,0
3.26291,6,2,73,0,DRIVE [ 19 ] [ 1 ] [ 1659 1898 1866 ] [    0    0    0 ] [      0      0      0 ] [ 0 ],drive [ 19 ] [ 0 ] [ 1652 1898 1876 ] [   47    6   12 ] [  10243   5662   8664 ] [ 0 ],1.10,1.10,1.10,1.10,6.81,2.19,0.00,0.00,0.00,0.00,0.00,-0.00,0.00,0.00,0.00,0.00,0.00,0.00,0.00,0.00,0.00,0
3.27299,6,2,72,0,DRIVE [ 20 ] [ 1 ] [ 1666 1898 1855 ] [    0    0    0 ] [      0      0      0 ] [ 0 ],drive [ 19 ] [ 0 ] [ 1659 1898 1866 ] [   47    6   12 ] [  10243   5662   8664 ] [ 0 ],1.10,1.10,1.10,1.10,6.96,1.67,0.00,0.00,0.00,0.00,0.00,-0.00,0.00,0.00,0.00,0.00,0.00,0.00,0.00,0.00,0.00,0
3.283,6,1,71,0,DRIVE [ 20 ] [ 1 ] [ 1669 1898 1845 ] [    0    0    0 ] [      0      0      0 ] [ 0 ],drive [ 20 ] [ 0 ] [ 1666 1898 1855 ] [   48    1   21 ] [  10243   5662   8664 ] [ 0 ],1.10,1.10,1.10,1.10,7.13,1.20,0.00,0.00,0.00,0.00,0.00,-0.00,0.00,0.00,0.00,0.00,0.00,0.00,0.00,0.00,0.00,0
3.29637,7,1,70,0,DRIVE [ 21 ] [ 1 ] [ 1667 1898 1834 ] [    0    0    0 ] [      0      0      0 ] [ 0 ],drive [ 20 ] [ 0 ] [ 1669 1898 1845 ] [   48    1   21 ] [  10243   5662   8664 ] [ 0 ],1.10,1.10,1.10,1.10,7.37,0.81,0.00,0.00,0.00,0.00,0.00,-0.00,0.00,0.00,0.00,0.00,0.00,0.00,0.00,0.00,0.00,0
3.30786,7,0,69,0,DRIVE [ 21 ] [ 1 ] [ 1662 1898 1824 ] [    0    0    0 ] [      0      0      0 ] [ 0 ],drive [ 21 ] [ 0 ] [ 1667 1898 1834 ] [   48    1   21 ] [  10243   5662   8664 ] [ 0 ],1.10,1.10,1.10,1.10,7.66,0.49,0.00,0.00,0.00,0.00,0.00,-0.00,0.00,0.00,0.00,0.00,0.00,0.00,0.00,0.00,0.00,0
3.31938,7,0,68,0,DRIVE [ 22 ] [ 1 ] [ 1655 1898 1814 ] [    0    0    0 ] [      0      0      0 ] [ 0 ],drive [ 21 ] [ 0 ] [ 1662 1898 1824 ] [   48    1   21 ] [  10241   5603   8655 ] [ 0 ],1.10,1.10,1.10,1.10,7.93,0.24,0.00,0.00,0.00,0.00,0.00,-0.00,0.00,0.00,0.00,0.00,0.00,0.00,0.00,0.00,0.00,0
3.32882,7,0,67,0,DRIVE [ 22 ] [ 1 ] [ 1647 1898 1805 ] [    0    0    0 ] [      0      0      0 ] [ 0 ],drive [ 22 ] [ 0 ] [ 1655 1898 1814 ] [   47   22   29 ] [  10241   5603   8655 ] [ 0 ],1.10,1.10,1.10,1.10,8.19,0.01,0.00,0.00,0.00,0.00,0.00,-0.00,0.00,0.00,0.00,0.00,0.00,0.00,0.00,0.00,0.00,0
3.3391,8,0,66,0,DRIVE [ 23 ] [ 1 ] [ 1640 1898 1796 ] [    0    0    0 ] [      0      0      0 ] [ 0 ],drive [ 22 ] [ 0 ] [ 1647 1898 1805 ] [   47   22   29 ] [  10241   5603   8655 ] [ 0 ],1.10,1.10,1.10,1.10,8.41,-0.23,0.00,0.00,0.00,0.00,0.00,-0.00,0.00,0.00,0.00,0.00,0.00,0.00,0.00,0.00,0.00,0
3.35116,8,0,64,0,DRIVE [ 23 ] [ 1 ] [ 1633 1898 1786 ] [    0    0    0 ] [      0      0      0 ] [ 0 ],drive [ 23 ] [ 0 ] [ 1640 1898 1796 ] [   47   22   29 ] [  10241   5603   8655 ] [ 0 ],1.10,1.10,1.10,1.10,8.64,-0.48,0.00,0.00,0.00,0.00,0.00,-0.00,0.00,0.00,0.00,0.00,0.00,0.00,0.00,0.00,0.00,0
3.36314,8,-1,63,0,DRIVE [ 24 ] [ 1 ] [ 1627 1898 1775 ] [    0    0    0 ] [      0      0      0 ] [ 0 ],drive [ 23 ] [ 0 ] [ 1633 1898 1786 ] [   47   22   29 ] [  10243   5575   8657 ] [ 0 ],1.10,1.10,1.10,1.10,8.85,-0.75,0.00,0.00,0.00,0.00,0.00,-0.00,0.00,0.00,0.00,0.00,0.00,0.00,0.00,0.00,0.00,0
3.37521,8,-1,62,0,DRIVE [ 24 ] [ 1 ] [ 1622 1898 1765 ] [    0    0    0 ] [      0      0      0 ] [ 0 ],drive [ 24 ] [ 0 ] [ 1627 1898 1775 ] [   47   22   29 ] [  10243   5575   8657 ] [ 0 ],1.10,1.10,1.10,1.10,9.00,-1.02,0.00,0.00,0.00,0.00,0.00,-0.00,0.00,0.00,0.00,0.00,0.00,0.00,0.00,0.00,0.00,0
3.38708,8,-1,61,0,DRIVE [ 25 ] [ 1 ] [ 1620 1898 1755 ] [    0    0    0 ] [      0      0      0 ] [ 0 ],drive [ 24 ] [ 0 ] [ 1622 1898 1765 ] [   50   23   34 ] [  10243   5575   8657 ] [ 0 ],1.10,1.10,1.10,1.10,9.06,-1.29,0.00,0.00,0.00,0.00,0.00,-0.00,0.00,0.00,0.00,0.00,0.00,0.00,0.00,0.00,0.00,0
3.39655,8,-1,60,0,DRIVE [ 25 ] [ 1 ] [ 1620 1898 1746 ] [    0    0    0 ] [      0      0      0 ] [ 0 ],drive [ 25 ] [ 0 ] [ 1620 1898 1755 ] [   50   23   34 ] [  10243   5575   8657 ] [ 0 ],1.10,1.10,1.10,1.10,9.06,-1.56,0.00,0.00,0.00,0.00,0.00,-0.00,0.00,0.00,0.00,0.00,0.00,0.00,0.00,0.00,0.00,0
3.40712,8,-2,59,0,DRIVE [ 26 ] [ 1 ] [ 1624 1898 1738 ] [    0    0    0 ] [      0      0      0 ] [ 0 ],drive [ 25 ] [ 0 ] [ 1620 1898 1746 ] [   50   23   34 ] [  10243   5575   8657 ] [ 0 ],1.10,1.10,1.10,1.10,8.94,-1.83,0.00,0.00,0.00,0.00,0.00,-0.00,0.00,0.00,0.00,0.00,0.00,0.00,0.00,0.00,0.00,0
3.41894,8,-2,58,0,DRIVE [ 26 ] [ 1 ] [ 1630 1898 1732 ] [    0    0    0 ] [      0      0      0 ] [ 0 ],drive [ 26 ] [ 0 ] [ 1624 1898 1738 ] [   50   23   34 ] [  10347   5467   8673 ] [ 0 ],1.10,1.10,1.10,1.10,8.71,-2.05,0.00,0.00,0.00,0.00,0.00,-0.00,0.00,0.00,0.00,0.00,0.00,0.00,0.00,0.00,0.00,0
3.4312,8,-2,57,0,DRIVE [ 27 ] [ 1 ] [ 1641 1898 1731 ] [    0    0    0 ] [      0      0      0 ] [ 0 ],drive [ 26 ] [ 0 ] [ 1630 1898 1732 ] [   41   22   23 ] [  10347   5467   8673 ] [ 0 ],1.10,1.10,1.10,1.10,8.32,-2.17,0.00,0.00,0.00,0.00,0.00,-0.00,0.00,0.00,0.00,0.00,0.00,0.00,0.00,0.00,0.00,0
3.44325,7,-2,56,0,DRIVE [ 27 ] [ 1 ] [ 1655 1898 1733 ] [    0    0    0 ] [      0      0      0 ] [ 0 ],drive [ 27 ] [ 0 ] [ 1641 1898 1731 ] [   41   22   23 ] [  10347   5467   8673 ] [ 0 ],1.10,1.10,1.10,1.10,7.80,-2.22,0.00,0.00,0.00,0.00,0.00,-0.00,0.00,0.00,0.00,0.00,0.00,0.00,0.00,0.00,0.00,0
3.45498,7,-2,55,0,DRIVE [ 28 ] [ 1 ] [ 1672 1898 1736 ] [    0    0    0 ] [      0      0      0 ] [ 0 ],drive [ 27 ] [ 0 ] [ 1655 1898 1733 ] [   41   22   23 ] [  10347   5467   8673 ] [ 0 ],1.10,1.10,1.10,1.10,7.23,-2.28,0.00,0.00,0.00,0.00,0.00,-0.00,0.00,0.00,0.00,0.00,0.00,0.00,0.00,0.00,0.00,0
3.46469,6,-2,54,0,DRIVE [ 28 ] [ 1 ] [ 1690 1898 1739 ] [    0    0    0 ] [      0      0      0 ] [ 0 ],drive [ 28 ] [ 0 ] [ 1672 1898 1736 ] [   41   22   23 ] [  10350   5228   8740 ] [ 0 ],1.10,1.10,1.10,1.10,6.64,-2.36,0.00,0.00,0.00,0.00,0.00,-0.00,0.00,0.00,0.00,0.00,0.00,0.00,0.00,0.00,0.00,0
3.47512,6,-2,53,0,DRIVE [ 29 ] [ 1 ] [ 1709 1898 1740 ] [    0    0    0 ] [      0      0      0 ] [ 0 ],drive [ 28 ] [ 0 ] [ 1690 1898 1739 ] [   41   22   23 ] [  10350   5228   8740 ] [ 0 ],1.10,1.10,1.10,1.10,6.08,-2.48,0.00,0.00,0.00,0.00,0.00,-0.00,0.00,0.00,0.00,0.00,0.00,0.00,0.00,0.00,0.00,0
3.48684,5,-2,52,0,DRIVE [ 29 ] [ 1 ] [ 1726 1898 1739 ] [    0    0    0 ] [      0      0      0 ] [ 0 ],drive [ 29 ] [ 0 ] [ 1709 1898 1740 ] [   35   14   17 ] [  10350   5228   8740 ] [ 0 ],1.10,1.10,1.10,1.10,5.55,-2.60,0.00,0.00,0.00,0.00,0.00,-0.00,0.00,0.00,0.00,0.00,0.00,0.00,0.00,0.00,0.00,0
3.4989,5,-2,51,0,DRIVE [ 30 ] [ 1 ] [ 1742 1898 1738 ] [    0    0    0 ] [      0      0      0 ] [ 0 ],drive [ 29 ] [ 0 ] [ 1726 1898 1739 ] [   35   14   17 ] [  10350   5228   8740 ] [ 0 ],1.10,1.10,1.10,1.10,5.09,-2.73,0.00,0.00,0.00,0.00,0.00,-0.00,0.00,0.00,0.00,0.00,0.00,0.00,0.00,0.00,0.00,0
3.51098,4,-3,50,0,DRIVE [ 30 ] [ 1 ] [ 1755 1898 1735 ] [    0    0    0 ] [      0      0      0 ] [ 0 ],drive [ 30 ] [ 0 ] [ 1742 1898 1738 ] [   35   14   17 ] [  10350   5228   8740 ] [ 0 ],1.10,1.10,1.10,1.10,4.69,-2.86,0.00,0.00,0.00,0.00,0.00,-0.00,0.00,0.00,0.00,0.00,0.00,0.00,0.00,0.00,0.00,0
3.52035,4,-3,49,0,DRIVE [ 31 ] [ 1 ] [ 1764 1898 1732 ] [    0    0    0 ] [      0      0      0 ] [ 0 ],drive [ 30 ] [ 0 ] [ 1755 1898 1735 ] [   35   14   17 ] [  10346   5228   8739 ] [ 0 ],1.10,1.10,1.10,1.10,4.39,-2.94,0.00,0.00,0.00,0.00,0.00,-0.00,0.00,0.00,0.00,0.00,0.00,0.00,0.00,0.00,0.00,0
3.53081,4,-3,49,0,DRIVE [ 31 ] [ 1 ] [ 1770 1898 1733 ] [    0    0    0 ] [      0      0      0 ] [ 0 ],drive [ 31 ] [ 0 ] [ 1764 1898 1732 ] [   30   15   30 ] [  10346   5228   8739 ] [ 0 ],1.10,1.10,1.10,1.10,4.19,-2.93,0.00,0.00,0.00,0.00,0.00,-0.00,0.00,0.00,0.00,0.00,0.00,0.00,0.00,0.00,0.00,0
3.54308,4,-3,48,0,DRIVE [ 32 ] [ 1 ] [ 1771 1898 1735 ] [    0    0    0 ] [      0      0      0 ] [ 0 ],drive [ 31 ] [ 0 ] [ 1770 1898 1733 ] [   30   15   30 ] [  10346   5228   8739 ] [ 0 ],1.10,1.10,1.10,1.10,4.09,-2.87,0.00,0.00,0.00,0.00,0.00,-0.00,0.00,0.00,0.00,0.00,0.00,0.00,0.00,0.00,0.00,0
3.55636,4,-3,48,1,DRIVE [ 32 ] [ 1 ] [ 1771 1898 1737 ] [    0    0    0 ] [      0      0      0 ] [ 0 ],drive [ 32 ] [ 0 ] [ 1771 1898 1735 ] [   30   15   30 ] [  10346   5228   8739 ] [ 0 ],1.10,1.10,1.10,1.10,4.06,-2.78,0.00,0.00,0.00,0.00,0.00,-0.00,0.00,0.00,0.00,0.00,0.00,0.00,0.00,0.00,0.00,0
