timestamp,Xmm,Ymm,Zmm,TouchDetected,OutgoingPacket,IncomingPacket,GainPropAb, GainPropAd, GainPropFl, GainPropEx,PropA, PropB, PropC,GainIntegAb, GainIntegAd, GainIntegFl, GainIntegEx,IntegA, IntegB, IntegC,GainDerivAb, GainDerivAd, GainDerivFl, GainDerivEx,DerivA, DerivB, DerivC,Heading5
0.141231,150,-48,488,0,DRIVE [ 44 ] [ 1 ] [ 1877 1885 1879 ] [    0    0    0 ] [      0      0      0 ] [ 0 ],drive [ 43 ] [ 0 ] [ 1880 1885 1885 ] [   13   16   27 ] [  13531  10308   9112 ] [ 0 ],1.00,1.00,1.00,1.00,150.00,-48.44,0.00,0.00,0.00,0.00,0.00,0.00,0.00,0.00,0.00,0.00,0.00,0.00,0.00,0.00,0.00,0
0.15464,149,-48,484,0,DRIVE [ 44 ] [ 1 ] [ 1869 1885 1873 ] [    0    0    0 ] [      0      0      0 ] [ 0 ],drive [ 44 ] [ 0 ] [ 1877 1885 1879 ] [   13   16   27 ] [  13531  10386   9110 ] [ 0 ],1.00,1.00,1.00,1.00,149.28,-48.26,0.00,0.00,0.00,0.00,0.00,0.00,0.00,0.00,0.00,0.00,0.00,0.00,0.00,0.00,0.00,0
0.167775,149,-49,479,0,DRIVE [ 45 ] [ 1 ] [ 1861 1885 1867 ] [    0    0    0 ] [      0      0      0 ] [ 0 ],drive [ 44 ] [ 0 ] [ 1869 1885 1873 ] [   13   25   27 ] [  13531  10386   9110 ] [ 0 ],1.00,1.00,1.00,1.00,148.86,-48.55,0.00,0.00,0.00,0.00,0.00,0.00,0.00,0.00,0.00,0.00,0.00,0.00,-0.00,0.00,0.00,0
0.180654,149,-49,477,0,DRIVE [ 45 ] [ 1 ] [ 1854 1885 1862 ] [    0    0    0 ] [      0      0      0 ] [ 0 ],drive [ 45 ] [ 0 ] [ 1861 1885 1867 ] [   13   25   27 ] [  13531  10386   9110 ] [ 0 ],1.00,1.00,1.00,1.00,148.93,-48.75,0.00,0.00,0.00,0.00,0.00,0.00,0.00,0.00,0.00,0.00,0.00,0.00,0.00,0.00,0.00,0
0.19444,149,-48,475,0,DRIVE [ 46 ] [ 1 ] [ 1847 1885 1857 ] [    0    0    0 ] [      0      0      0 ] [ 0 ],drive [ 45 ] [ 0 ] [ 1854 1885 1862 ] [   13   25   27 ] [  13531  10375   9111 ] [ 0 ],1.00,1.00,1.00,1.00,148.63,-48.38,0.00,0.00,0.00,0.00,0.00,0.00,0.00,0.00,0.00,0.00,0.00,0.00,-0.00,0.00,0.00,0
0.207295,150,-48,477,0,DRIVE [ 46 ] [ 1 ] [ 1839 1885 1851 ] [    0    0    0 ] [      0      0      0 ] [ 0 ],drive [ 46 ] [ 0 ] [ 1847 1885 1857 ] [   13   25   27 ] [  13531  10375   9111 ] [ 0 ],1.00,1.00,1.00,1.00,150.24,-48.29,0.00,0.00,0.00,0.00,0.00,0.00,0.00,0.00,0.00,0.00,0.00,0.00,0.00,0.00,0.00,0
0.220506,150,-48,474,0,DRIVE [ 47 ] [ 1 ] [ 1831 1885 1846 ] [    0    0    0 ] [      0      0      0 ] [ 0 ],drive [ 46 ] [ 0 ] [ 1839 1885 1851 ] [   15   27   28 ] [  13531  10375   9111 ] [ 0 ],1.00,1.00,1.00,1.00,150.44,-47.59,0.00,0.00,0.00,0.00,0.00,0.00,0.00,0.00,0.00,0.00,0.00,0.00,0.00,0.00,0.00,0
0.233633,151,-47,471,0,DRIVE [ 47 ] [ 1 ] [ 1823 1885 1840 ] [    0    0    0 ] [      0      0      0 ] [ 0 ],drive [ 47 ] [ 0 ] [ 1831 1885 1846 ] [   15   27   28 ] [  13531  10375   9111 ] [ 0 ],1.00,1.00,1.00,1.00,150.67,-46.78,0.00,0.00,0.00,0.00,0.00,0.00,0.00,0.00,0.00,0.00,0.00,0.00,0.00,0.00,0.00,0
0.246341,152,-46,470,0,DRIVE [ 48 ] [ 1 ] [ 1815 1885 1835 ] [    0    0    0 ] [      0      0      0 ] [ 0 ],drive [ 47 ] [ 0 ] [ 1823 1885 1840 ] [   15   27   28 ] [  13531  10331   9112 ] [ 0 ],1.00,1.00,1.00,1.00,151.66,-46.03,0.00,0.00,0.00,0.00,0.00,0.00,0.00,0.00,0.00,0.00,0.00,0.00,0.00,0.00,0.00,0
0.260165,154,-45,471,0,DRIVE [ 48 ] [ 1 ] [ 1806 1885 1830 ] [    0    0    0 ] [      0      0      0 ] [ 0 ],drive [ 48 ] [ 0 ] [ 1815 1885 1835 ] [   18   21   32 ] [  13531  10331   9112 ] [ 0 ],1.00,1.00,1.00,1.00,153.73,-45.13,0.00,0.00,0.00,0.00,0.00,0.00,0.00,0.00,0.00,0.00,0.00,0.00,0.00,0.00,0.00,0
0.273756,156,-44,473,0,DRIVE [ 49 ] [ 1 ] [ 1796 1885 1824 ] [    0    0    0 ] [      0      0      0 ] [ 0 ],drive [ 48 ] [ 0 ] [ 1806 1885 1830 ] [   18   21   32 ] [  13531  10331   9112 ] [ 0 ],1.00,1.00,1.00,1.00,156.27,-44.04,0.00,0.00,0.00,0.00,0.00,0.00,0.00,0.00,0.00,0.00,0.00,0.00,0.00,0.00,0.00,0
0.287355,159,-43,476,0,DRIVE [ 49 ] [ 1 ] [ 1787 1885 1819 ] [    0    0    0 ] [      0      0      0 ] [ 0 ],drive [ 49 ] [ 0 ] [ 1796 1885 1824 ] [   18   21   32 ] [  13531  10331   9112 ] [ 0 ],1.00,1.00,1.00,1.00,159.01,-42.92,0.00,0.00,0.00,0.00,0.00,0.00,0.00,0.00,0.00,0.00,0.00,0.00,0.00,0.00,0.00,0
0.300217,159,-41,471,0,DRIVE [ 50 ] [ 1 ] [ 1776 1885 1814 ] [    0    0    0 ] [      0      0      0 ] [ 0 ],drive [ 49 ] [ 0 ] [ 1787 1885 1819 ] [   18   21   32 ] [  13531  10179   9145 ] [ 0 ],1.00,1.00,1.00,1.00,159.21,-40.94,0.00,0.00,0.00,0.00,0.00,0.00,0.00,0.00,0.00,0.00,0.00,0.00,0.00,0.00,0.00,0
0.313681,161,-39,470,0,DRIVE [ 50 ] [ 1 ] [ 1767 1885 1809 ] [    0    0    0 ] [      0      0      0 ] [ 0 ],drive [ 50 ] [ 0 ] [ 1776 1885 1814 ] [   21   25    9 ] [  13531  10179   9145 ] [ 0 ],1.00,1.00,1.00,1.00,160.61,-39.08,0.00,0.00,0.00,0.00,0.00,0.00,0.00,0.00,0.00,0.00,0.00,0.00,0.00,0.00,0.00,0
0.327308,161,-36,465,0,DRIVE [ 51 ] [ 1 ] [ 1756 1885 1805 ] [    0    0    0 ] [      0      0      0 ] [ 0 ],drive [ 50 ] [ 0 ] [ 1767 1885 1809 ] [   21   25    9 ] [  13531  10179   9145 ] [ 0 ],1.00,1.00,1.00,1.00,160.54,-36.41,0.00,0.00,0.00,0.00,0.00,0.00,0.00,0.00,0.00,0.00,0.00,0.00,0.00,0.00,0.00,0
0.340757,162,-33,464,0,DRIVE [ 51 ] [ 1 ] [ 1744 1885 1801 ] [    0    0    0 ] [      0      0      0 ] [ 0 ],drive [ 51 ] [ 0 ] [ 1756 1885 1805 ] [   21   25    9 ] [  13531  10179   9145 ] [ 0 ],1.00,1.00,1.00,1.00,161.88,-33.02,0.00,0.00,0.00,0.00,0.00,0.00,0.00,0.00,0.00,0.00,0.00,0.00,0.00,0.00,0.00,0
0.354212,163,-30,461,0,DRIVE [ 52 ] [ 1 ] [ 1732 1885 1798 ] [    0    0    0 ] [      0      0      0 ] [ 0 ],drive [ 51 ] [ 0 ] [ 1744 1885 1801 ] [   21   25    9 ] [  13543  10119   9207 ] [ 0 ],1.00,1.00,1.00,1.00,162.58,-29.73,0.00,0.00,0.00,0.00,0.00,0.00,0.00,0.00,0.00,0.00,0.00,0.00,0.00,0.00,0.00,0
0.367201,162,-27,454,0,DRIVE [ 52 ] [ 1 ] [ 1719 1885 1794 ] [    0    0    0 ] [      0      0      0 ] [ 0 ],drive [ 52 ] [ 0 ] [ 1732 1885 1798 ] [   35   11   17 ] [  13543  10119   9207 ] [ 0 ],1.00,1.00,1.00,1.00,162.12,-26.53,0.00,0.00,0.00,0.00,0.00,0.00,0.00,0.00,0.00,0.00,0.00,0.00,0.00,0.00,0.00,0
0.380623,162,-23,447,0,DRIVE [ 53 ] [ 1 ] [ 1707 1885 1791 ] [    0    0    0 ] [      0      0      0 ] [ 0 ],drive [ 52 ] [ 0 ] [ 1719 1885 1794 ] [   35   11   17 ] [  13543  10119   9207 ] [ 0 ],1.00,1.00,1.00,1.00,161.52,-23.47,0.00,0.00,0.00,0.00,0.00,0.00,0.00,0.00,0.00,0.00,0.00,0.00,0.00,0.00,0.00,0
0.394375,161,-21,442,0,DRIVE [ 53 ] [ 1 ] [ 1694 1885 1787 ] [    0    0    0 ] [      0      0      0 ] [ 0 ],drive [ 53 ] [ 0 ] [ 1707 1885 1791 ] [   35   11   17 ] [  13723   9916   9209 ] [ 0 ],1.00,1.00,1.00,1.00,161.42,-20.83,0.00,0.00,0.00,0.00,0.00,0.00,0.00,0.00,0.00,0.00,0.00,0.00,0.00,0.00,0.00,0
0.407704,163,-18,440,0,DRIVE [ 54 ] [ 1 ] [ 1680 1885 1783 ] [    0    0    0 ] [      0      0      0 ] [ 0 ],drive [ 53 ] [ 0 ] [ 1694 1885 1787 ] [   35   11   17 ] [  13723   9916   9209 ] [ 0 ],1.00,1.00,1.00,1.00,162.57,-18.49,0.00,0.00,0.00,0.00,0.00,0.00,0.00,0.00,0.00,0.00,0.00,0.00,0.00,0.00,0.00,0
0.420604,161,-15,432,0,DRIVE [ 54 ] [ 1 ] [ 1666 1885 1780 ] [    0    0    0 ] [      0      0      0 ] [ 0 ],drive [ 54 ] [ 0 ] [ 1680 1885 1783 ] [   42   29   21 ] [  13723   9916   9209 ] [ 0 ],1.00,1.00,1.00,1.00,161.06,-15.31,0.00,0.00,0.00,0.00,0.00,0.00,0.00,0.00,0.00,0.00,0.00,0.00,0.00,0.00,0.00,0
0.433489,161,-12,430,0,DRIVE [ 55 ] [ 1 ] [ 1652 1885 1778 ] [    0    0    0 ] [      0      0      0 ] [ 0 ],drive [ 54 ] [ 0 ] [ 1666 1885 1780 ] [   42   29   21 ] [  13723   9916   9209 ] [ 0 ],1.00,1.00,1.00,1.00,161.31,-12.31,0.00,0.00,0.00,0.00,0.00,0.00,0.00,0.00,0.00,0.00,0.00,0.00,0.00,0.00,0.00,0
0.446752,160,-9,424,0,DRIVE [ 55 ] [ 1 ] [ 1639 1885 1776 ] [    0    0    0 ] [      0      0      0 ] [ 0 ],drive [ 55 ] [ 0 ] [ 1652 1885 1778 ] [   42   29   21 ] [  13850   9678   9245 ] [ 0 ],1.00,1.00,1.00,1.00,159.72,-9.29,0.00,0.00,0.00,0.00,0.00,0.00,0.00,0.00,0.00,0.00,0.00,0.00,0.00,0.00,0.00,0
0.461646,159,-6,420,0,DRIVE [ 56 ] [ 1 ] [ 1626 1885 1775 ] [    0    0    0 ] [      0      0      0 ] [ 0 ],drive [ 55 ] [ 0 ] [ 1639 1885 1776 ] [   38   24   28 ] [  13850   9678   9245 ] [ 0 ],1.00,1.00,1.00,1.00,158.61,-6.41,0.00,0.00,0.00,0.00,0.00,0.00,0.00,0.00,0.00,0.00,0.00,0.00,-0.00,0.00,0.00,0
0.475144,159,-3,419,0,DRIVE [ 56 ] [ 1 ] [ 1610 1885 1773 ] [    0    0    0 ] [      0      0      0 ] [ 0 ],drive [ 56 ] [ 0 ] [ 1626 1885 1775 ] [   38   24   28 ] [  13850   9678   9245 ] [ 0 ],1.00,1.00,1.00,1.00,158.54,-3.32,0.00,0.00,0.00,0.00,0.00,0.00,0.00,0.00,0.00,0.00,0.00,0.00,0.00,0.00,0.00,0
0.48849,158,0,416,0,DRIVE [ 57 ] [ 1 ] [ 1596 1885 1772 ] [    0    0    0 ] [      0      0      0 ] [ 0 ],drive [ 56 ] [ 0 ] [ 1610 1885 1773 ] [   38   24   28 ] [  13850   9678   9245 ] [ 0 ],1.00,1.00,1.00,1.00,158.01,-0.45,0.00,0.00,0.00,0.00,0.00,0.00,0.00,0.00,0.00,0.00,0.00,0.00,-0.00,0.00,0.00,0
0.50124,157,2,413,0,DRIVE [ 57 ] [ 1 ] [ 1581 1885 1770 ] [    0    0    0 ] [      0      0      0 ] [ 0 ],drive [ 57 ] [ 0 ] [ 1596 1885 1772 ] [   38   24   28 ] [  14009   9666   9267 ] [ 0 ],1.00,1.00,1.00,1.00,157.47,1.97,0.00,0.00,0.00,0.00,0.00,0.00,0.00,0.00,0.00,0.00,0.00,0.00,-0.00,-0.00,0.00,0
0.514794,158,4,412,0,DRIVE [ 58 ] [ 1 ] [ 1567 1885 1768 ] [    0    0    0 ] [      0      0      0 ] [ 0 ],drive [ 57 ] [ 0 ] [ 1581 1885 1770 ] [   36    4   28 ] [  14009   9666   9267 ] [ 0 ],1.00,1.00,1.00,1.00,157.89,3.91,0.00,0.00,0.00,0.00,0.00,0.00,0.00,0.00,0.00,0.00,0.00,0.00,0.00,0.00,0.00,0
0.528265,155,5,404,0,DRIVE [ 58 ] [ 1 ] [ 1554 1885 1766 ] [    0    0    0 ] [      0      0      0 ] [ 0 ],drive [ 58 ] [ 0 ] [ 1567 1885 1768 ] [   36    4   28 ] [  14009   9666   9267 ] [ 0 ],1.00,1.00,1.00,1.00,155.01,5.32,0.00,0.00,0.00,0.00,0.00,0.00,0.00,0.00,0.00,0.00,0.00,0.00,-0.00,-0.00,0.00,0
0.541439,153,7,399,0,DRIVE [ 59 ] [ 1 ] [ 1541 1885 1764 ] [    0    0    0 ] [      0      0      0 ] [ 0 ],drive [ 58 ] [ 0 ] [ 1554 1885 1766 ] [   36    4   28 ] [  14009   9666   9267 ] [ 0 ],1.00,1.00,1.00,1.00,152.75,6.99,0.00,0.00,0.00,0.00,0.00,0.00,0.00,0.00,0.00,0.00,0.00,0.00,-0.00,-0.00,0.00,0
0.554425,151,9,396,0,DRIVE [ 59 ] [ 1 ] [ 1528 1885 1764 ] [    0    0    0 ] [      0      0      0 ] [ 0 ],drive [ 59 ] [ 0 ] [ 1541 1885 1764 ] [   36    4   28 ] [  14223   9425   9267 ] [ 0 ],1.00,1.00,1.00,1.00,151.27,8.65,0.00,0.00,0.00,0.00,0.00,0.00,0.00,0.00,0.00,0.00,0.00,0.00,-0.00,-0.00,0.00,0
0.567054,148,11,390,0,DRIVE [ 60 ] [ 1 ] [ 1516 1885 1763 ] [    0    0    0 ] [      0      0      0 ] [ 0 ],drive [ 59 ] [ 0 ] [ 1528 1885 1764 ] [   56    8   29 ] [  14223   9425   9267 ] [ 0 ],1.00,1.00,1.00,1.00,148.40,10.52,0.00,0.00,0.00,0.00,0.00,0.00,0.00,0.00,0.00,0.00,0.00,0.00,-0.00,-0.00,0.00,0
0.58025,146,12,387,0,DRIVE [ 60 ] [ 1 ] [ 1505 1885 1764 ] [    0    0    0 ] [      0      0      0 ] [ 0 ],drive [ 60 ] [ 0 ] [ 1516 1885 1763 ] [   56    8   29 ] [  14223   9425   9267 ] [ 0 ],1.00,1.00,1.00,1.00,146.06,12.42,0.00,0.00,0.00,0.00,0.00,0.00,0.00,0.00,0.00,0.00,0.00,0.00,-0.00,-0.00,0.00,0
0.593675,142,14,380,0,DRIVE [ 61 ] [ 1 ] [ 1493 1885 1765 ] [    0    0    0 ] [      0      0      0 ] [ 0 ],drive [ 60 ] [ 0 ] [ 1505 1885 1764 ] [   56    8   29 ] [  14445   9157   9266 ] [ 0 ],1.00,1.00,1.00,1.00,142.50,14.25,0.00,0.00,0.00,0.00,0.00,0.00,0.00,0.00,0.00,0.00,0.00,0.00,-0.00,-0.00,0.00,0
0.606578,139,17,375,0,DRIVE [ 61 ] [ 1 ] [ 1481 1885 1768 ] [    0    0    0 ] [      0      0      0 ] [ 0 ],drive [ 61 ] [ 0 ] [ 1493 1885 1765 ] [   56    8   29 ] [  14445   9157   9266 ] [ 0 ],1.00,1.00,1.00,1.00,138.82,16.87,0.00,0.00,0.00,0.00,0.00,0.00,0.00,0.00,0.00,0.00,0.00,0.00,-0.00,-0.00,0.00,0
0.619308,135,19,368,0,DRIVE [ 62 ] [ 1 ] [ 1467 1885 1770 ] [    0    0    0 ] [      0      0      0 ] [ 0 ],drive [ 61 ] [ 0 ] [ 1481 1885 1768 ] [   51   11   29 ] [  14445   9157   9266 ] [ 0 ],1.00,1.00,1.00,1.00,135.20,19.31,0.00,0.00,0.00,0.00,0.00,0.00,0.00,0.00,0.00,0.00,0.00,0.00,-0.00,-0.00,0.00,0
0.632107,132,22,363,0,DRIVE [ 62 ] [ 1 ] [ 1453 1885 1773 ] [    0    0    0 ] [      0      0      0 ] [ 0 ],drive [ 62 ] [ 0 ] [ 1467 1885 1770 ] [   51   11   29 ] [  14445   9157   9266 ] [ 0 ],1.00,1.00,1.00,1.00,132.27,21.62,0.00,0.00,0.00,0.00,0.00,0.00,0.00,0.00,0.00,0.00,0.00,0.00,-0.00,-0.00,0.00,0
0.645311,130,24,357,0,DRIVE [ 63 ] [ 1 ] [ 1438 1885 1775 ] [    0    0    0 ] [      0      0      0 ] [ 0 ],drive [ 62 ] [ 0 ] [ 1453 1885 1773 ] [   51   11   29 ] [  14619   9154   9254 ] [ 0 ],1.00,1.00,1.00,1.00,129.56,23.56,0.00,0.00,0.00,0.00,0.00,0.00,0.00,0.00,0.00,0.00,0.00,0.00,-0.00,-0.00,0.00,0
0.658169,127,25,350,0,DRIVE [ 63 ] [ 1 ] [ 1422 1885 1776 ] [    0    0    0 ] [      0      0      0 ] [ 0 ],drive [ 63 ] [ 0 ] [ 1438 1885 1775 ] [   54   24   35 ] [  14619   9154   9254 ] [ 0 ],1.00,1.00,1.00,1.00,127.17,25.19,0.00,0.00,0.00,0.00,0.00,0.00,0.00,0.00,0.00,0.00,0.00,0.00,-0.00,-0.00,0.00,0
0.670972,126,27,346,0,DRIVE [ 64 ] [ 1 ] [ 1406 1885 1777 ] [    0    0    0 ] [      0      0      0 ] [ 0 ],drive [ 63 ] [ 0 ] [ 1422 1885 1776 ] [   54   24   35 ] [  14619   9154   9254 ] [ 0 ],1.00,1.00,1.00,1.00,125.72,26.74,0.00,0.00,0.00,0.00,0.00,0.00,0.00,0.00,0.00,0.00,0.00,0.00,-0.00,-0.00,0.00,0
0.683799,124,28,342,0,DRIVE [ 64 ] [ 1 ] [ 1390 1885 1777 ] [    0    0    0 ] [      0      0      0 ] [ 0 ],drive [ 64 ] [ 0 ] [ 1406 1885 1777 ] [   54   24   35 ] [  14619   9154   9254 ] [ 0 ],1.00,1.00,1.00,1.00,124.17,27.97,0.00,0.00,0.00,0.00,0.00,0.00,0.00,0.00,0.00,0.00,0.00,0.00,-0.00,-0.00,0.00,0
0.696064,122,29,337,0,DRIVE [ 65 ] [ 1 ] [ 1376 1885 1778 ] [    0    0    0 ] [      0      0      0 ] [ 0 ],drive [ 64 ] [ 0 ] [ 1390 1885 1777 ] [   54   24   35 ] [  14996   9011   9204 ] [ 0 ],1.00,1.00,1.00,1.00,122.28,29.05,0.00,0.00,0.00,0.00,0.00,0.00,0.00,0.00,0.00,0.00,0.00,0.00,-0.00,-0.00,0.00,0
0.708979,120,31,332,0,DRIVE [ 65 ] [ 1 ] [ 1360 1885 1781 ] [    0    0    0 ] [      0      0      0 ] [ 0 ],drive [ 65 ] [ 0 ] [ 1376 1885 1778 ] [   76   20   13 ] [  14996   9011   9204 ] [ 0 ],1.00,1.00,1.00,1.00,119.94,30.60,0.00,0.00,0.00,0.00,0.00,0.00,0.00,0.00,0.00,0.00,0.00,0.00,-0.00,-0.00,0.00,0
0.72174,118,32,329,0,DRIVE [ 66 ] [ 1 ] [ 1343 1885 1784 ] [    0    0    0 ] [      0      0      0 ] [ 0 ],drive [ 65 ] [ 0 ] [ 1360 1885 1781 ] [   76   20   13 ] [  14996   9011   9204 ] [ 0 ],1.00,1.00,1.00,1.00,118.24,32.37,0.00,0.00,0.00,0.00,0.00,0.00,0.00,0.00,0.00,0.00,0.00,0.00,-0.00,-0.00,0.00,0
0.73456,117,34,326,0,DRIVE [ 66 ] [ 1 ] [ 1326 1885 1786 ] [    0    0    0 ] [      0      0      0 ] [ 0 ],drive [ 66 ] [ 0 ] [ 1343 1885 1784 ] [   76   20   13 ] [  14996   9011   9204 ] [ 0 ],1.00,1.00,1.00,1.00,116.87,34.17,0.00,0.00,0.00,0.00,0.00,0.00,0.00,0.00,0.00,0.00,0.00,0.00,-0.00,-0.00,0.00,0
0.746676,115,36,321,0,DRIVE [ 67 ] [ 1 ] [ 1307 1885 1789 ] [    0    0    0 ] [      0      0      0 ] [ 0 ],drive [ 66 ] [ 0 ] [ 1326 1885 1786 ] [   76   20   13 ] [  15115   8984   9184 ] [ 0 ],1.00,1.00,1.00,1.00,115.08,35.84,0.00,0.00,0.00,0.00,0.00,0.00,0.00,0.00,0.00,0.00,0.00,0.00,-0.00,-0.00,0.00,0
0.759231,114,37,318,0,DRIVE [ 67 ] [ 1 ] [ 1288 1885 1792 ] [    0    0    0 ] [      0      0      0 ] [ 0 ],drive [ 67 ] [ 0 ] [ 1307 1885 1789 ] [   62   11   16 ] [  15115   8984   9184 ] [ 0 ],1.00,1.00,1.00,1.00,114.11,37.47,0.00,0.00,0.00,0.00,0.00,0.00,0.00,0.00,0.00,0.00,0.00,0.00,-0.00,-0.00,0.00,0
0.771807,113,39,313,0,DRIVE [ 68 ] [ 1 ] [ 1268 1885 1794 ] [    0    0    0 ] [      0      0      0 ] [ 0 ],drive [ 67 ] [ 0 ] [ 1288 1885 1792 ] [   62   11   16 ] [  15115   8984   9184 ] [ 0 ],1.00,1.00,1.00,1.00,112.71,38.72,0.00,0.00,0.00,0.00,0.00,0.00,0.00,0.00,0.00,0.00,0.00,0.00,-0.00,-0.00,0.00,0
0.784677,112,40,310,0,DRIVE [ 68 ] [ 1 ] [ 1244 1885 1796 ] [    0    0    0 ] [      0      0      0 ] [ 0 ],drive [ 68 ] [ 0 ] [ 1268 1885 1794 ] [   62   11   16 ] [  15115   8984   9184 ] [ 0 ],1.00,1.00,1.00,1.00,112.13,40.48,0.00,0.00,0.00,0.00,0.00,0.00,0.00,0.00,0.00,0.00,0.00,0.00,-0.00,-0.00,0.00,0
0.799766,111,42,306,0,DRIVE [ 69 ] [ 1 ] [ 1220 1885 1798 ] [    0    0    0 ] [      0      0      0 ] [ 0 ],drive [ 68 ] [ 0 ] [ 1244 1885 1796 ] [   62   11   16 ] [  15297   8900   9128 ] [ 0 ],1.00,1.00,1.00,1.00,111.38,41.82,0.00,0.00,0.00,0.00,0.00,0.00,0.00,0.00,0.00,0.00,0.00,0.00,-0.00,-0.00,0.00,0
0.812235,110,43,301,0,DRIVE [ 69 ] [ 1 ] [ 1195 1885 1799 ] [    0    0    0 ] [      0      0      0 ] [ 0 ],drive [ 69 ] [ 0 ] [ 1220 1885 1798 ] [   69   20   14 ] [  15297   8900   9128 ] [ 0 ],1.00,1.00,1.00,1.00,110.45,42.87,0.00,0.00,0.00,0.00,0.00,0.00,0.00,0.00,0.00,0.00,0.00,0.00,-0.00,-0.00,0.00,0
0.824742,110,44,297,0,DRIVE [ 70 ] [ 1 ] [ 1175 1885 1800 ] [    0    0    0 ] [      0      0      0 ] [ 0 ],drive [ 69 ] [ 0 ] [ 1195 1885 1799 ] [   69   20   14 ] [  15297   8900   9128 ] [ 0 ],1.00,1.00,1.00,1.00,109.68,43.64,0.00,0.00,0.00,0.00,0.00,0.00,0.00,0.00,0.00,0.00,0.00,0.00,-0.00,-0.00,0.00,0
0.837872,108,44,292,0,DRIVE [ 70 ] [ 1 ] [ 1156 1885 1801 ] [    0    0    0 ] [      0      0      0 ] [ 0 ],drive [ 70 ] [ 0 ] [ 1175 1885 1800 ] [   69   20   14 ] [  15297   8900   9128 ] [ 0 ],1.00,1.00,1.00,1.00,108.05,43.94,0.00,0.00,0.00,0.00,0.00,0.00,0.00,0.00,0.00,0.00,0.00,0.00,-0.00,-0.00,0.00,0
0.850885,107,45,290,0,DRIVE [ 71 ] [ 1 ] [ 1138 1885 1803 ] [    0    0    0 ] [      0      0      0 ] [ 0 ],drive [ 70 ] [ 0 ] [ 1156 1885 1801 ] [   69   20   14 ] [  15705   8633   9010 ] [ 0 ],1.00,1.00,1.00,1.00,106.91,44.60,0.00,0.00,0.00,0.00,0.00,0.00,0.00,0.00,0.00,0.00,0.00,0.00,-0.00,-0.00,0.00,0
0.862678,106,45,288,0,DRIVE [ 71 ] [ 1 ] [ 1122 1885 1806 ] [    0    0    0 ] [      0      0      0 ] [ 0 ],drive [ 71 ] [ 0 ] [ 1138 1885 1803 ] [   88   25   13 ] [  15705   8633   9010 ] [ 0 ],1.00,1.00,1.00,1.00,105.64,45.44,0.00,0.00,0.00,0.00,0.00,0.00,0.00,0.00,0.00,0.00,0.00,0.00,-0.00,-0.00,0.00,0
0.876429,104,46,285,0,DRIVE [ 72 ] [ 1 ] [ 1106 1885 1809 ] [    0    0    0 ] [      0      0      0 ] [ 0 ],drive [ 71 ] [ 0 ] [ 1122 1885 1806 ] [   88   25   13 ] [  15705   8633   9010 ] [ 0 ],1.00,1.00,1.00,1.00,103.87,46.14,0.00,0.00,0.00,0.00,0.00,0.00,0.00,0.00,0.00,0.00,0.00,0.00,-0.00,-0.00,0.00,0
0.888675,101,47,280,0,DRIVE [ 72 ] [ 1 ] [ 1090 1885 1814 ] [    0    0    0 ] [      0      0      0 ] [ 0 ],drive [ 72 ] [ 0 ] [ 1106 1885 1809 ] [   88   25   13 ] [  15705   8633   9010 ] [ 0 ],1.00,1.00,1.00,1.00,101.00,46.67,0.00,0.00,0.00,0.00,0.00,0.00,0.00,0.00,0.00,0.00,0.00,0.00,-0.00,-0.00,0.00,0
0.900262,98,47,276,0,DRIVE [ 73 ] [ 1 ] [ 1077 1885 1820 ] [    0    0    0 ] [      0      0      0 ] [ 0 ],drive [ 72 ] [ 0 ] [ 1090 1885 1814 ] [   88   25   13 ] [  16045   8437   8863 ] [ 0 ],1.00,1.00,1.00,1.00,98.29,47.23,0.00,0.00,0.00,0.00,0.00,0.00,0.00,0.00,0.00,0.00,0.00,0.00,-0.00,-0.00,0.00,0
0.913216,96,48,273,0,DRIVE [ 73 ] [ 1 ] [ 1066 1885 1825 ] [    0    0    0 ] [      0      0      0 ] [ 0 ],drive [ 73 ] [ 0 ] [ 1077 1885 1820 ] [   92   14   22 ] [  16045   8437   8863 ] [ 0 ],1.00,1.00,1.00,1.00,95.85,47.83,0.00,0.00,0.00,0.00,0.00,0.00,0.00,0.00,0.00,0.00,0.00,0.00,-0.00,-0.00,0.00,0
0.925721,93,48,269,0,DRIVE [ 74 ] [ 1 ] [ 1055 1885 1830 ] [    0    0    0 ] [      0      0      0 ] [ 0 ],drive [ 73 ] [ 0 ] [ 1066 1885 1825 ] [   92   14   22 ] [  16045   8437   8863 ] [ 0 ],1.00,1.00,1.00,1.00,93.00,48.02,0.00,0.00,0.00,0.00,0.00,0.00,0.00,0.00,0.00,0.00,0.00,0.00,-0.00,-0.00,0.00,0
0.938556,90,48,266,0,DRIVE [ 74 ] [ 1 ] [ 1046 1885 1835 ] [    0    0    0 ] [      0      0      0 ] [ 0 ],drive [ 74 ] [ 0 ] [ 1055 1885 1830 ] [   92   14   22 ] [  16045   8437   8863 ] [ 0 ],1.00,1.00,1.00,1.00,90.26,48.07,0.00,0.00,0.00,0.00,0.00,0.00,0.00,0.00,0.00,0.00,0.00,0.00,-0.00,-0.00,0.00,0
0.950737,88,48,264,0,DRIVE [ 75 ] [ 1 ] [ 1038 1885 1841 ] [    0    0    0 ] [      0      0      0 ] [ 0 ],drive [ 74 ] [ 0 ] [ 1046 1885 1835 ] [   92   14   22 ] [  16378   8103   8721 ] [ 0 ],1.00,1.00,1.00,1.00,87.78,48.28,0.00,0.00,0.00,0.00,0.00,0.00,0.00,0.00,0.00,0.00,0.00,0.00,-0.00,-0.00,0.00,0
0.962129,85,48,262,0,DRIVE [ 75 ] [ 1 ] [ 1034 1885 1848 ] [    0    0    0 ] [      0      0      0 ] [ 0 ],drive [ 75 ] [ 0 ] [ 1038 1885 1841 ] [   97   26   19 ] [  16378   8103   8721 ] [ 0 ],1.00,1.00,1.00,1.00,84.71,48.48,0.00,0.00,0.00,0.00,0.00,0.00,0.00,0.00,0.00,0.00,0.00,0.00,-0.00,-0.00,0.00,0
0.974885,80,49,259,0,DRIVE [ 76 ] [ 1 ] [ 1032 1885 1861 ] [    0    0    0 ] [      0      0      0 ] [ 0 ],drive [ 75 ] [ 0 ] [ 1034 1885 1848 ] [   97   26   19 ] [  16378   8103   8721 ] [ 0 ],1.00,1.00,1.00,1.00,80.02,49.14,0.00,0.00,0.00,0.00,0.00,0.00,0.00,0.00,0.00,0.00,0.00,0.00,-0.00,-0.00,0.00,0
0.988785,76,50,257,0,DRIVE [ 76 ] [ 1 ] [ 1029 1885 1874 ] [    0    0    0 ] [      0      0      0 ] [ 0 ],drive [ 76 ] [ 0 ] [ 1032 1885 1861 ] [   97   26   19 ] [  16378   8103   8721 ] [ 0 ],1.00,1.00,1.00,1.00,75.55,49.95,0.00,0.00,0.00,0.00,0.00,0.00,0.00,0.00,0.00,0.00,0.00,0.00,-0.00,-0.00,0.00,0
1.00144,71,51,254,0,DRIVE [ 77 ] [ 1 ] [ 1033 1881 1874 ] [    0    0    0 ] [      0      0      0 ] [ 0 ],drive [ 76 ] [ 0 ] [ 1029 1885 1874 ] [   97   26   19 ] [  16642   7856   8637 ] [ 0 ],1.00,1.00,1.00,1.00,70.94,50.57,0.00,0.00,0.00,0.00,0.00,0.00,0.00,0.00,0.00,0.00,0.00,0.00,-0.00,-0.00,0.00,0
1.01294,66,51,252,0,DRIVE [ 77 ] [ 1 ] [ 1062 1865 1874 ] [    0    0    0 ] [      0      0      0 ] [ 0 ],drive [ 77 ] [ 0 ] [ 1033 1881 1874 ] [   86   22   27 ] [  16642   7856   8637 ] [ 0 ],1.00,1.00,1.00,1.00,66.33,50.99,0.00,0.00,0.00,0.00,0.00,0.00,0.00,0.00,0.00,0.00,0.00,0.00,-0.00,-0.00,0.00,0
1.02463,62,51,249,0,DRIVE [ 78 ] [ 1 ] [ 1092 1851 1874 ] [    0    0    0 ] [      0      0      0 ] [ 0 ],drive [ 77 ] [ 0 ] [ 1062 1865 1874 ] [   86   22   27 ] [  16642   7856   8637 ] [ 0 ],1.00,1.00,1.00,1.00,61.82,50.96,0.00,0.00,0.00,0.00,0.00,0.00,0.00,0.00,0.00,0.00,0.00,0.00,-0.00,-0.00,0.00,0
1.03772,57,51,247,0,DRIVE [ 78 ] [ 1 ] [ 1124 1837 1874 ] [    0    0    0 ] [      0      0      0 ] [ 0 ],drive [ 78 ] [ 0 ] [ 1092 1851 1874 ] [   86   22   27 ] [  16642   7856   8637 ] [ 0 ],1.00,1.00,1.00,1.00,57.46,50.74,0.00,0.00,0.00,0.00,0.00,0.00,0.00,0.00,0.00,0.00,0.00,0.00,-0.00,-0.00,0.00,0
1.05061,53,50,246,0,DRIVE [ 79 ] [ 1 ] [ 1155 1825 1874 ] [    0    0    0 ] [      0      0      0 ] [ 0 ],drive [ 78 ] [ 0 ] [ 1124 1837 1874 ] [   86   22   27 ] [  16719   7856   8461 ] [ 0 ],1.00,1.00,1.00,1.00,53.29,50.23,0.00,0.00,0.00,0.00,0.00,0.00,0.00,0.00,0.00,0.00,0.00,0.00,-0.00,-0.00,0.00,0
1.06218,49,50,244,0,DRIVE [ 79 ] [ 1 ] [ 1187 1812 1874 ] [    0    0    0 ] [      0      0      0 ] [ 0 ],drive [ 79 ] [ 0 ] [ 1155 1825 1874 ] [   78   25   20 ] [  16719   7856   8461 ] [ 0 ],1.00,1.00,1.00,1.00,49.03,49.68,0.00,0.00,0.00,0.00,0.00,0.00,0.00,0.00,0.00,0.00,0.00,0.00,-0.00,-0.00,0.00,0
1.07434,45,49,241,0,DRIVE [ 80 ] [ 1 ] [ 1221 1798 1874 ] [    0    0    0 ] [      0      0      0 ] [ 0 ],drive [ 79 ] [ 0 ] [ 1187 1812 1874 ] [   78   25   20 ] [  16719   7856   8461 ] [ 0 ],1.00,1.00,1.00,1.00,44.73,49.12,0.00,0.00,0.00,0.00,0.00,0.00,0.00,0.00,0.00,0.00,0.00,0.00,-0.00,-0.00,0.00,0
1.086,41,49,240,0,DRIVE [ 80 ] [ 1 ] [ 1255 1783 1874 ] [    0    0    0 ] [      0      0      0 ] [ 0 ],drive [ 80 ] [ 0 ] [ 1221 1798 1874 ] [   78   25   20 ] [  16719   7856   8461 ] [ 0 ],1.00,1.00,1.00,1.00,40.60,48.80,0.00,0.00,0.00,0.00,0.00,0.00,0.00,0.00,0.00,0.00,0.00,0.00,-0.00,-0.00,0.00,0
1.09716,36,48,238,0,DRIVE [ 81 ] [ 1 ] [ 1289 1767 1874 ] [    0    0    0 ] [      0      0      0 ] [ 0 ],drive [ 80 ] [ 0 ] [ 1255 1783 1874 ] [   78   25   20 ] [  16715   7856   8458 ] [ 0 ],1.00,1.00,1.00,1.00,36.37,48.42,0.00,0.00,0.00,0.00,0.00,0.00,0.00,0.00,0.00,0.00,0.00,0.00,-0.00,-0.00,0.00,0
1.10874,31,48,235,0,DRIVE [ 81 ] [ 1 ] [ 1337 1744 1874 ] [    0    0    0 ] [      0      0      0 ] [ 0 ],drive [ 81 ] [ 0 ] [ 1289 1767 1874 ] [   64   32   27 ] [  16715   7856   8458 ] [ 0 ],1.00,1.00,1.00,1.00,30.65,48.15,0.00,0.00,0.00,0.00,0.00,0.00,0.00,0.00,0.00,0.00,0.00,0.00,-0.00,-0.00,0.00,0
1.12023,25,48,233,0,DRIVE [ 82 ] [ 1 ] [ 1384 1718 1874 ] [    0    0    0 ] [      0      0      0 ] [ 0 ],drive [ 81 ] [ 0 ] [ 1337 1744 1874 ] [   64   32   27 ] [  16715   7856   8458 ] [ 0 ],1.00,1.00,1.00,1.00,25.09,48.09,0.00,0.00,0.00,0.00,0.00,0.00,0.00,0.00,0.00,0.00,0.00,0.00,-0.00,-0.00,0.00,0
1.13176,20,48,232,0,DRIVE [ 82 ] [ 1 ] [ 1433 1692 1874 ] [    0    0    0 ] [      0      0      0 ] [ 0 ],drive [ 82 ] [ 0 ] [ 1384 1718 1874 ] [   64   32   27 ] [  16715   7856   8458 ] [ 0 ],1.00,1.00,1.00,1.00,19.50,48.06,0.00,0.00,0.00,0.00,0.00,0.00,0.00,0.00,0.00,0.00,0.00,0.00,-0.00,-0.00,0.00,0
1.14285,14,48,231,0,DRIVE [ 83 ] [ 1 ] [ 1482 1664 1874 ] [    0    0    0 ] [      0      0      0 ] [ 0 ],drive [ 82 ] [ 0 ] [ 1433 1692 1874 ] [   64   32   27 ] [  16705   7868   8418 ] [ 0 ],1.00,1.00,1.00,1.00,13.77,47.90,0.00,0.00,0.00,0.00,0.00,0.00,0.00,0.00,0.00,0.00,0.00,0.00,-0.00,-0.00,0.00,0
1.1542,8,48,229,0,DRIVE [ 83 ] [ 1 ] [ 1527 1632 1874 ] [    0    0    0 ] [      0      0      0 ] [ 0 ],drive [ 83 ] [ 0 ] [ 1482 1664 1874 ] [   64   32   27 ] [  16705   7868   8418 ] [ 0 ],1.00,1.00,1.00,1.00,7.95,47.63,0.00,0.00,0.00,0.00,0.00,0.00,0.00,0.00,0.00,0.00,0.00,0.00,-0.00,-0.00,0.00,0
1.16492,2,47,227,0,DRIVE [ 84 ] [ 1 ] [ 1569 1596 1874 ] [    0    0    0 ] [      0      0      0 ] [ 0 ],drive [ 83 ] [ 0 ] [ 1527 1632 1874 ] [   42   41   17 ] [  16705   7868   8418 ] [ 0 ],1.00,1.00,1.00,1.00,2.05,47.50,0.00,0.00,0.00,0.00,0.00,0.00,0.00,0.00,0.00,0.00,0.00,0.00,0.00,0.00,0.00,0
1.17627,-4,47,226,0,DRIVE [ 84 ] [ 1 ] [ 1607 1555 1874 ] [    0    0    0 ] [      0      0      0 ] [ 0 ],drive [ 84 ] [ 0 ] [ 1569 1596 1874 ] [   42   41   17 ] [  16705   7868   8418 ] [ 0 ],1.00,1.00,1.00,1.00,-3.88,47.24,0.00,0.00,0.00,0.00,0.00,0.00,0.00,0.00,0.00,0.00,0.00,0.00,0.00,0.00,0.00,0
1.18757,-10,47,224,0,DRIVE [ 85 ] [ 1 ] [ 1642 1508 1874 ] [    0    0    0 ] [      0      0      0 ] [ 0 ],drive [ 84 ] [ 0 ] [ 1607 1555 1874 ] [   42   41   17 ] [  16705   7868   8418 ] [ 0 ],1.00,1.00,1.00,1.00,-9.84,46.97,0.00,0.00,0.00,0.00,0.00,-0.00,0.00,0.00,0.00,0.00,0.00,0.00,0.00,0.00,0.00,0
1.2004,-16,47,222,0,DRIVE [ 85 ] [ 1 ] [ 1674 1455 1874 ] [    0    0    0 ] [      0      0      0 ] [ 0 ],drive [ 85 ] [ 0 ] [ 1642 1508 1874 ] [   42   41   17 ] [  16664   7936   8414 ] [ 0 ],1.00,1.00,1.00,1.00,-15.86,46.66,0.00,0.00,0.00,0.00,0.00,-0.00,0.00,0.00,0.00,0.00,0.00,0.00,0.00,0.00,0.00,0
1.21257,-22,46,221,0,DRIVE [ 86 ] [ 1 ] [ 1705 1396 1874 ] [    0    0    0 ] [      0      0      0 ] [ 0 ],drive [ 85 ] [ 0 ] [ 1674 1455 1874 ] [   37   50   13 ] [  16664   7936   8414 ] [ 0 ],1.00,1.00,1.00,1.00,-21.98,46.41,0.00,0.00,0.00,0.00,0.00,-0.00,0.00,0.00,0.00,0.00,0.00,0.00,0.00,0.00,0.00,0
1.22394,-28,46,220,0,DRIVE [ 86 ] [ 1 ] [ 1734 1331 1874 ] [    0    0    0 ] [      0      0      0 ] [ 0 ],drive [ 86 ] [ 0 ] [ 1705 1396 1874 ] [   37   50   13 ] [  16664   7936   8414 ] [ 0 ],1.00,1.00,1.00,1.00,-28.09,45.95,0.00,0.00,0.00,0.00,0.00,-0.00,0.00,0.00,0.00,0.00,0.00,0.00,0.00,0.00,0.00,0
1.23492,-34,45,218,0,DRIVE [ 87 ] [ 1 ] [ 1762 1259 1874 ] [    0    0    0 ] [      0      0      0 ] [ 0 ],drive [ 86 ] [ 0 ] [ 1734 1331 1874 ] [   37   50   13 ] [  16664   7936   8414 ] [ 0 ],1.00,1.00,1.00,1.00,-34.22,45.48,0.00,0.00,0.00,0.00,0.00,-0.00,0.00,0.00,0.00,0.00,0.00,0.00,0.00,0.00,0.00,0
1.24617,-40,45,216,0,DRIVE [ 87 ] [ 1 ] [ 1789 1184 1874 ] [    0    0    0 ] [      0      0      0 ] [ 0 ],drive [ 87 ] [ 0 ] [ 1762 1259 1874 ] [   37   50   13 ] [  16358   8280   8410 ] [ 0 ],1.00,1.00,1.00,1.00,-40.06,44.84,0.00,0.00,0.00,0.00,0.00,-0.00,0.00,0.00,0.00,0.00,0.00,0.00,0.00,0.00,0.00,0
1.25754,-46,44,214,0,DRIVE [ 88 ] [ 1 ] [ 1816 1109 1874 ] [    0    0    0 ] [      0      0      0 ] [ 0 ],drive [ 87 ] [ 0 ] [ 1789 1184 1874 ] [   16   66   13 ] [  16358   8280   8410 ] [ 0 ],1.00,1.00,1.00,1.00,-45.62,44.09,0.00,0.00,0.00,0.00,0.00,-0.00,0.00,0.00,0.00,0.00,0.00,0.00,0.00,0.00,0.00,0
1.26877,-51,43,211,0,DRIVE [ 88 ] [ 1 ] [ 1840 1037 1874 ] [    0    0    0 ] [      0      0      0 ] [ 0 ],drive [ 88 ] [ 0 ] [ 1816 1109 1874 ] [   16   66   13 ] [  16358   8280   8410 ] [ 0 ],1.00,1.00,1.00,1.00,-50.50,43.12,0.00,0.00,0.00,0.00,0.00,-0.00,0.00,0.00,0.00,0.00,0.00,0.00,0.00,0.00,0.00,0
1.2799,-55,42,210,0,DRIVE [ 89 ] [ 1 ] [ 1864 1025 1874 ] [    0    0    0 ] [      0      0      0 ] [ 0 ],drive [ 88 ] [ 0 ] [ 1840 1037 1874 ] [   16   66   13 ] [  16358   8280   8410 ] [ 0 ],1.00,1.00,1.00,1.00,-55.01,42.19,0.00,0.00,0.00,0.00,0.00,-0.00,0.00,0.00,0.00,0.00,0.00,0.00,0.00,0.00,0.00,0
1.29124,-59,41,207,0,DRIVE [ 89 ] [ 1 ] [ 1864 1025 1884 ] [    0    0    0 ] [      0      0      0 ] [ 0 ],drive [ 89 ] [ 0 ] [ 1864 1025 1874 ] [   16   66   13 ] [  15643   9069   8411 ] [ 0 ],1.00,1.00,1.00,1.00,-58.93,41.12,0.00,0.00,0.00,0.00,0.00,-0.00,0.00,0.00,0.00,0.00,0.00,0.00,0.00,0.00,0.00,0
1.30354,-62,40,205,0,DRIVE [ 90 ] [ 1 ] [ 1864 1025 1866 ] [    0    0    0 ] [      0      0      0 ] [ 0 ],drive [ 89 ] [ 0 ] [ 1864 1025 1884 ] [   16   66   13 ] [  15643   9069   8411 ] [ 0 ],1.00,1.00,1.00,1.00,-62.23,39.95,0.00,0.00,0.00,0.00,0.00,-0.00,0.00,0.00,0.00,0.00,0.00,0.00,0.00,0.00,0.00,0
1.31432,-65,39,202,0,DRIVE [ 90 ] [ 1 ] [ 1864 1025 1850 ] [    0    0    0 ] [      0      0      0 ] [ 0 ],drive [ 90 ] [ 0 ] [ 1864 1025 1866 ] [   19   86   16 ] [  15643   9069   8411 ] [ 0 ],1.00,1.00,1.00,1.00,-64.89,38.74,0.00,0.00,0.00,0.00,0.00,-0.00,0.00,0.00,0.00,0.00,0.00,0.00,0.00,0.00,0.00,0
1.32579,-67,38,200,0,DRIVE [ 91 ] [ 1 ] [ 1864 1025 1836 ] [    0    0    0 ] [      0      0      0 ] [ 0 ],drive [ 90 ] [ 0 ] [ 1864 1025 1850 ] [   19   86   16 ] [  15643   9069   8411 ] [ 0 ],1.00,1.00,1.00,1.00,-66.99,37.59,0.00,0.00,0.00,0.00,0.00,-0.00,0.00,0.00,0.00,0.00,0.00,0.00,0.00,0.00,0.00,0
1.33711,-68,36,198,0,DRIVE [ 91 ] [ 1 ] [ 1864 1025 1824 ] [    0    0    0 ] [      0      0      0 ] [ 0 ],drive [ 91 ] [ 0 ] [ 1864 1025 1836 ] [   19   86   16 ] [  15643   9069   8411 ] [ 0 ],1.00,1.00,1.00,1.00,-68.42,36.45,0.00,0.00,0.00,0.00,0.00,-0.00,0.00,0.00,0.00,0.00,0.00,0.00,0.00,0.00,0.00,0
1.34837,-70,36,197,0,DRIVE [ 92 ] [ 1 ] [ 1864 1025 1814 ] [    0    0    0 ] [      0      0      0 ] [ 0 ],drive [ 91 ] [ 0 ] [ 1864 1025 1824 ] [   19   86   16 ] [  14769   9927   8418 ] [ 0 ],1.00,1.00,1.00,1.00,-69.72,35.57,0.00,0.00,0.00,0.00,0.00,-0.00,0.00,0.00,0.00,0.00,0.00,0.00,0.00,0.00,0.00,0
1.35932,-71,35,196,0,DRIVE [ 92 ] [ 1 ] [ 1864 1025 1805 ] [    0    0    0 ] [      0      0      0 ] [ 0 ],drive [ 92 ] [ 0 ] [ 1864 1025 1814 ] [   19   89   23 ] [  14769   9927   8418 ] [ 0 ],1.00,1.00,1.00,1.00,-70.89,34.80,0.00,0.00,0.00,0.00,0.00,-0.00,0.00,0.00,0.00,0.00,0.00,0.00,0.00,0.00,0.00,0
1.37254,-72,34,194,0,DRIVE [ 93 ] [ 1 ] [ 1864 1025 1796 ] [    0    0    0 ] [      0      0      0 ] [ 0 ],drive [ 92 ] [ 0 ] [ 1864 1025 1805 ] [   19   89   23 ] [  14769   9927   8418 ] [ 0 ],1.00,1.00,1.00,1.00,-71.71,33.87,0.00,0.00,0.00,0.00,0.00,-0.00,0.00,0.00,0.00,0.00,0.00,0.00,0.00,0.00,0.00,0
1.38537,-73,33,193,0,DRIVE [ 93 ] [ 1 ] [ 1864 1025 1787 ] [    0    0    0 ] [      0      0      0 ] [ 0 ],drive [ 93 ] [ 0 ] [ 1864 1025 1796 ] [   19   89   23 ] [  14769   9927   8418 ] [ 0 ],1.00,1.00,1.00,1.00,-72.58,33.00,0.00,0.00,0.00,0.00,0.00,-0.00,0.00,0.00,0.00,0.00,0.00,0.00,0.00,0.00,0.00,0
1.39733,-73,32,191,0,DRIVE [ 94 ] [ 1 ] [ 1864 1025 1779 ] [    0    0    0 ] [      0      0      0 ] [ 0 ],drive [ 93 ] [ 0 ] [ 1864 1025 1787 ] [   19   89   23 ] [  14667  10136   8430 ] [ 0 ],1.00,1.00,1.00,1.00,-73.39,32.19,0.00,0.00,0.00,0.00,0.00,-0.00,0.00,0.00,0.00,0.00,0.00,0.00,0.00,0.00,0.00,0
1.40941,-74,31,190,0,DRIVE [ 94 ] [ 1 ] [ 1864 1025 1771 ] [    0    0    0 ] [      0      0      0 ] [ 0 ],drive [ 94 ] [ 0 ] [ 1864 1025 1779 ] [   14  105   32 ] [  14667  10136   8430 ] [ 0 ],1.00,1.00,1.00,1.00,-74.31,31.48,0.00,0.00,0.00,0.00,0.00,-0.00,0.00,0.00,0.00,0.00,0.00,0.00,0.00,0.00,0.00,0
1.42063,-75,31,188,0,DRIVE [ 95 ] [ 1 ] [ 1864 1025 1763 ] [    0    0    0 ] [      0      0      0 ] [ 0 ],drive [ 94 ] [ 0 ] [ 1864 1025 1771 ] [   14  105   32 ] [  14667  10136   8430 ] [ 0 ],1.00,1.00,1.00,1.00,-75.16,30.81,0.00,0.00,0.00,0.00,0.00,-0.00,0.00,0.00,0.00,0.00,0.00,0.00,0.00,0.00,0.00,0
1.43166,-76,30,187,0,DRIVE [ 95 ] [ 1 ] [ 1864 1025 1755 ] [    0    0    0 ] [      0      0      0 ] [ 0 ],drive [ 95 ] [ 0 ] [ 1864 1025 1763 ] [   14  105   32 ] [  14667  10136   8430 ] [ 0 ],1.00,1.00,1.00,1.00,-75.69,30.03,0.00,0.00,0.00,0.00,0.00,-0.00,0.00,0.00,0.00,0.00,0.00,0.00,0.00,0.00,0.00,0
1.44309,-76,29,185,0,DRIVE [ 96 ] [ 1 ] [ 1864 1025 1749 ] [    0    0    0 ] [      0      0      0 ] [ 0 ],drive [ 95 ] [ 0 ] [ 1864 1025 1755 ] [   14  105   32 ] [  14605  10548   8432 ] [ 0 ],1.00,1.00,1.00,1.00,-75.74,29.08,0.00,0.00,0.00,0.00,0.00,-0.00,0.00,0.00,0.00,0.00,0.00,0.00,0.00,0.00,0.00,0
1.45559,-75,28,184,0,DRIVE [ 96 ] [ 1 ] [ 1864 1025 1744 ] [    0    0    0 ] [      0      0      0 ] [ 0 ],drive [ 96 ] [ 0 ] [ 1864 1025 1749 ] [   14  105   32 ] [  14605  10548   8432 ] [ 0 ],1.00,1.00,1.00,1.00,-75.46,28.24,0.00,0.00,0.00,0.00,0.00,-0.00,0.00,0.00,0.00,0.00,0.00,0.00,0.00,0.00,0.00,0
1.47327,-75,27,182,0,DRIVE [ 97 ] [ 1 ] [ 1864 1025 1741 ] [    0    0    0 ] [      0      0      0 ] [ 0 ],drive [ 96 ] [ 0 ] [ 1864 1025 1744 ] [   16   83   38 ] [  14605  10548   8432 ] [ 0 ],1.00,1.00,1.00,1.00,-74.68,27.39,0.00,0.00,0.00,0.00,0.00,-0.00,0.00,0.00,0.00,0.00,0.00,0.00,0.00,0.00,0.00,0
1.48467,-74,27,181,0,DRIVE [ 97 ] [ 1 ] [ 1864 1025 1741 ] [    0    0    0 ] [      0      0      0 ] [ 0 ],drive [ 97 ] [ 0 ] [ 1864 1025 1741 ] [   16   83   38 ] [  14605  10548   8432 ] [ 0 ],1.00,1.00,1.00,1.00,-73.71,26.85,0.00,0.00,0.00,0.00,0.00,-0.00,0.00,0.00,0.00,0.00,0.00,0.00,0.00,0.00,0.00,0
1.49698,-72,27,180,0,DRIVE [ 98 ] [ 1 ] [ 1864 1025 1743 ] [    0    0    0 ] [      0      0      0 ] [ 0 ],drive [ 97 ] [ 0 ] [ 1864 1025 1741 ] [   16   83   38 ] [  14377  10757   8523 ] [ 0 ],1.00,1.00,1.00,1.00,-72.34,26.50,0.00,0.00,0.00,0.00,0.00,-0.00,0.00,0.00,0.00,0.00,0.00,0.00,0.00,0.00,0.00,0
1.50811,-71,26,179,0,DRIVE [ 98 ] [ 1 ] [ 1864 1025 1748 ] [    0    0    0 ] [      0      0      0 ] [ 0 ],drive [ 98 ] [ 0 ] [ 1864 1025 1743 ] [   30   86   30 ] [  14377  10757   8523 ] [ 0 ],1.00,1.00,1.00,1.00,-70.62,26.32,0.00,0.00,0.00,0.00,0.00,-0.00,0.00,0.00,0.00,0.00,0.00,0.00,0.00,0.00,0.00,0
1.51878,-68,26,176,0,DRIVE [ 99 ] [ 1 ] [ 1864 1025 1757 ] [    0    0    0 ] [      0      0      0 ] [ 0 ],drive [ 98 ] [ 0 ] [ 1864 1025 1748 ] [   30   86   30 ] [  14377  10757   8523 ] [ 0 ],1.00,1.00,1.00,1.00,-68.27,26.47,0.00,0.00,0.00,0.00,0.00,-0.00,0.00,0.00,0.00,0.00,0.00,0.00,0.00,0.00,0.00,0
1.52914,-66,27,174,0,DRIVE [ 99 ] [ 1 ] [ 1864 1025 1766 ] [    0    0    0 ] [      0      0      0 ] [ 0 ],drive [ 99 ] [ 0 ] [ 1864 1025 1757 ] [   30   86   30 ] [  14377  10757   8523 ] [ 0 ],1.00,1.00,1.00,1.00,-65.95,26.60,0.00,0.00,0.00,0.00,0.00,-0.00,0.00,0.00,0.00,0.00,0.00,0.00,0.00,0.00,0.00,0
1.54139,-63,27,171,0,DRIVE [ 00 ] [ 1 ] [ 1864 1025 1776 ] [    0    0    0 ] [      0      0      0 ] [ 0 ],drive [ 99 ] [ 0 ] [ 1864 1025 1766 ] [   30   86   30 ] [  14377  10757   8523 ] [ 0 ],1.00,1.00,1.00,1.00,-63.18,26.68,0.00,0.00,0.00,0.00,0.00,-0.00,0.00,0.00,0.00,0.00,0.00,0.00,0.00,0.00,0.00,0
1.55192,-61,27,169,0,DRIVE [ 00 ] [ 1 ] [ 1864 1025 1786 ] [    0    0    0 ] [      0      0      0 ] [ 0 ],drive [ 00 ] [ 0 ] [ 1864 1025 1776 ] [   30   86   30 ] [  14330  10783   8530 ] [ 0 ],1.00,1.00,1.00,1.00,-60.63,26.78,0.00,0.00,0.00,0.00,0.00,-0.00,0.00,0.00,0.00,0.00,0.00,0.00,0.00,0.00,0.00,0
1.56381,-58,27,166,0,DRIVE [ 01 ] [ 1 ] [ 1864 1025 1797 ] [    0    0    0 ] [      0      0      0 ] [ 0 ],drive [ 00 ] [ 0 ] [ 1864 1025 1786 ] [   25   88   28 ] [  14330  10783   8530 ] [ 0 ],1.00,1.00,1.00,1.00,-58.00,26.80,0.00,0.00,0.00,0.00,0.00,-0.00,0.00,0.00,0.00,0.00,0.00,0.00,0.00,0.00,0.00,0
1.57498,-55,27,164,0,DRIVE [ 01 ] [ 1 ] [ 1864 1025 1807 ] [    0    0    0 ] [      0      0      0 ] [ 0 ],drive [ 01 ] [ 0 ] [ 1864 1025 1797 ] [   25   88   28 ] [  14330  10783   8530 ] [ 0 ],1.00,1.00,1.00,1.00,-55.44,26.88,0.00,0.00,0.00,0.00,0.00,-0.00,0.00,0.00,0.00,0.00,0.00,0.00,0.00,0.00,0.00,0
1.58534,-53,27,161,0,DRIVE [ 02 ] [ 1 ] [ 1864 1025 1819 ] [    0    0    0 ] [      0      0      0 ] [ 0 ],drive [ 01 ] [ 0 ] [ 1864 1025 1807 ] [   25   88   28 ] [  14330  10783   8530 ] [ 0 ],1.00,1.00,1.00,1.00,-52.90,27.03,0.00,0.00,0.00,0.00,0.00,-0.00,0.00,0.00,0.00,0.00,0.00,0.00,0.00,0.00,0.00,0
1.59557,-50,27,159,0,DRIVE [ 02 ] [ 1 ] [ 1864 1025 1832 ] [    0    0    0 ] [      0      0      0 ] [ 0 ],drive [ 02 ] [ 0 ] [ 1864 1025 1819 ] [   25   88   28 ] [  14323  10932   8529 ] [ 0 ],1.00,1.00,1.00,1.00,-50.21,27.21,0.00,0.00,0.00,0.00,0.00,-0.00,0.00,0.00,0.00,0.00,0.00,0.00,0.00,-0.00,0.00,0
1.60596,-47,27,157,0,DRIVE [ 03 ] [ 1 ] [ 1864 1025 1845 ] [    0    0    0 ] [      0      0      0 ] [ 0 ],drive [ 02 ] [ 0 ] [ 1864 1025 1832 ] [   18   83   23 ] [  14323  10932   8529 ] [ 0 ],1.00,1.00,1.00,1.00,-47.38,27.36,0.00,0.00,0.00,0.00,0.00,-0.00,0.00,0.00,0.00,0.00,0.00,0.00,0.00,-0.00,0.00,0
1.61624,-44,28,154,0,DRIVE [ 03 ] [ 1 ] [ 1864 1025 1860 ] [    0    0    0 ] [      0      0      0 ] [ 0 ],drive [ 03 ] [ 0 ] [ 1864 1025 1845 ] [   18   83   23 ] [  14323  10932   8529 ] [ 0 ],1.00,1.00,1.00,1.00,-44.50,27.62,0.00,0.00,0.00,0.00,0.00,-0.00,0.00,0.00,0.00,0.00,0.00,0.00,0.00,-0.00,0.00,0
1.62633,-42,28,152,0,DRIVE [ 04 ] [ 1 ] [ 1864 1025 1876 ] [    0    0    0 ] [      0      0      0 ] [ 0 ],drive [ 03 ] [ 0 ] [ 1864 1025 1860 ] [   18   83   23 ] [  14323  10932   8529 ] [ 0 ],1.00,1.00,1.00,1.00,-41.58,27.86,0.00,0.00,0.00,0.00,0.00,-0.00,0.00,0.00,0.00,0.00,0.00,0.00,0.00,-0.00,0.00,0
1.63671,-39,28,150,0,DRIVE [ 04 ] [ 1 ] [ 1876 1025 1876 ] [    0    0    0 ] [      0      0      0 ] [ 0 ],drive [ 04 ] [ 0 ] [ 1864 1025 1876 ] [   18   83   23 ] [  14323  10932   8529 ] [ 0 ],1.00,1.00,1.00,1.00,-38.75,28.22,0.00,0.00,0.00,0.00,0.00,-0.00,0.00,0.00,0.00,0.00,0.00,0.00,0.00,-0.00,0.00,0
1.64663,-36,29,147,0,DRIVE [ 05 ] [ 1 ] [ 1857 1025 1876 ] [    0    0    0 ] [      0      0      0 ] [ 0 ],drive [ 04 ] [ 0 ] [ 1876 1025 1876 ] [   18   83   23 ] [  14194  11008   8526 ] [ 0 ],1.00,1.00,1.00,1.00,-36.05,28.60,0.00,0.00,0.00,0.00,0.00,-0.00,0.00,0.00,0.00,0.00,0.00,0.00,0.00,-0.00,0.00,0
1.65696,-33,29,145,0,DRIVE [ 05 ] [ 1 ] [ 1838 1060 1876 ] [    0    0    0 ] [      0      0      0 ] [ 0 ],drive [ 05 ] [ 0 ] [ 1857 1025 1876 ] [    4   83    9 ] [  14194  11008   8526 ] [ 0 ],1.00,1.00,1.00,1.00,-33.46,28.96,0.00,0.00,0.00,0.00,0.00,-0.00,0.00,0.00,0.00,0.00,0.00,0.00,0.00,-0.00,0.00,0
1.66679,-31,29,142,0,DRIVE [ 06 ] [ 1 ] [ 1820 1093 1876 ] [    0    0    0 ] [      0      0      0 ] [ 0 ],drive [ 05 ] [ 0 ] [ 1838 1060 1876 ] [    4   83    9 ] [  14194  11008   8526 ] [ 0 ],1.00,1.00,1.00,1.00,-31.05,29.28,0.00,0.00,0.00,0.00,0.00,-0.00,0.00,0.00,0.00,0.00,0.00,0.00,0.00,-0.00,0.00,0
1.6763,-29,30,140,0,DRIVE [ 06 ] [ 1 ] [ 1802 1125 1876 ] [    0    0    0 ] [      0      0      0 ] [ 0 ],drive [ 06 ] [ 0 ] [ 1820 1093 1876 ] [    4   83    9 ] [  14194  11008   8526 ] [ 0 ],1.00,1.00,1.00,1.00,-28.75,29.56,0.00,0.00,0.00,0.00,0.00,-0.00,0.00,0.00,0.00,0.00,0.00,0.00,0.00,-0.00,0.00,0
1.6862,-27,30,137,0,DRIVE [ 07 ] [ 1 ] [ 1785 1153 1876 ] [    0    0    0 ] [      0      0      0 ] [ 0 ],drive [ 06 ] [ 0 ] [ 1802 1125 1876 ] [    4   83    9 ] [  14194  11008   8526 ] [ 0 ],1.00,1.00,1.00,1.00,-26.61,29.77,0.00,0.00,0.00,0.00,0.00,-0.00,0.00,0.00,0.00,0.00,0.00,0.00,0.00,-0.00,0.00,0
1.70607,-24,30,133,0,DRIVE [ 07 ] [ 1 ] [ 1764 1186 1876 ] [    0    0    0 ] [      0      0      0 ] [ 0 ],drive [ 07 ] [ 0 ] [ 1785 1153 1876 ] [    4   83    9 ] [  14199  11008   8511 ] [ 0 ],1.00,1.00,1.00,1.00,-23.99,29.82,0.00,0.00,0.00,0.00,0.00,-0.00,0.00,0.00,0.00,0.00,0.00,0.00,0.00,-0.00,0.00,0
1.71842,-22,30,130,0,DRIVE [ 08 ] [ 1 ] [ 1745 1216 1876 ] [    0    0    0 ] [      0      0      0 ] [ 0 ],drive [ 07 ] [ 0 ] [ 1764 1186 1876 ] [   14   71    2 ] [  14199  11008   8511 ] [ 0 ],1.00,1.00,1.00,1.00,-21.65,29.79,0.00,0.00,0.00,0.00,0.00,-0.00,0.00,0.00,0.00,0.00,0.00,0.00,0.00,-0.00,0.00,0
1.73029,-20,30,127,0,DRIVE [ 08 ] [ 1 ] [ 1728 1244 1876 ] [    0    0    0 ] [      0      0      0 ] [ 0 ],drive [ 08 ] [ 0 ] [ 1745 1216 1876 ] [   14   71    2 ] [  14199  11008   8511 ] [ 0 ],1.00,1.00,1.00,1.00,-19.52,29.65,0.00,0.00,0.00,0.00,0.00,-0.00,0.00,0.00,0.00,0.00,0.00,0.00,0.00,-0.00,0.00,0
1.7429,-18,29,124,0,DRIVE [ 09 ] [ 1 ] [ 1712 1269 1876 ] [    0    0    0 ] [      0      0      0 ] [ 0 ],drive [ 08 ] [ 0 ] [ 1728 1244 1876 ] [   14   71    2 ] [  14250  11008   8461 ] [ 0 ],1.00,1.00,1.00,1.00,-17.60,29.41,0.00,0.00,0.00,0.00,0.00,-0.00,0.00,0.00,0.00,0.00,0.00,0.00,0.00,-0.00,0.00,0
1.75504,-16,29,122,0,DRIVE [ 09 ] [ 1 ] [ 1698 1293 1876 ] [    0    0    0 ] [      0      0      0 ] [ 0 ],drive [ 09 ] [ 0 ] [ 1712 1269 1876 ] [   14   71    2 ] [  14250  11008   8461 ] [ 0 ],1.00,1.00,1.00,1.00,-15.86,29.07,0.00,0.00,0.00,0.00,0.00,-0.00,0.00,0.00,0.00,0.00,0.00,0.00,0.00,-0.00,0.00,0
1.76529,-14,29,119,0,DRIVE [ 10 ] [ 1 ] [ 1686 1314 1876 ] [    0    0    0 ] [      0      0      0 ] [ 0 ],drive [ 09 ] [ 0 ] [ 1698 1293 1876 ] [   21   62   26 ] [  14250  11008   8461 ] [ 0 ],1.00,1.00,1.00,1.00,-14.32,28.60,0.00,0.00,0.00,0.00,0.00,-0.00,0.00,0.00,0.00,0.00,0.00,0.00,0.00,-0.00,0.00,0
1.77732,-13,28,117,0,DRIVE [ 10 ] [ 1 ] [ 1676 1333 1876 ] [    0    0    0 ] [      0      0      0 ] [ 0 ],drive [ 10 ] [ 0 ] [ 1686 1314 1876 ] [   21   62   26 ] [  14250  11008   8461 ] [ 0 ],1.00,1.00,1.00,1.00,-12.97,28.10,0.00,0.00,0.00,0.00,0.00,-0.00,0.00,0.00,0.00,0.00,0.00,0.00,0.00,-0.00,0.00,0
1.79107,-12,28,114,0,DRIVE [ 11 ] [ 1 ] [ 1666 1350 1876 ] [    0    0    0 ] [      0      0      0 ] [ 0 ],drive [ 10 ] [ 0 ] [ 1676 1333 1876 ] [   21   62   26 ] [  14250  11008   8461 ] [ 0 ],1.00,1.00,1.00,1.00,-11.72,27.55,0.00,0.00,0.00,0.00,0.00,-0.00,0.00,0.00,0.00,0.00,0.00,0.00,0.00,-0.00,0.00,0
1.80129,-11,27,112,0,DRIVE [ 11 ] [ 1 ] [ 1657 1367 1876 ] [    0    0    0 ] [      0      0      0 ] [ 0 ],drive [ 11 ] [ 0 ] [ 1666 1350 1876 ] [   21   62   26 ] [  14303  11004   8432 ] [ 0 ],1.00,1.00,1.00,1.00,-10.57,26.98,0.00,0.00,0.00,0.00,0.00,-0.00,0.00,0.00,0.00,0.00,0.00,0.00,0.00,-0.00,0.00,0
1.81112,-9,26,109,0,DRIVE [ 12 ] [ 1 ] [ 1649 1385 1876 ] [    0    0    0 ] [      0      0      0 ] [ 0 ],drive [ 11 ] [ 0 ] [ 1657 1367 1876 ] [   27   54   25 ] [  14303  11004   8432 ] [ 0 ],1.00,1.00,1.00,1.00,-9.44,26.34,0.00,0.00,0.00,0.00,0.00,-0.00,0.00,0.00,0.00,0.00,0.00,0.00,0.00,-0.00,0.00,0
1.82346,-8,26,107,0,DRIVE [ 12 ] [ 1 ] [ 1642 1403 1876 ] [    0    0    0 ] [      0      0      0 ] [ 0 ],drive [ 12 ] [ 0 ] [ 1649 1385 1876 ] [   27   54   25 ] [  14303  11004   8432 ] [ 0 ],1.00,1.00,1.00,1.00,-8.38,25.60,0.00,0.00,0.00,0.00,0.00,-0.00,0.00,0.00,0.00,0.00,0.00,0.00,0.00,-0.00,0.00,0
1.8342,-7,25,105,0,DRIVE [ 13 ] [ 1 ] [ 1636 1422 1876 ] [    0    0    0 ] [      0      0      0 ] [ 0 ],drive [ 12 ] [ 0 ] [ 1642 1403 1876 ] [   27   54   25 ] [  14303  11004   8432 ] [ 0 ],1.00,1.00,1.00,1.00,-7.36,24.83,0.00,0.00,0.00,0.00,0.00,-0.00,0.00,0.00,0.00,0.00,0.00,0.00,0.00,-0.00,0.00,0
1.8443,-6,24,102,0,DRIVE [ 13 ] [ 1 ] [ 1631 1440 1876 ] [    0    0    0 ] [      0      0      0 ] [ 0 ],drive [ 13 ] [ 0 ] [ 1636 1422 1876 ] [   27   54   25 ] [  14319  11002   8425 ] [ 0 ],1.00,1.00,1.00,1.00,-6.44,24.01,0.00,0.00,0.00,0.00,0.00,-0.00,0.00,0.00,0.00,0.00,0.00,0.00,0.00,-0.00,0.00,0
1.85414,-6,23,100,0,DRIVE [ 14 ] [ 1 ] [ 1627 1457 1876 ] [    0    0    0 ] [      0      0      0 ] [ 0 ],drive [ 13 ] [ 0 ] [ 1631 1440 1876 ] [   27   54   25 ] [  14319  11002   8425 ] [ 0 ],1.00,1.00,1.00,1.00,-5.61,23.14,0.00,0.00,0.00,0.00,0.00,-0.00,0.00,0.00,0.00,0.00,0.00,0.00,0.00,-0.00,0.00,0
1.86629,-5,22,98,0,DRIVE [ 14 ] [ 1 ] [ 1625 1474 1876 ] [    0    0    0 ] [      0      0      0 ] [ 0 ],drive [ 14 ] [ 0 ] [ 1627 1457 1876 ] [   28   48   25 ] [  14319  11002   8425 ] [ 0 ],1.00,1.00,1.00,1.00,-4.87,22.25,0.00,0.00,0.00,0.00,0.00,-0.00,0.00,0.00,0.00,0.00,0.00,0.00,0.00,-0.00,0.00,0
1.87831,-4,21,96,0,DRIVE [ 15 ] [ 1 ] [ 1623 1491 1876 ] [    0    0    0 ] [      0      0      0 ] [ 0 ],drive [ 14 ] [ 0 ] [ 1625 1474 1876 ] [   28   48   25 ] [  14319  11002   8425 ] [ 0 ],1.00,1.00,1.00,1.00,-4.17,21.32,0.00,0.00,0.00,0.00,0.00,-0.00,0.00,0.00,0.00,0.00,0.00,0.00,0.00,-0.00,0.00,0
1.88833,-4,20,94,0,DRIVE [ 15 ] [ 1 ] [ 1623 1509 1876 ] [    0    0    0 ] [      0      0      0 ] [ 0 ],drive [ 15 ] [ 0 ] [ 1623 1491 1876 ] [   28   48   25 ] [  14319  11002   8425 ] [ 0 ],1.00,1.00,1.00,1.00,-3.51,20.35,0.00,0.00,0.00,0.00,0.00,-0.00,0.00,0.00,0.00,0.00,0.00,0.00,0.00,-0.00,0.00,0
1.89822,-3,19,91,0,DRIVE [ 16 ] [ 1 ] [ 1624 1527 1876 ] [    0    0    0 ] [      0      0      0 ] [ 0 ],drive [ 15 ] [ 0 ] [ 1623 1509 1876 ] [   28   48   25 ] [  14320  10997   8425 ] [ 0 ],1.00,1.00,1.00,1.00,-2.92,19.36,0.00,0.00,0.00,0.00,0.00,-0.00,0.00,0.00,0.00,0.00,0.00,0.00,0.00,-0.00,0.00,0
1.91023,-2,18,89,0,DRIVE [ 16 ] [ 1 ] [ 1626 1545 1876 ] [    0    0    0 ] [      0      0      0 ] [ 0 ],drive [ 16 ] [ 0 ] [ 1624 1527 1876 ] [   28   40   25 ] [  14320  10997   8425 ] [ 0 ],1.00,1.00,1.00,1.00,-2.41,18.33,0.00,0.00,0.00,0.00,0.00,-0.00,0.00,0.00,0.00,0.00,0.00,0.00,0.00,-0.00,0.00,0
1.92218,-2,17,87,0,DRIVE [ 17 ] [ 1 ] [ 1631 1564 1876 ] [    0    0    0 ] [      0      0      0 ] [ 0 ],drive [ 16 ] [ 0 ] [ 1626 1545 1876 ] [   28   40   25 ] [  14320  10997   8425 ] [ 0 ],1.00,1.00,1.00,1.00,-1.95,17.22,0.00,0.00,0.00,0.00,0.00,-0.00,0.00,0.00,0.00,0.00,0.00,0.00,0.00,-0.00,0.00,0
1.93437,-2,16,85,0,DRIVE [ 17 ] [ 1 ] [ 1638 1583 1876 ] [    0    0    0 ] [      0      0      0 ] [ 0 ],drive [ 17 ] [ 0 ] [ 1631 1564 1876 ] [   28   40   25 ] [  14320  10997   8425 ] [ 0 ],1.00,1.00,1.00,1.00,-1.55,16.07,0.00,0.00,0.00,0.00,0.00,-0.00,0.00,0.00,0.00,0.00,0.00,0.00,0.00,-0.00,0.00,0
1.94595,-1,15,84,0,DRIVE [ 18 ] [ 1 ] [ 1646 1603 1876 ] [    0    0    0 ] [      0      0      0 ] [ 0 ],drive [ 17 ] [ 0 ] [ 1638 1583 1876 ] [   28   40   25 ] [  14594  10980   8406 ] [ 0 ],1.00,1.00,1.00,1.00,-1.18,14.92,0.00,0.00,0.00,0.00,0.00,-0.00,0.00,0.00,0.00,0.00,0.00,0.00,0.00,-0.00,0.00,0
1.95593,-1,14,82,0,DRIVE [ 18 ] [ 1 ] [ 1655 1623 1876 ] [    0    0    0 ] [      0      0      0 ] [ 0 ],drive [ 18 ] [ 0 ] [ 1646 1603 1876 ] [   26   47    7 ] [  14594  10980   8406 ] [ 0 ],1.00,1.00,1.00,1.00,-0.85,13.80,0.00,0.00,0.00,0.00,0.00,-0.00,0.00,0.00,0.00,0.00,0.00,0.00,0.00,-0.00,0.00,0
1.966,-1,13,80,0,DRIVE [ 19 ] [ 1 ] [ 1663 1643 1876 ] [    0    0    0 ] [      0      0      0 ] [ 0 ],drive [ 18 ] [ 0 ] [ 1655 1623 1876 ] [   26   47    7 ] [  14594  10980   8406 ] [ 0 ],1.00,1.00,1.00,1.00,-0.52,12.69,0.00,0.00,0.00,0.00,0.00,-0.00,0.00,0.00,0.00,0.00,0.00,0.00,0.00,-0.00,0.00,0
1.97827,0,12,78,0,DRIVE [ 19 ] [ 1 ] [ 1671 1664 1876 ] [    0    0    0 ] [      0      0      0 ] [ 0 ],drive [ 19 ] [ 0 ] [ 1663 1643 1876 ] [   26   47    7 ] [  14594  10980   8406 ] [ 0 ],1.00,1.00,1.00,1.00,-0.16,11.62,0.00,0.00,0.00,0.00,0.00,-0.00,0.00,0.00,0.00,0.00,0.00,0.00,0.00,-0.00,0.00,0
1.99063,0,11,76,0,DRIVE [ 20 ] [ 1 ] [ 1677 1684 1876 ] [    0    0    0 ] [      0      0      0 ] [ 0 ],drive [ 19 ] [ 0 ] [ 1671 1664 1876 ] [   26   47    7 ] [  14594  10980   8406 ] [ 0 ],1.00,1.00,1.00,1.00,0.17,10.63,0.00,0.00,0.00,0.00,0.00,-0.00,0.00,0.00,0.00,0.00,0.00,0.00,-0.00,-0.00,0.00,0
2.00247,0,10,74,0,DRIVE [ 20 ] [ 1 ] [ 1683 1701 1876 ] [    0    0    0 ] [      0      0      0 ] [ 0 ],drive [ 20 ] [ 0 ] [ 1677 1684 1876 ] [   26   47    7 ] [  14641  10858   8346 ] [ 0 ],1.00,1.00,1.00,1.00,0.44,9.77,0.00,0.00,0.00,0.00,0.00,-0.00,0.00,0.00,0.00,0.00,0.00,0.00,-0.00,-0.00,0.00,0
2.01328,1,9,72,0,DRIVE [ 21 ] [ 1 ] [ 1688 1716 1876 ] [    0    0    0 ] [      0      0      0 ] [ 0 ],drive [ 20 ] [ 0 ] [ 1683 1701 1876 ] [   22   27   24 ] [  14641  10858   8346 ] [ 0 ],1.00,1.00,1.00,1.00,0.66,8.99,0.00,0.00,0.00,0.00,0.00,-0.00,0.00,0.00,0.00,0.00,0.00,0.00,-0.00,-0.00,0.00,0
2.02446,1,8,70,0,DRIVE [ 21 ] [ 1 ] [ 1692 1730 1876 ] [    0    0    0 ] [      0      0      0 ] [ 0 ],drive [ 21 ] [ 0 ] [ 1688 1716 1876 ] [   22   27   24 ] [  14641  10858   8346 ] [ 0 ],1.00,1.00,1.00,1.00,0.86,8.28,0.00,0.00,0.00,0.00,0.00,-0.00,0.00,0.00,0.00,0.00,0.00,0.00,-0.00,-0.00,0.00,0
2.03528,1,8,68,0,DRIVE [ 22 ] [ 1 ] [ 1695 1744 1876 ] [    0    0    0 ] [      0      0      0 ] [ 0 ],drive [ 21 ] [ 0 ] [ 1692 1730 1876 ] [   22   27   24 ] [  14641  10858   8346 ] [ 0 ],1.00,1.00,1.00,1.00,1.08,7.62,0.00,0.00,0.00,0.00,0.00,-0.00,0.00,0.00,0.00,0.00,0.00,0.00,-0.00,-0.00,0.00,0
2.04625,1,7,66,0,DRIVE [ 22 ] [ 1 ] [ 1697 1758 1876 ] [    0    0    0 ] [      0      0      0 ] [ 0 ],drive [ 22 ] [ 0 ] [ 1695 1744 1876 ] [   22   27   24 ] [  14646  10675   8345 ] [ 0 ],1.00,1.00,1.00,1.00,1.33,6.99,0.00,0.00,0.00,0.00,0.00,-0.00,0.00,0.00,0.00,0.00,0.00,0.00,-0.00,-0.00,0.00,0
2.05874,2,6,64,0,DRIVE [ 23 ] [ 1 ] [ 1696 1773 1876 ] [    0    0    0 ] [      0      0      0 ] [ 0 ],drive [ 22 ] [ 0 ] [ 1697 1758 1876 ] [   19   23   23 ] [  14646  10675   8345 ] [ 0 ],1.00,1.00,1.00,1.00,1.61,6.41,0.00,0.00,0.00,0.00,0.00,-0.00,0.00,0.00,0.00,0.00,0.00,0.00,-0.00,-0.00,0.00,0
2.07065,2,6,62,0,DRIVE [ 23 ] [ 1 ] [ 1693 1786 1876 ] [    0    0    0 ] [      0      0      0 ] [ 0 ],drive [ 23 ] [ 0 ] [ 1696 1773 1876 ] [   19   23   23 ] [  14646  10675   8345 ] [ 0 ],1.00,1.00,1.00,1.00,1.88,5.90,0.00,0.00,0.00,0.00,0.00,-0.00,0.00,0.00,0.00,0.00,0.00,0.00,-0.00,-0.00,0.00,0
2.08074,2,5,61,0,DRIVE [ 24 ] [ 1 ] [ 1689 1798 1876 ] [    0    0    0 ] [      0      0      0 ] [ 0 ],drive [ 23 ] [ 0 ] [ 1693 1786 1876 ] [   19   23   23 ] [  14646  10675   8345 ] [ 0 ],1.00,1.00,1.00,1.00,2.13,5.46,0.00,0.00,0.00,0.00,0.00,-0.00,0.00,0.00,0.00,0.00,0.00,0.00,-0.00,-0.00,0.00,0
2.0902,2,5,59,0,DRIVE [ 24 ] [ 1 ] [ 1683 1807 1876 ] [    0    0    0 ] [      0      0      0 ] [ 0 ],drive [ 24 ] [ 0 ] [ 1689 1798 1876 ] [   19   23   23 ] [  14646  10556   8346 ] [ 0 ],1.00,1.00,1.00,1.00,2.33,5.12,0.00,0.00,0.00,0.00,0.00,-0.00,0.00,0.00,0.00,0.00,0.00,0.00,-0.00,-0.00,0.00,0
2.10212,2,5,57,0,DRIVE [ 25 ] [ 1 ] [ 1677 1812 1876 ] [    0    0    0 ] [      0      0      0 ] [ 0 ],drive [ 24 ] [ 0 ] [ 1683 1807 1876 ] [   19   23   23 ] [  14646  10556   8346 ] [ 0 ],1.00,1.00,1.00,1.00,2.46,4.90,0.00,0.00,0.00,0.00,0.00,-0.00,0.00,0.00,0.00,0.00,0.00,0.00,-0.00,-0.00,0.00,0
2.11444,3,5,55,0,DRIVE [ 25 ] [ 1 ] [ 1670 1815 1876 ] [    0    0    0 ] [      0      0      0 ] [ 0 ],drive [ 25 ] [ 0 ] [ 1677 1812 1876 ] [   22   23   22 ] [  14646  10556   8346 ] [ 0 ],1.00,1.00,1.00,1.00,2.53,4.77,0.00,0.00,0.00,0.00,0.00,-0.00,0.00,0.00,0.00,0.00,0.00,0.00,-0.00,-0.00,0.00,0
2.12671,3,5,54,0,DRIVE [ 26 ] [ 1 ] [ 1661 1813 1876 ] [    0    0    0 ] [      0      0      0 ] [ 0 ],drive [ 25 ] [ 0 ] [ 1670 1815 1876 ] [   22   23   22 ] [  14646  10556   8346 ] [ 0 ],1.00,1.00,1.00,1.00,2.56,4.78,0.00,0.00,0.00,0.00,0.00,-0.00,0.00,0.00,0.00,0.00,0.00,0.00,-0.00,-0.00,0.00,0
2.13662,3,5,52,0,DRIVE [ 26 ] [ 1 ] [ 1651 1808 1876 ] [    0    0    0 ] [      0      0      0 ] [ 0 ],drive [ 26 ] [ 0 ] [ 1661 1813 1876 ] [   22   23   22 ] [  14646  10556   8346 ] [ 0 ],1.00,1.00,1.00,1.00,2.57,4.88,0.00,0.00,0.00,0.00,0.00,-0.00,0.00,0.00,0.00,0.00,0.00,0.00,-0.00,-0.00,0.00,0
2.14669,3,5,50,0,DRIVE [ 27 ] [ 1 ] [ 1638 1801 1876 ] [    0    0    0 ] [      0      0      0 ] [ 0 ],drive [ 26 ] [ 0 ] [ 1651 1808 1876 ] [   22   23   22 ] [  14737  10272   8352 ] [ 0 ],1.00,1.00,1.00,1.00,2.59,5.05,0.00,0.00,0.00,0.00,0.00,-0.00,0.00,0.00,0.00,0.00,0.00,0.00,-0.00,-0.00,0.00,0
2.15819,3,5,48,0,DRIVE [ 27 ] [ 1 ] [ 1621 1793 1876 ] [    0    0    0 ] [      0      0      0 ] [ 0 ],drive [ 27 ] [ 0 ] [ 1638 1801 1876 ] [   43   10   21 ] [  14737  10272   8352 ] [ 0 ],1.00,1.00,1.00,1.00,2.64,5.28,0.00,0.00,0.00,0.00,0.00,-0.00,0.00,0.00,0.00,0.00,0.00,0.00,-0.00,-0.00,0.00,0
2.17058,3,6,47,0,DRIVE [ 28 ] [ 1 ] [ 1598 1784 1876 ] [    0    0    0 ] [      0      0      0 ] [ 0 ],drive [ 27 ] [ 0 ] [ 1621 1793 1876 ] [   43   10   21 ] [  14737  10272   8352 ] [ 0 ],1.00,1.00,1.00,1.00,2.76,5.56,0.00,0.00,0.00,0.00,0.00,-0.00,0.00,0.00,0.00,0.00,0.00,0.00,-0.00,-0.00,0.00,0
2.18208,3,6,45,0,DRIVE [ 28 ] [ 1 ] [ 1571 1775 1876 ] [    0    0    0 ] [      0      0      0 ] [ 0 ],drive [ 28 ] [ 0 ] [ 1598 1784 1876 ] [   43   10   21 ] [  14737  10272   8352 ] [ 0 ],1.00,1.00,1.00,1.00,2.93,5.88,0.00,0.00,0.00,0.00,0.00,-0.00,0.00,0.00,0.00,0.00,0.00,0.00,-0.00,-0.00,0.00,0
2.19442,3,6,44,1,DRIVE [ 29 ] [ 1 ] [ 1541 1764 1876 ] [    0    0    0 ] [      0      0      0 ] [ 0 ],drive [ 28 ] [ 0 ] [ 1571 1775 1876 ] [   43   10   21 ] [  14928  10214   8366 ] [ 0 ],1.00,1.00,1.00,1.00,3.10,6.27,0.00,0.00,0.00,0.00,0.00,-0.00,0.00,0.00,0.00,0.00,0.00,0.00,-0.00,-0.00,0.00,0
