timestamp,Xmm,Ymm,Zmm,TouchDetected,OutgoingPacket,IncomingPacket,GainPropAb, GainPropAd, GainPropFl, GainPropEx,PropA, PropB, PropC,GainIntegAb, GainIntegAd, GainIntegFl, GainIntegEx,IntegA, IntegB, IntegC,GainDerivAb, GainDerivAd, GainDerivFl, GainDerivEx,DerivA, DerivB, DerivC,Heading5
0.111579,82,-68,290,0,DRIVE [ 04 ] [ 1 ] [ 1900 1905 1896 ] [    0    0    0 ] [      0      0      0 ] [ 0 ],drive [ 04 ] [ 0 ] [ 1901 1905 1905 ] [    5   25    5 ] [  13370  10708  10096 ] [ 0 ],1.00,1.00,1.20,1.40,81.94,-82.11,0.00,0.00,0.00,0.00,0.00,0.00,0.00,0.00,0.00,0.00,0.00,0.00,0.00,0.00,0.00,0
0.124293,84,-69,291,0,DRIVE [ 05 ] [ 1 ] [ 1893 1905 1883 ] [    0    0    0 ] [      0      0      0 ] [ 0 ],drive [ 04 ] [ 0 ] [ 1900 1905 1896 ] [    5   25    5 ] [  13370  10708  10096 ] [ 0 ],1.00,1.00,1.20,1.40,83.80,-83.39,0.00,0.00,0.00,0.00,0.00,0.00,0.00,0.00,0.00,0.00,0.00,0.00,0.00,0.00,0.00,0
0.136678,84,-69,285,0,DRIVE [ 05 ] [ 1 ] [ 1887 1905 1873 ] [    0    0    0 ] [      0      0      0 ] [ 0 ],drive [ 05 ] [ 0 ] [ 1893 1905 1883 ] [    5   25    5 ] [  13370  10708  10096 ] [ 0 ],1.00,1.00,1.20,1.40,83.51,-82.23,0.00,0.00,0.00,0.00,0.00,0.00,0.00,0.00,0.00,0.00,0.00,0.00,-0.00,0.00,0.00,0
0.149466,84,-69,284,0,DRIVE [ 06 ] [ 1 ] [ 1881 1905 1864 ] [    0    0    0 ] [      0      0      0 ] [ 0 ],drive [ 05 ] [ 0 ] [ 1887 1905 1873 ] [    5   25    5 ] [  13372  10709  10094 ] [ 0 ],1.00,1.00,1.20,1.40,84.20,-82.33,0.00,0.00,0.00,0.00,0.00,0.00,0.00,0.00,0.00,0.00,0.00,0.00,0.00,0.00,0.00,0
0.162075,85,-69,283,0,DRIVE [ 06 ] [ 1 ] [ 1875 1905 1853 ] [    0    0    0 ] [      0      0      0 ] [ 0 ],drive [ 06 ] [ 0 ] [ 1881 1905 1864 ] [    5   25    9 ] [  13372  10709  10094 ] [ 0 ],1.00,1.00,1.20,1.40,85.33,-82.68,0.00,0.00,0.00,0.00,0.00,0.00,0.00,0.00,0.00,0.00,0.00,0.00,0.00,0.00,0.00,0
0.176473,86,-69,283,0,DRIVE [ 07 ] [ 1 ] [ 1869 1905 1843 ] [    0    0    0 ] [      0      0      0 ] [ 0 ],drive [ 06 ] [ 0 ] [ 1875 1905 1853 ] [    5   25    9 ] [  13372  10709  10094 ] [ 0 ],1.00,1.00,1.20,1.40,86.40,-82.92,0.00,0.00,0.00,0.00,0.00,0.00,0.00,0.00,0.00,0.00,0.00,0.00,0.00,0.00,0.00,0
0.189196,87,-69,281,0,DRIVE [ 07 ] [ 1 ] [ 1862 1905 1832 ] [    0    0    0 ] [      0      0      0 ] [ 0 ],drive [ 07 ] [ 0 ] [ 1869 1905 1843 ] [    5   25    9 ] [  13372  10709  10094 ] [ 0 ],1.00,1.00,1.20,1.40,87.22,-82.88,0.00,0.00,0.00,0.00,0.00,0.00,0.00,0.00,0.00,0.00,0.00,0.00,0.00,0.00,0.00,0
0.201356,88,-69,279,0,DRIVE [ 08 ] [ 1 ] [ 1855 1905 1821 ] [    0    0    0 ] [      0      0      0 ] [ 0 ],drive [ 07 ] [ 0 ] [ 1862 1905 1832 ] [    5   25    9 ] [  13380  10708  10096 ] [ 0 ],1.00,1.00,1.20,1.40,87.79,-82.55,0.00,0.00,0.00,0.00,0.00,0.00,0.00,0.00,0.00,0.00,0.00,0.00,0.00,0.00,0.00,0
0.214933,89,-69,276,0,DRIVE [ 08 ] [ 1 ] [ 1848 1905 1811 ] [    0    0    0 ] [      0      0      0 ] [ 0 ],drive [ 08 ] [ 0 ] [ 1855 1905 1821 ] [    5   26   10 ] [  13380  10708  10096 ] [ 0 ],1.00,1.00,1.20,1.40,88.63,-82.24,0.00,0.00,0.00,0.00,0.00,0.00,0.00,0.00,0.00,0.00,0.00,0.00,0.00,0.00,0.00,0
0.229259,90,-68,274,0,DRIVE [ 09 ] [ 1 ] [ 1840 1905 1799 ] [    0    0    0 ] [      0      0      0 ] [ 0 ],drive [ 08 ] [ 0 ] [ 1848 1905 1811 ] [    5   26   10 ] [  13380  10708  10096 ] [ 0 ],1.00,1.00,1.20,1.40,89.55,-81.93,0.00,0.00,0.00,0.00,0.00,0.00,0.00,0.00,0.00,0.00,0.00,0.00,0.00,0.00,0.00,0
0.241509,91,-68,271,0,DRIVE [ 09 ] [ 1 ] [ 1831 1905 1786 ] [    0    0    0 ] [      0      0      0 ] [ 0 ],drive [ 09 ] [ 0 ] [ 1840 1905 1799 ] [    5   26   10 ] [  13380  10708  10096 ] [ 0 ],1.00,1.00,1.20,1.40,90.68,-81.67,0.00,0.00,0.00,0.00,0.00,0.00,0.00,0.00,0.00,0.00,0.00,0.00,0.00,0.00,0.00,0
0.256362,92,-68,269,0,DRIVE [ 10 ] [ 1 ] [ 1823 1905 1776 ] [    0    0    0 ] [      0      0      0 ] [ 0 ],drive [ 09 ] [ 0 ] [ 1831 1905 1786 ] [    5   26   10 ] [  13385  10699  10097 ] [ 0 ],1.00,1.00,1.20,1.40,91.87,-81.30,0.00,0.00,0.00,0.00,0.00,0.00,0.00,0.00,0.00,0.00,0.00,0.00,0.00,0.00,0.00,0
0.268109,93,-68,267,0,DRIVE [ 10 ] [ 1 ] [ 1813 1905 1763 ] [    0    0    0 ] [      0      0      0 ] [ 0 ],drive [ 10 ] [ 0 ] [ 1823 1905 1776 ] [    7   14   12 ] [  13385  10699  10097 ] [ 0 ],1.00,1.00,1.20,1.40,93.07,-81.02,0.00,0.00,0.00,0.00,0.00,0.00,0.00,0.00,0.00,0.00,0.00,0.00,0.00,0.00,0.00,0
0.280608,94,-67,265,0,DRIVE [ 11 ] [ 1 ] [ 1805 1905 1752 ] [    0    0    0 ] [      0      0      0 ] [ 0 ],drive [ 10 ] [ 0 ] [ 1813 1905 1763 ] [    7   14   12 ] [  13385  10699  10097 ] [ 0 ],1.00,1.00,1.20,1.40,94.09,-80.58,0.00,0.00,0.00,0.00,0.00,0.00,0.00,0.00,0.00,0.00,0.00,0.00,0.00,0.00,0.00,0
0.292717,95,-67,262,0,DRIVE [ 11 ] [ 1 ] [ 1795 1905 1741 ] [    0    0    0 ] [      0      0      0 ] [ 0 ],drive [ 11 ] [ 0 ] [ 1805 1905 1752 ] [    7   14   12 ] [  13428  10413  10099 ] [ 0 ],1.00,1.00,1.20,1.40,95.39,-79.81,0.00,0.00,0.00,0.00,0.00,0.00,0.00,0.00,0.00,0.00,0.00,0.00,0.00,0.00,0.00,0
0.304544,96,-66,259,0,DRIVE [ 12 ] [ 1 ] [ 1786 1905 1730 ] [    0    0    0 ] [      0      0      0 ] [ 0 ],drive [ 11 ] [ 0 ] [ 1795 1905 1741 ] [    7   14   12 ] [  13428  10413  10099 ] [ 0 ],1.00,1.00,1.20,1.40,96.22,-78.71,0.00,0.00,0.00,0.00,0.00,0.00,0.00,0.00,0.00,0.00,0.00,0.00,0.00,0.00,0.00,0
0.316256,96,-64,255,0,DRIVE [ 12 ] [ 1 ] [ 1776 1905 1721 ] [    0    0    0 ] [      0      0      0 ] [ 0 ],drive [ 12 ] [ 0 ] [ 1786 1905 1730 ] [   26    9   16 ] [  13428  10413  10099 ] [ 0 ],1.00,1.00,1.20,1.40,96.36,-77.01,0.00,0.00,0.00,0.00,0.00,0.00,0.00,0.00,0.00,0.00,0.00,0.00,0.00,0.00,0.00,0
0.33112,97,-63,252,0,DRIVE [ 13 ] [ 1 ] [ 1767 1905 1712 ] [    0    0    0 ] [      0      0      0 ] [ 0 ],drive [ 12 ] [ 0 ] [ 1776 1905 1721 ] [   26    9   16 ] [  13428  10413  10099 ] [ 0 ],1.00,1.00,1.20,1.40,96.54,-75.32,0.00,0.00,0.00,0.00,0.00,0.00,0.00,0.00,0.00,0.00,0.00,0.00,0.00,0.00,0.00,0
0.344045,97,-61,249,0,DRIVE [ 13 ] [ 1 ] [ 1756 1905 1700 ] [    0    0    0 ] [      0      0      0 ] [ 0 ],drive [ 13 ] [ 0 ] [ 1767 1905 1712 ] [   26    9   16 ] [  13456  10335  10104 ] [ 0 ],1.00,1.00,1.20,1.40,96.84,-73.64,0.00,0.00,0.00,0.00,0.00,0.00,0.00,0.00,0.00,0.00,0.00,0.00,0.00,0.00,0.00,0
0.356271,97,-60,246,0,DRIVE [ 14 ] [ 1 ] [ 1745 1905 1691 ] [    0    0    0 ] [      0      0      0 ] [ 0 ],drive [ 13 ] [ 0 ] [ 1756 1905 1700 ] [   33    5   16 ] [  13456  10335  10104 ] [ 0 ],1.00,1.00,1.20,1.40,97.35,-71.93,0.00,0.00,0.00,0.00,0.00,0.00,0.00,0.00,0.00,0.00,0.00,0.00,0.00,0.00,0.00,0
0.368107,98,-59,243,0,DRIVE [ 14 ] [ 1 ] [ 1733 1905 1682 ] [    0    0    0 ] [      0      0      0 ] [ 0 ],drive [ 14 ] [ 0 ] [ 1745 1905 1691 ] [   33    5   16 ] [  13456  10335  10104 ] [ 0 ],1.00,1.00,1.20,1.40,97.98,-70.29,0.00,0.00,0.00,0.00,0.00,0.00,0.00,0.00,0.00,0.00,0.00,0.00,0.00,0.00,0.00,0
0.380304,99,-58,240,0,DRIVE [ 15 ] [ 1 ] [ 1721 1905 1672 ] [    0    0    0 ] [      0      0      0 ] [ 0 ],drive [ 14 ] [ 0 ] [ 1733 1905 1682 ] [   33    5   16 ] [  13456  10335  10104 ] [ 0 ],1.00,1.00,1.20,1.40,98.89,-69.01,0.00,0.00,0.00,0.00,0.00,0.00,0.00,0.00,0.00,0.00,0.00,0.00,0.00,0.00,0.00,0
0.392263,100,-57,237,0,DRIVE [ 15 ] [ 1 ] [ 1708 1905 1661 ] [    0    0    0 ] [      0      0      0 ] [ 0 ],drive [ 15 ] [ 0 ] [ 1721 1905 1672 ] [   33    5   16 ] [  13637  10319  10107 ] [ 0 ],1.00,1.00,1.20,1.40,100.25,-67.95,0.00,0.00,0.00,0.00,0.00,0.00,0.00,0.00,0.00,0.00,0.00,0.00,0.00,0.00,0.00,0
0.403756,101,-56,234,0,DRIVE [ 16 ] [ 1 ] [ 1694 1905 1650 ] [    0    0    0 ] [      0      0      0 ] [ 0 ],drive [ 15 ] [ 0 ] [ 1708 1905 1661 ] [   33    5   16 ] [  13637  10319  10107 ] [ 0 ],1.00,1.00,1.20,1.40,101.20,-66.63,0.00,0.00,0.00,0.00,0.00,0.00,0.00,0.00,0.00,0.00,0.00,0.00,0.00,0.00,0.00,0
0.41578,102,-54,230,0,DRIVE [ 16 ] [ 1 ] [ 1680 1905 1639 ] [    0    0    0 ] [      0      0      0 ] [ 0 ],drive [ 16 ] [ 0 ] [ 1694 1905 1650 ] [   32   13   19 ] [  13637  10319  10107 ] [ 0 ],1.00,1.00,1.20,1.40,101.98,-65.25,0.00,0.00,0.00,0.00,0.00,0.00,0.00,0.00,0.00,0.00,0.00,0.00,0.00,0.00,0.00,0
0.427965,103,-53,227,0,DRIVE [ 17 ] [ 1 ] [ 1665 1905 1629 ] [    0    0    0 ] [      0      0      0 ] [ 0 ],drive [ 16 ] [ 0 ] [ 1680 1905 1639 ] [   32   13   19 ] [  13637  10319  10107 ] [ 0 ],1.00,1.00,1.20,1.40,103.21,-64.10,0.00,0.00,0.00,0.00,0.00,0.00,0.00,0.00,0.00,0.00,0.00,0.00,0.00,0.00,0.00,0
0.440104,104,-52,224,0,DRIVE [ 17 ] [ 1 ] [ 1649 1905 1618 ] [    0    0    0 ] [      0      0      0 ] [ 0 ],drive [ 17 ] [ 0 ] [ 1665 1905 1629 ] [   32   13   19 ] [  13637  10319  10107 ] [ 0 ],1.00,1.00,1.20,1.40,104.16,-62.78,0.00,0.00,0.00,0.00,0.00,0.00,0.00,0.00,0.00,0.00,0.00,0.00,0.00,0.00,0.00,0
0.451547,105,-51,220,0,DRIVE [ 18 ] [ 1 ] [ 1632 1905 1607 ] [    0    0    0 ] [      0      0      0 ] [ 0 ],drive [ 17 ] [ 0 ] [ 1649 1905 1618 ] [   32   13   19 ] [  13734  10230  10152 ] [ 0 ],1.00,1.00,1.20,1.40,104.96,-61.33,0.00,0.00,0.00,0.00,0.00,0.00,0.00,0.00,0.00,0.00,0.00,0.00,0.00,0.00,0.00,0
0.463257,106,-50,218,0,DRIVE [ 18 ] [ 1 ] [ 1616 1905 1597 ] [    0    0    0 ] [      0      0      0 ] [ 0 ],drive [ 18 ] [ 0 ] [ 1632 1905 1607 ] [   27    8   40 ] [  13734  10230  10152 ] [ 0 ],1.00,1.00,1.20,1.40,106.10,-60.08,0.00,0.00,0.00,0.00,0.00,0.00,0.00,0.00,0.00,0.00,0.00,0.00,0.00,0.00,0.00,0
0.474794,107,-49,214,0,DRIVE [ 19 ] [ 1 ] [ 1599 1905 1586 ] [    0    0    0 ] [      0      0      0 ] [ 0 ],drive [ 18 ] [ 0 ] [ 1616 1905 1597 ] [   27    8   40 ] [  13734  10230  10152 ] [ 0 ],1.00,1.00,1.20,1.40,106.81,-58.66,0.00,0.00,0.00,0.00,0.00,0.00,0.00,0.00,0.00,0.00,0.00,0.00,0.00,0.00,0.00,0
0.486228,108,-48,212,0,DRIVE [ 19 ] [ 1 ] [ 1582 1905 1576 ] [    0    0    0 ] [      0      0      0 ] [ 0 ],drive [ 19 ] [ 0 ] [ 1599 1905 1586 ] [   27    8   40 ] [  13734  10230  10152 ] [ 0 ],1.00,1.00,1.20,1.40,107.69,-57.43,0.00,0.00,0.00,0.00,0.00,0.00,0.00,0.00,0.00,0.00,0.00,0.00,0.00,0.00,0.00,0
0.498198,108,-47,209,0,DRIVE [ 20 ] [ 1 ] [ 1566 1905 1567 ] [    0    0    0 ] [      0      0      0 ] [ 0 ],drive [ 19 ] [ 0 ] [ 1582 1905 1576 ] [   27    8   40 ] [  14023  10111  10224 ] [ 0 ],1.00,1.00,1.20,1.40,108.19,-56.07,0.00,0.00,0.00,0.00,0.00,0.00,0.00,0.00,0.00,0.00,0.00,0.00,0.00,0.00,0.00,0
0.510066,109,-46,206,0,DRIVE [ 20 ] [ 1 ] [ 1548 1905 1558 ] [    0    0    0 ] [      0      0      0 ] [ 0 ],drive [ 20 ] [ 0 ] [ 1566 1905 1567 ] [   43   10   30 ] [  14023  10111  10224 ] [ 0 ],1.00,1.00,1.20,1.40,108.79,-54.60,0.00,0.00,0.00,0.00,0.00,0.00,0.00,0.00,0.00,0.00,0.00,0.00,0.00,0.00,0.00,0
0.521688,109,-44,203,0,DRIVE [ 21 ] [ 1 ] [ 1530 1905 1549 ] [    0    0    0 ] [      0      0      0 ] [ 0 ],drive [ 20 ] [ 0 ] [ 1548 1905 1558 ] [   43   10   30 ] [  14023  10111  10224 ] [ 0 ],1.00,1.00,1.20,1.40,109.10,-52.93,0.00,0.00,0.00,0.00,0.00,0.00,0.00,0.00,0.00,0.00,0.00,0.00,0.00,0.00,0.00,0
0.532735,110,-43,201,0,DRIVE [ 21 ] [ 1 ] [ 1511 1905 1540 ] [    0    0    0 ] [      0      0      0 ] [ 0 ],drive [ 21 ] [ 0 ] [ 1530 1905 1549 ] [   43   10   30 ] [  14023  10111  10224 ] [ 0 ],1.00,1.00,1.20,1.40,110.01,-51.64,0.00,0.00,0.00,0.00,0.00,0.00,0.00,0.00,0.00,0.00,0.00,0.00,0.00,0.00,0.00,0
0.544544,111,-42,198,0,DRIVE [ 22 ] [ 1 ] [ 1490 1905 1531 ] [    0    0    0 ] [      0      0      0 ] [ 0 ],drive [ 21 ] [ 0 ] [ 1511 1905 1540 ] [   43   10   30 ] [  14215  10109  10225 ] [ 0 ],1.00,1.00,1.20,1.40,110.71,-49.87,0.00,0.00,0.00,0.00,0.00,0.00,0.00,0.00,0.00,0.00,0.00,0.00,0.00,0.00,0.00,0
0.556168,111,-40,194,0,DRIVE [ 22 ] [ 1 ] [ 1466 1905 1520 ] [    0    0    0 ] [      0      0      0 ] [ 0 ],drive [ 22 ] [ 0 ] [ 1490 1905 1531 ] [   42    5   33 ] [  14215  10109  10225 ] [ 0 ],1.00,1.00,1.20,1.40,111.30,-48.13,0.00,0.00,0.00,0.00,0.00,0.00,0.00,0.00,0.00,0.00,0.00,0.00,0.00,0.00,0.00,0
0.567468,112,-39,190,0,DRIVE [ 23 ] [ 1 ] [ 1443 1905 1510 ] [    0    0    0 ] [      0      0      0 ] [ 0 ],drive [ 22 ] [ 0 ] [ 1466 1905 1520 ] [   42    5   33 ] [  14215  10109  10225 ] [ 0 ],1.00,1.00,1.20,1.40,111.86,-46.50,0.00,0.00,0.00,0.00,0.00,0.00,0.00,0.00,0.00,0.00,0.00,0.00,0.00,0.00,0.00,0
0.579286,113,-38,188,0,DRIVE [ 23 ] [ 1 ] [ 1419 1905 1500 ] [    0    0    0 ] [      0      0      0 ] [ 0 ],drive [ 23 ] [ 0 ] [ 1443 1905 1510 ] [   42    5   33 ] [  14215  10109  10225 ] [ 0 ],1.00,1.00,1.20,1.40,112.78,-45.07,0.00,0.00,0.00,0.00,0.00,0.00,0.00,0.00,0.00,0.00,0.00,0.00,0.00,0.00,0.00,0
0.591008,114,-36,185,0,DRIVE [ 24 ] [ 1 ] [ 1394 1905 1490 ] [    0    0    0 ] [      0      0      0 ] [ 0 ],drive [ 23 ] [ 0 ] [ 1419 1905 1500 ] [   42    5   33 ] [  14444   9982  10230 ] [ 0 ],1.00,1.00,1.20,1.40,113.51,-43.56,0.00,0.00,0.00,0.00,0.00,0.00,0.00,0.00,0.00,0.00,0.00,0.00,0.00,0.00,0.00,0
0.602353,114,-35,182,0,DRIVE [ 24 ] [ 1 ] [ 1368 1905 1481 ] [    0    0    0 ] [      0      0      0 ] [ 0 ],drive [ 24 ] [ 0 ] [ 1394 1905 1490 ] [   42    5   33 ] [  14444   9982  10230 ] [ 0 ],1.00,1.00,1.20,1.40,114.25,-41.94,0.00,0.00,0.00,0.00,0.00,0.00,0.00,0.00,0.00,0.00,0.00,0.00,0.00,0.00,0.00,0
0.614059,115,-34,179,0,DRIVE [ 25 ] [ 1 ] [ 1343 1905 1473 ] [    0    0    0 ] [      0      0      0 ] [ 0 ],drive [ 24 ] [ 0 ] [ 1368 1905 1481 ] [   60   18   61 ] [  14444   9982  10230 ] [ 0 ],1.00,1.00,1.20,1.40,115.03,-40.30,0.00,0.00,0.00,0.00,0.00,0.00,0.00,0.00,0.00,0.00,0.00,0.00,0.00,0.00,0.00,0
0.625577,116,-32,177,0,DRIVE [ 25 ] [ 1 ] [ 1315 1905 1466 ] [    0    0    0 ] [      0      0      0 ] [ 0 ],drive [ 25 ] [ 0 ] [ 1343 1905 1473 ] [   60   18   61 ] [  14444   9982  10230 ] [ 0 ],1.00,1.00,1.20,1.40,115.64,-38.28,0.00,0.00,0.00,0.00,0.00,0.00,0.00,0.00,0.00,0.00,0.00,0.00,0.00,0.00,0.00,0
0.637555,116,-30,174,0,DRIVE [ 26 ] [ 1 ] [ 1287 1905 1461 ] [    0    0    0 ] [      0      0      0 ] [ 0 ],drive [ 25 ] [ 0 ] [ 1315 1905 1466 ] [   60   18   61 ] [  14444   9982  10230 ] [ 0 ],1.00,1.00,1.20,1.40,116.12,-36.11,0.00,0.00,0.00,0.00,0.00,0.00,0.00,0.00,0.00,0.00,0.00,0.00,0.00,0.00,0.00,0
0.648651,117,-28,172,0,DRIVE [ 26 ] [ 1 ] [ 1257 1905 1457 ] [    0    0    0 ] [      0      0      0 ] [ 0 ],drive [ 26 ] [ 0 ] [ 1287 1905 1461 ] [   60   18   61 ] [  14586   9881  10426 ] [ 0 ],1.00,1.00,1.20,1.40,116.78,-33.73,0.00,0.00,0.00,0.00,0.00,0.00,0.00,0.00,0.00,0.00,0.00,0.00,0.00,0.00,0.00,0
0.662039,117,-26,169,0,DRIVE [ 27 ] [ 1 ] [ 1228 1905 1455 ] [    0    0    0 ] [      0      0      0 ] [ 0 ],drive [ 26 ] [ 0 ] [ 1257 1905 1457 ] [   59    4   51 ] [  14586   9881  10426 ] [ 0 ],1.00,1.00,1.20,1.40,116.78,-31.19,0.00,0.00,0.00,0.00,0.00,0.00,0.00,0.00,0.00,0.00,0.00,0.00,0.00,0.00,0.00,0
0.675573,117,-24,167,0,DRIVE [ 27 ] [ 1 ] [ 1198 1905 1451 ] [    0    0    0 ] [      0      0      0 ] [ 0 ],drive [ 27 ] [ 0 ] [ 1228 1905 1455 ] [   59    4   51 ] [  14586   9881  10426 ] [ 0 ],1.00,1.00,1.20,1.40,117.21,-29.00,0.00,0.00,0.00,0.00,0.00,0.00,0.00,0.00,0.00,0.00,0.00,0.00,0.00,0.00,0.00,0
0.687942,117,-22,165,0,DRIVE [ 28 ] [ 1 ] [ 1167 1905 1447 ] [    0    0    0 ] [      0      0      0 ] [ 0 ],drive [ 27 ] [ 0 ] [ 1198 1905 1451 ] [   59    4   51 ] [  14586   9881  10426 ] [ 0 ],1.00,1.00,1.20,1.40,117.27,-26.86,0.00,0.00,0.00,0.00,0.00,0.00,0.00,0.00,0.00,0.00,0.00,0.00,0.00,0.00,0.00,0
0.699377,117,-21,163,0,DRIVE [ 28 ] [ 1 ] [ 1140 1905 1445 ] [    0    0    0 ] [      0      0      0 ] [ 0 ],drive [ 28 ] [ 0 ] [ 1167 1905 1447 ] [   59    4   51 ] [  15175   9692  10435 ] [ 0 ],1.00,1.00,1.20,1.40,117.04,-24.79,0.00,0.00,0.00,0.00,0.00,0.00,0.00,0.00,0.00,0.00,0.00,0.00,0.00,0.00,0.00,0
0.710678,117,-19,161,0,DRIVE [ 29 ] [ 1 ] [ 1114 1905 1445 ] [    0    0    0 ] [      0      0      0 ] [ 0 ],drive [ 28 ] [ 0 ] [ 1140 1905 1445 ] [   83   18   52 ] [  15175   9692  10435 ] [ 0 ],1.00,1.00,1.20,1.40,116.73,-22.68,0.00,0.00,0.00,0.00,0.00,0.00,0.00,0.00,0.00,0.00,0.00,0.00,0.00,0.00,0.00,0
0.721956,116,-17,159,0,DRIVE [ 29 ] [ 1 ] [ 1090 1905 1447 ] [    0    0    0 ] [      0      0      0 ] [ 0 ],drive [ 29 ] [ 0 ] [ 1114 1905 1445 ] [   83   18   52 ] [  15175   9692  10435 ] [ 0 ],1.00,1.00,1.20,1.40,115.77,-20.41,0.00,0.00,0.00,0.00,0.00,0.00,0.00,0.00,0.00,0.00,0.00,0.00,0.00,0.00,0.00,0
0.732673,115,-15,158,0,DRIVE [ 30 ] [ 1 ] [ 1068 1905 1451 ] [    0    0    0 ] [      0      0      0 ] [ 0 ],drive [ 29 ] [ 0 ] [ 1090 1905 1447 ] [   83   18   52 ] [  15175   9692  10435 ] [ 0 ],1.00,1.00,1.20,1.40,114.84,-18.07,0.00,0.00,0.00,0.00,0.00,0.00,0.00,0.00,0.00,0.00,0.00,0.00,0.00,0.00,0.00,0
0.743973,114,-13,156,0,DRIVE [ 30 ] [ 1 ] [ 1048 1905 1458 ] [    0    0    0 ] [      0      0      0 ] [ 0 ],drive [ 30 ] [ 0 ] [ 1068 1905 1451 ] [   83   18   52 ] [  15472   9438  10435 ] [ 0 ],1.00,1.00,1.20,1.40,113.62,-15.64,0.00,0.00,0.00,0.00,0.00,0.00,0.00,0.00,0.00,0.00,0.00,0.00,0.00,0.00,0.00,0
0.754977,112,-11,155,0,DRIVE [ 31 ] [ 1 ] [ 1026 1905 1467 ] [    0    0    0 ] [      0      0      0 ] [ 0 ],drive [ 30 ] [ 0 ] [ 1048 1905 1458 ] [   98   15   52 ] [  15472   9438  10435 ] [ 0 ],1.00,1.00,1.20,1.40,112.22,-12.87,0.00,0.00,0.00,0.00,0.00,0.00,0.00,0.00,0.00,0.00,0.00,0.00,-0.00,0.00,0.00,0
0.765867,111,-8,154,0,DRIVE [ 31 ] [ 1 ] [ 1005 1905 1478 ] [    0    0    0 ] [      0      0      0 ] [ 0 ],drive [ 31 ] [ 0 ] [ 1026 1905 1467 ] [   98   15   52 ] [  15472   9438  10435 ] [ 0 ],1.00,1.00,1.20,1.40,110.67,-10.08,0.00,0.00,0.00,0.00,0.00,0.00,0.00,0.00,0.00,0.00,0.00,0.00,-0.00,0.00,0.00,0
0.776917,109,-6,152,0,DRIVE [ 32 ] [ 1 ] [ 1005 1905 1490 ] [    0    0    0 ] [      0      0      0 ] [ 0 ],drive [ 31 ] [ 0 ] [ 1005 1905 1478 ] [   98   15   52 ] [  15472   9438  10435 ] [ 0 ],1.00,1.00,1.20,1.40,108.95,-7.21,0.00,0.00,0.00,0.00,0.00,0.00,0.00,0.00,0.00,0.00,0.00,0.00,-0.00,0.00,0.00,0
0.787975,107,-4,150,0,DRIVE [ 32 ] [ 1 ] [ 1005 1905 1502 ] [    0    0    0 ] [      0      0      0 ] [ 0 ],drive [ 32 ] [ 0 ] [ 1005 1905 1490 ] [   98   15   52 ] [  15472   9438  10435 ] [ 0 ],1.00,1.00,1.20,1.40,107.18,-4.51,0.00,0.00,0.00,0.00,0.00,0.00,0.00,0.00,0.00,0.00,0.00,0.00,-0.00,0.00,0.00,0
0.798625,106,-2,149,0,DRIVE [ 33 ] [ 1 ] [ 1005 1905 1513 ] [    0    0    0 ] [      0      0      0 ] [ 0 ],drive [ 32 ] [ 0 ] [ 1005 1905 1502 ] [   98   15   52 ] [  15761   9433  10431 ] [ 0 ],1.00,1.00,1.20,1.40,105.58,-2.07,0.00,0.00,0.00,0.00,0.00,0.00,0.00,0.00,0.00,0.00,0.00,0.00,-0.00,0.00,0.00,0
0.809509,104,0,148,0,DRIVE [ 33 ] [ 1 ] [ 1005 1905 1525 ] [    0    0    0 ] [      0      0      0 ] [ 0 ],drive [ 33 ] [ 0 ] [ 1005 1905 1513 ] [   97   17   53 ] [  15761   9433  10431 ] [ 0 ],1.00,1.00,1.20,1.40,103.83,0.26,0.00,0.00,0.00,0.00,0.00,0.00,0.00,0.00,0.00,0.00,0.00,0.00,-0.00,-0.00,0.00,0
0.820334,102,2,147,0,DRIVE [ 34 ] [ 1 ] [ 1005 1905 1540 ] [    0    0    0 ] [      0      0      0 ] [ 0 ],drive [ 33 ] [ 0 ] [ 1005 1905 1525 ] [   97   17   53 ] [  15761   9433  10431 ] [ 0 ],1.00,1.00,1.20,1.40,101.77,2.82,0.00,0.00,0.00,0.00,0.00,0.00,0.00,0.00,0.00,0.00,0.00,0.00,-0.00,-0.00,0.00,0
0.831085,100,4,146,0,DRIVE [ 34 ] [ 1 ] [ 1005 1905 1556 ] [    0    0    0 ] [      0      0      0 ] [ 0 ],drive [ 34 ] [ 0 ] [ 1005 1905 1540 ] [   97   17   53 ] [  15761   9433  10431 ] [ 0 ],1.00,1.00,1.20,1.40,99.53,5.35,0.00,0.00,0.00,0.00,0.00,0.00,0.00,0.00,0.00,0.00,0.00,0.00,-0.00,-0.00,0.00,0
0.84204,97,6,145,0,DRIVE [ 35 ] [ 1 ] [ 1005 1905 1575 ] [    0    0    0 ] [      0      0      0 ] [ 0 ],drive [ 34 ] [ 0 ] [ 1005 1905 1556 ] [   97   17   53 ] [  16074   9178  10382 ] [ 0 ],1.00,1.00,1.20,1.40,97.00,7.96,0.00,0.00,0.00,0.00,0.00,0.00,0.00,0.00,0.00,0.00,0.00,0.00,-0.00,-0.00,0.00,0
0.853895,94,8,144,0,DRIVE [ 35 ] [ 1 ] [ 1005 1905 1595 ] [    0    0    0 ] [      0      0      0 ] [ 0 ],drive [ 35 ] [ 0 ] [ 1005 1905 1575 ] [   97   17   53 ] [  16074   9178  10382 ] [ 0 ],1.00,1.00,1.20,1.40,94.08,10.51,0.00,0.00,0.00,0.00,0.00,0.00,0.00,0.00,0.00,0.00,0.00,0.00,-0.00,-0.00,0.00,0
0.864132,91,9,144,0,DRIVE [ 36 ] [ 1 ] [ 1005 1905 1616 ] [    0    0    0 ] [      0      0      0 ] [ 0 ],drive [ 35 ] [ 0 ] [ 1005 1905 1595 ] [  108   23   41 ] [  16074   9178  10382 ] [ 0 ],1.00,1.00,1.20,1.40,90.92,12.93,0.00,0.00,0.00,0.00,0.00,0.00,0.00,0.00,0.00,0.00,0.00,0.00,-0.00,-0.00,0.00,0
0.874641,87,11,143,0,DRIVE [ 36 ] [ 1 ] [ 1005 1905 1637 ] [    0    0    0 ] [      0      0      0 ] [ 0 ],drive [ 36 ] [ 0 ] [ 1005 1905 1616 ] [  108   23   41 ] [  16074   9178  10382 ] [ 0 ],1.00,1.00,1.20,1.40,87.49,15.07,0.00,0.00,0.00,0.00,0.00,0.00,0.00,0.00,0.00,0.00,0.00,0.00,-0.00,-0.00,0.00,0
0.884695,84,12,142,0,DRIVE [ 37 ] [ 1 ] [ 1005 1905 1657 ] [    0    0    0 ] [      0      0      0 ] [ 0 ],drive [ 36 ] [ 0 ] [ 1005 1905 1637 ] [  108   23   41 ] [  16074   9178  10382 ] [ 0 ],1.00,1.00,1.20,1.40,84.17,16.83,0.00,0.00,0.00,0.00,0.00,0.00,0.00,0.00,0.00,0.00,0.00,0.00,-0.00,-0.00,0.00,0
0.894668,81,13,141,0,DRIVE [ 37 ] [ 1 ] [ 1005 1905 1675 ] [    0    0    0 ] [      0      0      0 ] [ 0 ],drive [ 37 ] [ 0 ] [ 1005 1905 1657 ] [  108   23   41 ] [  16357   9077  10162 ] [ 0 ],1.00,1.00,1.20,1.40,80.66,18.14,0.00,0.00,0.00,0.00,0.00,0.00,0.00,0.00,0.00,0.00,0.00,0.00,-0.00,-0.00,0.00,0
0.904945,77,14,140,0,DRIVE [ 38 ] [ 1 ] [ 1005 1905 1692 ] [    0    0    0 ] [      0      0      0 ] [ 0 ],drive [ 37 ] [ 0 ] [ 1005 1905 1675 ] [   90   25   22 ] [  16357   9077  10162 ] [ 0 ],1.00,1.00,1.20,1.40,77.16,19.16,0.00,0.00,0.00,0.00,0.00,0.00,0.00,0.00,0.00,0.00,0.00,0.00,-0.00,-0.00,0.00,0
0.914912,73,14,139,0,DRIVE [ 38 ] [ 1 ] [ 1005 1905 1709 ] [    0    0    0 ] [      0      0      0 ] [ 0 ],drive [ 38 ] [ 0 ] [ 1005 1905 1692 ] [   90   25   22 ] [  16357   9077  10162 ] [ 0 ],1.00,1.00,1.20,1.40,73.43,19.99,0.00,0.00,0.00,0.00,0.00,0.00,0.00,0.00,0.00,0.00,0.00,0.00,-0.00,-0.00,0.00,0
0.925455,70,15,139,0,DRIVE [ 39 ] [ 1 ] [ 1005 1905 1727 ] [    0    0    0 ] [      0      0      0 ] [ 0 ],drive [ 38 ] [ 0 ] [ 1005 1905 1709 ] [   90   25   22 ] [  16357   9077  10162 ] [ 0 ],1.00,1.00,1.20,1.40,69.92,20.79,0.00,0.00,0.00,0.00,0.00,0.00,0.00,0.00,0.00,0.00,0.00,0.00,-0.00,-0.00,0.00,0
0.935528,66,15,138,0,DRIVE [ 39 ] [ 1 ] [ 1005 1905 1746 ] [    0    0    0 ] [      0      0      0 ] [ 0 ],drive [ 39 ] [ 0 ] [ 1005 1905 1727 ] [   90   25   22 ] [  16357   9077  10162 ] [ 0 ],1.00,1.00,1.20,1.40,66.08,21.55,0.00,0.00,0.00,0.00,0.00,0.00,0.00,0.00,0.00,0.00,0.00,0.00,-0.00,-0.00,0.00,0
0.947465,62,16,137,0,DRIVE [ 40 ] [ 1 ] [ 1005 1905 1764 ] [    0    0    0 ] [      0      0      0 ] [ 0 ],drive [ 39 ] [ 0 ] [ 1005 1905 1746 ] [   90   25   22 ] [  16505   8966   9977 ] [ 0 ],1.00,1.00,1.20,1.40,62.10,22.06,0.00,0.00,0.00,0.00,0.00,0.00,0.00,0.00,0.00,0.00,0.00,0.00,-0.00,-0.00,0.00,0
0.957669,58,16,136,0,DRIVE [ 40 ] [ 1 ] [ 1005 1905 1781 ] [    0    0    0 ] [      0      0      0 ] [ 0 ],drive [ 40 ] [ 0 ] [ 1005 1905 1764 ] [   83   10   16 ] [  16505   8966   9977 ] [ 0 ],1.00,1.00,1.20,1.40,58.19,22.27,0.00,0.00,0.00,0.00,0.00,0.00,0.00,0.00,0.00,0.00,0.00,0.00,-0.00,-0.00,0.00,0
0.967571,54,16,136,0,DRIVE [ 41 ] [ 1 ] [ 1005 1905 1796 ] [    0    0    0 ] [      0      0      0 ] [ 0 ],drive [ 40 ] [ 0 ] [ 1005 1905 1781 ] [   83   10   16 ] [  16505   8966   9977 ] [ 0 ],1.00,1.00,1.20,1.40,54.20,21.97,0.00,0.00,0.00,0.00,0.00,0.00,0.00,0.00,0.00,0.00,0.00,0.00,-0.00,-0.00,0.00,0
0.977969,50,15,135,0,DRIVE [ 41 ] [ 1 ] [ 1005 1905 1809 ] [    0    0    0 ] [      0      0      0 ] [ 0 ],drive [ 41 ] [ 0 ] [ 1005 1905 1796 ] [   83   10   16 ] [  16505   8966   9977 ] [ 0 ],1.00,1.00,1.20,1.40,50.08,21.31,0.00,0.00,0.00,0.00,0.00,0.00,0.00,0.00,0.00,0.00,0.00,0.00,-0.00,-0.00,0.00,0
0.988335,46,15,135,0,DRIVE [ 42 ] [ 1 ] [ 1048 1905 1823 ] [    0    0    0 ] [      0      0      0 ] [ 0 ],drive [ 41 ] [ 0 ] [ 1005 1905 1809 ] [   83   10   16 ] [  16505   8966   9977 ] [ 0 ],1.00,1.00,1.20,1.40,45.69,20.39,0.00,0.00,0.00,0.00,0.00,0.00,0.00,0.00,0.00,0.00,0.00,0.00,-0.00,-0.00,0.00,0
0.998576,41,14,135,0,DRIVE [ 42 ] [ 1 ] [ 1104 1905 1837 ] [    0    0    0 ] [      0      0      0 ] [ 0 ],drive [ 42 ] [ 0 ] [ 1048 1905 1823 ] [   83   10   16 ] [  16945   8804   9610 ] [ 0 ],1.00,1.00,1.20,1.40,41.19,19.36,0.00,0.00,0.00,0.00,0.00,0.00,0.00,0.00,0.00,0.00,0.00,0.00,-0.00,-0.00,0.00,0
1.00912,37,13,135,0,DRIVE [ 43 ] [ 1 ] [ 1163 1905 1851 ] [    0    0    0 ] [      0      0      0 ] [ 0 ],drive [ 42 ] [ 0 ] [ 1104 1905 1837 ] [   92   19   21 ] [  16945   8804   9610 ] [ 0 ],1.00,1.00,1.20,1.40,36.65,18.23,0.00,0.00,0.00,0.00,0.00,0.00,0.00,0.00,0.00,0.00,0.00,0.00,-0.00,-0.00,0.00,0
1.01962,32,12,134,0,DRIVE [ 43 ] [ 1 ] [ 1224 1905 1864 ] [    0    0    0 ] [      0      0      0 ] [ 0 ],drive [ 43 ] [ 0 ] [ 1163 1905 1851 ] [   92   19   21 ] [  16945   8804   9610 ] [ 0 ],1.00,1.00,1.20,1.40,32.19,17.03,0.00,0.00,0.00,0.00,0.00,0.00,0.00,0.00,0.00,0.00,0.00,0.00,-0.00,-0.00,0.00,0
1.02946,28,11,134,0,DRIVE [ 44 ] [ 1 ] [ 1287 1905 1876 ] [    0    0    0 ] [      0      0      0 ] [ 0 ],drive [ 43 ] [ 0 ] [ 1224 1905 1864 ] [   92   19   21 ] [  16945   8804   9610 ] [ 0 ],1.00,1.00,1.20,1.40,27.93,15.74,0.00,0.00,0.00,0.00,0.00,0.00,0.00,0.00,0.00,0.00,0.00,0.00,-0.00,-0.00,0.00,0
1.03998,24,10,134,0,DRIVE [ 44 ] [ 1 ] [ 1352 1905 1887 ] [    0    0    0 ] [      0      0      0 ] [ 0 ],drive [ 44 ] [ 0 ] [ 1287 1905 1876 ] [   92   19   21 ] [  16952   8795   9350 ] [ 0 ],1.00,1.00,1.20,1.40,23.87,14.34,0.00,0.00,0.00,0.00,0.00,0.00,0.00,0.00,0.00,0.00,0.00,0.00,-0.00,-0.00,0.00,0
1.05021,20,9,133,0,DRIVE [ 45 ] [ 1 ] [ 1417 1905 1898 ] [    0    0    0 ] [      0      0      0 ] [ 0 ],drive [ 44 ] [ 0 ] [ 1352 1905 1887 ] [   92   19   21 ] [  16952   8795   9350 ] [ 0 ],1.00,1.00,1.20,1.40,19.87,12.94,0.00,0.00,0.00,0.00,0.00,0.00,0.00,0.00,0.00,0.00,0.00,0.00,-0.00,-0.00,0.00,0
1.06083,16,8,133,0,DRIVE [ 45 ] [ 1 ] [ 1489 1903 1898 ] [    0    0    0 ] [      0      0      0 ] [ 0 ],drive [ 45 ] [ 0 ] [ 1417 1905 1898 ] [   64   19    6 ] [  16952   8795   9350 ] [ 0 ],1.00,1.00,1.20,1.40,16.01,11.46,0.00,0.00,0.00,0.00,0.00,0.00,0.00,0.00,0.00,0.00,0.00,0.00,-0.00,-0.00,0.00,0
1.0709,12,7,132,0,DRIVE [ 46 ] [ 1 ] [ 1575 1893 1898 ] [    0    0    0 ] [      0      0      0 ] [ 0 ],drive [ 45 ] [ 0 ] [ 1489 1903 1898 ] [   64   19    6 ] [  16952   8795   9350 ] [ 0 ],1.00,1.00,1.20,1.40,12.33,9.94,0.00,0.00,0.00,0.00,0.00,0.00,0.00,0.00,0.00,0.00,0.00,0.00,-0.00,-0.00,0.00,0
1.08085,9,6,131,0,DRIVE [ 46 ] [ 1 ] [ 1657 1885 1898 ] [    0    0    0 ] [      0      0      0 ] [ 0 ],drive [ 46 ] [ 0 ] [ 1575 1893 1898 ] [   64   19    6 ] [  16952   8795   9350 ] [ 0 ],1.00,1.00,1.20,1.40,8.87,8.36,0.00,0.00,0.00,0.00,0.00,0.00,0.00,0.00,0.00,0.00,0.00,0.00,-0.00,-0.00,0.00,0
1.09136,6,5,130,0,DRIVE [ 47 ] [ 1 ] [ 1734 1879 1898 ] [    0    0    0 ] [      0      0      0 ] [ 0 ],drive [ 46 ] [ 0 ] [ 1657 1885 1898 ] [   64   19    6 ] [  16922   8795   9165 ] [ 0 ],1.00,1.00,1.20,1.40,5.69,6.72,0.00,0.00,0.00,0.00,0.00,0.00,0.00,0.00,0.00,0.00,0.00,0.00,-0.00,-0.00,0.00,0
1.10236,3,4,130,0,DRIVE [ 47 ] [ 1 ] [ 1806 1873 1898 ] [    0    0    0 ] [      0      0      0 ] [ 0 ],drive [ 47 ] [ 0 ] [ 1734 1879 1898 ] [   64   19    6 ] [  16922   8795   9165 ] [ 0 ],1.00,1.00,1.20,1.40,2.74,5.13,0.00,0.00,0.00,0.00,0.00,0.00,0.00,0.00,0.00,0.00,0.00,0.00,-0.00,-0.00,0.00,0
1.11289,0,3,129,0,DRIVE [ 48 ] [ 1 ] [ 1865 1865 1898 ] [    0    0    0 ] [      0      0      0 ] [ 0 ],drive [ 47 ] [ 0 ] [ 1806 1873 1898 ] [   50   20   25 ] [  16922   8795   9165 ] [ 0 ],1.00,1.00,1.20,1.40,0.00,3.56,0.00,0.00,0.00,0.00,0.00,0.00,0.00,0.00,0.00,0.00,0.00,0.00,-0.00,-0.00,0.00,0
1.12319,-3,2,128,0,DRIVE [ 48 ] [ 1 ] [ 1902 1833 1898 ] [    0    0    0 ] [      0      0      0 ] [ 0 ],drive [ 48 ] [ 0 ] [ 1865 1865 1898 ] [   50   20   25 ] [  16922   8795   9165 ] [ 0 ],1.00,1.00,1.20,1.40,-2.51,2.11,0.00,0.00,0.00,0.00,0.00,0.00,0.00,0.00,0.00,0.00,0.00,0.00,0.00,0.00,0.00,0
1.13374,-5,1,127,0,DRIVE [ 49 ] [ 1 ] [ 1902 1813 1884 ] [    0    0    0 ] [      0      0      0 ] [ 0 ],drive [ 48 ] [ 0 ] [ 1902 1833 1898 ] [   50   20   25 ] [  16922   8795   9165 ] [ 0 ],1.00,1.00,1.20,1.40,-4.81,0.98,0.00,0.00,0.00,0.00,0.00,0.00,0.00,0.00,0.00,0.00,0.00,0.00,0.00,0.00,0.00,0
1.14481,-7,0,126,0,DRIVE [ 49 ] [ 1 ] [ 1902 1787 1862 ] [    0    0    0 ] [      0      0      0 ] [ 0 ],drive [ 49 ] [ 0 ] [ 1902 1813 1884 ] [   50   20   25 ] [  16454   8795   9090 ] [ 0 ],1.00,1.00,1.20,1.40,-6.91,0.19,0.00,0.00,0.00,0.00,0.00,0.00,0.00,0.00,0.00,0.00,0.00,0.00,0.00,0.00,0.00,0
1.15524,-9,0,125,0,DRIVE [ 50 ] [ 1 ] [ 1902 1759 1845 ] [    0    0    0 ] [      0      0      0 ] [ 0 ],drive [ 49 ] [ 0 ] [ 1902 1787 1862 ] [   16   14   11 ] [  16454   8795   9090 ] [ 0 ],1.00,1.00,1.20,1.40,-8.78,-0.26,0.00,0.00,0.00,0.00,0.00,0.00,0.00,0.00,0.00,0.00,0.00,0.00,0.00,0.00,0.00,0
1.16686,-10,0,124,0,DRIVE [ 50 ] [ 1 ] [ 1902 1733 1831 ] [    0    0    0 ] [      0      0      0 ] [ 0 ],drive [ 50 ] [ 0 ] [ 1902 1759 1845 ] [   16   14   11 ] [  16454   8795   9090 ] [ 0 ],1.00,1.00,1.20,1.40,-10.41,-0.51,0.00,0.00,0.00,0.00,0.00,0.00,0.00,0.00,0.00,0.00,0.00,0.00,0.00,0.00,0.00,0
1.17983,-12,-1,122,0,DRIVE [ 51 ] [ 1 ] [ 1902 1708 1818 ] [    0    0    0 ] [      0      0      0 ] [ 0 ],drive [ 50 ] [ 0 ] [ 1902 1733 1831 ] [   16   14   11 ] [  16454   8795   9090 ] [ 0 ],1.00,1.00,1.20,1.40,-11.89,-0.70,0.00,0.00,0.00,0.00,0.00,0.00,0.00,0.00,0.00,0.00,0.00,0.00,0.00,0.00,0.00,0
1.1916,-13,-1,121,0,DRIVE [ 51 ] [ 1 ] [ 1902 1685 1805 ] [    0    0    0 ] [      0      0      0 ] [ 0 ],drive [ 51 ] [ 0 ] [ 1902 1708 1818 ] [   16   14   11 ] [  15726   8933   9093 ] [ 0 ],1.00,1.00,1.20,1.40,-13.29,-0.95,0.00,0.00,0.00,0.00,0.00,0.00,0.00,0.00,0.00,0.00,0.00,0.00,0.00,0.00,0.00,0
1.2028,-15,-1,120,0,DRIVE [ 52 ] [ 1 ] [ 1902 1664 1791 ] [    0    0    0 ] [      0      0      0 ] [ 0 ],drive [ 51 ] [ 0 ] [ 1902 1685 1805 ] [   16   14   11 ] [  15726   8933   9093 ] [ 0 ],1.00,1.00,1.20,1.40,-14.58,-1.36,0.00,0.00,0.00,0.00,0.00,0.00,0.00,0.00,0.00,0.00,0.00,0.00,0.00,0.00,0.00,0
1.21374,-16,-2,119,0,DRIVE [ 52 ] [ 1 ] [ 1902 1648 1774 ] [    0    0    0 ] [      0      0      0 ] [ 0 ],drive [ 52 ] [ 0 ] [ 1902 1664 1791 ] [   27   37   20 ] [  15726   8933   9093 ] [ 0 ],1.00,1.00,1.20,1.40,-15.76,-2.00,0.00,0.00,0.00,0.00,0.00,0.00,0.00,0.00,0.00,0.00,0.00,0.00,0.00,0.00,0.00,0
1.22411,-17,-2,118,0,DRIVE [ 53 ] [ 1 ] [ 1902 1633 1756 ] [    0    0    0 ] [      0      0      0 ] [ 0 ],drive [ 52 ] [ 0 ] [ 1902 1648 1774 ] [   27   37   20 ] [  15726   8933   9093 ] [ 0 ],1.00,1.00,1.20,1.40,-16.85,-2.76,0.00,0.00,0.00,0.00,0.00,0.00,0.00,0.00,0.00,0.00,0.00,0.00,0.00,0.00,0.00,0
1.23459,-18,-3,117,0,DRIVE [ 53 ] [ 1 ] [ 1902 1621 1736 ] [    0    0    0 ] [      0      0      0 ] [ 0 ],drive [ 53 ] [ 0 ] [ 1902 1633 1756 ] [   27   37   20 ] [  15726   8933   9093 ] [ 0 ],1.00,1.00,1.20,1.40,-17.90,-3.68,0.00,0.00,0.00,0.00,0.00,0.00,0.00,0.00,0.00,0.00,0.00,0.00,0.00,0.00,0.00,0
1.24705,-19,-4,116,0,DRIVE [ 54 ] [ 1 ] [ 1902 1609 1715 ] [    0    0    0 ] [      0      0      0 ] [ 0 ],drive [ 53 ] [ 0 ] [ 1902 1621 1736 ] [   27   37   20 ] [  15721   9203   9095 ] [ 0 ],1.00,1.00,1.20,1.40,-18.88,-4.66,0.00,0.00,0.00,0.00,0.00,0.00,0.00,0.00,0.00,0.00,0.00,0.00,0.00,0.00,0.00,0
1.25733,-20,-5,115,0,DRIVE [ 54 ] [ 1 ] [ 1902 1597 1694 ] [    0    0    0 ] [      0      0      0 ] [ 0 ],drive [ 54 ] [ 0 ] [ 1902 1609 1715 ] [   27   41   28 ] [  15721   9203   9095 ] [ 0 ],1.00,1.00,1.20,1.40,-19.87,-5.65,0.00,0.00,0.00,0.00,0.00,0.00,0.00,0.00,0.00,0.00,0.00,0.00,0.00,0.00,0.00,0
1.26737,-21,-6,114,0,DRIVE [ 55 ] [ 1 ] [ 1902 1585 1672 ] [    0    0    0 ] [      0      0      0 ] [ 0 ],drive [ 54 ] [ 0 ] [ 1902 1597 1694 ] [   27   41   28 ] [  15721   9203   9095 ] [ 0 ],1.00,1.00,1.20,1.40,-20.83,-6.63,0.00,0.00,0.00,0.00,0.00,0.00,0.00,0.00,0.00,0.00,0.00,0.00,0.00,0.00,0.00,0
1.27867,-22,-6,113,0,DRIVE [ 55 ] [ 1 ] [ 1902 1574 1650 ] [    0    0    0 ] [      0      0      0 ] [ 0 ],drive [ 55 ] [ 0 ] [ 1902 1585 1672 ] [   27   41   28 ] [  15721   9203   9095 ] [ 0 ],1.00,1.00,1.20,1.40,-21.70,-7.64,0.00,0.00,0.00,0.00,0.00,0.00,0.00,0.00,0.00,0.00,0.00,0.00,0.00,0.00,0.00,0
1.2907,-22,-7,112,0,DRIVE [ 56 ] [ 1 ] [ 1902 1565 1629 ] [    0    0    0 ] [      0      0      0 ] [ 0 ],drive [ 55 ] [ 0 ] [ 1902 1574 1650 ] [   27   41   28 ] [  15721   9203   9095 ] [ 0 ],1.00,1.00,1.20,1.40,-22.42,-8.63,0.00,0.00,0.00,0.00,0.00,0.00,0.00,0.00,0.00,0.00,0.00,0.00,0.00,0.00,0.00,0
1.30255,-23,-8,112,0,DRIVE [ 56 ] [ 1 ] [ 1902 1559 1607 ] [    0    0    0 ] [      0      0      0 ] [ 0 ],drive [ 56 ] [ 0 ] [ 1902 1565 1629 ] [   27   41   28 ] [  15718   9234   9102 ] [ 0 ],1.00,1.00,1.20,1.40,-22.97,-9.69,0.00,0.00,0.00,0.00,0.00,0.00,0.00,0.00,0.00,0.00,0.00,0.00,0.00,0.00,0.00,0
1.31474,-23,-9,111,0,DRIVE [ 57 ] [ 1 ] [ 1902 1558 1585 ] [    0    0    0 ] [      0      0      0 ] [ 0 ],drive [ 56 ] [ 0 ] [ 1902 1559 1607 ] [   12   48   48 ] [  15718   9234   9102 ] [ 0 ],1.00,1.00,1.20,1.40,-23.25,-10.82,0.00,0.00,0.00,0.00,0.00,0.00,0.00,0.00,0.00,0.00,0.00,0.00,0.00,0.00,0.00,0
1.32502,-23,-10,110,0,DRIVE [ 57 ] [ 1 ] [ 1902 1560 1564 ] [    0    0    0 ] [      0      0      0 ] [ 0 ],drive [ 57 ] [ 0 ] [ 1902 1558 1585 ] [   12   48   48 ] [  15718   9234   9102 ] [ 0 ],1.00,1.00,1.20,1.40,-23.30,-11.99,0.00,0.00,0.00,0.00,0.00,0.00,0.00,0.00,0.00,0.00,0.00,0.00,0.00,0.00,0.00,0
1.33482,-23,-11,109,0,DRIVE [ 58 ] [ 1 ] [ 1902 1566 1542 ] [    0    0    0 ] [      0      0      0 ] [ 0 ],drive [ 57 ] [ 0 ] [ 1902 1560 1564 ] [   12   48   48 ] [  15718   9234   9102 ] [ 0 ],1.00,1.00,1.20,1.40,-23.13,-13.19,0.00,0.00,0.00,0.00,0.00,0.00,0.00,0.00,0.00,0.00,0.00,0.00,0.00,0.00,0.00,0
1.34703,-23,-12,108,0,DRIVE [ 58 ] [ 1 ] [ 1902 1575 1523 ] [    0    0    0 ] [      0      0      0 ] [ 0 ],drive [ 58 ] [ 0 ] [ 1902 1566 1542 ] [   12   48   48 ] [  15658   9521   9166 ] [ 0 ],1.00,1.00,1.20,1.40,-22.75,-14.27,0.00,0.00,0.00,0.00,0.00,-0.00,0.00,0.00,0.00,0.00,0.00,0.00,0.00,0.00,0.00,0
1.35869,-22,-13,107,0,DRIVE [ 59 ] [ 1 ] [ 1902 1585 1506 ] [    0    0    0 ] [      0      0      0 ] [ 0 ],drive [ 58 ] [ 0 ] [ 1902 1575 1523 ] [    2   51   56 ] [  15658   9521   9166 ] [ 0 ],1.00,1.00,1.20,1.40,-22.20,-15.20,0.00,0.00,0.00,0.00,0.00,-0.00,0.00,0.00,0.00,0.00,0.00,0.00,0.00,0.00,0.00,0
1.37142,-22,-13,107,0,DRIVE [ 59 ] [ 1 ] [ 1902 1595 1491 ] [    0    0    0 ] [      0      0      0 ] [ 0 ],drive [ 59 ] [ 0 ] [ 1902 1585 1506 ] [    2   51   56 ] [  15658   9521   9166 ] [ 0 ],1.00,1.00,1.20,1.40,-21.57,-15.97,0.00,0.00,0.00,0.00,0.00,-0.00,-0.00,0.00,0.00,0.00,0.00,0.00,0.00,0.00,0.00,0
1.38233,-21,-14,106,0,DRIVE [ 60 ] [ 1 ] [ 1902 1606 1480 ] [    0    0    0 ] [      0      0      0 ] [ 0 ],drive [ 59 ] [ 0 ] [ 1902 1595 1491 ] [    2   51   56 ] [  15658   9521   9166 ] [ 0 ],1.00,1.00,1.20,1.40,-20.88,-16.55,0.00,0.00,0.00,0.00,0.00,-0.00,-0.00,0.00,0.00,0.00,0.00,0.00,0.00,0.00,0.00,0
1.39409,-20,-14,105,0,DRIVE [ 60 ] [ 1 ] [ 1902 1616 1469 ] [    0    0    0 ] [      0      0      0 ] [ 0 ],drive [ 60 ] [ 0 ] [ 1902 1606 1480 ] [    2   51   56 ] [  15393   9619   9453 ] [ 0 ],1.00,1.00,1.20,1.40,-20.22,-17.12,0.00,0.00,0.00,0.00,0.00,-0.00,-0.00,0.00,0.00,0.00,0.00,0.00,0.00,0.00,0.00,0
1.40595,-20,-15,104,0,DRIVE [ 61 ] [ 1 ] [ 1902 1627 1455 ] [    0    0    0 ] [      0      0      0 ] [ 0 ],drive [ 60 ] [ 0 ] [ 1902 1616 1469 ] [    9   33   55 ] [  15393   9619   9453 ] [ 0 ],1.00,1.00,1.20,1.40,-19.55,-17.77,0.00,0.00,0.00,0.00,0.00,-0.00,-0.00,0.00,0.00,0.00,0.00,0.00,0.00,0.00,0.00,0
1.41711,-19,-15,103,0,DRIVE [ 61 ] [ 1 ] [ 1902 1637 1437 ] [    0    0    0 ] [      0      0      0 ] [ 0 ],drive [ 61 ] [ 0 ] [ 1902 1627 1455 ] [    9   33   55 ] [  15393   9619   9453 ] [ 0 ],1.00,1.00,1.20,1.40,-18.90,-18.55,0.00,0.00,0.00,0.00,0.00,-0.00,-0.00,0.00,0.00,0.00,0.00,0.00,0.00,0.00,0.00,0
1.42711,-18,-16,102,0,DRIVE [ 62 ] [ 1 ] [ 1902 1647 1417 ] [    0    0    0 ] [      0      0      0 ] [ 0 ],drive [ 61 ] [ 0 ] [ 1902 1637 1437 ] [    9   33   55 ] [  15393   9619   9453 ] [ 0 ],1.00,1.00,1.20,1.40,-18.24,-19.40,0.00,0.00,0.00,0.00,0.00,-0.00,-0.00,0.00,0.00,0.00,0.00,0.00,0.00,0.00,0.00,0
1.43864,-18,-17,101,0,DRIVE [ 62 ] [ 1 ] [ 1902 1657 1393 ] [    0    0    0 ] [      0      0      0 ] [ 0 ],drive [ 62 ] [ 0 ] [ 1902 1647 1417 ] [    9   33   55 ] [  15393   9619   9453 ] [ 0 ],1.00,1.00,1.20,1.40,-17.56,-20.35,0.00,0.00,0.00,0.00,0.00,-0.00,-0.00,0.00,0.00,0.00,0.00,0.00,0.00,0.00,0.00,0
1.44874,-17,-18,100,0,DRIVE [ 63 ] [ 1 ] [ 1902 1668 1365 ] [    0    0    0 ] [      0      0      0 ] [ 0 ],drive [ 62 ] [ 0 ] [ 1902 1657 1393 ] [    9   33   55 ] [  15348   9619   9533 ] [ 0 ],1.00,1.00,1.20,1.40,-16.83,-21.44,0.00,0.00,0.00,0.00,0.00,-0.00,-0.00,0.00,0.00,0.00,0.00,0.00,0.00,0.00,0.00,0
1.45897,-16,-19,99,0,DRIVE [ 63 ] [ 1 ] [ 1902 1679 1334 ] [    0    0    0 ] [      0      0      0 ] [ 0 ],drive [ 63 ] [ 0 ] [ 1902 1668 1365 ] [    9   30   49 ] [  15348   9619   9533 ] [ 0 ],1.00,1.00,1.20,1.40,-16.06,-22.51,0.00,0.00,0.00,0.00,0.00,-0.00,-0.00,0.00,0.00,0.00,0.00,0.00,0.00,0.00,0.00,0
1.47028,-15,-20,98,0,DRIVE [ 64 ] [ 1 ] [ 1902 1690 1304 ] [    0    0    0 ] [      0      0      0 ] [ 0 ],drive [ 63 ] [ 0 ] [ 1902 1679 1334 ] [    9   30   49 ] [  15348   9619   9533 ] [ 0 ],1.00,1.00,1.20,1.40,-15.21,-23.55,0.00,0.00,0.00,0.00,0.00,-0.00,-0.00,0.00,0.00,0.00,0.00,0.00,0.00,0.00,0.00,0
1.48247,-14,-20,97,0,DRIVE [ 64 ] [ 1 ] [ 1902 1703 1276 ] [    0    0    0 ] [      0      0      0 ] [ 0 ],drive [ 64 ] [ 0 ] [ 1902 1690 1304 ] [    9   30   49 ] [  15348   9619   9533 ] [ 0 ],1.00,1.00,1.20,1.40,-14.29,-24.36,0.00,0.00,0.00,0.00,0.00,-0.00,-0.00,0.00,0.00,0.00,0.00,0.00,0.00,0.00,0.00,0
1.49446,-13,-21,96,0,DRIVE [ 65 ] [ 1 ] [ 1902 1717 1255 ] [    0    0    0 ] [      0      0      0 ] [ 0 ],drive [ 64 ] [ 0 ] [ 1902 1703 1276 ] [    9   30   49 ] [  15232   9618   9741 ] [ 0 ],1.00,1.00,1.20,1.40,-13.23,-24.86,0.00,0.00,0.00,0.00,0.00,-0.00,-0.00,0.00,0.00,0.00,0.00,0.00,0.00,0.00,0.00,0
1.50636,-12,-21,95,0,DRIVE [ 65 ] [ 1 ] [ 1902 1733 1242 ] [    0    0    0 ] [      0      0      0 ] [ 0 ],drive [ 65 ] [ 0 ] [ 1902 1717 1255 ] [   10   26   78 ] [  15232   9618   9741 ] [ 0 ],1.00,1.00,1.20,1.40,-12.04,-25.02,0.00,0.00,0.00,0.00,0.00,-0.00,-0.00,0.00,0.00,0.00,0.00,0.00,0.00,0.00,0.00,0
1.51599,-11,-21,94,0,DRIVE [ 66 ] [ 1 ] [ 1902 1751 1234 ] [    0    0    0 ] [      0      0      0 ] [ 0 ],drive [ 65 ] [ 0 ] [ 1902 1733 1242 ] [   10   26   78 ] [  15232   9618   9741 ] [ 0 ],1.00,1.00,1.20,1.40,-10.73,-24.87,0.00,0.00,0.00,0.00,0.00,-0.00,-0.00,0.00,0.00,0.00,0.00,0.00,0.00,0.00,0.00,0
1.52627,-9,-20,93,0,DRIVE [ 66 ] [ 1 ] [ 1902 1770 1231 ] [    0    0    0 ] [      0      0      0 ] [ 0 ],drive [ 66 ] [ 0 ] [ 1902 1751 1234 ] [   10   26   78 ] [  15232   9618   9741 ] [ 0 ],1.00,1.00,1.20,1.40,-9.31,-24.50,0.00,0.00,0.00,0.00,0.00,-0.00,-0.00,0.00,0.00,0.00,0.00,0.00,0.00,0.00,0.00,0
1.53799,-8,-20,91,0,DRIVE [ 67 ] [ 1 ] [ 1902 1792 1230 ] [    0    0    0 ] [      0      0      0 ] [ 0 ],drive [ 66 ] [ 0 ] [ 1902 1770 1231 ] [   10   26   78 ] [  15232   9618   9741 ] [ 0 ],1.00,1.00,1.20,1.40,-7.78,-23.97,0.00,0.00,0.00,0.00,0.00,-0.00,-0.00,0.00,0.00,0.00,0.00,0.00,0.00,0.00,0.00,0
1.5502,-6,-19,90,0,DRIVE [ 67 ] [ 1 ] [ 1902 1815 1231 ] [    0    0    0 ] [      0      0      0 ] [ 0 ],drive [ 67 ] [ 0 ] [ 1902 1792 1230 ] [   10   26   78 ] [  14895   9618  10177 ] [ 0 ],1.00,1.00,1.20,1.40,-6.13,-23.31,0.00,0.00,0.00,0.00,0.00,-0.00,-0.00,0.00,0.00,0.00,0.00,0.00,0.00,0.00,0.00,0
1.56234,-4,-19,89,0,DRIVE [ 68 ] [ 1 ] [ 1902 1839 1231 ] [    0    0    0 ] [      0      0      0 ] [ 0 ],drive [ 67 ] [ 0 ] [ 1902 1815 1231 ] [   27   19   86 ] [  14895   9618  10177 ] [ 0 ],1.00,1.00,1.20,1.40,-4.43,-22.57,0.00,0.00,0.00,0.00,0.00,-0.00,-0.00,0.00,0.00,0.00,0.00,0.00,0.00,0.00,0.00,0
1.57414,-3,-18,88,0,DRIVE [ 68 ] [ 1 ] [ 1902 1865 1230 ] [    0    0    0 ] [      0      0      0 ] [ 0 ],drive [ 68 ] [ 0 ] [ 1902 1839 1231 ] [   27   19   86 ] [  14895   9618  10177 ] [ 0 ],1.00,1.00,1.20,1.40,-2.67,-21.78,0.00,0.00,0.00,0.00,0.00,-0.00,-0.00,0.00,0.00,0.00,0.00,0.00,0.00,0.00,0.00,0
1.58359,-1,-18,87,0,DRIVE [ 69 ] [ 1 ] [ 1902 1892 1224 ] [    0    0    0 ] [      0      0      0 ] [ 0 ],drive [ 68 ] [ 0 ] [ 1902 1865 1230 ] [   27   19   86 ] [  14895   9618  10177 ] [ 0 ],1.00,1.00,1.20,1.40,-0.89,-21.00,0.00,0.00,0.00,0.00,0.00,-0.00,-0.00,0.00,0.00,0.00,0.00,0.00,0.00,0.00,0.00,0
1.59435,1,-17,86,0,DRIVE [ 69 ] [ 1 ] [ 1892 1892 1238 ] [    0    0    0 ] [      0      0      0 ] [ 0 ],drive [ 69 ] [ 0 ] [ 1902 1892 1224 ] [   27   19   86 ] [  14747   9610  10342 ] [ 0 ],1.00,1.00,1.20,1.40,0.86,-20.27,0.00,0.00,0.00,0.00,0.00,-0.00,-0.00,0.00,0.00,0.00,0.00,0.00,0.00,0.00,0.00,0
1.6061,3,-16,85,0,DRIVE [ 70 ] [ 1 ] [ 1864 1892 1276 ] [    0    0    0 ] [      0      0      0 ] [ 0 ],drive [ 69 ] [ 0 ] [ 1892 1892 1238 ] [    6   13   63 ] [  14747   9610  10342 ] [ 0 ],1.00,1.00,1.20,1.40,2.64,-19.54,0.00,0.00,0.00,0.00,0.00,-0.00,-0.00,0.00,0.00,0.00,0.00,0.00,0.00,0.00,0.00,0
1.6183,4,-16,84,0,DRIVE [ 70 ] [ 1 ] [ 1835 1892 1312 ] [    0    0    0 ] [      0      0      0 ] [ 0 ],drive [ 70 ] [ 0 ] [ 1864 1892 1276 ] [    6   13   63 ] [  14747   9610  10342 ] [ 0 ],1.00,1.00,1.20,1.40,4.42,-18.73,0.00,0.00,0.00,0.00,0.00,-0.00,-0.00,0.00,0.00,0.00,0.00,0.00,0.00,0.00,0.00,0
1.63043,6,-15,83,0,DRIVE [ 71 ] [ 1 ] [ 1804 1892 1349 ] [    0    0    0 ] [      0      0      0 ] [ 0 ],drive [ 70 ] [ 0 ] [ 1835 1892 1312 ] [    6   13   63 ] [  14747   9610  10342 ] [ 0 ],1.00,1.00,1.20,1.40,6.22,-17.78,0.00,0.00,0.00,0.00,0.00,-0.00,-0.00,0.00,0.00,0.00,0.00,0.00,0.00,0.00,0.00,0
1.64029,8,-14,81,0,DRIVE [ 71 ] [ 1 ] [ 1771 1892 1383 ] [    0    0    0 ] [      0      0      0 ] [ 0 ],drive [ 71 ] [ 0 ] [ 1804 1892 1349 ] [    6   13   63 ] [  14716   9551  10368 ] [ 0 ],1.00,1.00,1.20,1.40,7.98,-16.73,0.00,0.00,0.00,0.00,0.00,-0.00,-0.00,0.00,0.00,0.00,0.00,0.00,0.00,0.00,0.00,0
1.65031,10,-13,80,0,DRIVE [ 72 ] [ 1 ] [ 1736 1892 1413 ] [    0    0    0 ] [      0      0      0 ] [ 0 ],drive [ 71 ] [ 0 ] [ 1771 1892 1383 ] [    6   13   63 ] [  14716   9551  10368 ] [ 0 ],1.00,1.00,1.20,1.40,9.75,-15.63,0.00,0.00,0.00,0.00,0.00,-0.00,-0.00,0.00,0.00,0.00,0.00,0.00,0.00,0.00,0.00,0
1.66262,12,-12,79,0,DRIVE [ 72 ] [ 1 ] [ 1698 1892 1439 ] [    0    0    0 ] [      0      0      0 ] [ 0 ],drive [ 72 ] [ 0 ] [ 1736 1892 1413 ] [   22   16   71 ] [  14716   9551  10368 ] [ 0 ],1.00,1.00,1.20,1.40,11.52,-14.50,0.00,0.00,0.00,0.00,0.00,-0.00,-0.00,0.00,0.00,0.00,0.00,0.00,0.00,0.00,0.00,0
1.67452,13,-11,78,0,DRIVE [ 73 ] [ 1 ] [ 1657 1892 1462 ] [    0    0    0 ] [      0      0      0 ] [ 0 ],drive [ 72 ] [ 0 ] [ 1698 1892 1439 ] [   22   16   71 ] [  14716   9551  10368 ] [ 0 ],1.00,1.00,1.20,1.40,13.27,-13.30,0.00,0.00,0.00,0.00,0.00,-0.00,-0.00,0.00,0.00,0.00,0.00,0.00,0.00,0.00,0.00,0
1.68706,15,-10,77,0,DRIVE [ 73 ] [ 1 ] [ 1612 1892 1482 ] [    0    0    0 ] [      0      0      0 ] [ 0 ],drive [ 73 ] [ 0 ] [ 1657 1892 1462 ] [   22   16   71 ] [  14716   9551  10368 ] [ 0 ],1.00,1.00,1.20,1.40,14.98,-12.05,0.00,0.00,0.00,0.00,0.00,-0.00,-0.00,0.00,0.00,0.00,0.00,0.00,0.00,0.00,0.00,0
1.69976,17,-9,76,0,DRIVE [ 74 ] [ 1 ] [ 1563 1892 1498 ] [    0    0    0 ] [      0      0      0 ] [ 0 ],drive [ 73 ] [ 0 ] [ 1612 1892 1482 ] [   22   16   71 ] [  14750   9544  10366 ] [ 0 ],1.00,1.00,1.20,1.40,16.66,-10.79,0.00,0.00,0.00,0.00,0.00,-0.00,-0.00,0.00,0.00,0.00,0.00,0.00,0.00,0.00,0.00,0
1.71108,18,-8,75,0,DRIVE [ 74 ] [ 1 ] [ 1512 1892 1511 ] [    0    0    0 ] [      0      0      0 ] [ 0 ],drive [ 74 ] [ 0 ] [ 1563 1892 1498 ] [   30   14   57 ] [  14750   9544  10366 ] [ 0 ],1.00,1.00,1.20,1.40,18.28,-9.54,0.00,0.00,0.00,0.00,0.00,-0.00,-0.00,0.00,0.00,0.00,0.00,0.00,0.00,0.00,0.00,0
1.72087,20,-7,74,0,DRIVE [ 75 ] [ 1 ] [ 1459 1892 1523 ] [    0    0    0 ] [      0      0      0 ] [ 0 ],drive [ 74 ] [ 0 ] [ 1512 1892 1511 ] [   30   14   57 ] [  14750   9544  10366 ] [ 0 ],1.00,1.00,1.20,1.40,19.81,-8.30,0.00,0.00,0.00,0.00,0.00,-0.00,-0.00,0.00,0.00,0.00,0.00,0.00,0.00,0.00,0.00,0
1.7302,21,-6,73,0,DRIVE [ 75 ] [ 1 ] [ 1405 1892 1533 ] [    0    0    0 ] [      0      0      0 ] [ 0 ],drive [ 75 ] [ 0 ] [ 1459 1892 1523 ] [   30   14   57 ] [  14750   9544  10366 ] [ 0 ],1.00,1.00,1.20,1.40,21.24,-7.04,0.00,0.00,0.00,0.00,0.00,-0.00,-0.00,0.00,0.00,0.00,0.00,0.00,0.00,0.00,0.00,0
1.74251,22,-5,72,0,DRIVE [ 76 ] [ 1 ] [ 1353 1892 1543 ] [    0    0    0 ] [      0      0      0 ] [ 0 ],drive [ 75 ] [ 0 ] [ 1405 1892 1533 ] [   30   14   57 ] [  14917   9516  10361 ] [ 0 ],1.00,1.00,1.20,1.40,22.48,-5.79,0.00,0.00,0.00,0.00,0.00,-0.00,-0.00,0.00,0.00,0.00,0.00,0.00,0.00,0.00,0.00,0
1.75435,24,-4,71,0,DRIVE [ 76 ] [ 1 ] [ 1300 1892 1554 ] [    0    0    0 ] [      0      0      0 ] [ 0 ],drive [ 76 ] [ 0 ] [ 1353 1892 1543 ] [   30   14   57 ] [  14917   9516  10361 ] [ 0 ],1.00,1.00,1.20,1.40,23.59,-4.55,0.00,0.00,0.00,0.00,0.00,-0.00,-0.00,0.00,0.00,0.00,0.00,0.00,0.00,0.00,0.00,0
1.76404,24,-3,70,0,DRIVE [ 77 ] [ 1 ] [ 1253 1892 1566 ] [    0    0    0 ] [      0      0      0 ] [ 0 ],drive [ 76 ] [ 0 ] [ 1300 1892 1554 ] [   49    4   38 ] [  14917   9516  10361 ] [ 0 ],1.00,1.00,1.20,1.40,24.43,-3.32,0.00,0.00,0.00,0.00,0.00,-0.00,-0.00,0.00,0.00,0.00,0.00,0.00,0.00,0.00,0.00,0
1.77426,25,-2,69,0,DRIVE [ 77 ] [ 1 ] [ 1212 1892 1581 ] [    0    0    0 ] [      0      0      0 ] [ 0 ],drive [ 77 ] [ 0 ] [ 1253 1892 1566 ] [   49    4   38 ] [  14917   9516  10361 ] [ 0 ],1.00,1.00,1.20,1.40,24.97,-2.11,0.00,0.00,0.00,0.00,0.00,-0.00,-0.00,0.00,0.00,0.00,0.00,0.00,0.00,0.00,0.00,0
1.78628,25,-1,68,0,DRIVE [ 78 ] [ 1 ] [ 1173 1892 1597 ] [    0    0    0 ] [      0      0      0 ] [ 0 ],drive [ 77 ] [ 0 ] [ 1212 1892 1581 ] [   49    4   38 ] [  14917   9516  10361 ] [ 0 ],1.00,1.00,1.20,1.40,25.32,-0.91,0.00,0.00,0.00,0.00,0.00,0.00,-0.00,0.00,0.00,0.00,0.00,0.00,0.00,0.00,0.00,0
1.79855,26,0,68,0,DRIVE [ 78 ] [ 1 ] [ 1135 1892 1614 ] [    0    0    0 ] [      0      0      0 ] [ 0 ],drive [ 78 ] [ 0 ] [ 1173 1892 1597 ] [   49    4   38 ] [  15458   9200  10303 ] [ 0 ],1.00,1.00,1.20,1.40,25.58,0.32,0.00,0.00,0.00,0.00,0.00,0.00,-0.00,0.00,0.00,0.00,0.00,0.00,0.00,0.00,0.00,0
1.81034,26,1,67,0,DRIVE [ 79 ] [ 1 ] [ 1092 1892 1634 ] [    0    0    0 ] [      0      0      0 ] [ 0 ],drive [ 78 ] [ 0 ] [ 1135 1892 1614 ] [   77    8   47 ] [  15458   9200  10303 ] [ 0 ],1.00,1.00,1.20,1.40,25.81,1.67,0.00,0.00,0.00,0.00,0.00,0.00,-0.00,0.00,0.00,0.00,0.00,0.00,0.00,0.00,0.00,0
1.82246,26,2,66,0,DRIVE [ 79 ] [ 1 ] [ 1052 1892 1651 ] [    0    0    0 ] [      0      0      0 ] [ 0 ],drive [ 79 ] [ 0 ] [ 1092 1892 1634 ] [   77    8   47 ] [  15458   9200  10303 ] [ 0 ],1.00,1.00,1.20,1.40,26.02,2.87,0.00,0.00,0.00,0.00,0.00,0.00,-0.00,0.00,0.00,0.00,0.00,0.00,0.00,0.00,0.00,0
1.83203,26,3,65,0,DRIVE [ 80 ] [ 1 ] [ 1014 1892 1666 ] [    0    0    0 ] [      0      0      0 ] [ 0 ],drive [ 79 ] [ 0 ] [ 1052 1892 1651 ] [   77    8   47 ] [  15458   9200  10303 ] [ 0 ],1.00,1.00,1.20,1.40,26.19,3.92,0.00,0.00,0.00,0.00,0.00,0.00,-0.00,0.00,0.00,0.00,0.00,0.00,0.00,0.00,0.00,0
1.84265,26,3,65,0,DRIVE [ 80 ] [ 1 ] [ 1005 1892 1678 ] [    0    0    0 ] [      0      0      0 ] [ 0 ],drive [ 80 ] [ 0 ] [ 1014 1892 1666 ] [   77    8   47 ] [  15865   9102  10194 ] [ 0 ],1.00,1.00,1.20,1.40,26.34,4.81,0.00,0.00,0.00,0.00,0.00,0.00,-0.00,0.00,0.00,0.00,0.00,0.00,0.00,0.00,0.00,0
1.85455,27,4,64,0,DRIVE [ 81 ] [ 1 ] [ 1005 1892 1689 ] [    0    0    0 ] [      0      0      0 ] [ 0 ],drive [ 80 ] [ 0 ] [ 1005 1892 1678 ] [   77    8   47 ] [  15865   9102  10194 ] [ 0 ],1.00,1.00,1.20,1.40,26.55,5.63,0.00,0.00,0.00,0.00,0.00,0.00,-0.00,0.00,0.00,0.00,0.00,0.00,0.00,0.00,0.00,0
1.8663,27,5,63,0,DRIVE [ 81 ] [ 1 ] [ 1005 1892 1697 ] [    0    0    0 ] [      0      0      0 ] [ 0 ],drive [ 81 ] [ 0 ] [ 1005 1892 1689 ] [  108   22   20 ] [  15865   9102  10194 ] [ 0 ],1.00,1.00,1.20,1.40,26.77,6.32,0.00,0.00,0.00,0.00,0.00,0.00,-0.00,0.00,0.00,0.00,0.00,0.00,0.00,0.00,0.00,0
1.87858,27,5,63,0,DRIVE [ 82 ] [ 1 ] [ 1005 1892 1703 ] [    0    0    0 ] [      0      0      0 ] [ 0 ],drive [ 81 ] [ 0 ] [ 1005 1892 1697 ] [  108   22   20 ] [  15865   9102  10194 ] [ 0 ],1.00,1.00,1.20,1.40,26.96,6.87,0.00,0.00,0.00,0.00,0.00,0.00,-0.00,0.00,0.00,0.00,0.00,0.00,0.00,0.00,0.00,0
1.89043,27,5,62,0,DRIVE [ 82 ] [ 1 ] [ 1005 1892 1708 ] [    0    0    0 ] [      0      0      0 ] [ 0 ],drive [ 82 ] [ 0 ] [ 1005 1892 1703 ] [  108   22   20 ] [  15865   9102  10194 ] [ 0 ],1.00,1.00,1.20,1.40,27.10,7.30,0.00,0.00,0.00,0.00,0.00,0.00,-0.00,0.00,0.00,0.00,0.00,0.00,0.00,0.00,0.00,0
1.89992,27,5,62,0,DRIVE [ 83 ] [ 1 ] [ 1005 1892 1711 ] [    0    0    0 ] [      0      0      0 ] [ 0 ],drive [ 82 ] [ 0 ] [ 1005 1892 1708 ] [  108   22   20 ] [  16192   9085   9962 ] [ 0 ],1.00,1.00,1.20,1.40,27.19,7.63,0.00,0.00,0.00,0.00,0.00,0.00,-0.00,0.00,0.00,0.00,0.00,0.00,0.00,0.00,0.00,0
1.91045,27,6,62,0,DRIVE [ 83 ] [ 1 ] [ 1005 1892 1715 ] [    0    0    0 ] [      0      0      0 ] [ 0 ],drive [ 83 ] [ 0 ] [ 1005 1892 1711 ] [   89   25   25 ] [  16192   9085   9962 ] [ 0 ],1.00,1.00,1.20,1.40,27.15,7.85,0.00,0.00,0.00,0.00,0.00,0.00,-0.00,0.00,0.00,0.00,0.00,0.00,0.00,0.00,0.00,0
1.92235,27,6,61,0,DRIVE [ 84 ] [ 1 ] [ 1005 1892 1720 ] [    0    0    0 ] [      0      0      0 ] [ 0 ],drive [ 83 ] [ 0 ] [ 1005 1892 1715 ] [   89   25   25 ] [  16192   9085   9962 ] [ 0 ],1.00,1.00,1.20,1.40,26.98,8.08,0.00,0.00,0.00,0.00,0.00,0.00,-0.00,0.00,0.00,0.00,0.00,0.00,0.00,0.00,0.00,0
1.93418,27,6,61,0,DRIVE [ 84 ] [ 1 ] [ 1005 1892 1726 ] [    0    0    0 ] [      0      0      0 ] [ 0 ],drive [ 84 ] [ 0 ] [ 1005 1892 1720 ] [   89   25   25 ] [  16192   9085   9962 ] [ 0 ],1.00,1.00,1.20,1.40,26.66,8.34,0.00,0.00,0.00,0.00,0.00,0.00,-0.00,0.00,0.00,0.00,0.00,0.00,0.00,0.00,0.00,0
1.94653,26,6,60,0,DRIVE [ 85 ] [ 1 ] [ 1005 1892 1734 ] [    0    0    0 ] [      0      0      0 ] [ 0 ],drive [ 84 ] [ 0 ] [ 1005 1892 1726 ] [   89   25   25 ] [  16516   8832   9800 ] [ 0 ],1.00,1.00,1.20,1.40,26.17,8.52,0.00,0.00,0.00,0.00,0.00,0.00,-0.00,0.00,0.00,0.00,0.00,0.00,0.00,0.00,0.00,0
1.95626,25,6,60,0,DRIVE [ 85 ] [ 1 ] [ 1005 1892 1743 ] [    0    0    0 ] [      0      0      0 ] [ 0 ],drive [ 85 ] [ 0 ] [ 1005 1892 1734 ] [   83   16   18 ] [  16516   8832   9800 ] [ 0 ],1.00,1.00,1.20,1.40,25.48,8.64,0.00,0.00,0.00,0.00,0.00,0.00,-0.00,0.00,0.00,0.00,0.00,0.00,0.00,0.00,0.00,0
1.96621,25,6,59,0,DRIVE [ 86 ] [ 1 ] [ 1005 1892 1753 ] [    0    0    0 ] [      0      0      0 ] [ 0 ],drive [ 85 ] [ 0 ] [ 1005 1892 1743 ] [   83   16   18 ] [  16516   8832   9800 ] [ 0 ],1.00,1.00,1.20,1.40,24.57,8.60,0.00,0.00,0.00,0.00,0.00,0.00,-0.00,0.00,0.00,0.00,0.00,0.00,0.00,0.00,0.00,0
1.97834,24,6,59,0,DRIVE [ 86 ] [ 1 ] [ 1005 1892 1761 ] [    0    0    0 ] [      0      0      0 ] [ 0 ],drive [ 86 ] [ 0 ] [ 1005 1892 1753 ] [   83   16   18 ] [  16516   8832   9800 ] [ 0 ],1.00,1.00,1.20,1.40,23.57,8.43,0.00,0.00,0.00,0.00,0.00,0.00,-0.00,0.00,0.00,0.00,0.00,0.00,0.00,0.00,0.00,0
1.99029,23,6,58,0,DRIVE [ 87 ] [ 1 ] [ 1005 1892 1764 ] [    0    0    0 ] [      0      0      0 ] [ 0 ],drive [ 86 ] [ 0 ] [ 1005 1892 1761 ] [   83   16   18 ] [  16516   8832   9800 ] [ 0 ],1.00,1.00,1.20,1.40,22.60,8.03,0.00,0.00,0.00,0.00,0.00,0.00,-0.00,0.00,0.00,0.00,0.00,0.00,0.00,0.00,0.00,0
2.00225,22,5,58,0,DRIVE [ 87 ] [ 1 ] [ 1005 1892 1763 ] [    0    0    0 ] [      0      0      0 ] [ 0 ],drive [ 87 ] [ 0 ] [ 1005 1892 1764 ] [   83   16   18 ] [  16960   8511   9575 ] [ 0 ],1.00,1.00,1.20,1.40,21.70,7.41,0.00,0.00,0.00,0.00,0.00,0.00,-0.00,0.00,0.00,0.00,0.00,0.00,0.00,0.00,0.00,0
2.01436,21,5,58,0,DRIVE [ 88 ] [ 1 ] [ 1005 1892 1757 ] [    0    0    0 ] [      0      0      0 ] [ 0 ],drive [ 87 ] [ 0 ] [ 1005 1892 1763 ] [   86    6   34 ] [  16960   8511   9575 ] [ 0 ],1.00,1.00,1.20,1.40,20.85,6.57,0.00,0.00,0.00,0.00,0.00,0.00,-0.00,0.00,0.00,0.00,0.00,0.00,0.00,0.00,0.00,0
2.02413,20,4,57,0,DRIVE [ 88 ] [ 1 ] [ 1046 1892 1746 ] [    0    0    0 ] [      0      0      0 ] [ 0 ],drive [ 88 ] [ 0 ] [ 1005 1892 1757 ] [   86    6   34 ] [  16960   8511   9575 ] [ 0 ],1.00,1.00,1.20,1.40,20.05,5.55,0.00,0.00,0.00,0.00,0.00,0.00,-0.00,0.00,0.00,0.00,0.00,0.00,0.00,0.00,0.00,0
2.03412,19,3,57,0,DRIVE [ 89 ] [ 1 ] [ 1101 1892 1733 ] [    0    0    0 ] [      0      0      0 ] [ 0 ],drive [ 88 ] [ 0 ] [ 1046 1892 1746 ] [   86    6   34 ] [  16960   8511   9575 ] [ 0 ],1.00,1.00,1.20,1.40,19.26,4.42,0.00,0.00,0.00,0.00,0.00,0.00,-0.00,0.00,0.00,0.00,0.00,0.00,-0.00,-0.00,0.00,0
2.0463,18,2,57,0,DRIVE [ 89 ] [ 1 ] [ 1159 1892 1717 ] [    0    0    0 ] [      0      0      0 ] [ 0 ],drive [ 89 ] [ 0 ] [ 1101 1892 1733 ] [   86    6   34 ] [  17144   8508   9306 ] [ 0 ],1.00,1.00,1.20,1.40,18.45,3.20,0.00,0.00,0.00,0.00,0.00,0.00,-0.00,0.00,0.00,0.00,0.00,0.00,-0.00,-0.00,0.00,0
2.05832,18,1,56,0,DRIVE [ 90 ] [ 1 ] [ 1216 1892 1701 ] [    0    0    0 ] [      0      0      0 ] [ 0 ],drive [ 89 ] [ 0 ] [ 1159 1892 1717 ] [   74    8   19 ] [  17144   8508   9306 ] [ 0 ],1.00,1.00,1.20,1.40,17.59,2.00,0.00,0.00,0.00,0.00,0.00,0.00,-0.00,0.00,0.00,0.00,0.00,0.00,-0.00,-0.00,0.00,0
2.07028,17,1,56,0,DRIVE [ 90 ] [ 1 ] [ 1274 1892 1686 ] [    0    0    0 ] [      0      0      0 ] [ 0 ],drive [ 90 ] [ 0 ] [ 1216 1892 1701 ] [   74    8   19 ] [  17144   8508   9306 ] [ 0 ],1.00,1.00,1.20,1.40,16.67,0.81,0.00,0.00,0.00,0.00,0.00,0.00,-0.00,0.00,0.00,0.00,0.00,0.00,-0.00,-0.00,0.00,0
2.08231,16,0,55,0,DRIVE [ 91 ] [ 1 ] [ 1330 1892 1670 ] [    0    0    0 ] [      0      0      0 ] [ 0 ],drive [ 90 ] [ 0 ] [ 1274 1892 1686 ] [   74    8   19 ] [  17144   8508   9306 ] [ 0 ],1.00,1.00,1.20,1.40,15.73,-0.36,0.00,0.00,0.00,0.00,0.00,0.00,-0.00,0.00,0.00,0.00,0.00,0.00,-0.00,0.00,0.00,0
2.0922,15,-1,55,0,DRIVE [ 91 ] [ 1 ] [ 1383 1892 1654 ] [    0    0    0 ] [      0      0      0 ] [ 0 ],drive [ 91 ] [ 0 ] [ 1330 1892 1670 ] [   74    8   19 ] [  17145   8495   9293 ] [ 0 ],1.00,1.00,1.20,1.40,14.77,-1.46,0.00,0.00,0.00,0.00,0.00,0.00,-0.00,0.00,0.00,0.00,0.00,0.00,-0.00,0.00,0.00,0
2.10627,14,-2,55,0,DRIVE [ 92 ] [ 1 ] [ 1437 1892 1636 ] [    0    0    0 ] [      0      0      0 ] [ 0 ],drive [ 91 ] [ 0 ] [ 1383 1892 1654 ] [   74    8   19 ] [  17145   8495   9293 ] [ 0 ],1.00,1.00,1.20,1.40,13.77,-2.57,0.00,0.00,0.00,0.00,0.00,0.00,-0.00,0.00,0.00,0.00,0.00,0.00,-0.00,0.00,0.00,0
2.11593,13,-3,54,0,DRIVE [ 92 ] [ 1 ] [ 1488 1892 1617 ] [    0    0    0 ] [      0      0      0 ] [ 0 ],drive [ 92 ] [ 0 ] [ 1437 1892 1636 ] [   56    8   25 ] [  17145   8495   9293 ] [ 0 ],1.00,1.00,1.20,1.40,12.73,-3.66,0.00,0.00,0.00,0.00,0.00,0.00,-0.00,0.00,0.00,0.00,0.00,0.00,-0.00,0.00,0.00,0
2.12836,12,-4,53,0,DRIVE [ 93 ] [ 1 ] [ 1538 1892 1596 ] [    0    0    0 ] [      0      0      0 ] [ 0 ],drive [ 92 ] [ 0 ] [ 1488 1892 1617 ] [   56    8   25 ] [  17145   8495   9293 ] [ 0 ],1.00,1.00,1.20,1.40,11.63,-4.73,0.00,0.00,0.00,0.00,0.00,0.00,-0.00,0.00,0.00,0.00,0.00,0.00,-0.00,0.00,0.00,0
2.13886,10,-5,53,0,DRIVE [ 93 ] [ 1 ] [ 1587 1892 1571 ] [    0    0    0 ] [      0      0      0 ] [ 0 ],drive [ 93 ] [ 0 ] [ 1538 1892 1596 ] [   56    8   25 ] [  17145   8495   9293 ] [ 0 ],1.00,1.00,1.20,1.40,10.46,-5.82,0.00,0.00,0.00,0.00,0.00,0.00,-0.00,0.00,0.00,0.00,0.00,0.00,-0.00,0.00,0.00,0
2.14917,9,-6,52,0,DRIVE [ 94 ] [ 1 ] [ 1634 1892 1541 ] [    0    0    0 ] [      0      0      0 ] [ 0 ],drive [ 93 ] [ 0 ] [ 1587 1892 1571 ] [   56    8   25 ] [  17115   8495   9297 ] [ 0 ],1.00,1.00,1.20,1.40,9.25,-6.89,0.00,0.00,0.00,0.00,0.00,0.00,-0.00,0.00,0.00,0.00,0.00,0.00,-0.00,0.00,0.00,0
2.15921,8,-7,52,0,DRIVE [ 94 ] [ 1 ] [ 1678 1892 1505 ] [    0    0    0 ] [      0      0      0 ] [ 0 ],drive [ 94 ] [ 0 ] [ 1634 1892 1541 ] [   56    9   30 ] [  17115   8495   9297 ] [ 0 ],1.00,1.00,1.20,1.40,8.00,-7.92,0.00,0.00,0.00,0.00,0.00,0.00,-0.00,0.00,0.00,0.00,0.00,0.00,-0.00,0.00,0.00,0
2.17044,7,-7,51,0,DRIVE [ 95 ] [ 1 ] [ 1719 1892 1462 ] [    0    0    0 ] [      0      0      0 ] [ 0 ],drive [ 94 ] [ 0 ] [ 1678 1892 1505 ] [   56    9   30 ] [  17115   8495   9297 ] [ 0 ],1.00,1.00,1.20,1.40,6.74,-8.92,0.00,0.00,0.00,0.00,0.00,0.00,-0.00,0.00,0.00,0.00,0.00,0.00,-0.00,0.00,0.00,0
2.1822,5,-8,51,0,DRIVE [ 95 ] [ 1 ] [ 1757 1892 1414 ] [    0    0    0 ] [      0      0      0 ] [ 0 ],drive [ 95 ] [ 0 ] [ 1719 1892 1462 ] [   56    9   30 ] [  17115   8495   9297 ] [ 0 ],1.00,1.00,1.20,1.40,5.43,-9.83,0.00,0.00,0.00,0.00,0.00,0.00,-0.00,0.00,0.00,0.00,0.00,0.00,-0.00,0.00,0.00,0
2.19452,4,-9,50,0,DRIVE [ 96 ] [ 1 ] [ 1794 1892 1359 ] [    0    0    0 ] [      0      0      0 ] [ 0 ],drive [ 95 ] [ 0 ] [ 1757 1892 1414 ] [   56    9   30 ] [  16967   8495   9393 ] [ 0 ],1.00,1.00,1.20,1.40,4.11,-10.66,0.00,0.00,0.00,0.00,0.00,0.00,-0.00,0.00,0.00,0.00,0.00,0.00,0.00,0.00,0.00,0
2.20622,3,-9,49,0,DRIVE [ 96 ] [ 1 ] [ 1830 1892 1306 ] [    0    0    0 ] [      0      0      0 ] [ 0 ],drive [ 96 ] [ 0 ] [ 1794 1892 1359 ] [   36    9   46 ] [  16967   8495   9393 ] [ 0 ],1.00,1.00,1.20,1.40,2.78,-11.24,0.00,0.00,0.00,0.00,0.00,0.00,-0.00,0.00,0.00,0.00,0.00,0.00,0.00,0.00,0.00,0
2.21672,1,-10,49,0,DRIVE [ 97 ] [ 1 ] [ 1866 1892 1260 ] [    0    0    0 ] [      0      0      0 ] [ 0 ],drive [ 96 ] [ 0 ] [ 1830 1892 1306 ] [   36    9   46 ] [  16967   8495   9393 ] [ 0 ],1.00,1.00,1.20,1.40,1.45,-11.52,0.00,0.00,0.00,0.00,0.00,0.00,-0.00,0.00,0.00,0.00,0.00,0.00,0.00,0.00,0.00,0
2.2268,0,-10,48,0,DRIVE [ 97 ] [ 1 ] [ 1902 1892 1223 ] [    0    0    0 ] [      0      0      0 ] [ 0 ],drive [ 97 ] [ 0 ] [ 1866 1892 1260 ] [   36    9   46 ] [  16967   8495   9393 ] [ 0 ],1.00,1.00,1.20,1.40,0.13,-11.47,0.00,0.00,0.00,0.00,0.00,0.00,-0.00,0.00,0.00,0.00,0.00,0.00,0.00,0.00,0.00,0
2.2386,-1,-9,47,0,DRIVE [ 98 ] [ 1 ] [ 1902 1875 1255 ] [    0    0    0 ] [      0      0      0 ] [ 0 ],drive [ 97 ] [ 0 ] [ 1902 1892 1223 ] [   36    9   46 ] [  16967   8495   9393 ] [ 0 ],1.00,1.00,1.20,1.40,-1.09,-11.15,0.00,0.00,0.00,0.00,0.00,0.00,-0.00,0.00,0.00,0.00,0.00,0.00,0.00,0.00,0.00,0
2.25016,-2,-9,47,0,DRIVE [ 98 ] [ 1 ] [ 1902 1841 1295 ] [    0    0    0 ] [      0      0      0 ] [ 0 ],drive [ 98 ] [ 0 ] [ 1902 1875 1255 ] [   36    9   46 ] [  16458   8501   9952 ] [ 0 ],1.00,1.00,1.20,1.40,-2.24,-10.66,0.00,0.00,0.00,0.00,0.00,0.00,-0.00,0.00,0.00,0.00,0.00,0.00,0.00,0.00,0.00,0
2.26227,-3,-8,46,0,DRIVE [ 99 ] [ 1 ] [ 1902 1809 1333 ] [    0    0    0 ] [      0      0      0 ] [ 0 ],drive [ 98 ] [ 0 ] [ 1902 1841 1295 ] [   25    6   61 ] [  16458   8501   9952 ] [ 0 ],1.00,1.00,1.20,1.40,-3.26,-10.11,0.00,0.00,0.00,0.00,0.00,0.00,-0.00,0.00,0.00,0.00,0.00,0.00,0.00,0.00,0.00,0
2.27461,-4,-8,45,0,DRIVE [ 99 ] [ 1 ] [ 1902 1780 1367 ] [    0    0    0 ] [      0      0      0 ] [ 0 ],drive [ 99 ] [ 0 ] [ 1902 1809 1333 ] [   25    6   61 ] [  16458   8501   9952 ] [ 0 ],1.00,1.00,1.20,1.40,-4.14,-9.51,0.00,0.00,0.00,0.00,0.00,0.00,-0.00,0.00,0.00,0.00,0.00,0.00,0.00,0.00,0.00,0
2.28415,-5,-7,44,0,DRIVE [ 00 ] [ 1 ] [ 1902 1754 1392 ] [    0    0    0 ] [      0      0      0 ] [ 0 ],drive [ 99 ] [ 0 ] [ 1902 1780 1367 ] [   25    6   61 ] [  16458   8501   9952 ] [ 0 ],1.00,1.00,1.20,1.40,-4.85,-8.97,0.00,0.00,0.00,0.00,0.00,0.00,-0.00,0.00,0.00,0.00,0.00,0.00,0.00,0.00,0.00,0
2.29433,-5,-7,44,0,DRIVE [ 00 ] [ 1 ] [ 1902 1733 1411 ] [    0    0    0 ] [      0      0      0 ] [ 0 ],drive [ 00 ] [ 0 ] [ 1902 1754 1392 ] [   25    6   61 ] [  15741   8750  10151 ] [ 0 ],1.00,1.00,1.20,1.40,-5.38,-8.53,0.00,0.00,0.00,0.00,0.00,0.00,-0.00,0.00,0.00,0.00,0.00,0.00,0.00,0.00,0.00,0
2.30635,-6,-7,43,0,DRIVE [ 01 ] [ 1 ] [ 1902 1713 1424 ] [    0    0    0 ] [      0      0      0 ] [ 0 ],drive [ 00 ] [ 0 ] [ 1902 1733 1411 ] [   15   28   68 ] [  15741   8750  10151 ] [ 0 ],1.00,1.00,1.20,1.40,-5.85,-8.16,0.00,0.00,0.00,0.00,0.00,0.00,-0.00,0.00,0.00,0.00,0.00,0.00,0.00,0.00,0.00,0
2.31825,-6,-7,42,0,DRIVE [ 01 ] [ 1 ] [ 1902 1697 1436 ] [    0    0    0 ] [      0      0      0 ] [ 0 ],drive [ 01 ] [ 0 ] [ 1902 1713 1424 ] [   15   28   68 ] [  15741   8750  10151 ] [ 0 ],1.00,1.00,1.20,1.40,-6.21,-7.82,0.00,0.00,0.00,0.00,0.00,0.00,-0.00,0.00,0.00,0.00,0.00,0.00,0.00,0.00,0.00,0
2.33063,-6,-6,42,1,DRIVE [ 02 ] [ 1 ] [ 1902 1683 1445 ] [    0    0    0 ] [      0      0      0 ] [ 0 ],drive [ 01 ] [ 0 ] [ 1902 1697 1436 ] [   15   28   68 ] [  15741   8750  10151 ] [ 0 ],1.00,1.00,1.20,1.40,-6.48,-7.54,0.00,0.00,0.00,0.00,0.00,0.00,-0.00,0.00,0.00,0.00,0.00,0.00,0.00,0.00,0.00,0
