timestamp,Xmm,Ymm,Zmm,TouchDetected,OutgoingPacket,IncomingPacket,GainPropAb, GainPropAd, GainPropFl, GainPropEx,PropA, PropB, PropC,GainIntegAb, GainIntegAd, GainIntegFl, GainIntegEx,IntegA, IntegB, IntegC,GainDerivAb, GainDerivAd, GainDerivFl, GainDerivEx,DerivA, DerivB, DerivC,Heading5
0.00631737,-136,50,537,0,DRIVE [ 81 ] [ 1 ] [ 1897 1162 1805 ] [    0    0    0 ] [      0      0      0 ] [ 0 ],drive [ 81 ] [ 0 ] [ 1897 1105 1798 ] [    5   92   16 ] [  11812   8731   9859 ] [ 0 ],1.10,1.10,1.10,1.10,-149.13,54.73,0.00,0.80,0.80,0.80,0.80,0.00,0.00,0.00,0.00,0.00,0.00,0.80,0.00,0.00,0.00,0
0.0211058,-136,50,537,0,DRIVE [ 82 ] [ 1 ] [ 1897 1233 1814 ] [    0    0    0 ] [      0      0      0 ] [ 0 ],drive [ 81 ] [ 0 ] [ 1897 1162 1805 ] [    5   74   15 ] [  11812   8731   9859 ] [ 0 ],1.10,1.10,1.10,1.10,-134.22,49.26,0.00,0.80,0.80,0.80,0.80,0.00,0.00,0.00,0.00,0.00,0.00,0.80,0.00,0.00,0.00,0
0.0354895,-136,50,537,0,DRIVE [ 82 ] [ 1 ] [ 1897 1298 1823 ] [    0    0    0 ] [      0      0      0 ] [ 0 ],drive [ 82 ] [ 0 ] [ 1897 1233 1814 ] [    5   74   15 ] [  11812   8731   9859 ] [ 0 ],1.10,1.10,1.10,1.10,-120.80,44.33,0.00,0.80,0.80,0.80,0.80,0.00,0.00,0.00,0.00,0.00,0.00,0.80,0.00,0.00,0.00,0
0.0506579,-134,47,544,0,DRIVE [ 83 ] [ 1 ] [ 1897 1189 1802 ] [    0    0    0 ] [      0      0      0 ] [ 0 ],drive [ 82 ] [ 0 ] [ 1897 1298 1823 ] [    5   74   15 ] [  11812   8731   9859 ] [ 0 ],1.10,1.10,1.10,1.10,-147.27,51.34,0.00,0.80,0.80,0.80,0.80,0.00,0.00,0.00,0.00,0.00,0.00,0.80,0.00,-0.00,0.00,0
0.0641475,-134,46,552,0,DRIVE [ 83 ] [ 1 ] [ 1897 1201 1801 ] [    0    0    0 ] [      0      0      0 ] [ 0 ],drive [ 83 ] [ 0 ] [ 1897 1189 1802 ] [    5   74   15 ] [  11812   8727   9855 ] [ 0 ],1.10,1.10,1.10,1.10,-147.77,50.80,0.00,0.80,0.80,0.80,0.80,0.00,0.00,0.00,0.00,0.00,0.00,0.80,0.00,0.00,0.00,0
0.0790591,-133,45,553,0,DRIVE [ 84 ] [ 1 ] [ 1897 1207 1801 ] [    0    0    0 ] [      0      0      0 ] [ 0 ],drive [ 83 ] [ 0 ] [ 1897 1201 1801 ] [    5   58   15 ] [  11812   8727   9855 ] [ 0 ],1.10,1.10,1.10,1.10,-146.69,50.02,0.00,0.80,0.80,0.80,0.80,0.00,0.00,0.00,0.00,0.00,0.00,0.80,0.00,-0.00,0.00,0
0.0934182,-132,45,553,0,DRIVE [ 84 ] [ 1 ] [ 1897 1214 1801 ] [    0    0    0 ] [      0      0      0 ] [ 0 ],drive [ 84 ] [ 0 ] [ 1897 1207 1801 ] [    5   58   15 ] [  11812   8727   9855 ] [ 0 ],1.10,1.10,1.10,1.10,-145.69,49.37,0.00,0.80,0.80,0.80,0.80,0.00,0.00,0.00,0.00,0.00,0.00,0.80,0.00,-0.00,0.00,0
0.107769,-132,44,555,0,DRIVE [ 85 ] [ 1 ] [ 1897 1220 1802 ] [    0    0    0 ] [      0      0      0 ] [ 0 ],drive [ 84 ] [ 0 ] [ 1897 1214 1801 ] [    5   58   15 ] [  11811   8725   9855 ] [ 0 ],1.10,1.10,1.10,1.10,-144.68,48.88,0.00,0.80,0.80,0.80,0.80,0.00,0.00,0.00,0.00,0.00,0.00,0.80,0.00,-0.00,0.00,0
0.122145,-130,44,553,0,DRIVE [ 85 ] [ 1 ] [ 1897 1226 1803 ] [    0    0    0 ] [      0      0      0 ] [ 0 ],drive [ 85 ] [ 0 ] [ 1897 1220 1802 ] [    5   65   16 ] [  11811   8725   9855 ] [ 0 ],1.10,1.10,1.10,1.10,-142.95,48.48,0.00,0.80,0.80,0.80,0.80,0.00,0.00,0.00,0.00,0.00,0.00,0.80,0.00,-0.00,0.00,0
0.136344,-128,44,552,0,DRIVE [ 86 ] [ 1 ] [ 1897 1233 1806 ] [    0    0    0 ] [      0      0      0 ] [ 0 ],drive [ 85 ] [ 0 ] [ 1897 1226 1803 ] [    5   65   16 ] [  11811   8725   9855 ] [ 0 ],1.10,1.10,1.10,1.10,-140.77,48.26,0.00,0.80,0.80,0.80,0.80,0.00,0.00,0.00,0.00,0.00,0.00,0.80,0.00,-0.00,0.00,0
0.149325,-128,44,552,0,DRIVE [ 86 ] [ 1 ] [ 1897 1298 1815 ] [    0    0    0 ] [      0      0      0 ] [ 0 ],drive [ 86 ] [ 0 ] [ 1897 1233 1806 ] [    5   65   16 ] [  11811   8725   9855 ] [ 0 ],1.10,1.10,1.10,1.10,-126.69,43.43,0.00,0.80,0.80,0.80,0.80,0.00,0.00,0.00,0.00,0.00,0.00,0.80,0.00,-0.00,0.00,0
0.163707,170,-29,512,0,DRIVE [ 87 ] [ 1 ] [ 1238 1298 1533 ] [    0    0    0 ] [      0      0      0 ] [ 0 ],drive [ 86 ] [ 0 ] [ 1897 1298 1815 ] [    5   65   16 ] [  11812   8725   9854 ] [ 0 ],1.10,1.10,1.10,1.10,186.79,-32.11,0.00,0.80,0.80,0.80,0.80,0.00,0.00,0.00,0.00,0.00,0.00,0.80,0.00,0.00,0.00,0
0.176783,170,-28,503,0,DRIVE [ 87 ] [ 1 ] [ 1224 1298 1532 ] [    0    0    0 ] [      0      0      0 ] [ 0 ],drive [ 87 ] [ 0 ] [ 1238 1298 1533 ] [    5   64   17 ] [  11812   8725   9854 ] [ 0 ],1.10,1.10,1.10,1.10,186.71,-30.34,0.00,0.80,0.80,0.80,0.80,0.00,0.00,0.00,0.00,0.00,0.00,0.80,0.00,0.00,0.00,0
0.192065,170,-27,499,0,DRIVE [ 88 ] [ 1 ] [ 1215 1298 1532 ] [    0    0    0 ] [      0      0      0 ] [ 0 ],drive [ 87 ] [ 0 ] [ 1224 1298 1532 ] [    5   64   17 ] [  11812   8725   9854 ] [ 0 ],1.10,1.10,1.10,1.10,187.18,-29.32,0.00,0.80,0.80,0.80,0.80,0.00,0.00,0.00,0.00,0.00,0.00,0.80,0.00,0.00,0.00,0
0.208241,172,-26,501,0,DRIVE [ 88 ] [ 1 ] [ 1208 1298 1532 ] [    0    0    0 ] [      0      0      0 ] [ 0 ],drive [ 88 ] [ 0 ] [ 1215 1298 1532 ] [    5   64   17 ] [  12370   8710   9973 ] [ 0 ],1.10,1.10,1.10,1.10,189.35,-28.63,0.00,0.80,0.80,0.80,0.80,0.00,0.00,0.00,0.00,0.00,0.00,0.80,0.00,0.00,0.00,0
0.222745,173,-25,499,0,DRIVE [ 89 ] [ 1 ] [ 1202 1298 1532 ] [    0    0    0 ] [      0      0      0 ] [ 0 ],drive [ 88 ] [ 0 ] [ 1208 1298 1532 ] [   88   77   37 ] [  12370   8710   9973 ] [ 0 ],1.10,1.10,1.10,1.10,189.98,-27.84,0.00,0.80,0.80,0.80,0.80,0.00,0.00,0.00,0.00,0.00,0.00,0.80,0.00,0.00,0.00,0
0.240352,174,-24,499,0,DRIVE [ 89 ] [ 1 ] [ 1194 1298 1534 ] [    0    0    0 ] [      0      0      0 ] [ 0 ],drive [ 89 ] [ 0 ] [ 1202 1298 1532 ] [   88   77   37 ] [  12370   8710   9973 ] [ 0 ],1.10,1.10,1.10,1.10,191.25,-26.49,0.00,0.80,0.80,0.80,0.80,0.00,0.00,0.00,0.00,0.00,0.00,0.80,0.00,0.00,0.00,0
0.255241,174,-24,497,0,DRIVE [ 90 ] [ 1 ] [ 1191 1298 1534 ] [    0    0    0 ] [      0      0      0 ] [ 0 ],drive [ 89 ] [ 0 ] [ 1194 1298 1534 ] [   88   77   37 ] [  13162   8634   9991 ] [ 0 ],1.10,1.10,1.10,1.10,191.01,-25.93,0.00,0.80,0.80,0.80,0.80,0.00,0.00,0.00,0.00,0.00,0.00,0.80,0.00,0.00,0.00,0
0.271607,174,-23,498,0,DRIVE [ 90 ] [ 1 ] [ 1191 1298 1535 ] [    0    0    0 ] [      0      0      0 ] [ 0 ],drive [ 90 ] [ 0 ] [ 1191 1298 1534 ] [   70   64   37 ] [  13162   8634   9991 ] [ 0 ],1.10,1.10,1.10,1.10,191.12,-25.65,0.00,0.80,0.80,0.80,0.80,0.00,0.00,0.00,0.00,0.00,0.00,0.80,0.00,0.00,0.00,0
0.287423,173,-22,494,0,DRIVE [ 91 ] [ 1 ] [ 1187 1298 1537 ] [    0    0    0 ] [      0      0      0 ] [ 0 ],drive [ 90 ] [ 0 ] [ 1191 1298 1535 ] [   70   64   37 ] [  13162   8634   9991 ] [ 0 ],1.10,1.10,1.10,1.10,190.26,-24.55,0.00,0.80,0.80,0.80,0.80,0.00,0.00,0.00,0.00,0.00,0.00,0.80,-0.00,0.00,0.00,0
0.302956,174,-22,494,0,DRIVE [ 91 ] [ 1 ] [ 1180 1298 1537 ] [    0    0    0 ] [      0      0      0 ] [ 0 ],drive [ 91 ] [ 0 ] [ 1187 1298 1537 ] [   70   64   37 ] [  13162   8634   9991 ] [ 0 ],1.10,1.10,1.10,1.10,191.85,-23.80,0.00,0.80,0.80,0.80,0.80,0.00,0.00,0.00,0.00,0.00,0.00,0.80,0.00,0.00,0.00,0
0.318109,176,-21,493,0,DRIVE [ 92 ] [ 1 ] [ 1171 1298 1535 ] [    0    0    0 ] [      0      0      0 ] [ 0 ],drive [ 91 ] [ 0 ] [ 1180 1298 1537 ] [   70   64   37 ] [  13164   8634   9991 ] [ 0 ],1.10,1.10,1.10,1.10,193.86,-23.49,0.00,0.80,0.80,0.80,0.80,0.00,0.00,0.00,0.00,0.00,0.00,0.80,0.00,0.00,0.00,0
0.333848,179,-22,492,0,DRIVE [ 92 ] [ 1 ] [ 1157 1298 1528 ] [    0    0    0 ] [      0      0      0 ] [ 0 ],drive [ 92 ] [ 0 ] [ 1171 1298 1535 ] [   69   64   37 ] [  13164   8634   9991 ] [ 0 ],1.10,1.10,1.10,1.10,197.04,-23.69,0.00,0.80,0.80,0.80,0.80,0.00,0.00,0.00,0.00,0.00,0.00,0.80,0.00,0.00,0.00,0
0.350992,182,-22,490,0,DRIVE [ 93 ] [ 1 ] [ 1142 1298 1522 ] [    0    0    0 ] [      0      0      0 ] [ 0 ],drive [ 92 ] [ 0 ] [ 1157 1298 1528 ] [   69   64   37 ] [  13164   8634   9991 ] [ 0 ],1.10,1.10,1.10,1.10,200.37,-23.91,0.00,0.80,0.80,0.80,0.80,0.00,0.00,0.00,0.00,0.00,0.00,0.80,0.00,0.00,0.00,0
0.366069,186,-22,488,0,DRIVE [ 93 ] [ 1 ] [ 1124 1298 1512 ] [    0    0    0 ] [      0      0      0 ] [ 0 ],drive [ 93 ] [ 0 ] [ 1142 1298 1522 ] [   69   64   37 ] [  13170   8634   9991 ] [ 0 ],1.10,1.10,1.10,1.10,204.91,-24.62,0.00,0.80,0.80,0.80,0.80,0.00,0.00,0.00,0.00,0.00,0.00,0.80,0.00,0.00,0.00,0
0.379451,191,-23,488,0,DRIVE [ 94 ] [ 1 ] [ 1107 1298 1502 ] [    0    0    0 ] [      0      0      0 ] [ 0 ],drive [ 93 ] [ 0 ] [ 1124 1298 1512 ] [   72   64   37 ] [  13170   8634   9991 ] [ 0 ],1.10,1.10,1.10,1.10,210.47,-25.59,0.00,0.80,0.80,0.80,0.80,0.00,0.00,0.00,0.00,0.00,0.00,0.80,0.00,0.00,0.00,0
0.394427,194,-24,482,0,DRIVE [ 94 ] [ 1 ] [ 1087 1298 1491 ] [    0    0    0 ] [      0      0      0 ] [ 0 ],drive [ 94 ] [ 0 ] [ 1107 1298 1502 ] [   72   64   37 ] [  13170   8634   9991 ] [ 0 ],1.10,1.10,1.10,1.10,213.86,-26.26,0.00,0.80,0.80,0.80,0.80,0.00,0.00,0.00,0.00,0.00,0.00,0.80,0.00,0.00,0.00,0
0.408411,197,-24,476,0,DRIVE [ 95 ] [ 1 ] [ 1069 1298 1481 ] [    0    0    0 ] [      0      0      0 ] [ 0 ],drive [ 94 ] [ 0 ] [ 1087 1298 1491 ] [   72   64   37 ] [  13183   8634   9991 ] [ 0 ],1.10,1.10,1.10,1.10,216.59,-26.85,0.00,0.80,0.80,0.80,0.80,0.00,0.00,0.00,0.00,0.00,0.00,0.80,0.00,0.00,0.00,0
0.421368,200,-25,471,0,DRIVE [ 95 ] [ 1 ] [ 1053 1298 1471 ] [    0    0    0 ] [      0      0      0 ] [ 0 ],drive [ 95 ] [ 0 ] [ 1069 1298 1481 ] [  101   63   39 ] [  13183   8634   9991 ] [ 0 ],1.10,1.10,1.10,1.10,219.46,-27.64,0.00,0.80,0.80,0.80,0.80,0.00,0.00,0.00,0.00,0.00,0.00,0.80,0.00,0.00,0.00,0
0.434871,201,-26,466,0,DRIVE [ 96 ] [ 1 ] [ 1038 1298 1461 ] [    0    0    0 ] [      0      0      0 ] [ 0 ],drive [ 95 ] [ 0 ] [ 1053 1298 1471 ] [  101   63   39 ] [  13183   8634   9991 ] [ 0 ],1.10,1.10,1.10,1.10,221.61,-28.46,0.00,0.80,0.80,0.80,0.80,0.00,0.00,0.00,0.00,0.00,0.00,0.80,0.00,0.00,0.00,0
0.447994,205,-27,463,0,DRIVE [ 96 ] [ 1 ] [ 1025 1298 1450 ] [    0    0    0 ] [      0      0      0 ] [ 0 ],drive [ 96 ] [ 0 ] [ 1038 1298 1461 ] [  101   63   39 ] [  13183   8634   9991 ] [ 0 ],1.10,1.10,1.10,1.10,225.52,-29.75,0.00,0.80,0.80,0.80,0.80,0.00,0.00,0.00,0.00,0.00,0.00,0.80,0.00,0.00,0.00,0
0.461144,208,-28,461,0,DRIVE [ 97 ] [ 1 ] [ 1025 1298 1440 ] [    0    0    0 ] [      0      0      0 ] [ 0 ],drive [ 96 ] [ 0 ] [ 1025 1298 1450 ] [  101   63   39 ] [  13375   8634   9992 ] [ 0 ],1.10,1.10,1.10,1.10,229.15,-30.97,0.00,0.80,0.80,0.80,0.80,0.00,0.00,0.00,0.00,0.00,0.00,0.80,0.00,0.00,0.00,0
0.474876,211,-29,459,0,DRIVE [ 97 ] [ 1 ] [ 1025 1298 1431 ] [    0    0    0 ] [      0      0      0 ] [ 0 ],drive [ 97 ] [ 0 ] [ 1025 1298 1440 ] [   87   64   44 ] [  13375   8634   9992 ] [ 0 ],1.10,1.10,1.10,1.10,231.56,-32.13,0.00,0.80,0.80,0.80,0.80,0.00,0.00,0.00,0.00,0.00,0.00,0.80,0.00,0.00,0.00,0
0.487975,211,-30,453,0,DRIVE [ 98 ] [ 1 ] [ 1025 1298 1422 ] [    0    0    0 ] [      0      0      0 ] [ 0 ],drive [ 97 ] [ 0 ] [ 1025 1298 1431 ] [   87   64   44 ] [  13375   8634   9992 ] [ 0 ],1.10,1.10,1.10,1.10,231.79,-33.32,0.00,0.80,0.80,0.80,0.80,0.00,0.00,0.00,0.00,0.00,0.00,0.80,0.00,0.00,0.00,0
0.501524,210,-31,448,0,DRIVE [ 98 ] [ 1 ] [ 1025 1298 1415 ] [    0    0    0 ] [      0      0      0 ] [ 0 ],drive [ 98 ] [ 0 ] [ 1025 1298 1422 ] [   87   64   44 ] [  13375   8634   9992 ] [ 0 ],1.10,1.10,1.10,1.10,231.35,-34.48,0.00,0.80,0.80,0.80,0.80,0.00,0.00,0.00,0.00,0.00,0.00,0.80,0.00,0.00,0.00,0
0.51489,211,-33,446,0,DRIVE [ 99 ] [ 1 ] [ 1025 1298 1408 ] [    0    0    0 ] [      0      0      0 ] [ 0 ],drive [ 98 ] [ 0 ] [ 1025 1298 1415 ] [   87   64   44 ] [  13505   8633   9992 ] [ 0 ],1.10,1.10,1.10,1.10,231.58,-35.79,0.00,0.80,0.80,0.80,0.80,0.00,0.00,0.00,0.00,0.00,0.00,0.80,0.00,0.00,0.00,0
0.528053,211,-34,445,0,DRIVE [ 99 ] [ 1 ] [ 1025 1298 1403 ] [    0    0    0 ] [      0      0      0 ] [ 0 ],drive [ 99 ] [ 0 ] [ 1025 1298 1408 ] [  101   64   47 ] [  13505   8633   9992 ] [ 0 ],1.10,1.10,1.10,1.10,231.71,-37.15,0.00,0.80,0.80,0.80,0.80,0.00,0.00,0.00,0.00,0.00,0.00,0.80,0.00,0.00,0.00,0
0.541802,209,-35,441,0,DRIVE [ 00 ] [ 1 ] [ 1025 1298 1399 ] [    0    0    0 ] [      0      0      0 ] [ 0 ],drive [ 99 ] [ 0 ] [ 1025 1298 1403 ] [  101   64   47 ] [  13505   8633   9992 ] [ 0 ],1.10,1.10,1.10,1.10,229.70,-38.08,0.00,0.80,0.80,0.80,0.80,0.00,0.00,0.00,0.00,0.00,0.00,0.80,0.00,0.00,0.00,0
0.554919,206,-35,437,0,DRIVE [ 00 ] [ 1 ] [ 1025 1298 1396 ] [    0    0    0 ] [      0      0      0 ] [ 0 ],drive [ 00 ] [ 0 ] [ 1025 1298 1399 ] [  101   64   47 ] [  13643   8623   9989 ] [ 0 ],1.10,1.10,1.10,1.10,227.11,-38.93,0.00,0.80,0.80,0.80,0.80,0.00,0.00,0.00,0.00,0.00,0.00,0.80,0.00,0.00,0.00,0
0.568405,204,-36,436,0,DRIVE [ 01 ] [ 1 ] [ 1025 1298 1395 ] [    0    0    0 ] [      0      0      0 ] [ 0 ],drive [ 00 ] [ 0 ] [ 1025 1298 1396 ] [  103   60   47 ] [  13643   8623   9989 ] [ 0 ],1.10,1.10,1.10,1.10,224.55,-39.92,0.00,0.80,0.80,0.80,0.80,0.00,0.00,0.00,0.00,0.00,0.00,0.80,0.00,0.00,0.00,0
0.581486,200,-37,432,0,DRIVE [ 01 ] [ 1 ] [ 1025 1298 1396 ] [    0    0    0 ] [      0      0      0 ] [ 0 ],drive [ 01 ] [ 0 ] [ 1025 1298 1395 ] [  103   60   47 ] [  13643   8623   9989 ] [ 0 ],1.10,1.10,1.10,1.10,220.42,-40.24,0.00,0.80,0.80,0.80,0.80,0.00,0.00,0.00,0.00,0.00,0.00,0.80,0.00,0.00,0.00,0
0.594545,198,-37,432,0,DRIVE [ 02 ] [ 1 ] [ 1025 1298 1397 ] [    0    0    0 ] [      0      0      0 ] [ 0 ],drive [ 01 ] [ 0 ] [ 1025 1298 1396 ] [  103   60   47 ] [  13643   8623   9989 ] [ 0 ],1.10,1.10,1.10,1.10,218.05,-40.82,0.00,0.80,0.80,0.80,0.80,0.00,0.00,0.00,0.00,0.00,0.00,0.80,0.00,0.00,0.00,0
0.608324,196,-38,432,0,DRIVE [ 02 ] [ 1 ] [ 1032 1298 1400 ] [    0    0    0 ] [      0      0      0 ] [ 0 ],drive [ 02 ] [ 0 ] [ 1025 1298 1397 ] [  103   60   47 ] [  13793   8597   9977 ] [ 0 ],1.10,1.10,1.10,1.10,215.61,-41.27,0.00,0.80,0.80,0.80,0.80,0.00,0.00,0.00,0.00,0.00,0.00,0.80,0.00,0.00,0.00,0
0.621343,193,-38,431,0,DRIVE [ 03 ] [ 1 ] [ 1045 1298 1403 ] [    0    0    0 ] [      0      0      0 ] [ 0 ],drive [ 02 ] [ 0 ] [ 1032 1298 1400 ] [   95   68   55 ] [  13793   8597   9977 ] [ 0 ],1.10,1.10,1.10,1.10,212.15,-41.45,0.00,0.80,0.80,0.80,0.80,0.00,0.00,0.00,0.00,0.00,0.00,0.80,-0.00,0.00,0.00,0
0.634348,187,-38,429,0,DRIVE [ 03 ] [ 1 ] [ 1064 1298 1409 ] [    0    0    0 ] [      0      0      0 ] [ 0 ],drive [ 03 ] [ 0 ] [ 1045 1298 1403 ] [   95   68   55 ] [  13793   8597   9977 ] [ 0 ],1.10,1.10,1.10,1.10,206.25,-41.55,0.00,0.80,0.80,0.80,0.80,0.00,0.00,0.00,0.00,0.00,0.00,0.80,-0.00,0.00,0.00,0
0.64718,182,-38,428,0,DRIVE [ 04 ] [ 1 ] [ 1086 1298 1415 ] [    0    0    0 ] [      0      0      0 ] [ 0 ],drive [ 03 ] [ 0 ] [ 1064 1298 1409 ] [   95   68   55 ] [  13793   8597   9977 ] [ 0 ],1.10,1.10,1.10,1.10,200.25,-41.73,0.00,0.80,0.80,0.80,0.80,0.00,0.00,0.00,0.00,0.00,0.00,0.80,-0.00,0.00,0.00,0
0.660214,178,-38,429,0,DRIVE [ 04 ] [ 1 ] [ 1108 1298 1423 ] [    0    0    0 ] [      0      0      0 ] [ 0 ],drive [ 04 ] [ 0 ] [ 1086 1298 1415 ] [   95   68   55 ] [  13903   8594   9966 ] [ 0 ],1.10,1.10,1.10,1.10,195.63,-42.00,0.00,0.80,0.80,0.80,0.80,0.00,0.00,0.00,0.00,0.00,0.00,0.80,-0.00,0.00,0.00,0
0.674087,171,-38,423,0,DRIVE [ 05 ] [ 1 ] [ 1129 1298 1429 ] [    0    0    0 ] [      0      0      0 ] [ 0 ],drive [ 04 ] [ 0 ] [ 1108 1298 1423 ] [   75   69   58 ] [  13903   8594   9966 ] [ 0 ],1.10,1.10,1.10,1.10,188.03,-41.69,0.00,0.80,0.80,0.80,0.80,0.00,0.00,0.00,0.00,0.00,0.00,0.80,-0.00,0.00,0.00,0
0.686996,165,-38,420,0,DRIVE [ 05 ] [ 1 ] [ 1150 1298 1437 ] [    0    0    0 ] [      0      0      0 ] [ 0 ],drive [ 05 ] [ 0 ] [ 1129 1298 1429 ] [   75   69   58 ] [  13903   8594   9966 ] [ 0 ],1.10,1.10,1.10,1.10,181.65,-41.45,0.00,0.80,0.80,0.80,0.80,0.00,0.00,0.00,0.00,0.00,0.00,0.80,-0.00,0.00,0.00,0
0.700308,160,-38,420,0,DRIVE [ 06 ] [ 1 ] [ 1172 1298 1444 ] [    0    0    0 ] [      0      0      0 ] [ 0 ],drive [ 05 ] [ 0 ] [ 1150 1298 1437 ] [   75   69   58 ] [  13903   8594   9966 ] [ 0 ],1.10,1.10,1.10,1.10,176.37,-41.53,0.00,0.80,0.80,0.80,0.80,0.00,0.00,0.00,0.00,0.00,0.00,0.80,-0.00,0.00,0.00,0
0.715286,157,-38,424,0,DRIVE [ 06 ] [ 1 ] [ 1194 1298 1451 ] [    0    0    0 ] [      0      0      0 ] [ 0 ],drive [ 06 ] [ 0 ] [ 1172 1298 1444 ] [   75   69   58 ] [  13955   8593   9949 ] [ 0 ],1.10,1.10,1.10,1.10,172.60,-42.09,0.00,0.80,0.80,0.80,0.80,0.00,0.00,0.00,0.00,0.00,0.00,0.80,-0.00,0.00,0.00,0
0.728339,151,-38,424,0,DRIVE [ 07 ] [ 1 ] [ 1223 1298 1461 ] [    0    0    0 ] [      0      0      0 ] [ 0 ],drive [ 06 ] [ 0 ] [ 1194 1298 1451 ] [   69   69   62 ] [  13955   8593   9949 ] [ 0 ],1.10,1.10,1.10,1.10,165.94,-42.25,0.00,0.80,0.80,0.80,0.80,0.00,0.00,0.00,0.00,0.00,0.00,0.80,-0.00,0.00,0.00,0
0.743514,145,-38,423,0,DRIVE [ 07 ] [ 1 ] [ 1250 1298 1471 ] [    0    0    0 ] [      0      0      0 ] [ 0 ],drive [ 07 ] [ 0 ] [ 1223 1298 1461 ] [   69   69   62 ] [  13955   8593   9949 ] [ 0 ],1.10,1.10,1.10,1.10,159.35,-42.16,0.00,0.80,0.80,0.80,0.80,0.00,0.00,0.00,0.00,0.00,0.00,0.80,-0.00,0.00,0.00,0
0.757102,138,-38,420,0,DRIVE [ 08 ] [ 1 ] [ 1276 1298 1480 ] [    0    0    0 ] [      0      0      0 ] [ 0 ],drive [ 07 ] [ 0 ] [ 1250 1298 1471 ] [   69   69   62 ] [  13953   8593   9934 ] [ 0 ],1.10,1.10,1.10,1.10,152.16,-41.97,0.00,0.80,0.80,0.80,0.80,0.00,0.00,0.00,0.00,0.00,0.00,0.80,-0.00,0.00,0.00,0
0.770408,132,-38,415,0,DRIVE [ 08 ] [ 1 ] [ 1301 1298 1489 ] [    0    0    0 ] [      0      0      0 ] [ 0 ],drive [ 08 ] [ 0 ] [ 1276 1298 1480 ] [   61   69   53 ] [  13953   8593   9934 ] [ 0 ],1.10,1.10,1.10,1.10,144.69,-41.44,0.00,0.80,0.80,0.80,0.80,0.00,0.00,0.00,0.00,0.00,0.00,0.80,-0.00,0.00,0.00,0
0.783491,126,-38,414,0,DRIVE [ 09 ] [ 1 ] [ 1327 1298 1498 ] [    0    0    0 ] [      0      0      0 ] [ 0 ],drive [ 08 ] [ 0 ] [ 1301 1298 1489 ] [   61   69   53 ] [  13953   8593   9934 ] [ 0 ],1.10,1.10,1.10,1.10,138.41,-41.27,0.00,0.80,0.80,0.80,0.80,0.00,0.00,0.00,0.00,0.00,0.00,0.80,-0.00,0.00,0.00,0
0.796275,119,-38,412,0,DRIVE [ 09 ] [ 1 ] [ 1361 1298 1509 ] [    0    0    0 ] [      0      0      0 ] [ 0 ],drive [ 09 ] [ 0 ] [ 1327 1298 1498 ] [   61   69   53 ] [  13953   8593   9934 ] [ 0 ],1.10,1.10,1.10,1.10,130.49,-41.54,0.00,0.80,0.80,0.80,0.80,0.00,0.00,0.00,0.00,0.00,0.00,0.80,-0.00,0.00,0.00,0
0.809508,112,-38,413,0,DRIVE [ 10 ] [ 1 ] [ 1395 1298 1519 ] [    0    0    0 ] [      0      0      0 ] [ 0 ],drive [ 09 ] [ 0 ] [ 1361 1298 1509 ] [   61   69   53 ] [  13948   8593   9870 ] [ 0 ],1.10,1.10,1.10,1.10,123.37,-42.05,0.00,0.80,0.80,0.80,0.80,0.00,0.00,0.00,0.00,0.00,0.00,0.80,-0.00,0.00,0.00,0
0.822296,105,-39,411,0,DRIVE [ 10 ] [ 1 ] [ 1427 1298 1528 ] [    0    0    0 ] [      0      0      0 ] [ 0 ],drive [ 10 ] [ 0 ] [ 1395 1298 1519 ] [   52   68   41 ] [  13948   8593   9870 ] [ 0 ],1.10,1.10,1.10,1.10,115.94,-42.52,0.00,0.80,0.80,0.80,0.80,0.00,0.00,0.00,0.00,0.00,0.00,0.80,-0.00,0.00,0.00,0
0.835276,99,-39,409,0,DRIVE [ 11 ] [ 1 ] [ 1458 1298 1537 ] [    0    0    0 ] [      0      0      0 ] [ 0 ],drive [ 10 ] [ 0 ] [ 1427 1298 1528 ] [   52   68   41 ] [  13948   8593   9870 ] [ 0 ],1.10,1.10,1.10,1.10,108.83,-42.83,0.00,0.80,0.80,0.80,0.80,0.00,0.00,0.00,0.00,0.00,0.00,0.80,-0.00,0.00,0.00,0
0.847969,93,-40,412,0,DRIVE [ 11 ] [ 1 ] [ 1490 1298 1546 ] [    0    0    0 ] [      0      0      0 ] [ 0 ],drive [ 11 ] [ 0 ] [ 1458 1298 1537 ] [   52   68   41 ] [  13948   8593   9870 ] [ 0 ],1.10,1.10,1.10,1.10,102.47,-43.52,0.00,0.80,0.80,0.80,0.80,0.00,0.00,0.00,0.00,0.00,0.00,0.80,-0.00,0.00,0.00,0
0.860429,84,-40,407,0,DRIVE [ 12 ] [ 1 ] [ 1530 1298 1557 ] [    0    0    0 ] [      0      0      0 ] [ 0 ],drive [ 11 ] [ 0 ] [ 1490 1298 1546 ] [   52   68   41 ] [  13938   8593   9831 ] [ 0 ],1.10,1.10,1.10,1.10,92.92,-43.55,0.00,0.80,0.80,0.80,0.80,0.00,0.00,0.00,0.00,0.00,0.00,0.80,-0.00,0.00,0.00,0
0.873746,77,-40,409,0,DRIVE [ 12 ] [ 1 ] [ 1568 1298 1568 ] [    0    0    0 ] [      0      0      0 ] [ 0 ],drive [ 12 ] [ 0 ] [ 1530 1298 1557 ] [   47   69   56 ] [  13938   8593   9831 ] [ 0 ],1.10,1.10,1.10,1.10,84.89,-44.14,0.00,0.80,0.80,0.80,0.80,0.00,0.00,0.00,0.00,0.00,0.00,0.80,-0.00,0.00,0.00,0
0.886154,70,-40,407,0,DRIVE [ 13 ] [ 1 ] [ 1603 1298 1577 ] [    0    0    0 ] [      0      0      0 ] [ 0 ],drive [ 12 ] [ 0 ] [ 1568 1298 1568 ] [   47   69   56 ] [  13938   8593   9831 ] [ 0 ],1.10,1.10,1.10,1.10,76.91,-44.44,0.00,0.80,0.80,0.80,0.80,0.00,0.00,0.00,0.00,0.00,0.00,0.80,-0.00,0.00,0.00,0
0.901283,63,-41,405,0,DRIVE [ 13 ] [ 1 ] [ 1636 1298 1586 ] [    0    0    0 ] [      0      0      0 ] [ 0 ],drive [ 13 ] [ 0 ] [ 1603 1298 1577 ] [   47   69   56 ] [  13938   8593   9831 ] [ 0 ],1.10,1.10,1.10,1.10,69.15,-44.58,0.00,0.80,0.80,0.80,0.80,0.00,0.00,0.00,0.00,0.00,0.00,0.80,-0.00,0.00,0.00,0
0.913767,56,-41,404,0,DRIVE [ 14 ] [ 1 ] [ 1668 1298 1594 ] [    0    0    0 ] [      0      0      0 ] [ 0 ],drive [ 13 ] [ 0 ] [ 1636 1298 1586 ] [   47   69   56 ] [  13911   8593   9786 ] [ 0 ],1.10,1.10,1.10,1.10,61.89,-44.95,0.00,0.80,0.80,0.80,0.80,0.00,0.00,0.00,0.00,0.00,0.00,0.80,-0.00,0.00,0.00,0
0.926219,50,-41,403,0,DRIVE [ 14 ] [ 1 ] [ 1700 1298 1600 ] [    0    0    0 ] [      0      0      0 ] [ 0 ],drive [ 14 ] [ 0 ] [ 1668 1298 1594 ] [   46   69   44 ] [  13911   8593   9786 ] [ 0 ],1.10,1.10,1.10,1.10,54.58,-45.39,0.00,0.80,0.80,0.80,0.80,0.00,0.00,0.00,0.00,0.00,0.00,0.80,-0.00,0.00,0.00,0
0.939333,43,-42,405,0,DRIVE [ 15 ] [ 1 ] [ 1730 1298 1604 ] [    0    0    0 ] [      0      0      0 ] [ 0 ],drive [ 14 ] [ 0 ] [ 1700 1298 1600 ] [   46   69   44 ] [  13911   8593   9786 ] [ 0 ],1.10,1.10,1.10,1.10,47.74,-46.06,0.00,0.80,0.80,0.80,0.80,0.00,0.00,0.00,0.00,0.00,0.00,0.80,-0.00,0.00,0.00,0
0.951548,35,-42,400,0,DRIVE [ 15 ] [ 1 ] [ 1766 1298 1606 ] [    0    0    0 ] [      0      0      0 ] [ 0 ],drive [ 15 ] [ 0 ] [ 1730 1298 1604 ] [   46   69   44 ] [  13732   8593   9698 ] [ 0 ],1.10,1.10,1.10,1.10,38.52,-46.47,0.00,0.80,0.80,0.80,0.80,0.00,0.00,0.00,0.00,0.00,0.00,0.80,-0.00,0.00,0.00,0
0.964422,27,-43,398,0,DRIVE [ 16 ] [ 1 ] [ 1797 1298 1599 ] [    0    0    0 ] [      0      0      0 ] [ 0 ],drive [ 15 ] [ 0 ] [ 1766 1298 1606 ] [   46   69   44 ] [  13732   8593   9698 ] [ 0 ],1.10,1.10,1.10,1.10,30.06,-47.05,0.00,0.80,0.80,0.80,0.80,0.39,-0.69,0.00,0.00,0.00,0.00,0.80,-0.00,0.00,0.00,0
0.977035,20,-43,394,0,DRIVE [ 16 ] [ 1 ] [ 1825 1298 1588 ] [    0    0    0 ] [      0      0      0 ] [ 0 ],drive [ 16 ] [ 0 ] [ 1797 1298 1599 ] [   41   69   53 ] [  13732   8593   9698 ] [ 0 ],1.10,1.10,1.10,1.10,22.21,-47.20,0.00,0.80,0.80,0.80,0.80,0.69,-1.37,0.00,0.00,0.00,0.00,0.80,-0.00,0.00,0.00,0
0.989732,14,-43,395,0,DRIVE [ 17 ] [ 1 ] [ 1850 1298 1574 ] [    0    0    0 ] [      0      0      0 ] [ 0 ],drive [ 16 ] [ 0 ] [ 1825 1298 1588 ] [   41   69   53 ] [  13732   8593   9698 ] [ 0 ],1.10,1.10,1.10,1.10,15.20,-47.77,0.00,0.80,0.80,0.80,0.80,0.89,-2.07,0.00,0.00,0.00,0.00,0.80,-0.00,0.00,0.00,0
1.00237,8,-44,394,0,DRIVE [ 17 ] [ 1 ] [ 1873 1298 1554 ] [    0    0    0 ] [      0      0      0 ] [ 0 ],drive [ 17 ] [ 0 ] [ 1850 1298 1574 ] [   41   69   53 ] [  13444   8598   9690 ] [ 0 ],1.10,1.10,1.10,1.10,8.47,-48.25,0.00,0.80,0.80,0.80,0.80,1.00,-2.77,0.00,0.00,0.00,0.00,0.80,-0.00,0.00,0.00,0
1.01459,1,-44,391,0,DRIVE [ 18 ] [ 1 ] [ 1900 1298 1527 ] [    0    0    0 ] [      0      0      0 ] [ 0 ],drive [ 17 ] [ 0 ] [ 1873 1298 1554 ] [   41   69   53 ] [  13444   8598   9690 ] [ 0 ],1.10,1.10,1.10,1.10,0.61,-47.97,0.00,0.80,0.80,0.80,0.80,0.98,-3.46,0.00,0.00,0.00,0.00,0.80,0.00,0.00,0.00,0
1.027,-6,-43,389,0,DRIVE [ 18 ] [ 1 ] [ 1900 1886 1533 ] [    0    0    0 ] [      0      0      0 ] [ 0 ],drive [ 18 ] [ 0 ] [ 1900 1298 1527 ] [    7   66   55 ] [  13444   8598   9690 ] [ 0 ],1.10,1.10,1.10,1.10,-6.46,-47.84,0.00,0.80,0.80,0.80,0.80,0.88,-4.15,0.00,0.00,0.00,0.00,0.80,0.00,0.00,0.00,0
1.03997,-12,-43,387,0,DRIVE [ 19 ] [ 1 ] [ 1900 1863 1544 ] [    0    0    0 ] [      0      0      0 ] [ 0 ],drive [ 18 ] [ 0 ] [ 1900 1886 1533 ] [    7   66   55 ] [  13444   8598   9690 ] [ 0 ],1.10,1.10,1.10,1.10,-12.80,-47.33,0.00,0.80,0.80,0.80,0.80,0.69,-4.83,0.00,0.00,0.00,0.00,0.80,0.00,0.00,0.00,0
1.05222,-17,-42,385,0,DRIVE [ 19 ] [ 1 ] [ 1900 1841 1552 ] [    0    0    0 ] [      0      0      0 ] [ 0 ],drive [ 19 ] [ 0 ] [ 1900 1863 1544 ] [    7   66   55 ] [  13075   8583   9694 ] [ 0 ],1.10,1.10,1.10,1.10,-18.56,-46.63,0.00,0.80,0.80,0.80,0.80,0.42,-5.49,0.00,0.00,0.00,0.00,0.80,0.00,0.00,0.00,0
1.065,-22,-42,383,0,DRIVE [ 20 ] [ 1 ] [ 1900 1820 1555 ] [    0    0    0 ] [      0      0      0 ] [ 0 ],drive [ 19 ] [ 0 ] [ 1900 1841 1552 ] [    7   66   55 ] [  13075   8583   9694 ] [ 0 ],1.10,1.10,1.10,1.10,-23.79,-45.94,0.00,0.80,0.80,0.80,0.80,0.09,-6.14,0.00,0.00,0.00,0.00,0.80,0.00,0.00,0.00,0
1.07718,-26,-41,382,0,DRIVE [ 20 ] [ 1 ] [ 1900 1799 1557 ] [    0    0    0 ] [      0      0      0 ] [ 0 ],drive [ 20 ] [ 0 ] [ 1900 1820 1555 ] [   16   22   58 ] [  13075   8583   9694 ] [ 0 ],1.10,1.10,1.10,1.10,-28.70,-45.28,0.00,0.80,0.80,0.80,0.80,-0.30,-6.79,0.00,0.00,0.00,0.00,0.80,0.00,0.00,0.00,0
1.08967,-31,-41,386,0,DRIVE [ 21 ] [ 1 ] [ 1900 1779 1562 ] [    0    0    0 ] [      0      0      0 ] [ 0 ],drive [ 20 ] [ 0 ] [ 1900 1799 1557 ] [   16   22   58 ] [  13075   8583   9694 ] [ 0 ],1.10,1.10,1.10,1.10,-34.17,-45.45,0.00,0.80,0.80,0.80,0.80,-0.29,-6.45,0.00,0.00,0.00,0.00,0.80,0.00,0.00,0.00,0
1.10128,-31,-41,386,0,DRIVE [ 21 ] [ 1 ] [ 1900 1792 1596 ] [    0    0    0 ] [      0      0      0 ] [ 0 ],drive [ 21 ] [ 0 ] [ 1900 1779 1562 ] [   16   22   58 ] [  13081   7320   9694 ] [ 0 ],1.10,1.10,1.10,1.10,-30.75,-40.91,0.00,0.80,0.80,0.80,0.80,-0.26,-5.81,0.00,0.00,0.00,0.00,0.80,0.00,0.00,0.00,0
1.11299,-42,-39,382,0,DRIVE [ 22 ] [ 1 ] [ 1900 1726 1569 ] [    0    0    0 ] [      0      0      0 ] [ 0 ],drive [ 21 ] [ 0 ] [ 1900 1792 1596 ] [   16   22   58 ] [  13081   7320   9694 ] [ 0 ],1.10,1.10,1.10,1.10,-46.29,-43.05,0.00,0.80,0.80,0.80,0.80,-0.27,-6.13,0.00,0.00,0.00,0.00,0.80,0.00,0.00,0.00,0
1.12496,-52,-37,378,0,DRIVE [ 22 ] [ 1 ] [ 1900 1674 1569 ] [    0    0    0 ] [      0      0      0 ] [ 0 ],drive [ 22 ] [ 0 ] [ 1900 1726 1569 ] [   17   25   56 ] [  13081   7320   9694 ] [ 0 ],1.10,1.10,1.10,1.10,-57.27,-40.96,0.00,0.80,0.80,0.80,0.80,-0.26,-5.82,0.00,0.00,0.00,0.00,0.80,0.00,0.00,0.00,0
1.13728,-61,-36,375,0,DRIVE [ 23 ] [ 1 ] [ 1900 1626 1565 ] [    0    0    0 ] [      0      0      0 ] [ 0 ],drive [ 22 ] [ 0 ] [ 1900 1674 1569 ] [   17   25   56 ] [  13081   7320   9694 ] [ 0 ],1.10,1.10,1.10,1.10,-66.55,-39.06,0.00,0.80,0.80,0.80,0.80,-0.25,-5.53,0.00,0.00,0.00,0.00,0.80,0.00,0.00,0.00,0
1.14928,-67,-34,371,0,DRIVE [ 23 ] [ 1 ] [ 1900 1585 1559 ] [    0    0    0 ] [      0      0      0 ] [ 0 ],drive [ 23 ] [ 0 ] [ 1900 1626 1565 ] [   17   25   56 ] [  13081   7320   9694 ] [ 0 ],1.10,1.10,1.10,1.10,-74.06,-37.66,0.00,0.80,0.80,0.80,0.80,-0.24,-5.25,0.00,0.00,0.00,0.00,0.80,0.00,0.00,0.00,0
1.1616,-73,-33,367,0,DRIVE [ 24 ] [ 1 ] [ 1900 1548 1551 ] [    0    0    0 ] [      0      0      0 ] [ 0 ],drive [ 23 ] [ 0 ] [ 1900 1585 1559 ] [   17   25   56 ] [  13080   7371   9693 ] [ 0 ],1.10,1.10,1.10,1.10,-80.45,-36.69,0.00,0.80,0.80,0.80,0.80,-0.22,-4.99,0.00,0.00,0.00,0.00,0.80,0.00,0.00,0.00,0
1.17671,-78,-33,363,0,DRIVE [ 24 ] [ 1 ] [ 1900 1517 1543 ] [    0    0    0 ] [      0      0      0 ] [ 0 ],drive [ 24 ] [ 0 ] [ 1900 1548 1551 ] [   13   46   57 ] [  13080   7371   9693 ] [ 0 ],1.10,1.10,1.10,1.10,-85.64,-35.94,0.00,0.80,0.80,0.80,0.80,-0.21,-4.74,0.00,0.00,0.00,0.00,0.80,0.00,0.00,0.00,0
1.18968,-82,-32,361,0,DRIVE [ 25 ] [ 1 ] [ 1900 1490 1537 ] [    0    0    0 ] [      0      0      0 ] [ 0 ],drive [ 24 ] [ 0 ] [ 1900 1517 1543 ] [   13   46   57 ] [  13080   7371   9693 ] [ 0 ],1.10,1.10,1.10,1.10,-90.25,-35.44,0.00,0.80,0.80,0.80,0.80,-0.20,-4.51,0.00,0.00,0.00,0.00,0.80,0.00,0.00,0.00,0
1.20236,-85,-32,358,0,DRIVE [ 25 ] [ 1 ] [ 1900 1468 1531 ] [    0    0    0 ] [      0      0      0 ] [ 0 ],drive [ 25 ] [ 0 ] [ 1900 1490 1537 ] [   13   46   57 ] [  12990   7768   9694 ] [ 0 ],1.10,1.10,1.10,1.10,-93.63,-34.90,0.00,0.80,0.80,0.80,0.80,-0.19,-4.28,0.00,0.00,0.00,0.00,0.80,0.00,0.00,0.00,0
1.21451,-88,-31,356,0,DRIVE [ 26 ] [ 1 ] [ 1900 1451 1527 ] [    0    0    0 ] [      0      0      0 ] [ 0 ],drive [ 25 ] [ 0 ] [ 1900 1468 1531 ] [   13   46   57 ] [  12990   7768   9694 ] [ 0 ],1.10,1.10,1.10,1.10,-96.26,-34.53,0.00,0.80,0.80,0.80,0.80,-0.18,-4.07,0.00,0.00,0.00,0.00,0.80,0.00,0.00,0.00,0
1.22654,-89,-31,354,0,DRIVE [ 26 ] [ 1 ] [ 1900 1439 1524 ] [    0    0    0 ] [      0      0      0 ] [ 0 ],drive [ 26 ] [ 0 ] [ 1900 1451 1527 ] [    8   60   59 ] [  12990   7768   9694 ] [ 0 ],1.10,1.10,1.10,1.10,-98.03,-34.26,0.00,0.80,0.80,0.80,0.80,-0.17,-3.86,0.00,0.00,0.00,0.00,0.80,0.00,0.00,0.00,0
1.23929,-90,-31,352,0,DRIVE [ 27 ] [ 1 ] [ 1900 1430 1523 ] [    0    0    0 ] [      0      0      0 ] [ 0 ],drive [ 26 ] [ 0 ] [ 1900 1439 1524 ] [    8   60   59 ] [  12990   7768   9694 ] [ 0 ],1.10,1.10,1.10,1.10,-98.98,-33.96,0.00,0.80,0.80,0.80,0.80,-0.16,-3.67,0.00,0.00,0.00,0.00,0.80,0.00,0.00,0.00,0
1.25198,-91,-31,351,0,DRIVE [ 27 ] [ 1 ] [ 1900 1424 1522 ] [    0    0    0 ] [      0      0      0 ] [ 0 ],drive [ 27 ] [ 0 ] [ 1900 1430 1523 ] [    8   60   59 ] [  12906   7900   9710 ] [ 0 ],1.10,1.10,1.10,1.10,-99.77,-33.74,0.00,0.80,0.80,0.80,0.80,-0.16,-3.49,0.00,0.00,0.00,0.00,0.80,0.00,0.00,0.00,0
1.26443,-91,-30,349,0,DRIVE [ 28 ] [ 1 ] [ 1900 1418 1522 ] [    0    0    0 ] [      0      0      0 ] [ 0 ],drive [ 27 ] [ 0 ] [ 1900 1424 1522 ] [    8   60   59 ] [  12906   7900   9710 ] [ 0 ],1.10,1.10,1.10,1.10,-100.06,-33.25,0.00,0.80,0.80,0.80,0.80,-0.15,-3.31,0.00,0.00,0.00,0.00,0.80,0.00,0.00,0.00,0
1.27653,-92,-30,347,0,DRIVE [ 28 ] [ 1 ] [ 1900 1409 1523 ] [    0    0    0 ] [      0      0      0 ] [ 0 ],drive [ 28 ] [ 0 ] [ 1900 1418 1522 ] [   20   53   59 ] [  12906   7900   9710 ] [ 0 ],1.10,1.10,1.10,1.10,-101.07,-32.49,0.00,0.80,0.80,0.80,0.80,-0.14,-3.15,0.00,0.00,0.00,0.00,0.80,0.00,0.00,0.00,0
1.2886,-93,-29,346,0,DRIVE [ 29 ] [ 1 ] [ 1900 1401 1523 ] [    0    0    0 ] [      0      0      0 ] [ 0 ],drive [ 28 ] [ 0 ] [ 1900 1409 1523 ] [   20   53   59 ] [  12906   7900   9710 ] [ 0 ],1.10,1.10,1.10,1.10,-101.85,-31.91,0.00,0.80,0.80,0.80,0.80,-0.13,-2.99,0.00,0.00,0.00,0.00,0.80,0.00,0.00,0.00,0
1.30122,-93,-28,345,0,DRIVE [ 29 ] [ 1 ] [ 1900 1393 1524 ] [    0    0    0 ] [      0      0      0 ] [ 0 ],drive [ 29 ] [ 0 ] [ 1900 1401 1523 ] [   20   53   59 ] [  12822   7918   9725 ] [ 0 ],1.10,1.10,1.10,1.10,-102.84,-31.34,0.00,0.80,0.80,0.80,0.80,-0.13,-2.84,0.00,0.00,0.00,0.00,0.80,0.00,0.00,0.00,0
1.31345,-94,-28,343,0,DRIVE [ 30 ] [ 1 ] [ 1900 1385 1525 ] [    0    0    0 ] [      0      0      0 ] [ 0 ],drive [ 29 ] [ 0 ] [ 1900 1393 1524 ] [   20   53   59 ] [  12822   7918   9725 ] [ 0 ],1.10,1.10,1.10,1.10,-103.45,-30.64,0.00,0.80,0.80,0.80,0.80,-0.12,-2.70,0.00,0.00,0.00,0.00,0.80,0.00,0.00,0.00,0
1.3259,-94,-27,341,0,DRIVE [ 30 ] [ 1 ] [ 1900 1379 1527 ] [    0    0    0 ] [      0      0      0 ] [ 0 ],drive [ 30 ] [ 0 ] [ 1900 1385 1525 ] [    9   48   54 ] [  12822   7918   9725 ] [ 0 ],1.10,1.10,1.10,1.10,-103.78,-29.79,0.00,0.80,0.80,0.80,0.80,-0.11,-2.56,0.00,0.00,0.00,0.00,0.80,0.00,0.00,0.00,0
1.33922,-95,-26,340,0,DRIVE [ 31 ] [ 1 ] [ 1900 1373 1530 ] [    0    0    0 ] [      0      0      0 ] [ 0 ],drive [ 30 ] [ 0 ] [ 1900 1379 1527 ] [    9   48   54 ] [  12822   7918   9725 ] [ 0 ],1.10,1.10,1.10,1.10,-104.11,-28.85,0.00,0.80,0.80,0.80,0.80,-0.11,-2.43,0.00,0.00,0.00,0.00,0.80,0.00,0.00,0.00,0
1.35127,-95,-25,338,0,DRIVE [ 31 ] [ 1 ] [ 1900 1367 1532 ] [    0    0    0 ] [      0      0      0 ] [ 0 ],drive [ 31 ] [ 0 ] [ 1900 1373 1530 ] [    9   48   54 ] [  12812   7953   9726 ] [ 0 ],1.10,1.10,1.10,1.10,-104.12,-27.98,0.00,0.80,0.80,0.80,0.80,-0.10,-2.31,0.00,0.00,0.00,0.00,0.80,0.00,0.00,0.00,0
1.36365,-94,-25,335,0,DRIVE [ 32 ] [ 1 ] [ 1900 1362 1535 ] [    0    0    0 ] [      0      0      0 ] [ 0 ],drive [ 31 ] [ 0 ] [ 1900 1367 1532 ] [    9   48   54 ] [  12812   7953   9726 ] [ 0 ],1.10,1.10,1.10,1.10,-103.70,-27.02,0.00,0.80,0.80,0.80,0.80,-0.10,-2.20,0.00,0.00,0.00,0.00,0.80,0.00,0.00,0.00,0
1.37598,-94,-24,333,0,DRIVE [ 32 ] [ 1 ] [ 1900 1358 1538 ] [    0    0    0 ] [      0      0      0 ] [ 0 ],drive [ 32 ] [ 0 ] [ 1900 1362 1535 ] [   12   74   52 ] [  12812   7953   9726 ] [ 0 ],1.10,1.10,1.10,1.10,-103.59,-26.26,0.00,0.80,0.80,0.80,0.80,-0.09,-2.09,0.00,0.00,0.00,0.00,0.80,0.00,0.00,0.00,0
1.38784,-94,-23,330,0,DRIVE [ 33 ] [ 1 ] [ 1900 1355 1540 ] [    0    0    0 ] [      0      0      0 ] [ 0 ],drive [ 32 ] [ 0 ] [ 1900 1358 1538 ] [   12   74   52 ] [  12812   7953   9726 ] [ 0 ],1.10,1.10,1.10,1.10,-102.93,-25.34,0.00,0.80,0.80,0.80,0.80,-0.09,-1.98,0.00,0.00,0.00,0.00,0.80,0.00,0.00,0.00,0
1.39986,-93,-22,329,0,DRIVE [ 33 ] [ 1 ] [ 1900 1353 1544 ] [    0    0    0 ] [      0      0      0 ] [ 0 ],drive [ 33 ] [ 0 ] [ 1900 1355 1540 ] [   12   74   52 ] [  12812   7953   9726 ] [ 0 ],1.10,1.10,1.10,1.10,-102.44,-24.51,0.00,0.80,0.80,0.80,0.80,-0.08,-1.88,0.00,0.00,0.00,0.00,0.80,0.00,0.00,0.00,0
1.4116,-92,-22,327,0,DRIVE [ 34 ] [ 1 ] [ 1900 1354 1548 ] [    0    0    0 ] [      0      0      0 ] [ 0 ],drive [ 33 ] [ 0 ] [ 1900 1353 1544 ] [   12   74   52 ] [  12697   8145   9727 ] [ 0 ],1.10,1.10,1.10,1.10,-101.23,-23.80,0.00,0.80,0.80,0.80,0.80,-0.08,-1.79,0.00,0.00,0.00,0.00,0.80,0.00,0.00,0.00,0
1.42375,-91,-21,324,0,DRIVE [ 34 ] [ 1 ] [ 1900 1357 1553 ] [    0    0    0 ] [      0      0      0 ] [ 0 ],drive [ 34 ] [ 0 ] [ 1900 1354 1548 ] [   24   53   47 ] [  12697   8145   9727 ] [ 0 ],1.10,1.10,1.10,1.10,-99.62,-22.97,0.00,0.80,0.80,0.80,0.80,-0.08,-1.70,0.00,0.00,0.00,0.00,0.80,0.00,0.00,0.00,0
1.43598,-89,-20,322,0,DRIVE [ 35 ] [ 1 ] [ 1900 1360 1559 ] [    0    0    0 ] [      0      0      0 ] [ 0 ],drive [ 34 ] [ 0 ] [ 1900 1357 1553 ] [   24   53   47 ] [  12697   8145   9727 ] [ 0 ],1.10,1.10,1.10,1.10,-98.29,-22.14,0.00,0.80,0.80,0.80,0.80,-0.07,-1.61,0.00,0.00,0.00,0.00,0.80,0.00,0.00,0.00,0
1.44771,-88,-19,320,0,DRIVE [ 35 ] [ 1 ] [ 1900 1363 1565 ] [    0    0    0 ] [      0      0      0 ] [ 0 ],drive [ 35 ] [ 0 ] [ 1900 1360 1559 ] [   24   53   47 ] [  12697   8145   9727 ] [ 0 ],1.10,1.10,1.10,1.10,-96.67,-21.22,0.00,0.80,0.80,0.80,0.80,-0.07,-1.53,0.00,0.00,0.00,0.00,0.80,0.00,0.00,0.00,0
1.45945,-87,-18,318,0,DRIVE [ 36 ] [ 1 ] [ 1900 1366 1572 ] [    0    0    0 ] [      0      0      0 ] [ 0 ],drive [ 35 ] [ 0 ] [ 1900 1363 1565 ] [   24   53   47 ] [  12646   8165   9747 ] [ 0 ],1.10,1.10,1.10,1.10,-95.18,-20.18,0.00,0.80,0.80,0.80,0.80,-0.07,-1.46,0.00,0.00,0.00,0.00,0.80,0.00,0.00,0.00,0
1.4718,-85,-17,316,0,DRIVE [ 36 ] [ 1 ] [ 1900 1368 1578 ] [    0    0    0 ] [      0      0      0 ] [ 0 ],drive [ 36 ] [ 0 ] [ 1900 1366 1572 ] [   25   53   38 ] [  12646   8165   9747 ] [ 0 ],1.10,1.10,1.10,1.10,-93.79,-19.21,0.00,0.80,0.80,0.80,0.80,-0.06,-1.38,0.00,0.00,0.00,0.00,0.80,0.00,0.00,0.00,0
1.48349,-84,-17,314,0,DRIVE [ 37 ] [ 1 ] [ 1900 1370 1583 ] [    0    0    0 ] [      0      0      0 ] [ 0 ],drive [ 36 ] [ 0 ] [ 1900 1368 1578 ] [   25   53   38 ] [  12646   8165   9747 ] [ 0 ],1.10,1.10,1.10,1.10,-92.45,-18.25,0.00,0.80,0.80,0.80,0.80,-0.06,-1.32,0.00,0.00,0.00,0.00,0.80,0.00,0.00,0.00,0
1.4973,-83,-16,312,0,DRIVE [ 37 ] [ 1 ] [ 1900 1371 1589 ] [    0    0    0 ] [      0      0      0 ] [ 0 ],drive [ 37 ] [ 0 ] [ 1900 1370 1583 ] [   25   53   38 ] [  12646   8165   9747 ] [ 0 ],1.10,1.10,1.10,1.10,-91.13,-17.33,0.00,0.80,0.80,0.80,0.80,-0.06,-1.25,0.00,0.00,0.00,0.00,0.80,0.00,0.00,0.00,0
1.50916,-82,-15,309,0,DRIVE [ 38 ] [ 1 ] [ 1900 1371 1594 ] [    0    0    0 ] [      0      0      0 ] [ 0 ],drive [ 37 ] [ 0 ] [ 1900 1371 1589 ] [   25   53   38 ] [  12645   8165   9747 ] [ 0 ],1.10,1.10,1.10,1.10,-89.82,-16.35,0.00,0.80,0.80,0.80,0.80,-0.05,-1.19,0.00,0.00,0.00,0.00,0.80,0.00,0.00,0.00,0
1.52091,-81,-14,307,0,DRIVE [ 38 ] [ 1 ] [ 1900 1370 1599 ] [    0    0    0 ] [      0      0      0 ] [ 0 ],drive [ 38 ] [ 0 ] [ 1900 1371 1594 ] [   24   52   36 ] [  12645   8165   9747 ] [ 0 ],1.10,1.10,1.10,1.10,-89.01,-15.41,0.00,0.80,0.80,0.80,0.80,-0.05,-1.13,0.00,0.00,0.00,0.00,0.80,0.00,0.00,0.00,0
1.53309,-80,-13,304,0,DRIVE [ 39 ] [ 1 ] [ 1900 1369 1604 ] [    0    0    0 ] [      0      0      0 ] [ 0 ],drive [ 38 ] [ 0 ] [ 1900 1370 1599 ] [   24   52   36 ] [  12645   8165   9747 ] [ 0 ],1.10,1.10,1.10,1.10,-87.86,-14.41,0.00,0.80,0.80,0.80,0.80,-0.05,-1.07,0.00,0.00,0.00,0.00,0.80,0.00,0.00,0.00,0
1.54459,-79,-12,302,0,DRIVE [ 39 ] [ 1 ] [ 1900 1368 1612 ] [    0    0    0 ] [      0      0      0 ] [ 0 ],drive [ 39 ] [ 0 ] [ 1900 1369 1604 ] [   24   52   36 ] [  12645   8165   9747 ] [ 0 ],1.10,1.10,1.10,1.10,-86.61,-13.00,0.00,0.80,0.80,0.80,0.80,-0.05,-1.02,0.00,0.00,0.00,0.00,0.80,0.00,0.00,0.00,0
1.55644,-78,-11,299,0,DRIVE [ 40 ] [ 1 ] [ 1900 1367 1620 ] [    0    0    0 ] [      0      0      0 ] [ 0 ],drive [ 39 ] [ 0 ] [ 1900 1368 1612 ] [   24   52   36 ] [  12644   8165   9746 ] [ 0 ],1.10,1.10,1.10,1.10,-85.31,-11.59,0.00,0.80,0.80,0.80,0.80,-0.04,-0.97,0.00,0.00,0.00,0.00,0.80,0.00,0.00,0.00,0
1.56839,-76,-9,297,0,DRIVE [ 40 ] [ 1 ] [ 1900 1366 1627 ] [    0    0    0 ] [      0      0      0 ] [ 0 ],drive [ 40 ] [ 0 ] [ 1900 1367 1620 ] [   22   52   35 ] [  12644   8165   9746 ] [ 0 ],1.10,1.10,1.10,1.10,-84.11,-10.26,0.00,0.80,0.80,0.80,0.80,-0.04,-0.92,0.00,0.00,0.00,0.00,0.80,0.00,0.00,0.00,0
1.57983,-75,-8,295,0,DRIVE [ 41 ] [ 1 ] [ 1900 1366 1635 ] [    0    0    0 ] [      0      0      0 ] [ 0 ],drive [ 40 ] [ 0 ] [ 1900 1366 1627 ] [   22   52   35 ] [  12644   8165   9746 ] [ 0 ],1.10,1.10,1.10,1.10,-82.91,-8.98,0.00,0.80,0.80,0.80,0.80,-0.04,-0.87,0.00,0.00,0.00,0.00,0.80,0.00,0.00,0.00,0
1.59129,-74,-7,292,0,DRIVE [ 41 ] [ 1 ] [ 1900 1365 1643 ] [    0    0    0 ] [      0      0      0 ] [ 0 ],drive [ 41 ] [ 0 ] [ 1900 1366 1635 ] [   22   52   35 ] [  12644   8165   9746 ] [ 0 ],1.10,1.10,1.10,1.10,-81.48,-7.58,0.00,0.80,0.80,0.80,0.80,-0.04,-0.83,0.00,0.00,0.00,0.00,0.80,0.00,0.00,0.00,0
1.60336,-73,-6,290,0,DRIVE [ 42 ] [ 1 ] [ 1900 1365 1651 ] [    0    0    0 ] [      0      0      0 ] [ 0 ],drive [ 41 ] [ 0 ] [ 1900 1365 1643 ] [   22   52   35 ] [  12578   8165   9745 ] [ 0 ],1.10,1.10,1.10,1.10,-80.24,-6.27,0.00,0.80,0.80,0.80,0.80,-0.04,-0.79,0.00,0.00,0.00,0.00,0.80,0.00,0.00,0.00,0
1.6148,-72,-4,288,0,DRIVE [ 42 ] [ 1 ] [ 1900 1362 1659 ] [    0    0    0 ] [      0      0      0 ] [ 0 ],drive [ 42 ] [ 0 ] [ 1900 1365 1651 ] [   22   52   35 ] [  12578   8165   9745 ] [ 0 ],1.10,1.10,1.10,1.10,-79.12,-4.86,0.00,0.80,0.80,0.80,0.80,-0.03,-0.75,0.00,0.00,0.00,0.00,0.80,0.00,0.00,0.00,0
1.6264,-71,-3,285,0,DRIVE [ 43 ] [ 1 ] [ 1900 1361 1667 ] [    0    0    0 ] [      0      0      0 ] [ 0 ],drive [ 42 ] [ 0 ] [ 1900 1362 1659 ] [   20   52   31 ] [  12578   8165   9745 ] [ 0 ],1.10,1.10,1.10,1.10,-77.93,-3.51,0.00,0.80,0.80,0.80,0.80,-0.03,-0.71,0.00,0.00,0.00,0.00,0.80,0.00,0.00,0.00,0
1.63874,-70,-2,284,0,DRIVE [ 43 ] [ 1 ] [ 1900 1358 1674 ] [    0    0    0 ] [      0      0      0 ] [ 0 ],drive [ 43 ] [ 0 ] [ 1900 1361 1667 ] [   20   52   31 ] [  12578   8165   9745 ] [ 0 ],1.10,1.10,1.10,1.10,-77.15,-2.19,0.00,0.80,0.80,0.80,0.80,-0.03,-0.68,0.00,0.00,0.00,0.00,0.80,0.00,0.00,0.00,0
1.65056,-69,-1,282,0,DRIVE [ 44 ] [ 1 ] [ 1900 1354 1681 ] [    0    0    0 ] [      0      0      0 ] [ 0 ],drive [ 43 ] [ 0 ] [ 1900 1358 1674 ] [   20   52   31 ] [  12555   8165   9745 ] [ 0 ],1.10,1.10,1.10,1.10,-76.24,-0.93,0.00,0.80,0.80,0.80,0.80,-0.03,-0.64,0.00,0.00,0.00,0.00,0.80,0.00,0.00,0.00,0
1.6671,-68,0,279,0,DRIVE [ 44 ] [ 1 ] [ 1900 1350 1688 ] [    0    0    0 ] [      0      0      0 ] [ 0 ],drive [ 44 ] [ 0 ] [ 1900 1354 1681 ] [   20   52   31 ] [  12555   8165   9745 ] [ 0 ],1.10,1.10,1.10,1.10,-75.28,0.33,0.00,0.80,0.80,0.80,0.80,-0.03,-0.61,0.00,0.00,0.00,0.00,0.80,0.00,-0.00,0.00,0
1.67929,-68,1,276,0,DRIVE [ 45 ] [ 1 ] [ 1900 1346 1694 ] [    0    0    0 ] [      0      0      0 ] [ 0 ],drive [ 44 ] [ 0 ] [ 1900 1350 1688 ] [   26   54   29 ] [  12555   8165   9745 ] [ 0 ],1.10,1.10,1.10,1.10,-74.34,1.53,0.00,0.80,0.80,0.80,0.80,-0.03,-0.58,0.00,0.00,0.00,0.00,0.80,0.00,-0.00,0.00,0
1.69098,-67,3,274,0,DRIVE [ 45 ] [ 1 ] [ 1900 1341 1701 ] [    0    0    0 ] [      0      0      0 ] [ 0 ],drive [ 45 ] [ 0 ] [ 1900 1346 1694 ] [   26   54   29 ] [  12555   8165   9745 ] [ 0 ],1.10,1.10,1.10,1.10,-73.59,2.84,0.00,0.80,0.80,0.80,0.80,-0.02,-0.55,0.00,0.00,0.00,0.00,0.80,0.00,-0.00,0.00,0
1.70481,-66,4,272,0,DRIVE [ 46 ] [ 1 ] [ 1900 1335 1707 ] [    0    0    0 ] [      0      0      0 ] [ 0 ],drive [ 45 ] [ 0 ] [ 1900 1341 1701 ] [   26   54   29 ] [  12454   8165   9744 ] [ 0 ],1.10,1.10,1.10,1.10,-72.77,4.13,0.00,0.80,0.80,0.80,0.80,-0.02,-0.52,0.00,0.00,0.00,0.00,0.80,0.00,-0.00,0.00,0
1.71627,-65,5,268,0,DRIVE [ 46 ] [ 1 ] [ 1900 1325 1716 ] [    0    0    0 ] [      0      0      0 ] [ 0 ],drive [ 46 ] [ 0 ] [ 1900 1335 1707 ] [   23   55   28 ] [  12454   8165   9744 ] [ 0 ],1.10,1.10,1.10,1.10,-71.75,5.87,0.00,0.80,0.80,0.80,0.80,-0.02,-0.50,0.00,0.00,0.00,0.00,0.80,0.00,-0.00,0.00,0
1.72772,-65,7,265,0,DRIVE [ 47 ] [ 1 ] [ 1900 1316 1724 ] [    0    0    0 ] [      0      0      0 ] [ 0 ],drive [ 46 ] [ 0 ] [ 1900 1325 1716 ] [   23   55   28 ] [  12454   8165   9744 ] [ 0 ],1.10,1.10,1.10,1.10,-70.98,7.50,0.00,0.80,0.80,0.80,0.80,-0.02,-0.47,0.00,0.00,0.00,0.00,0.80,0.00,-0.00,0.00,0
1.73985,-64,8,262,0,DRIVE [ 47 ] [ 1 ] [ 1900 1306 1732 ] [    0    0    0 ] [      0      0      0 ] [ 0 ],drive [ 47 ] [ 0 ] [ 1900 1316 1724 ] [   23   55   28 ] [  12454   8165   9744 ] [ 0 ],1.10,1.10,1.10,1.10,-70.19,9.03,0.00,0.80,0.80,0.80,0.80,-0.02,-0.45,0.00,0.00,0.00,0.00,0.80,0.00,-0.00,0.00,0
1.75097,-63,10,260,0,DRIVE [ 48 ] [ 1 ] [ 1900 1295 1739 ] [    0    0    0 ] [      0      0      0 ] [ 0 ],drive [ 47 ] [ 0 ] [ 1900 1306 1732 ] [   23   55   28 ] [  12377   8195   9742 ] [ 0 ],1.10,1.10,1.10,1.10,-69.68,10.62,0.00,0.80,0.80,0.80,0.80,-0.02,-0.43,0.00,0.00,0.00,0.00,0.80,0.00,-0.00,0.00,0
1.76274,-63,11,258,0,DRIVE [ 48 ] [ 1 ] [ 1900 1283 1746 ] [    0    0    0 ] [      0      0      0 ] [ 0 ],drive [ 48 ] [ 0 ] [ 1900 1295 1739 ] [   23   55   28 ] [  12377   8195   9742 ] [ 0 ],1.10,1.10,1.10,1.10,-69.35,12.14,0.00,0.80,0.80,0.80,0.80,-0.02,-0.40,0.00,0.00,0.00,0.00,0.80,0.00,-0.00,0.00,0
1.77451,-63,12,256,0,DRIVE [ 49 ] [ 1 ] [ 1900 1272 1753 ] [    0    0    0 ] [      0      0      0 ] [ 0 ],drive [ 48 ] [ 0 ] [ 1900 1283 1746 ] [    2   57   26 ] [  12377   8195   9742 ] [ 0 ],1.10,1.10,1.10,1.10,-68.95,13.57,0.00,0.80,0.80,0.80,0.80,-0.02,-0.38,0.00,0.00,0.00,0.00,0.80,0.00,-0.00,0.00,0
1.78617,-62,14,254,0,DRIVE [ 49 ] [ 1 ] [ 1900 1261 1760 ] [    0    0    0 ] [      0      0      0 ] [ 0 ],drive [ 49 ] [ 0 ] [ 1900 1272 1753 ] [    2   57   26 ] [  12377   8195   9742 ] [ 0 ],1.10,1.10,1.10,1.10,-68.56,14.94,0.00,0.80,0.80,0.80,0.80,-0.02,-0.36,0.00,0.00,0.00,0.00,0.80,0.00,-0.00,0.00,0
1.7981,-62,15,252,0,DRIVE [ 50 ] [ 1 ] [ 1900 1251 1766 ] [    0    0    0 ] [      0      0      0 ] [ 0 ],drive [ 49 ] [ 0 ] [ 1900 1261 1760 ] [    2   57   26 ] [  12377   8195   9742 ] [ 0 ],1.10,1.10,1.10,1.10,-67.90,16.21,0.00,0.80,0.80,0.80,0.80,-0.02,-0.35,0.00,0.00,0.00,0.00,0.80,0.00,-0.00,0.00,0
1.80982,-61,16,250,0,DRIVE [ 50 ] [ 1 ] [ 1900 1243 1773 ] [    0    0    0 ] [      0      0      0 ] [ 0 ],drive [ 50 ] [ 0 ] [ 1900 1251 1766 ] [    2   57   26 ] [  12348   8402   9736 ] [ 0 ],1.10,1.10,1.10,1.10,-67.24,17.37,0.00,0.80,0.80,0.80,0.80,-0.01,-0.33,0.00,0.00,0.00,0.00,0.80,0.00,-0.00,0.00,0
1.82106,-61,17,249,0,DRIVE [ 51 ] [ 1 ] [ 1900 1234 1780 ] [    0    0    0 ] [      0      0      0 ] [ 0 ],drive [ 50 ] [ 0 ] [ 1900 1243 1773 ] [   26   61   26 ] [  12348   8402   9736 ] [ 0 ],1.10,1.10,1.10,1.10,-66.82,18.65,0.00,0.80,0.80,0.80,0.80,-0.01,-0.31,0.00,0.00,0.00,0.00,0.80,0.00,-0.00,0.00,0
1.83302,-60,18,246,0,DRIVE [ 51 ] [ 1 ] [ 1900 1225 1786 ] [    0    0    0 ] [      0      0      0 ] [ 0 ],drive [ 51 ] [ 0 ] [ 1900 1234 1780 ] [   26   61   26 ] [  12348   8402   9736 ] [ 0 ],1.10,1.10,1.10,1.10,-65.99,19.74,0.00,0.80,0.80,0.80,0.80,-0.01,-0.30,0.00,0.00,0.00,0.00,0.80,0.00,-0.00,0.00,0
1.84438,-59,19,244,0,DRIVE [ 52 ] [ 1 ] [ 1900 1213 1793 ] [    0    0    0 ] [      0      0      0 ] [ 0 ],drive [ 51 ] [ 0 ] [ 1900 1225 1786 ] [   26   61   26 ] [  12348   8402   9736 ] [ 0 ],1.10,1.10,1.10,1.10,-65.41,20.99,0.00,0.80,0.80,0.80,0.80,-0.01,-0.28,0.00,0.00,0.00,0.00,0.80,0.00,-0.00,0.00,0
1.85607,-59,20,242,0,DRIVE [ 52 ] [ 1 ] [ 1900 1199 1799 ] [    0    0    0 ] [      0      0      0 ] [ 0 ],drive [ 52 ] [ 0 ] [ 1900 1213 1793 ] [   26   61   26 ] [  12263   8404   9727 ] [ 0 ],1.10,1.10,1.10,1.10,-65.19,22.27,0.00,0.80,0.80,0.80,0.80,-0.01,-0.27,0.00,0.00,0.00,0.00,0.80,0.00,-0.00,0.00,0
1.86833,-59,21,240,0,DRIVE [ 53 ] [ 1 ] [ 1900 1183 1804 ] [    0    0    0 ] [      0      0      0 ] [ 0 ],drive [ 52 ] [ 0 ] [ 1900 1199 1799 ] [    9   66   32 ] [  12263   8404   9727 ] [ 0 ],1.10,1.10,1.10,1.10,-65.24,23.52,0.00,0.80,0.80,0.80,0.80,-0.01,-0.25,0.00,0.00,0.00,0.00,0.80,0.00,0.00,0.00,0
1.87944,-60,23,239,0,DRIVE [ 53 ] [ 1 ] [ 1900 1166 1808 ] [    0    0    0 ] [      0      0      0 ] [ 0 ],drive [ 53 ] [ 0 ] [ 1900 1183 1804 ] [    9   66   32 ] [  12263   8404   9727 ] [ 0 ],1.10,1.10,1.10,1.10,-65.46,24.78,0.00,0.80,0.80,0.80,0.80,-0.01,-0.24,0.00,0.00,0.00,0.00,0.80,0.00,0.00,0.00,0
1.89066,-60,24,237,0,DRIVE [ 54 ] [ 1 ] [ 1900 1148 1813 ] [    0    0    0 ] [      0      0      0 ] [ 0 ],drive [ 53 ] [ 0 ] [ 1900 1166 1808 ] [    9   66   32 ] [  12263   8404   9727 ] [ 0 ],1.10,1.10,1.10,1.10,-65.70,26.05,0.00,0.80,0.80,0.80,0.80,-0.01,-0.23,0.00,0.00,0.00,0.00,0.80,0.00,0.00,0.00,0
1.90247,-60,25,234,0,DRIVE [ 54 ] [ 1 ] [ 1900 1126 1818 ] [    0    0    0 ] [      0      0      0 ] [ 0 ],drive [ 54 ] [ 0 ] [ 1900 1148 1813 ] [    9   66   32 ] [  12184   8428   9709 ] [ 0 ],1.10,1.10,1.10,1.10,-65.84,27.40,0.00,0.80,0.80,0.80,0.80,-0.01,-0.22,0.00,0.00,0.00,0.00,0.80,0.00,0.00,0.00,0
1.91372,-60,26,231,0,DRIVE [ 55 ] [ 1 ] [ 1900 1106 1822 ] [    0    0    0 ] [      0      0      0 ] [ 0 ],drive [ 54 ] [ 0 ] [ 1900 1126 1818 ] [    9   66   32 ] [  12184   8428   9709 ] [ 0 ],1.10,1.10,1.10,1.10,-65.89,28.57,0.00,0.80,0.80,0.80,0.80,-0.01,-0.21,0.00,0.00,0.00,0.00,0.80,0.00,0.00,0.00,0
1.92528,-61,27,231,0,DRIVE [ 55 ] [ 1 ] [ 1900 1087 1827 ] [    0    0    0 ] [      0      0      0 ] [ 0 ],drive [ 55 ] [ 0 ] [ 1900 1106 1822 ] [   16   80   34 ] [  12184   8428   9709 ] [ 0 ],1.10,1.10,1.10,1.10,-66.60,30.01,0.00,0.80,0.80,0.80,0.80,-0.01,-0.20,0.00,0.00,0.00,0.00,0.80,0.00,0.00,0.00,0
1.93683,-60,28,227,0,DRIVE [ 56 ] [ 1 ] [ 1900 1070 1832 ] [    0    0    0 ] [      0      0      0 ] [ 0 ],drive [ 55 ] [ 0 ] [ 1900 1087 1827 ] [   16   80   34 ] [  12184   8428   9709 ] [ 0 ],1.10,1.10,1.10,1.10,-66.04,30.86,0.00,0.80,0.80,0.80,0.80,-0.01,-0.19,0.00,0.00,0.00,0.00,0.80,0.00,0.00,0.00,0
1.94786,-59,29,224,0,DRIVE [ 56 ] [ 1 ] [ 1900 1059 1836 ] [    0    0    0 ] [      0      0      0 ] [ 0 ],drive [ 56 ] [ 0 ] [ 1900 1070 1832 ] [   16   80   34 ] [  12184   8428   9709 ] [ 0 ],1.10,1.10,1.10,1.10,-65.36,31.43,0.00,0.80,0.80,0.80,0.80,-0.01,-0.18,0.00,0.00,0.00,0.00,0.80,0.00,0.00,0.00,0
1.95896,-59,29,222,0,DRIVE [ 57 ] [ 1 ] [ 1900 1052 1839 ] [    0    0    0 ] [      0      0      0 ] [ 0 ],drive [ 56 ] [ 0 ] [ 1900 1059 1836 ] [   16   80   34 ] [  12088   8824   9638 ] [ 0 ],1.10,1.10,1.10,1.10,-64.70,31.85,0.00,0.80,0.80,0.80,0.80,-0.01,-0.17,0.00,0.00,0.00,0.00,0.80,0.00,0.00,0.00,0
1.97061,-58,29,220,0,DRIVE [ 57 ] [ 1 ] [ 1900 1051 1843 ] [    0    0    0 ] [      0      0      0 ] [ 0 ],drive [ 57 ] [ 0 ] [ 1900 1052 1839 ] [   14   81   31 ] [  12088   8824   9638 ] [ 0 ],1.10,1.10,1.10,1.10,-63.64,31.91,0.00,0.80,0.80,0.80,0.80,-0.01,-0.16,0.00,0.00,0.00,0.00,0.80,0.00,0.00,0.00,0
1.98198,-57,29,219,0,DRIVE [ 58 ] [ 1 ] [ 1900 1052 1846 ] [    0    0    0 ] [      0      0      0 ] [ 0 ],drive [ 57 ] [ 0 ] [ 1900 1051 1843 ] [   14   81   31 ] [  12088   8824   9638 ] [ 0 ],1.10,1.10,1.10,1.10,-62.63,31.98,0.00,0.80,0.80,0.80,0.80,-0.01,-0.15,0.00,0.00,0.00,0.00,0.80,0.00,0.00,0.00,0
1.99302,-56,29,217,0,DRIVE [ 58 ] [ 1 ] [ 1900 1055 1849 ] [    0    0    0 ] [      0      0      0 ] [ 0 ],drive [ 58 ] [ 0 ] [ 1900 1052 1846 ] [   14   81   31 ] [  12088   8824   9638 ] [ 0 ],1.10,1.10,1.10,1.10,-61.54,31.91,0.00,0.80,0.80,0.80,0.80,-0.01,-0.14,0.00,0.00,0.00,0.00,0.80,0.00,0.00,0.00,0
2.00442,-55,29,215,0,DRIVE [ 59 ] [ 1 ] [ 1900 1059 1852 ] [    0    0    0 ] [      0      0      0 ] [ 0 ],drive [ 58 ] [ 0 ] [ 1900 1055 1849 ] [   14   81   31 ] [  11925   9090   9557 ] [ 0 ],1.10,1.10,1.10,1.10,-60.34,31.76,0.00,0.80,0.80,0.80,0.80,-0.01,-0.14,0.00,0.00,0.00,0.00,0.80,0.00,0.00,0.00,0
2.01521,-54,29,214,0,DRIVE [ 59 ] [ 1 ] [ 1900 1063 1855 ] [    0    0    0 ] [      0      0      0 ] [ 0 ],drive [ 59 ] [ 0 ] [ 1900 1059 1852 ] [    6   94   21 ] [  11925   9090   9557 ] [ 0 ],1.10,1.10,1.10,1.10,-59.19,31.60,0.00,0.80,0.80,0.80,0.80,-0.01,-0.13,0.00,0.00,0.00,0.00,0.80,0.00,-0.00,0.00,0
2.02655,-53,29,211,0,DRIVE [ 60 ] [ 1 ] [ 1900 1066 1858 ] [    0    0    0 ] [      0      0      0 ] [ 0 ],drive [ 59 ] [ 0 ] [ 1900 1063 1855 ] [    6   94   21 ] [  11925   9090   9557 ] [ 0 ],1.10,1.10,1.10,1.10,-57.98,31.46,0.00,0.80,0.80,0.80,0.80,-0.01,-0.12,0.00,0.00,0.00,0.00,0.80,0.00,-0.00,0.00,0
2.03814,-52,29,210,0,DRIVE [ 60 ] [ 1 ] [ 1900 1066 1861 ] [    0    0    0 ] [      0      0      0 ] [ 0 ],drive [ 60 ] [ 0 ] [ 1900 1066 1858 ] [    6   94   21 ] [  11925   9090   9557 ] [ 0 ],1.10,1.10,1.10,1.10,-57.17,31.57,0.00,0.80,0.80,0.80,0.80,-0.01,-0.12,0.00,0.00,0.00,0.00,0.80,0.00,-0.00,0.00,0
2.05059,-51,29,209,0,DRIVE [ 61 ] [ 1 ] [ 1900 1065 1864 ] [    0    0    0 ] [      0      0      0 ] [ 0 ],drive [ 60 ] [ 0 ] [ 1900 1066 1861 ] [    6   94   21 ] [  11925   9090   9557 ] [ 0 ],1.10,1.10,1.10,1.10,-56.45,31.60,0.00,0.80,0.80,0.80,0.80,-0.01,-0.11,0.00,0.00,0.00,0.00,0.80,0.00,-0.00,0.00,0
2.06193,-51,29,207,0,DRIVE [ 61 ] [ 1 ] [ 1900 1065 1866 ] [    0    0    0 ] [      0      0      0 ] [ 0 ],drive [ 61 ] [ 0 ] [ 1900 1065 1864 ] [    6   94   21 ] [  11837   9167   9535 ] [ 0 ],1.10,1.10,1.10,1.10,-55.67,31.53,0.00,0.80,0.80,0.80,0.80,-0.00,-0.11,0.00,0.00,0.00,0.00,0.80,0.00,-0.00,0.00,0
2.07327,-50,29,205,0,DRIVE [ 62 ] [ 1 ] [ 1900 1066 1868 ] [    0    0    0 ] [      0      0      0 ] [ 0 ],drive [ 61 ] [ 0 ] [ 1900 1065 1866 ] [   14   81   25 ] [  11837   9167   9535 ] [ 0 ],1.10,1.10,1.10,1.10,-54.93,31.42,0.00,0.80,0.80,0.80,0.80,-0.00,-0.10,0.00,0.00,0.00,0.00,0.80,0.00,-0.00,0.00,0
2.08395,-49,28,203,0,DRIVE [ 62 ] [ 1 ] [ 1900 1070 1869 ] [    0    0    0 ] [      0      0      0 ] [ 0 ],drive [ 62 ] [ 0 ] [ 1900 1066 1868 ] [   14   81   25 ] [  11837   9167   9535 ] [ 0 ],1.10,1.10,1.10,1.10,-54.03,31.08,0.00,0.80,0.80,0.80,0.80,-0.00,-0.10,0.00,0.00,0.00,0.00,0.80,0.00,-0.00,0.00,0
2.09734,-48,28,202,0,DRIVE [ 63 ] [ 1 ] [ 1900 1075 1870 ] [    0    0    0 ] [      0      0      0 ] [ 0 ],drive [ 62 ] [ 0 ] [ 1900 1070 1869 ] [   14   81   25 ] [  11837   9167   9535 ] [ 0 ],1.10,1.10,1.10,1.10,-53.08,30.66,0.00,0.80,0.80,0.80,0.80,-0.00,-0.09,0.00,0.00,0.00,0.00,0.80,0.00,-0.00,0.00,0
2.10829,-47,27,199,0,DRIVE [ 63 ] [ 1 ] [ 1900 1081 1870 ] [    0    0    0 ] [      0      0      0 ] [ 0 ],drive [ 63 ] [ 0 ] [ 1900 1075 1870 ] [   14   81   25 ] [  11830   9190   9436 ] [ 0 ],1.10,1.10,1.10,1.10,-52.10,30.11,0.00,0.80,0.80,0.80,0.80,-0.00,-0.09,0.00,0.00,0.00,0.00,0.80,0.00,-0.00,0.00,0
2.11921,-47,27,198,0,DRIVE [ 64 ] [ 1 ] [ 1900 1088 1870 ] [    0    0    0 ] [      0      0      0 ] [ 0 ],drive [ 63 ] [ 0 ] [ 1900 1081 1870 ] [   14   81    7 ] [  11830   9190   9436 ] [ 0 ],1.10,1.10,1.10,1.10,-51.33,29.63,0.00,0.80,0.80,0.80,0.80,-0.00,-0.08,0.00,0.00,0.00,0.00,0.80,0.00,-0.00,0.00,0
2.13061,-46,27,197,0,DRIVE [ 64 ] [ 1 ] [ 1900 1096 1871 ] [    0    0    0 ] [      0      0      0 ] [ 0 ],drive [ 64 ] [ 0 ] [ 1900 1088 1870 ] [   14   81    7 ] [  11830   9190   9436 ] [ 0 ],1.10,1.10,1.10,1.10,-50.46,29.16,0.00,0.80,0.80,0.80,0.80,-0.00,-0.08,0.00,0.00,0.00,0.00,0.80,0.00,-0.00,0.00,0
2.1418,-45,26,195,0,DRIVE [ 65 ] [ 1 ] [ 1900 1104 1872 ] [    0    0    0 ] [      0      0      0 ] [ 0 ],drive [ 64 ] [ 0 ] [ 1900 1096 1871 ] [   14   81    7 ] [  11830   9190   9436 ] [ 0 ],1.10,1.10,1.10,1.10,-49.44,28.63,0.00,0.80,0.80,0.80,0.80,-0.00,-0.07,0.00,0.00,0.00,0.00,0.80,0.00,-0.00,0.00,0
2.15287,-44,25,193,0,DRIVE [ 65 ] [ 1 ] [ 1900 1103 1872 ] [    0    0    0 ] [      0      0      0 ] [ 0 ],drive [ 65 ] [ 0 ] [ 1900 1104 1872 ] [   14   81    7 ] [  11830   9198   9391 ] [ 0 ],1.10,1.10,1.10,1.10,-48.26,28.03,0.00,0.80,0.80,0.80,0.80,-0.70,0.32,0.00,0.00,0.00,0.00,0.80,0.00,-0.00,0.00,0
2.16375,-43,25,192,0,DRIVE [ 66 ] [ 1 ] [ 1900 1103 1872 ] [    0    0    0 ] [      0      0      0 ] [ 0 ],drive [ 65 ] [ 0 ] [ 1900 1103 1872 ] [   14   81    7 ] [  11830   9198   9391 ] [ 0 ],1.10,1.10,1.10,1.10,-47.16,27.45,0.00,0.80,0.80,0.80,0.80,-1.38,0.71,0.00,0.00,0.00,0.00,0.80,0.00,-0.00,0.00,0
2.17485,-42,24,190,0,DRIVE [ 66 ] [ 1 ] [ 1900 1102 1873 ] [    0    0    0 ] [      0      0      0 ] [ 0 ],drive [ 66 ] [ 0 ] [ 1900 1103 1872 ] [   14   81   17 ] [  11830   9198   9391 ] [ 0 ],1.10,1.10,1.10,1.10,-46.01,26.89,0.00,0.80,0.80,0.80,0.80,-2.04,1.09,0.00,0.00,0.00,0.00,0.80,0.00,-0.00,0.00,0
2.18569,-41,24,189,0,DRIVE [ 67 ] [ 1 ] [ 1900 1104 1873 ] [    0    0    0 ] [      0      0      0 ] [ 0 ],drive [ 66 ] [ 0 ] [ 1900 1102 1873 ] [   14   81   17 ] [  11830   9198   9391 ] [ 0 ],1.10,1.10,1.10,1.10,-44.93,26.30,0.00,0.80,0.80,0.80,0.80,-2.69,1.46,0.00,0.00,0.00,0.00,0.80,0.00,-0.00,0.00,0
2.19912,-40,23,187,0,DRIVE [ 67 ] [ 1 ] [ 1900 1106 1874 ] [    0    0    0 ] [      0      0      0 ] [ 0 ],drive [ 67 ] [ 0 ] [ 1900 1104 1873 ] [   14   81   17 ] [  11830   9198   9391 ] [ 0 ],1.10,1.10,1.10,1.10,-43.69,25.66,0.00,0.80,0.80,0.80,0.80,-3.32,1.82,0.00,0.00,0.00,0.00,0.80,0.00,-0.00,0.00,0
2.21126,-39,23,185,0,DRIVE [ 68 ] [ 1 ] [ 1900 1110 1874 ] [    0    0    0 ] [      0      0      0 ] [ 0 ],drive [ 67 ] [ 0 ] [ 1900 1106 1874 ] [   14   81   17 ] [  11830   9198   9367 ] [ 0 ],1.10,1.10,1.10,1.10,-42.37,24.96,0.00,0.80,0.80,0.80,0.80,-3.93,2.17,0.00,0.00,0.00,0.00,0.80,0.00,-0.00,0.00,0
2.22263,-37,22,184,0,DRIVE [ 68 ] [ 1 ] [ 1900 1116 1875 ] [    0    0    0 ] [      0      0      0 ] [ 0 ],drive [ 68 ] [ 0 ] [ 1900 1110 1874 ] [   14   81   27 ] [  11830   9198   9367 ] [ 0 ],1.10,1.10,1.10,1.10,-40.97,24.27,0.00,0.80,0.80,0.80,0.80,-4.51,2.51,0.00,0.00,0.00,0.00,0.80,0.00,-0.00,0.00,0
2.23409,-36,21,182,0,DRIVE [ 69 ] [ 1 ] [ 1900 1123 1877 ] [    0    0    0 ] [      0      0      0 ] [ 0 ],drive [ 68 ] [ 0 ] [ 1900 1116 1875 ] [   14   81   27 ] [  11830   9198   9367 ] [ 0 ],1.10,1.10,1.10,1.10,-39.46,23.51,0.00,0.80,0.80,0.80,0.80,-5.08,2.84,0.00,0.00,0.00,0.00,0.80,0.00,-0.00,0.00,0
2.24497,-34,21,181,0,DRIVE [ 69 ] [ 1 ] [ 1900 1133 1878 ] [    0    0    0 ] [      0      0      0 ] [ 0 ],drive [ 69 ] [ 0 ] [ 1900 1123 1877 ] [   14   81   27 ] [  11830   9198   9367 ] [ 0 ],1.10,1.10,1.10,1.10,-37.80,22.65,0.00,0.80,0.80,0.80,0.80,-5.61,3.16,0.00,0.00,0.00,0.00,0.80,0.00,-0.00,0.00,0
2.25582,-33,20,179,0,DRIVE [ 70 ] [ 1 ] [ 1900 1145 1879 ] [    0    0    0 ] [      0      0      0 ] [ 0 ],drive [ 69 ] [ 0 ] [ 1900 1133 1878 ] [   14   81   27 ] [  11829   9198   9336 ] [ 0 ],1.10,1.10,1.10,1.10,-36.17,21.79,0.00,0.80,0.80,0.80,0.80,-6.13,3.46,0.00,0.00,0.00,0.00,0.80,0.00,-0.00,0.00,0
2.26674,-31,19,178,0,DRIVE [ 70 ] [ 1 ] [ 1900 1158 1881 ] [    0    0    0 ] [      0      0      0 ] [ 0 ],drive [ 70 ] [ 0 ] [ 1900 1145 1879 ] [   14   79   21 ] [  11829   9198   9336 ] [ 0 ],1.10,1.10,1.10,1.10,-34.47,20.96,0.00,0.80,0.80,0.80,0.80,-6.62,3.76,0.00,0.00,0.00,0.00,0.80,0.00,-0.00,0.00,0
2.27904,-30,18,176,0,DRIVE [ 71 ] [ 1 ] [ 1900 1171 1882 ] [    0    0    0 ] [      0      0      0 ] [ 0 ],drive [ 70 ] [ 0 ] [ 1900 1158 1881 ] [   14   79   21 ] [  11829   9198   9336 ] [ 0 ],1.10,1.10,1.10,1.10,-32.70,20.09,0.00,0.80,0.80,0.80,0.80,-7.08,4.04,0.00,0.00,0.00,0.00,0.80,0.00,-0.00,0.00,0
2.29165,-28,18,174,0,DRIVE [ 71 ] [ 1 ] [ 1900 1185 1885 ] [    0    0    0 ] [      0      0      0 ] [ 0 ],drive [ 71 ] [ 0 ] [ 1900 1171 1882 ] [   14   79   21 ] [  11829   9198   9336 ] [ 0 ],1.10,1.10,1.10,1.10,-30.86,19.26,0.00,0.80,0.80,0.80,0.80,-7.52,4.31,0.00,0.00,0.00,0.00,0.80,0.00,-0.00,0.00,0
2.30301,-26,17,172,0,DRIVE [ 72 ] [ 1 ] [ 1900 1198 1887 ] [    0    0    0 ] [      0      0      0 ] [ 0 ],drive [ 71 ] [ 0 ] [ 1900 1185 1885 ] [   14   79   21 ] [  11828   9198   9336 ] [ 0 ],1.10,1.10,1.10,1.10,-28.92,18.38,0.00,0.80,0.80,0.80,0.80,-7.93,4.57,0.00,0.00,0.00,0.00,0.80,0.00,-0.00,0.00,0
2.31334,-25,16,170,0,DRIVE [ 72 ] [ 1 ] [ 1900 1215 1889 ] [    0    0    0 ] [      0      0      0 ] [ 0 ],drive [ 72 ] [ 0 ] [ 1900 1198 1887 ] [   14   79   21 ] [  11828   9198   9336 ] [ 0 ],1.10,1.10,1.10,1.10,-27.10,17.50,0.00,0.80,0.80,0.80,0.80,-8.31,4.82,0.00,0.00,0.00,0.00,0.80,0.00,-0.00,0.00,0
2.32397,-23,15,169,0,DRIVE [ 73 ] [ 1 ] [ 1900 1232 1891 ] [    0    0    0 ] [      0      0      0 ] [ 0 ],drive [ 72 ] [ 0 ] [ 1900 1215 1889 ] [   14   73   20 ] [  11828   9198   9336 ] [ 0 ],1.10,1.10,1.10,1.10,-25.28,16.59,0.00,0.80,0.80,0.80,0.80,-8.67,5.05,0.00,0.00,0.00,0.00,0.80,0.00,-0.00,0.00,0
2.33487,-21,14,167,0,DRIVE [ 73 ] [ 1 ] [ 1900 1250 1894 ] [    0    0    0 ] [      0      0      0 ] [ 0 ],drive [ 73 ] [ 0 ] [ 1900 1232 1891 ] [   14   73   20 ] [  11828   9198   9336 ] [ 0 ],1.10,1.10,1.10,1.10,-23.37,15.70,0.00,0.80,0.80,0.80,0.80,-9.00,5.27,0.00,0.00,0.00,0.00,0.80,0.00,-0.00,0.00,0
2.34532,-20,13,165,0,DRIVE [ 74 ] [ 1 ] [ 1900 1270 1897 ] [    0    0    0 ] [      0      0      0 ] [ 0 ],drive [ 73 ] [ 0 ] [ 1900 1250 1894 ] [   14   73   20 ] [  11828   9198   9336 ] [ 0 ],1.10,1.10,1.10,1.10,-21.49,14.81,0.00,0.80,0.80,0.80,0.80,-9.30,5.48,0.00,0.00,0.00,0.00,0.80,0.00,-0.00,0.00,0
2.35587,-18,13,164,0,DRIVE [ 74 ] [ 1 ] [ 1900 1291 1900 ] [    0    0    0 ] [      0      0      0 ] [ 0 ],drive [ 74 ] [ 0 ] [ 1900 1270 1897 ] [   14   73   20 ] [  11828   9197   9336 ] [ 0 ],1.10,1.10,1.10,1.10,-19.56,13.96,0.00,0.80,0.80,0.80,0.80,-9.58,5.67,0.00,0.00,0.00,0.00,0.80,0.00,-0.00,0.00,0
2.36673,-16,12,162,0,DRIVE [ 75 ] [ 1 ] [ 1900 1311 1903 ] [    0    0    0 ] [      0      0      0 ] [ 0 ],drive [ 74 ] [ 0 ] [ 1900 1291 1900 ] [   13   64   20 ] [  11828   9197   9336 ] [ 0 ],1.10,1.10,1.10,1.10,-17.64,13.10,0.00,0.80,0.80,0.80,0.80,-9.83,5.86,0.00,0.00,0.00,0.00,0.80,0.00,-0.00,0.00,0
2.37722,-14,11,160,0,DRIVE [ 75 ] [ 1 ] [ 1903 1336 1903 ] [    0    0    0 ] [      0      0      0 ] [ 0 ],drive [ 75 ] [ 0 ] [ 1900 1311 1903 ] [   13   64   20 ] [  11828   9197   9336 ] [ 0 ],1.10,1.10,1.10,1.10,-15.74,12.27,0.00,0.80,0.80,0.80,0.80,-10.05,6.03,0.00,0.00,0.00,0.00,0.80,0.00,-0.00,0.00,0
2.3877,-13,10,159,0,DRIVE [ 76 ] [ 1 ] [ 1899 1366 1903 ] [    0    0    0 ] [      0      0      0 ] [ 0 ],drive [ 75 ] [ 0 ] [ 1903 1336 1903 ] [   13   64   20 ] [  11828   9197   9336 ] [ 0 ],1.10,1.10,1.10,1.10,-13.83,11.44,0.00,0.80,0.80,0.80,0.80,-10.24,6.19,0.00,0.00,0.00,0.00,0.80,0.00,-0.00,0.00,0
2.39856,-11,10,157,0,DRIVE [ 76 ] [ 1 ] [ 1895 1396 1903 ] [    0    0    0 ] [      0      0      0 ] [ 0 ],drive [ 76 ] [ 0 ] [ 1899 1366 1903 ] [   13   64   20 ] [  11828   9197   9336 ] [ 0 ],1.10,1.10,1.10,1.10,-11.96,10.59,0.00,0.80,0.80,0.80,0.80,-10.41,6.34,0.00,0.00,0.00,0.00,0.80,0.00,-0.00,0.00,0
2.4089,-9,9,155,0,DRIVE [ 77 ] [ 1 ] [ 1892 1425 1903 ] [    0    0    0 ] [      0      0      0 ] [ 0 ],drive [ 76 ] [ 0 ] [ 1895 1396 1903 ] [   13   64   20 ] [  11828   9192   9335 ] [ 0 ],1.10,1.10,1.10,1.10,-10.20,9.73,0.00,0.80,0.80,0.80,0.80,-10.55,6.48,0.00,0.00,0.00,0.00,0.80,0.00,-0.00,0.00,0
2.41951,-8,8,153,0,DRIVE [ 77 ] [ 1 ] [ 1889 1455 1903 ] [    0    0    0 ] [      0      0      0 ] [ 0 ],drive [ 77 ] [ 0 ] [ 1892 1425 1903 ] [   14   53   17 ] [  11828   9192   9335 ] [ 0 ],1.10,1.10,1.10,1.10,-8.48,8.81,0.00,0.80,0.80,0.80,0.80,-10.67,6.60,0.00,0.00,0.00,0.00,0.80,0.00,-0.00,0.00,0
2.43007,-6,7,152,0,DRIVE [ 78 ] [ 1 ] [ 1886 1485 1903 ] [    0    0    0 ] [      0      0      0 ] [ 0 ],drive [ 77 ] [ 0 ] [ 1889 1455 1903 ] [   14   53   17 ] [  11828   9192   9335 ] [ 0 ],1.10,1.10,1.10,1.10,-6.81,7.90,0.00,0.80,0.80,0.80,0.80,-10.77,6.71,0.00,0.00,0.00,0.00,0.80,0.00,-0.00,0.00,0
2.44044,-5,6,150,0,DRIVE [ 78 ] [ 1 ] [ 1884 1516 1903 ] [    0    0    0 ] [      0      0      0 ] [ 0 ],drive [ 78 ] [ 0 ] [ 1886 1485 1903 ] [   14   53   17 ] [  11828   9192   9335 ] [ 0 ],1.10,1.10,1.10,1.10,-5.15,7.01,0.00,0.80,0.80,0.80,0.80,-10.84,6.81,0.00,0.00,0.00,0.00,0.80,0.00,-0.00,0.00,0
2.45052,-3,6,148,0,DRIVE [ 79 ] [ 1 ] [ 1881 1547 1903 ] [    0    0    0 ] [      0      0      0 ] [ 0 ],drive [ 78 ] [ 0 ] [ 1884 1516 1903 ] [   14   53   17 ] [  11828   9156   9333 ] [ 0 ],1.10,1.10,1.10,1.10,-3.54,6.13,0.00,0.80,0.80,0.80,0.80,-10.89,6.89,0.00,0.00,0.00,0.00,0.80,0.00,-0.00,0.00,0
2.46175,-2,5,147,0,DRIVE [ 79 ] [ 1 ] [ 1877 1579 1903 ] [    0    0    0 ] [      0      0      0 ] [ 0 ],drive [ 79 ] [ 0 ] [ 1881 1547 1903 ] [   14   53   17 ] [  11828   9156   9333 ] [ 0 ],1.10,1.10,1.10,1.10,-1.94,5.30,0.00,0.80,0.80,0.80,0.80,-10.92,6.96,0.00,0.00,0.00,0.00,0.80,0.00,-0.00,0.00,0
2.47243,0,4,145,0,DRIVE [ 80 ] [ 1 ] [ 1874 1610 1903 ] [    0    0    0 ] [      0      0      0 ] [ 0 ],drive [ 79 ] [ 0 ] [ 1877 1579 1903 ] [   15   58   17 ] [  11828   9156   9333 ] [ 0 ],1.10,1.10,1.10,1.10,-0.43,4.52,0.00,0.80,0.80,0.80,0.80,-10.92,7.03,0.00,0.00,0.00,0.00,0.80,0.00,-0.00,0.00,0
2.4823,1,3,143,0,DRIVE [ 80 ] [ 1 ] [ 1871 1639 1903 ] [    0    0    0 ] [      0      0      0 ] [ 0 ],drive [ 80 ] [ 0 ] [ 1874 1610 1903 ] [   15   58   17 ] [  11828   9156   9333 ] [ 0 ],1.10,1.10,1.10,1.10,0.95,3.78,0.00,0.80,0.80,0.80,0.80,-10.91,7.08,0.00,0.00,0.00,0.00,0.80,-0.00,-0.00,0.00,0
2.49232,2,3,142,0,DRIVE [ 81 ] [ 1 ] [ 1868 1666 1903 ] [    0    0    0 ] [      0      0      0 ] [ 0 ],drive [ 80 ] [ 0 ] [ 1871 1639 1903 ] [   15   58   17 ] [  11828   9156   9333 ] [ 0 ],1.10,1.10,1.10,1.10,2.25,3.13,0.00,0.80,0.80,0.80,0.80,-10.88,7.13,0.00,0.00,0.00,0.00,0.80,0.00,0.00,0.00,0
2.50271,3,2,140,0,DRIVE [ 81 ] [ 1 ] [ 1864 1692 1903 ] [    0    0    0 ] [      0      0      0 ] [ 0 ],drive [ 81 ] [ 0 ] [ 1868 1666 1903 ] [   15   58   17 ] [  11830   8970   9333 ] [ 0 ],1.10,1.10,1.10,1.10,3.49,2.54,0.00,0.80,0.80,0.80,0.80,-10.84,7.16,0.00,0.00,0.00,0.00,0.80,0.00,0.00,0.00,0
2.51917,4,2,138,0,DRIVE [ 82 ] [ 1 ] [ 1860 1714 1903 ] [    0    0    0 ] [      0      0      0 ] [ 0 ],drive [ 81 ] [ 0 ] [ 1864 1692 1903 ] [   15   58   17 ] [  11830   8970   9333 ] [ 0 ],1.10,1.10,1.10,1.10,4.55,2.04,0.00,0.80,0.80,0.80,0.80,-10.78,7.20,0.00,0.00,0.00,0.00,0.80,0.00,0.00,0.00,0
2.52951,5,1,136,0,DRIVE [ 82 ] [ 1 ] [ 1857 1733 1903 ] [    0    0    0 ] [      0      0      0 ] [ 0 ],drive [ 82 ] [ 0 ] [ 1860 1714 1903 ] [   17   22   17 ] [  11830   8970   9333 ] [ 0 ],1.10,1.10,1.10,1.10,5.44,1.58,0.00,0.80,0.80,0.80,0.80,-10.71,7.22,0.00,0.00,0.00,0.00,0.80,0.00,0.00,0.00,0
2.53975,6,1,135,0,DRIVE [ 83 ] [ 1 ] [ 1854 1748 1903 ] [    0    0    0 ] [      0      0      0 ] [ 0 ],drive [ 82 ] [ 0 ] [ 1857 1733 1903 ] [   17   22   17 ] [  11830   8970   9333 ] [ 0 ],1.10,1.10,1.10,1.10,6.15,1.22,0.00,0.80,0.80,0.80,0.80,-10.63,7.25,0.00,0.00,0.00,0.00,0.80,0.00,0.00,0.00,0
2.54931,6,1,133,0,DRIVE [ 83 ] [ 1 ] [ 1851 1762 1903 ] [    0    0    0 ] [      0      0      0 ] [ 0 ],drive [ 83 ] [ 0 ] [ 1854 1748 1903 ] [   17   22   17 ] [  11836   8573   9333 ] [ 0 ],1.10,1.10,1.10,1.10,6.80,0.89,0.00,0.80,0.80,0.80,0.80,-10.54,7.26,0.00,0.00,0.00,0.00,0.80,0.00,0.00,0.00,0
2.55894,7,1,131,0,DRIVE [ 84 ] [ 1 ] [ 1848 1772 1903 ] [    0    0    0 ] [      0      0      0 ] [ 0 ],drive [ 83 ] [ 0 ] [ 1851 1762 1903 ] [   17   22   17 ] [  11836   8573   9333 ] [ 0 ],1.10,1.10,1.10,1.10,7.27,0.65,0.00,0.80,0.80,0.80,0.80,-10.45,7.28,0.00,0.00,0.00,0.00,0.80,0.00,0.00,0.00,0
2.56913,7,0,130,0,DRIVE [ 84 ] [ 1 ] [ 1845 1782 1903 ] [    0    0    0 ] [      0      0      0 ] [ 0 ],drive [ 84 ] [ 0 ] [ 1848 1772 1903 ] [   25   27   17 ] [  11836   8573   9333 ] [ 0 ],1.10,1.10,1.10,1.10,7.72,0.38,0.00,0.80,0.80,0.80,0.80,-10.36,7.29,0.00,0.00,0.00,0.00,0.80,0.00,0.00,0.00,0
2.57874,7,0,128,0,DRIVE [ 85 ] [ 1 ] [ 1843 1793 1903 ] [    0    0    0 ] [      0      0      0 ] [ 0 ],drive [ 84 ] [ 0 ] [ 1845 1782 1903 ] [   25   27   17 ] [  11836   8573   9333 ] [ 0 ],1.10,1.10,1.10,1.10,8.18,0.08,0.00,0.80,0.80,0.80,0.80,-10.25,7.29,0.00,0.00,0.00,0.00,0.80,0.00,0.00,0.00,0
2.58898,8,0,127,0,DRIVE [ 85 ] [ 1 ] [ 1840 1805 1903 ] [    0    0    0 ] [      0      0      0 ] [ 0 ],drive [ 85 ] [ 0 ] [ 1843 1793 1903 ] [   25   27   17 ] [  11836   8573   9333 ] [ 0 ],1.10,1.10,1.10,1.10,8.66,-0.28,0.00,0.80,0.80,0.80,0.80,-10.14,7.29,0.00,0.00,0.00,0.00,0.80,0.00,0.00,0.00,0
2.59906,8,-1,125,0,DRIVE [ 86 ] [ 1 ] [ 1837 1818 1903 ] [    0    0    0 ] [      0      0      0 ] [ 0 ],drive [ 85 ] [ 0 ] [ 1840 1805 1903 ] [   25   27   17 ] [  11839   8367   9333 ] [ 0 ],1.10,1.10,1.10,1.10,9.24,-0.65,0.00,0.80,0.80,0.80,0.80,-10.01,7.28,0.00,0.00,0.00,0.00,0.80,0.00,0.00,0.00,0
2.60868,9,-1,124,0,DRIVE [ 86 ] [ 1 ] [ 1833 1832 1903 ] [    0    0    0 ] [      0      0      0 ] [ 0 ],drive [ 86 ] [ 0 ] [ 1837 1818 1903 ] [   25   27   17 ] [  11839   8367   9333 ] [ 0 ],1.10,1.10,1.10,1.10,9.84,-1.08,0.00,0.80,0.80,0.80,0.80,-9.88,7.27,0.00,0.00,0.00,0.00,0.80,0.00,0.00,0.00,0
2.61816,9,-1,123,0,DRIVE [ 87 ] [ 1 ] [ 1828 1845 1903 ] [    0    0    0 ] [      0      0      0 ] [ 0 ],drive [ 86 ] [ 0 ] [ 1833 1832 1903 ] [   28   29   17 ] [  11839   8367   9333 ] [ 0 ],1.10,1.10,1.10,1.10,10.43,-1.50,0.00,0.80,0.80,0.80,0.80,-9.74,7.25,0.00,0.00,0.00,0.00,0.80,0.00,0.00,0.00,0
2.62814,10,-2,122,0,DRIVE [ 87 ] [ 1 ] [ 1821 1857 1903 ] [    0    0    0 ] [      0      0      0 ] [ 0 ],drive [ 87 ] [ 0 ] [ 1828 1845 1903 ] [   28   29   17 ] [  11839   8367   9333 ] [ 0 ],1.10,1.10,1.10,1.10,11.04,-1.92,0.00,0.80,0.80,0.80,0.80,-9.60,7.22,0.00,0.00,0.00,0.00,0.80,0.00,0.00,0.00,0
2.63765,11,-2,120,0,DRIVE [ 88 ] [ 1 ] [ 1811 1870 1903 ] [    0    0    0 ] [      0      0      0 ] [ 0 ],drive [ 87 ] [ 0 ] [ 1821 1857 1903 ] [   28   29   17 ] [  11839   8367   9333 ] [ 0 ],1.10,1.10,1.10,1.10,11.70,-2.37,0.00,0.80,0.80,0.80,0.80,-9.43,7.19,0.00,0.00,0.00,0.00,0.80,0.00,0.00,0.00,0
2.6546,11,-3,119,0,DRIVE [ 88 ] [ 1 ] [ 1798 1881 1903 ] [    0    0    0 ] [      0      0      0 ] [ 0 ],drive [ 88 ] [ 0 ] [ 1811 1870 1903 ] [   28   29   17 ] [  11839   8367   9333 ] [ 0 ],1.10,1.10,1.10,1.10,12.30,-2.77,0.00,0.80,0.80,0.80,0.80,-9.27,7.15,0.00,0.00,0.00,0.00,0.80,0.00,0.00,0.00,0
2.66482,12,-3,118,0,DRIVE [ 89 ] [ 1 ] [ 1783 1891 1903 ] [    0    0    0 ] [      0      0      0 ] [ 0 ],drive [ 88 ] [ 0 ] [ 1798 1881 1903 ] [   16   17   18 ] [  11862   8150   9333 ] [ 0 ],1.10,1.10,1.10,1.10,12.87,-3.17,0.00,0.80,0.80,0.80,0.80,-9.09,7.11,0.00,0.00,0.00,0.00,0.80,0.00,0.00,0.00,0
2.67599,12,-3,117,0,DRIVE [ 89 ] [ 1 ] [ 1768 1900 1903 ] [    0    0    0 ] [      0      0      0 ] [ 0 ],drive [ 89 ] [ 0 ] [ 1783 1891 1903 ] [   16   17   18 ] [  11862   8150   9333 ] [ 0 ],1.10,1.10,1.10,1.10,13.30,-3.50,0.00,0.80,0.80,0.80,0.80,-8.90,7.06,0.00,0.00,0.00,0.00,0.80,0.00,0.00,0.00,0
2.68675,12,-3,116,0,DRIVE [ 90 ] [ 1 ] [ 1759 1900 1904 ] [    0    0    0 ] [      0      0      0 ] [ 0 ],drive [ 89 ] [ 0 ] [ 1768 1900 1903 ] [   16   17   18 ] [  11862   8150   9333 ] [ 0 ],1.10,1.10,1.10,1.10,13.55,-3.76,0.00,0.80,0.80,0.80,0.80,-8.72,7.01,0.00,0.00,0.00,0.00,0.80,0.00,0.00,0.00,0
2.69672,12,-4,114,0,DRIVE [ 90 ] [ 1 ] [ 1758 1900 1899 ] [    0    0    0 ] [      0      0      0 ] [ 0 ],drive [ 90 ] [ 0 ] [ 1759 1900 1904 ] [   16   17   18 ] [  11862   8150   9333 ] [ 0 ],1.10,1.10,1.10,1.10,13.71,-3.98,0.00,0.80,0.80,0.80,0.80,-8.53,6.96,0.00,0.00,0.00,0.00,0.80,0.00,0.00,0.00,0
2.70666,13,-4,113,0,DRIVE [ 91 ] [ 1 ] [ 1757 1900 1894 ] [    0    0    0 ] [      0      0      0 ] [ 0 ],drive [ 90 ] [ 0 ] [ 1758 1900 1899 ] [   16   17   18 ] [  11918   7786   9333 ] [ 0 ],1.10,1.10,1.10,1.10,13.87,-4.16,0.00,0.80,0.80,0.80,0.80,-8.34,6.90,0.00,0.00,0.00,0.00,0.80,0.00,0.00,0.00,0
2.71658,13,-4,112,0,DRIVE [ 91 ] [ 1 ] [ 1754 1900 1890 ] [    0    0    0 ] [      0      0      0 ] [ 0 ],drive [ 91 ] [ 0 ] [ 1757 1900 1894 ] [   19   21   18 ] [  11918   7786   9333 ] [ 0 ],1.10,1.10,1.10,1.10,14.02,-4.32,0.00,0.80,0.80,0.80,0.80,-8.15,6.84,0.00,0.00,0.00,0.00,0.80,0.00,0.00,0.00,0
2.72864,13,-4,111,0,DRIVE [ 92 ] [ 1 ] [ 1750 1900 1886 ] [    0    0    0 ] [      0      0      0 ] [ 0 ],drive [ 91 ] [ 0 ] [ 1754 1900 1890 ] [   19   21   18 ] [  11918   7786   9333 ] [ 0 ],1.10,1.10,1.10,1.10,14.14,-4.42,0.00,0.80,0.80,0.80,0.80,-7.95,6.78,0.00,0.00,0.00,0.00,0.80,0.00,0.00,0.00,0
2.74082,13,-4,110,0,DRIVE [ 92 ] [ 1 ] [ 1747 1900 1883 ] [    0    0    0 ] [      0      0      0 ] [ 0 ],drive [ 92 ] [ 0 ] [ 1750 1900 1886 ] [   19   21   18 ] [  11918   7786   9333 ] [ 0 ],1.10,1.10,1.10,1.10,14.14,-4.44,0.00,0.80,0.80,0.80,0.80,-7.76,6.73,0.00,0.00,0.00,0.00,0.80,0.00,0.00,0.00,0
2.75025,13,-4,109,0,DRIVE [ 93 ] [ 1 ] [ 1744 1900 1882 ] [    0    0    0 ] [      0      0      0 ] [ 0 ],drive [ 92 ] [ 0 ] [ 1747 1900 1883 ] [   19   21   18 ] [  11959   7404   9343 ] [ 0 ],1.10,1.10,1.10,1.10,14.02,-4.39,0.00,0.80,0.80,0.80,0.80,-7.57,6.67,0.00,0.00,0.00,0.00,0.80,0.00,0.00,0.00,0
2.76056,13,-4,108,0,DRIVE [ 93 ] [ 1 ] [ 1743 1900 1882 ] [    0    0    0 ] [      0      0      0 ] [ 0 ],drive [ 93 ] [ 0 ] [ 1744 1900 1882 ] [   19   21   18 ] [  11959   7404   9343 ] [ 0 ],1.10,1.10,1.10,1.10,13.83,-4.33,0.00,0.80,0.80,0.80,0.80,-7.39,6.61,0.00,0.00,0.00,0.00,0.80,0.00,0.00,0.00,0
2.77265,12,-4,106,0,DRIVE [ 94 ] [ 1 ] [ 1742 1900 1882 ] [    0    0    0 ] [      0      0      0 ] [ 0 ],drive [ 93 ] [ 0 ] [ 1743 1900 1882 ] [   32   23   24 ] [  11959   7404   9343 ] [ 0 ],1.10,1.10,1.10,1.10,13.59,-4.30,0.00,0.80,0.80,0.80,0.80,-7.21,6.56,0.00,0.00,0.00,0.00,0.80,0.00,0.00,0.00,0
2.78451,12,-4,105,0,DRIVE [ 94 ] [ 1 ] [ 1743 1900 1882 ] [    0    0    0 ] [      0      0      0 ] [ 0 ],drive [ 94 ] [ 0 ] [ 1742 1900 1882 ] [   32   23   24 ] [  11959   7404   9343 ] [ 0 ],1.10,1.10,1.10,1.10,13.33,-4.32,0.00,0.80,0.80,0.80,0.80,-7.02,6.50,0.00,0.00,0.00,0.00,0.80,0.00,0.00,0.00,0
2.7966,12,-4,104,0,DRIVE [ 95 ] [ 1 ] [ 1744 1900 1880 ] [    0    0    0 ] [      0      0      0 ] [ 0 ],drive [ 94 ] [ 0 ] [ 1743 1900 1882 ] [   32   23   24 ] [  11959   7404   9343 ] [ 0 ],1.10,1.10,1.10,1.10,13.17,-4.41,0.00,0.80,0.80,0.80,0.80,-6.84,6.44,0.00,0.00,0.00,0.00,0.80,0.00,0.00,0.00,0
2.80612,12,-4,103,0,DRIVE [ 95 ] [ 1 ] [ 1746 1900 1877 ] [    0    0    0 ] [      0      0      0 ] [ 0 ],drive [ 95 ] [ 0 ] [ 1744 1900 1880 ] [   32   23   24 ] [  11959   7246   9343 ] [ 0 ],1.10,1.10,1.10,1.10,13.04,-4.55,0.00,0.80,0.80,0.80,0.80,-6.66,6.38,0.00,0.00,0.00,0.00,0.80,0.00,0.00,0.00,0
2.81614,12,-4,102,0,DRIVE [ 96 ] [ 1 ] [ 1748 1900 1874 ] [    0    0    0 ] [      0      0      0 ] [ 0 ],drive [ 95 ] [ 0 ] [ 1746 1900 1877 ] [   32   17   24 ] [  11959   7246   9343 ] [ 0 ],1.10,1.10,1.10,1.10,12.85,-4.70,0.00,0.80,0.80,0.80,0.80,-6.49,6.31,0.00,0.00,0.00,0.00,0.80,0.00,0.00,0.00,0
2.82871,11,-4,101,0,DRIVE [ 96 ] [ 1 ] [ 1752 1900 1871 ] [    0    0    0 ] [      0      0      0 ] [ 0 ],drive [ 96 ] [ 0 ] [ 1748 1900 1874 ] [   32   17   24 ] [  11959   7246   9343 ] [ 0 ],1.10,1.10,1.10,1.10,12.64,-4.87,0.00,0.80,0.80,0.80,0.80,-6.32,6.24,0.00,0.00,0.00,0.00,0.80,0.00,0.00,0.00,0
2.84049,11,-5,100,0,DRIVE [ 97 ] [ 1 ] [ 1758 1900 1869 ] [    0    0    0 ] [      0      0      0 ] [ 0 ],drive [ 96 ] [ 0 ] [ 1752 1900 1871 ] [   32   17   24 ] [  11959   7246   9343 ] [ 0 ],1.10,1.10,1.10,1.10,12.36,-5.06,0.00,0.80,0.80,0.80,0.80,-6.15,6.17,0.00,0.00,0.00,0.00,0.80,0.00,0.00,0.00,0
2.85251,11,-5,99,0,DRIVE [ 97 ] [ 1 ] [ 1765 1900 1866 ] [    0    0    0 ] [      0      0      0 ] [ 0 ],drive [ 97 ] [ 0 ] [ 1758 1900 1869 ] [   32   17   24 ] [  11959   7200   9344 ] [ 0 ],1.10,1.10,1.10,1.10,12.03,-5.28,0.00,0.80,0.80,0.80,0.80,-5.99,6.09,0.00,0.00,0.00,0.00,0.80,0.00,0.00,0.00,0
2.86456,11,-5,99,0,DRIVE [ 98 ] [ 1 ] [ 1773 1900 1864 ] [    0    0    0 ] [      0      0      0 ] [ 0 ],drive [ 97 ] [ 0 ] [ 1765 1900 1866 ] [   32   17   24 ] [  11959   7200   9344 ] [ 0 ],1.10,1.10,1.10,1.10,11.64,-5.49,0.00,0.80,0.80,0.80,0.80,-5.83,6.01,0.00,0.00,0.00,0.00,0.80,0.00,0.00,0.00,0
2.87447,10,-5,98,0,DRIVE [ 98 ] [ 1 ] [ 1783 1900 1863 ] [    0    0    0 ] [      0      0      0 ] [ 0 ],drive [ 98 ] [ 0 ] [ 1773 1900 1864 ] [   30   24   25 ] [  11959   7200   9344 ] [ 0 ],1.10,1.10,1.10,1.10,11.18,-5.68,0.00,0.80,0.80,0.80,0.80,-5.68,5.93,0.00,0.00,0.00,0.00,0.80,0.00,0.00,0.00,0
2.88473,10,-5,97,0,DRIVE [ 99 ] [ 1 ] [ 1794 1900 1862 ] [    0    0    0 ] [      0      0      0 ] [ 0 ],drive [ 98 ] [ 0 ] [ 1783 1900 1863 ] [   30   24   25 ] [  11959   7200   9344 ] [ 0 ],1.10,1.10,1.10,1.10,10.66,-5.87,0.00,0.80,0.80,0.80,0.80,-5.53,5.85,0.00,0.00,0.00,0.00,0.80,0.00,0.00,0.00,0
2.89669,9,-5,96,0,DRIVE [ 99 ] [ 1 ] [ 1807 1900 1861 ] [    0    0    0 ] [      0      0      0 ] [ 0 ],drive [ 99 ] [ 0 ] [ 1794 1900 1862 ] [   30   24   25 ] [  11959   7200   9344 ] [ 0 ],1.10,1.10,1.10,1.10,10.06,-6.04,0.00,0.80,0.80,0.80,0.80,-5.40,5.76,0.00,0.00,0.00,0.00,0.80,0.00,0.00,0.00,0
2.91022,9,-6,95,0,DRIVE [ 00 ] [ 1 ] [ 1821 1900 1862 ] [    0    0    0 ] [      0      0      0 ] [ 0 ],drive [ 99 ] [ 0 ] [ 1807 1900 1861 ] [   30   24   25 ] [  11958   7077   9344 ] [ 0 ],1.10,1.10,1.10,1.10,9.38,-6.21,0.00,0.80,0.80,0.80,0.80,-5.28,5.67,0.00,0.00,0.00,0.00,0.80,0.00,0.00,0.00,0
2.92097,8,-6,94,0,DRIVE [ 00 ] [ 1 ] [ 1836 1900 1862 ] [    0    0    0 ] [      0      0      0 ] [ 0 ],drive [ 00 ] [ 0 ] [ 1821 1900 1862 ] [   26    0   25 ] [  11958   7077   9344 ] [ 0 ],1.10,1.10,1.10,1.10,8.67,-6.38,0.00,0.80,0.80,0.80,0.80,-5.16,5.58,0.00,0.00,0.00,0.00,0.80,0.00,0.00,0.00,0
2.93278,7,-6,94,0,DRIVE [ 01 ] [ 1 ] [ 1850 1900 1863 ] [    0    0    0 ] [      0      0      0 ] [ 0 ],drive [ 00 ] [ 0 ] [ 1836 1900 1862 ] [   26    0   25 ] [  11958   7077   9344 ] [ 0 ],1.10,1.10,1.10,1.10,7.98,-6.51,0.00,0.80,0.80,0.80,0.80,-5.06,5.49,0.00,0.00,0.00,0.00,0.80,0.00,0.00,0.00,0
2.94217,7,-6,93,0,DRIVE [ 01 ] [ 1 ] [ 1863 1900 1863 ] [    0    0    0 ] [      0      0      0 ] [ 0 ],drive [ 01 ] [ 0 ] [ 1850 1900 1863 ] [   26    0   25 ] [  11958   7077   9344 ] [ 0 ],1.10,1.10,1.10,1.10,7.34,-6.60,0.00,0.80,0.80,0.80,0.80,-4.96,5.40,0.00,0.00,0.00,0.00,0.80,0.00,0.00,0.00,0
2.95252,6,-6,92,0,DRIVE [ 02 ] [ 1 ] [ 1874 1900 1863 ] [    0    0    0 ] [      0      0      0 ] [ 0 ],drive [ 01 ] [ 0 ] [ 1863 1900 1863 ] [   26    0   25 ] [  11946   6980   9344 ] [ 0 ],1.10,1.10,1.10,1.10,6.74,-6.68,0.00,0.80,0.80,0.80,0.80,-4.88,5.31,0.00,0.00,0.00,0.00,0.80,0.00,0.00,0.00,0
2.96484,6,-6,91,0,DRIVE [ 02 ] [ 1 ] [ 1883 1900 1861 ] [    0    0    0 ] [      0      0      0 ] [ 0 ],drive [ 02 ] [ 0 ] [ 1874 1900 1863 ] [   26    0   25 ] [  11946   6980   9344 ] [ 0 ],1.10,1.10,1.10,1.10,6.15,-6.77,0.00,0.80,0.80,0.80,0.80,-4.79,5.21,0.00,0.00,0.00,0.00,0.80,0.00,0.00,0.00,0
2.97672,5,-6,91,0,DRIVE [ 03 ] [ 1 ] [ 1892 1900 1856 ] [    0    0    0 ] [      0      0      0 ] [ 0 ],drive [ 02 ] [ 0 ] [ 1883 1900 1861 ] [   14   20   25 ] [  11946   6980   9344 ] [ 0 ],1.10,1.10,1.10,1.10,5.55,-6.84,0.00,0.80,0.80,0.80,0.80,-4.72,5.11,0.00,0.00,0.00,0.00,0.80,0.00,0.00,0.00,0
2.99043,5,-6,90,0,DRIVE [ 03 ] [ 1 ] [ 1900 1900 1848 ] [    0    0    0 ] [      0      0      0 ] [ 0 ],drive [ 03 ] [ 0 ] [ 1892 1900 1856 ] [   14   20   25 ] [  11946   6980   9344 ] [ 0 ],1.10,1.10,1.10,1.10,4.98,-6.88,0.00,0.80,0.80,0.80,0.80,-4.66,5.01,0.00,0.00,0.00,0.00,0.80,0.00,0.00,0.00,0
3.00064,4,-6,89,0,DRIVE [ 04 ] [ 1 ] [ 1900 1903 1840 ] [    0    0    0 ] [      0      0      0 ] [ 0 ],drive [ 03 ] [ 0 ] [ 1900 1900 1848 ] [   14   20   25 ] [  11935   6968   9344 ] [ 0 ],1.10,1.10,1.10,1.10,4.42,-6.97,0.00,0.80,0.80,0.80,0.80,-4.60,4.91,0.00,0.00,0.00,0.00,0.80,0.00,0.00,0.00,0
3.01016,4,-6,88,0,DRIVE [ 04 ] [ 1 ] [ 1900 1896 1837 ] [    0    0    0 ] [      0      0      0 ] [ 0 ],drive [ 04 ] [ 0 ] [ 1900 1903 1840 ] [   14   20   25 ] [  11935   6968   9344 ] [ 0 ],1.10,1.10,1.10,1.10,3.93,-7.07,0.00,0.80,0.80,0.80,0.80,-4.54,4.81,0.00,0.00,0.00,0.00,0.80,0.00,0.00,0.00,0
3.02127,3,-7,88,0,DRIVE [ 05 ] [ 1 ] [ 1900 1889 1832 ] [    0    0    0 ] [      0      0      0 ] [ 0 ],drive [ 04 ] [ 0 ] [ 1900 1896 1837 ] [    3   23   26 ] [  11935   6968   9344 ] [ 0 ],1.10,1.10,1.10,1.10,3.47,-7.20,0.00,0.80,0.80,0.80,0.80,-4.50,4.71,0.00,0.00,0.00,0.00,0.80,0.00,0.00,0.00,0
3.03282,3,-7,87,0,DRIVE [ 05 ] [ 1 ] [ 1900 1883 1825 ] [    0    0    0 ] [      0      0      0 ] [ 0 ],drive [ 05 ] [ 0 ] [ 1900 1889 1832 ] [    3   23   26 ] [  11935   6968   9344 ] [ 0 ],1.10,1.10,1.10,1.10,3.05,-7.33,0.00,0.80,0.80,0.80,0.80,-4.46,4.61,0.00,0.00,0.00,0.00,0.80,0.00,0.00,0.00,0
3.04502,2,-7,86,0,DRIVE [ 06 ] [ 1 ] [ 1900 1877 1817 ] [    0    0    0 ] [      0      0      0 ] [ 0 ],drive [ 05 ] [ 0 ] [ 1900 1883 1825 ] [    3   23   26 ] [  11935   6968   9344 ] [ 0 ],1.10,1.10,1.10,1.10,2.71,-7.48,0.00,0.80,0.80,0.80,0.80,-4.42,4.50,0.00,0.00,0.00,0.00,0.80,0.00,0.00,0.00,0
3.05695,2,-7,86,0,DRIVE [ 06 ] [ 1 ] [ 1900 1872 1808 ] [    0    0    0 ] [      0      0      0 ] [ 0 ],drive [ 06 ] [ 0 ] [ 1900 1877 1817 ] [    3   23   26 ] [  11862   6966   9346 ] [ 0 ],1.10,1.10,1.10,1.10,2.40,-7.63,0.00,0.80,0.80,0.80,0.80,-4.39,4.39,0.00,0.00,0.00,0.00,0.80,0.00,0.00,0.00,0
3.0672,2,-7,85,0,DRIVE [ 07 ] [ 1 ] [ 1900 1868 1799 ] [    0    0    0 ] [      0      0      0 ] [ 0 ],drive [ 06 ] [ 0 ] [ 1900 1872 1808 ] [   29   26   31 ] [  11862   6966   9346 ] [ 0 ],1.10,1.10,1.10,1.10,2.12,-7.80,0.00,0.80,0.80,0.80,0.80,-4.36,4.28,0.00,0.00,0.00,0.00,0.80,0.00,0.00,0.00,0
3.07688,2,-7,84,0,DRIVE [ 07 ] [ 1 ] [ 1900 1863 1790 ] [    0    0    0 ] [      0      0      0 ] [ 0 ],drive [ 07 ] [ 0 ] [ 1900 1868 1799 ] [   29   26   31 ] [  11862   6966   9346 ] [ 0 ],1.10,1.10,1.10,1.10,1.84,-7.96,0.00,0.80,0.80,0.80,0.80,-4.33,4.16,0.00,0.00,0.00,0.00,0.80,0.00,0.00,0.00,0
3.08874,1,-7,84,0,DRIVE [ 08 ] [ 1 ] [ 1900 1858 1781 ] [    0    0    0 ] [      0      0      0 ] [ 0 ],drive [ 07 ] [ 0 ] [ 1900 1863 1790 ] [   29   26   31 ] [  11862   6966   9346 ] [ 0 ],1.10,1.10,1.10,1.10,1.56,-8.09,0.00,0.80,0.80,0.80,0.80,-4.31,4.05,0.00,0.00,0.00,0.00,0.80,0.00,0.00,0.00,0
3.10204,1,-7,83,0,DRIVE [ 08 ] [ 1 ] [ 1900 1854 1773 ] [    0    0    0 ] [      0      0      0 ] [ 0 ],drive [ 08 ] [ 0 ] [ 1900 1858 1781 ] [   29   26   31 ] [  11850   6966   9385 ] [ 0 ],1.10,1.10,1.10,1.10,1.29,-8.20,0.00,0.80,0.80,0.80,0.80,-4.29,3.93,0.00,0.00,0.00,0.00,0.80,0.00,0.00,0.00,0
3.11276,1,-7,83,0,DRIVE [ 09 ] [ 1 ] [ 1900 1849 1767 ] [    0    0    0 ] [      0      0      0 ] [ 0 ],drive [ 08 ] [ 0 ] [ 1900 1854 1773 ] [   29   26   31 ] [  11850   6966   9385 ] [ 0 ],1.10,1.10,1.10,1.10,1.04,-8.23,0.00,0.80,0.80,0.80,0.80,-4.28,3.81,0.00,0.00,0.00,0.00,0.80,0.00,0.00,0.00,0
3.12465,1,-8,82,0,DRIVE [ 09 ] [ 1 ] [ 1900 1845 1761 ] [    0    0    0 ] [      0      0      0 ] [ 0 ],drive [ 09 ] [ 0 ] [ 1900 1849 1767 ] [   19   28   10 ] [  11850   6966   9385 ] [ 0 ],1.10,1.10,1.10,1.10,0.82,-8.28,0.00,0.80,0.80,0.80,0.80,-4.26,3.69,0.00,0.00,0.00,0.00,0.80,0.00,0.00,0.00,0
3.13469,1,-8,81,0,DRIVE [ 10 ] [ 1 ] [ 1900 1840 1752 ] [    0    0    0 ] [      0      0      0 ] [ 0 ],drive [ 09 ] [ 0 ] [ 1900 1845 1761 ] [   19   28   10 ] [  11850   6966   9385 ] [ 0 ],1.10,1.10,1.10,1.10,0.57,-8.39,0.00,0.80,0.80,0.80,0.80,-4.26,3.57,0.00,0.00,0.00,0.00,0.80,0.00,0.00,0.00,0
3.14553,0,-8,81,0,DRIVE [ 10 ] [ 1 ] [ 1900 1835 1745 ] [    0    0    0 ] [      0      0      0 ] [ 0 ],drive [ 10 ] [ 0 ] [ 1900 1840 1752 ] [   19   28   10 ] [  11850   6966   9385 ] [ 0 ],1.10,1.10,1.10,1.10,0.35,-8.45,0.00,0.80,0.80,0.80,0.80,-4.25,3.45,0.00,0.00,0.00,0.00,0.80,0.00,0.00,0.00,0
3.15754,0,-8,80,0,DRIVE [ 11 ] [ 1 ] [ 1900 1831 1736 ] [    0    0    0 ] [      0      0      0 ] [ 0 ],drive [ 10 ] [ 0 ] [ 1900 1835 1745 ] [   19   28   10 ] [  11815   6966   9411 ] [ 0 ],1.10,1.10,1.10,1.10,0.13,-8.54,0.00,0.80,0.80,0.80,0.80,-4.25,3.33,0.00,0.00,0.00,0.00,0.80,0.00,0.00,0.00,0
3.16868,0,-8,79,0,DRIVE [ 11 ] [ 1 ] [ 1900 1826 1727 ] [    0    0    0 ] [      0      0      0 ] [ 0 ],drive [ 11 ] [ 0 ] [ 1900 1831 1736 ] [    5   30   12 ] [  11815   6966   9411 ] [ 0 ],1.10,1.10,1.10,1.10,-0.09,-8.64,0.00,0.80,0.80,0.80,0.80,-4.25,3.20,0.00,0.00,0.00,0.00,0.80,0.00,0.00,0.00,0
3.18094,0,-8,78,0,DRIVE [ 12 ] [ 1 ] [ 1900 1821 1719 ] [    0    0    0 ] [      0      0      0 ] [ 0 ],drive [ 11 ] [ 0 ] [ 1900 1826 1727 ] [    5   30   12 ] [  11815   6966   9411 ] [ 0 ],1.10,1.10,1.10,1.10,-0.29,-8.72,0.00,0.80,0.80,0.80,0.80,-4.25,3.07,0.00,0.00,0.00,0.00,0.80,0.00,0.00,0.00,0
3.19155,0,-8,78,0,DRIVE [ 12 ] [ 1 ] [ 1900 1816 1712 ] [    0    0    0 ] [      0      0      0 ] [ 0 ],drive [ 12 ] [ 0 ] [ 1900 1821 1719 ] [    5   30   12 ] [  11815   6966   9411 ] [ 0 ],1.10,1.10,1.10,1.10,-0.50,-8.76,0.00,0.80,0.80,0.80,0.80,-4.26,2.95,0.00,0.00,0.00,0.00,0.80,0.00,0.00,0.00,0
3.2019,-1,-8,77,0,DRIVE [ 13 ] [ 1 ] [ 1900 1812 1705 ] [    0    0    0 ] [      0      0      0 ] [ 0 ],drive [ 12 ] [ 0 ] [ 1900 1816 1712 ] [    5   30   12 ] [  11781   6966   9436 ] [ 0 ],1.10,1.10,1.10,1.10,-0.68,-8.77,0.00,0.80,0.80,0.80,0.80,-4.27,2.82,0.00,0.00,0.00,0.00,0.80,0.00,0.00,0.00,0
3.21413,-1,-8,76,0,DRIVE [ 13 ] [ 1 ] [ 1900 1808 1699 ] [    0    0    0 ] [      0      0      0 ] [ 0 ],drive [ 13 ] [ 0 ] [ 1900 1812 1705 ] [    5   30   12 ] [  11781   6966   9436 ] [ 0 ],1.10,1.10,1.10,1.10,-0.82,-8.79,0.00,0.80,0.80,0.80,0.80,-4.28,2.70,0.00,0.00,0.00,0.00,0.80,0.00,0.00,0.00,0
3.22479,-1,-8,76,0,DRIVE [ 14 ] [ 1 ] [ 1900 1805 1693 ] [    0    0    0 ] [      0      0      0 ] [ 0 ],drive [ 13 ] [ 0 ] [ 1900 1808 1699 ] [   17   32   39 ] [  11781   6966   9436 ] [ 0 ],1.10,1.10,1.10,1.10,-0.91,-8.78,0.00,0.80,0.80,0.80,0.80,-4.29,2.57,0.00,0.00,0.00,0.00,0.80,0.00,0.00,0.00,0
3.23726,-1,-8,75,0,DRIVE [ 14 ] [ 1 ] [ 1900 1803 1687 ] [    0    0    0 ] [      0      0      0 ] [ 0 ],drive [ 14 ] [ 0 ] [ 1900 1805 1693 ] [   17   32   39 ] [  11781   6966   9436 ] [ 0 ],1.10,1.10,1.10,1.10,-0.95,-8.77,0.00,0.80,0.80,0.80,0.80,-4.30,2.45,0.00,0.00,0.00,0.00,0.80,0.00,0.00,0.00,0
3.24853,-1,-8,74,0,DRIVE [ 15 ] [ 1 ] [ 1900 1801 1680 ] [    0    0    0 ] [      0      0      0 ] [ 0 ],drive [ 14 ] [ 0 ] [ 1900 1803 1687 ] [   17   32   39 ] [  11781   6966   9436 ] [ 0 ],1.10,1.10,1.10,1.10,-1.03,-8.80,0.00,0.80,0.80,0.80,0.80,-4.31,2.32,0.00,0.00,0.00,0.00,0.80,0.00,0.00,0.00,0
3.25833,-1,-8,74,0,DRIVE [ 15 ] [ 1 ] [ 1900 1797 1673 ] [    0    0    0 ] [      0      0      0 ] [ 0 ],drive [ 15 ] [ 0 ] [ 1900 1801 1680 ] [   17   32   39 ] [  11701   6966   9487 ] [ 0 ],1.10,1.10,1.10,1.10,-1.15,-8.79,0.00,0.80,0.80,0.80,0.80,-4.33,2.19,0.00,0.00,0.00,0.00,0.80,0.00,0.00,0.00,0
3.26885,-1,-8,73,0,DRIVE [ 16 ] [ 1 ] [ 1900 1793 1667 ] [    0    0    0 ] [      0      0      0 ] [ 0 ],drive [ 15 ] [ 0 ] [ 1900 1797 1673 ] [    2   33   24 ] [  11701   6966   9487 ] [ 0 ],1.10,1.10,1.10,1.10,-1.30,-8.77,0.00,0.80,0.80,0.80,0.80,-4.35,2.07,0.00,0.00,0.00,0.00,0.80,0.00,0.00,0.00,0
3.28055,-1,-8,72,0,DRIVE [ 16 ] [ 1 ] [ 1900 1788 1660 ] [    0    0    0 ] [      0      0      0 ] [ 0 ],drive [ 16 ] [ 0 ] [ 1900 1793 1667 ] [    2   33   24 ] [  11701   6966   9487 ] [ 0 ],1.10,1.10,1.10,1.10,-1.47,-8.79,0.00,0.80,0.80,0.80,0.80,-4.37,1.94,0.00,0.00,0.00,0.00,0.80,0.00,0.00,0.00,0
3.29253,-1,-8,72,0,DRIVE [ 17 ] [ 1 ] [ 1900 1782 1651 ] [    0    0    0 ] [      0      0      0 ] [ 0 ],drive [ 16 ] [ 0 ] [ 1900 1788 1660 ] [    2   33   24 ] [  11701   6966   9487 ] [ 0 ],1.10,1.10,1.10,1.10,-1.65,-8.83,0.00,0.80,0.80,0.80,0.80,-4.39,1.81,0.00,0.00,0.00,0.00,0.80,0.00,0.00,0.00,0
3.30517,-2,-8,71,0,DRIVE [ 17 ] [ 1 ] [ 1900 1777 1640 ] [    0    0    0 ] [      0      0      0 ] [ 0 ],drive [ 17 ] [ 0 ] [ 1900 1782 1651 ] [    2   33   24 ] [  11689   6966   9527 ] [ 0 ],1.10,1.10,1.10,1.10,-1.84,-8.94,0.00,0.80,0.80,0.80,0.80,-4.42,1.68,0.00,0.00,0.00,0.00,0.80,0.00,0.00,0.00,0
3.31682,-2,-8,70,0,DRIVE [ 18 ] [ 1 ] [ 1900 1770 1629 ] [    0    0    0 ] [      0      0      0 ] [ 0 ],drive [ 17 ] [ 0 ] [ 1900 1777 1640 ] [    2   35   26 ] [  11689   6966   9527 ] [ 0 ],1.10,1.10,1.10,1.10,-2.06,-9.01,0.00,0.80,0.80,0.80,0.80,-4.45,1.55,0.00,0.00,0.00,0.00,0.80,0.00,0.00,0.00,0
3.32783,-2,-8,69,0,DRIVE [ 18 ] [ 1 ] [ 1900 1763 1618 ] [    0    0    0 ] [      0      0      0 ] [ 0 ],drive [ 18 ] [ 0 ] [ 1900 1770 1629 ] [    2   35   26 ] [  11689   6966   9527 ] [ 0 ],1.10,1.10,1.10,1.10,-2.29,-9.12,0.00,0.80,0.80,0.80,0.80,-4.48,1.42,0.00,0.00,0.00,0.00,0.80,0.00,0.00,0.00,0
3.33984,-2,-8,69,0,DRIVE [ 19 ] [ 1 ] [ 1900 1756 1606 ] [    0    0    0 ] [      0      0      0 ] [ 0 ],drive [ 18 ] [ 0 ] [ 1900 1763 1618 ] [    2   35   26 ] [  11689   6966   9527 ] [ 0 ],1.10,1.10,1.10,1.10,-2.53,-9.20,0.00,0.80,0.80,0.80,0.80,-4.52,1.29,0.00,0.00,0.00,0.00,0.80,0.00,0.00,0.00,0
3.34964,-3,-8,68,0,DRIVE [ 19 ] [ 1 ] [ 1900 1747 1595 ] [    0    0    0 ] [      0      0      0 ] [ 0 ],drive [ 19 ] [ 0 ] [ 1900 1756 1606 ] [    2   35   26 ] [  11682   6967   9539 ] [ 0 ],1.10,1.10,1.10,1.10,-2.80,-9.27,0.00,0.80,0.80,0.80,0.80,-4.56,1.15,0.00,0.00,0.00,0.00,0.80,0.00,0.00,0.00,0
3.36088,-3,-8,67,0,DRIVE [ 20 ] [ 1 ] [ 1900 1738 1584 ] [    0    0    0 ] [      0      0      0 ] [ 0 ],drive [ 19 ] [ 0 ] [ 1900 1747 1595 ] [    2   35   26 ] [  11682   6967   9539 ] [ 0 ],1.10,1.10,1.10,1.10,-3.08,-9.32,0.00,0.80,0.80,0.80,0.80,-4.61,1.02,0.00,0.00,0.00,0.00,0.80,0.00,0.00,0.00,0
3.37304,-3,-9,67,0,DRIVE [ 20 ] [ 1 ] [ 1900 1729 1573 ] [    0    0    0 ] [      0      0      0 ] [ 0 ],drive [ 20 ] [ 0 ] [ 1900 1738 1584 ] [   18   37   45 ] [  11682   6967   9539 ] [ 0 ],1.10,1.10,1.10,1.10,-3.35,-9.36,0.00,0.80,0.80,0.80,0.80,-4.66,0.88,0.00,0.00,0.00,0.00,0.80,0.00,0.00,0.00,0
3.38283,-3,-9,66,0,DRIVE [ 21 ] [ 1 ] [ 1900 1719 1563 ] [    0    0    0 ] [      0      0      0 ] [ 0 ],drive [ 20 ] [ 0 ] [ 1900 1729 1573 ] [   18   37   45 ] [  11682   6967   9539 ] [ 0 ],1.10,1.10,1.10,1.10,-3.64,-9.37,0.00,0.80,0.80,0.80,0.80,-4.71,0.75,0.00,0.00,0.00,0.00,0.80,0.00,0.00,0.00,0
3.39261,-4,-8,65,0,DRIVE [ 21 ] [ 1 ] [ 1900 1708 1555 ] [    0    0    0 ] [      0      0      0 ] [ 0 ],drive [ 21 ] [ 0 ] [ 1900 1719 1563 ] [   18   37   45 ] [  11682   6967   9539 ] [ 0 ],1.10,1.10,1.10,1.10,-3.90,-9.30,0.00,0.80,0.80,0.80,0.80,-4.77,0.62,0.00,0.00,0.00,0.00,0.80,0.00,0.00,0.00,0
3.40572,-4,-8,64,0,DRIVE [ 22 ] [ 1 ] [ 1900 1698 1546 ] [    0    0    0 ] [      0      0      0 ] [ 0 ],drive [ 21 ] [ 0 ] [ 1900 1708 1555 ] [   18   37   45 ] [  11593   6967   9664 ] [ 0 ],1.10,1.10,1.10,1.10,-4.16,-9.27,0.00,0.80,0.80,0.80,0.80,-4.83,0.49,0.00,0.00,0.00,0.00,0.80,0.00,0.00,0.00,0
3.4177,-4,-8,63,0,DRIVE [ 22 ] [ 1 ] [ 1900 1687 1533 ] [    0    0    0 ] [      0      0      0 ] [ 0 ],drive [ 22 ] [ 0 ] [ 1900 1698 1546 ] [    9   40   39 ] [  11593   6967   9664 ] [ 0 ],1.10,1.10,1.10,1.10,-4.43,-9.32,0.00,0.80,0.80,0.80,0.80,-4.89,0.35,0.00,0.00,0.00,0.00,0.80,0.00,0.00,0.00,0
3.43037,-4,-9,63,0,DRIVE [ 23 ] [ 1 ] [ 1900 1677 1518 ] [    0    0    0 ] [      0      0      0 ] [ 0 ],drive [ 22 ] [ 0 ] [ 1900 1687 1533 ] [    9   40   39 ] [  11593   6967   9664 ] [ 0 ],1.10,1.10,1.10,1.10,-4.70,-9.42,0.00,0.80,0.80,0.80,0.80,-4.96,0.21,0.00,0.00,0.00,0.00,0.80,0.00,0.00,0.00,0
3.44103,-4,-9,62,0,DRIVE [ 23 ] [ 1 ] [ 1900 1666 1502 ] [    0    0    0 ] [      0      0      0 ] [ 0 ],drive [ 23 ] [ 0 ] [ 1900 1677 1518 ] [    9   40   39 ] [  11593   6967   9664 ] [ 0 ],1.10,1.10,1.10,1.10,-4.95,-9.56,0.00,0.80,0.80,0.80,0.80,-5.03,0.07,0.00,0.00,0.00,0.00,0.80,0.00,0.00,0.00,0
3.45071,-5,-9,61,0,DRIVE [ 24 ] [ 1 ] [ 1900 1657 1484 ] [    0    0    0 ] [      0      0      0 ] [ 0 ],drive [ 23 ] [ 0 ] [ 1900 1666 1502 ] [    9   40   39 ] [  11593   6972   9667 ] [ 0 ],1.10,1.10,1.10,1.10,-5.18,-9.73,0.00,0.80,0.80,0.80,0.80,-5.11,-0.07,0.00,0.00,0.00,0.00,0.80,0.00,0.00,0.00,0
3.46184,-5,-9,60,0,DRIVE [ 24 ] [ 1 ] [ 1900 1648 1466 ] [    0    0    0 ] [      0      0      0 ] [ 0 ],drive [ 24 ] [ 0 ] [ 1900 1657 1484 ] [    9   40   39 ] [  11593   6972   9667 ] [ 0 ],1.10,1.10,1.10,1.10,-5.36,-9.92,0.00,0.80,0.80,0.80,0.80,-5.18,-0.21,0.00,0.00,0.00,0.00,0.80,0.00,0.00,0.00,0
3.47291,-5,-9,60,0,DRIVE [ 25 ] [ 1 ] [ 1900 1639 1448 ] [    0    0    0 ] [      0      0      0 ] [ 0 ],drive [ 24 ] [ 0 ] [ 1900 1648 1466 ] [    9   43   63 ] [  11593   6972   9667 ] [ 0 ],1.10,1.10,1.10,1.10,-5.52,-10.08,0.00,0.80,0.80,0.80,0.80,-5.26,-0.36,0.00,0.00,0.00,0.00,0.80,0.00,0.00,0.00,0
3.48456,-5,-9,59,0,DRIVE [ 25 ] [ 1 ] [ 1900 1632 1432 ] [    0    0    0 ] [      0      0      0 ] [ 0 ],drive [ 25 ] [ 0 ] [ 1900 1639 1448 ] [    9   43   63 ] [  11593   6972   9667 ] [ 0 ],1.10,1.10,1.10,1.10,-5.64,-10.17,0.00,0.80,0.80,0.80,0.80,-5.34,-0.51,0.00,0.00,0.00,0.00,0.80,0.00,0.00,0.00,0
3.49682,-5,-9,58,0,DRIVE [ 26 ] [ 1 ] [ 1900 1624 1418 ] [    0    0    0 ] [      0      0      0 ] [ 0 ],drive [ 25 ] [ 0 ] [ 1900 1632 1432 ] [    9   43   63 ] [  11593   6972   9667 ] [ 0 ],1.10,1.10,1.10,1.10,-5.72,-10.21,0.00,0.80,0.80,0.80,0.80,-5.42,-0.65,0.00,0.00,0.00,0.00,0.80,0.00,0.00,0.00,0
3.50656,-5,-9,57,0,DRIVE [ 26 ] [ 1 ] [ 1900 1617 1405 ] [    0    0    0 ] [      0      0      0 ] [ 0 ],drive [ 26 ] [ 0 ] [ 1900 1624 1418 ] [    9   43   63 ] [  11575   6986   9852 ] [ 0 ],1.10,1.10,1.10,1.10,-5.77,-10.21,0.00,0.80,0.80,0.80,0.80,-5.50,-0.80,0.00,0.00,0.00,0.00,0.80,0.00,0.00,0.00,0
3.51639,-5,-9,56,0,DRIVE [ 27 ] [ 1 ] [ 1900 1611 1392 ] [    0    0    0 ] [      0      0      0 ] [ 0 ],drive [ 26 ] [ 0 ] [ 1900 1617 1405 ] [   14   30   45 ] [  11575   6986   9852 ] [ 0 ],1.10,1.10,1.10,1.10,-5.79,-10.22,0.00,0.80,0.80,0.80,0.80,-5.58,-0.95,0.00,0.00,0.00,0.00,0.80,0.00,0.00,0.00,0
3.53013,-5,-9,56,0,DRIVE [ 27 ] [ 1 ] [ 1900 1606 1378 ] [    0    0    0 ] [      0      0      0 ] [ 0 ],drive [ 27 ] [ 0 ] [ 1900 1611 1392 ] [   14   30   45 ] [  11575   6986   9852 ] [ 0 ],1.10,1.10,1.10,1.10,-5.79,-10.26,0.00,0.80,0.80,0.80,0.80,-5.66,-1.09,0.00,0.00,0.00,0.00,0.80,0.00,0.00,0.00,0
3.54296,-5,-9,55,0,DRIVE [ 28 ] [ 1 ] [ 1900 1600 1362 ] [    0    0    0 ] [      0      0      0 ] [ 0 ],drive [ 27 ] [ 0 ] [ 1900 1606 1378 ] [   14   30   45 ] [  11575   6986   9852 ] [ 0 ],1.10,1.10,1.10,1.10,-5.79,-10.33,0.00,0.80,0.80,0.80,0.80,-5.75,-1.24,0.00,0.00,0.00,0.00,0.80,0.00,0.00,0.00,0
3.55434,-5,-9,54,0,DRIVE [ 28 ] [ 1 ] [ 1900 1594 1346 ] [    0    0    0 ] [      0      0      0 ] [ 0 ],drive [ 28 ] [ 0 ] [ 1900 1600 1362 ] [   14   30   45 ] [  11522   7012   9892 ] [ 0 ],1.10,1.10,1.10,1.10,-5.78,-10.37,0.00,0.80,0.80,0.80,0.80,-5.83,-1.39,0.00,0.00,0.00,0.00,0.80,0.00,0.00,0.00,0
3.56576,-5,-9,53,0,DRIVE [ 29 ] [ 1 ] [ 1900 1589 1332 ] [    0    0    0 ] [      0      0      0 ] [ 0 ],drive [ 28 ] [ 0 ] [ 1900 1594 1346 ] [   21   31   75 ] [  11522   7012   9892 ] [ 0 ],1.10,1.10,1.10,1.10,-5.74,-10.37,0.00,0.80,0.80,0.80,0.80,-5.91,-1.54,0.00,0.00,0.00,0.00,0.80,0.00,0.00,0.00,0
3.57682,-5,-9,52,0,DRIVE [ 29 ] [ 1 ] [ 1900 1585 1321 ] [    0    0    0 ] [      0      0      0 ] [ 0 ],drive [ 29 ] [ 0 ] [ 1900 1589 1332 ] [   21   31   75 ] [  11522   7012   9892 ] [ 0 ],1.10,1.10,1.10,1.10,-5.67,-10.28,0.00,0.80,0.80,0.80,0.80,-5.99,-1.69,0.00,0.00,0.00,0.00,0.80,0.00,0.00,0.00,0
3.58823,-5,-9,52,0,DRIVE [ 30 ] [ 1 ] [ 1900 1580 1317 ] [    0    0    0 ] [      0      0      0 ] [ 0 ],drive [ 29 ] [ 0 ] [ 1900 1585 1321 ] [   21   31   75 ] [  11522   7012   9892 ] [ 0 ],1.10,1.10,1.10,1.10,-5.55,-10.00,0.00,0.80,0.80,0.80,0.80,-6.06,-1.83,0.00,0.00,0.00,0.00,0.80,0.00,0.00,0.00,0
3.60016,-5,-9,51,0,DRIVE [ 30 ] [ 1 ] [ 1900 1576 1321 ] [    0    0    0 ] [      0      0      0 ] [ 0 ],drive [ 30 ] [ 0 ] [ 1900 1580 1317 ] [   21   31   75 ] [  11522   7012   9892 ] [ 0 ],1.10,1.10,1.10,1.10,-5.39,-9.58,0.00,0.80,0.80,0.80,0.80,-6.14,-1.96,0.00,0.00,0.00,0.00,0.80,0.00,0.00,0.00,0
3.60978,-5,-8,50,0,DRIVE [ 31 ] [ 1 ] [ 1900 1574 1329 ] [    0    0    0 ] [      0      0      0 ] [ 0 ],drive [ 30 ] [ 0 ] [ 1900 1576 1321 ] [   21   31   75 ] [  11455   7012  10116 ] [ 0 ],1.10,1.10,1.10,1.10,-5.17,-9.04,0.00,0.80,0.80,0.80,0.80,-6.21,-2.08,0.00,0.00,0.00,0.00,0.80,0.00,0.00,0.00,0
3.62132,-4,-8,49,0,DRIVE [ 31 ] [ 1 ] [ 1900 1573 1339 ] [    0    0    0 ] [      0      0      0 ] [ 0 ],drive [ 31 ] [ 0 ] [ 1900 1574 1329 ] [   29   33   77 ] [  11455   7012  10116 ] [ 0 ],1.10,1.10,1.10,1.10,-4.91,-8.52,0.00,0.80,0.80,0.80,0.80,-6.27,-2.20,0.00,0.00,0.00,0.00,0.80,0.00,0.00,0.00,0
3.63292,-4,-7,48,0,DRIVE [ 32 ] [ 1 ] [ 1900 1572 1348 ] [    0    0    0 ] [      0      0      0 ] [ 0 ],drive [ 31 ] [ 0 ] [ 1900 1573 1339 ] [   29   33   77 ] [  11455   7012  10116 ] [ 0 ],1.10,1.10,1.10,1.10,-4.62,-8.02,0.00,0.80,0.80,0.80,0.80,-6.33,-2.31,0.00,0.00,0.00,0.00,0.80,0.00,0.00,0.00,0
3.64249,-4,-7,47,0,DRIVE [ 32 ] [ 1 ] [ 1900 1572 1355 ] [    0    0    0 ] [      0      0      0 ] [ 0 ],drive [ 32 ] [ 0 ] [ 1900 1572 1348 ] [   29   33   77 ] [  11455   7012  10116 ] [ 0 ],1.10,1.10,1.10,1.10,-4.34,-7.56,0.00,0.80,0.80,0.80,0.80,-6.39,-2.41,0.00,0.00,0.00,0.00,0.80,0.00,0.00,0.00,0
3.65257,-4,-6,46,0,DRIVE [ 33 ] [ 1 ] [ 1900 1572 1362 ] [    0    0    0 ] [      0      0      0 ] [ 0 ],drive [ 32 ] [ 0 ] [ 1900 1572 1355 ] [   29   33   77 ] [  11378   7015  10184 ] [ 0 ],1.10,1.10,1.10,1.10,-4.07,-7.15,0.00,0.80,0.80,0.80,0.80,-6.44,-2.50,0.00,0.00,0.00,0.00,0.80,0.00,0.00,0.00,0
3.66613,-3,-6,45,0,DRIVE [ 33 ] [ 1 ] [ 1900 1573 1367 ] [    0    0    0 ] [      0      0      0 ] [ 0 ],drive [ 33 ] [ 0 ] [ 1900 1572 1362 ] [   29   33   77 ] [  11378   7015  10184 ] [ 0 ],1.10,1.10,1.10,1.10,-3.79,-6.77,0.00,0.80,0.80,0.80,0.80,-6.49,-2.60,0.00,0.00,0.00,0.00,0.80,0.00,0.00,0.00,0
3.6766,-3,-6,45,0,DRIVE [ 34 ] [ 1 ] [ 1900 1575 1371 ] [    0    0    0 ] [      0      0      0 ] [ 0 ],drive [ 33 ] [ 0 ] [ 1900 1573 1367 ] [   20   33   67 ] [  11378   7015  10184 ] [ 0 ],1.10,1.10,1.10,1.10,-3.49,-6.43,0.00,0.80,0.80,0.80,0.80,-6.54,-2.69,0.00,0.00,0.00,0.00,0.80,0.00,0.00,0.00,0
3.69196,-3,-6,44,1,DRIVE [ 34 ] [ 1 ] [ 1900 1577 1374 ] [    0    0    0 ] [      0      0      0 ] [ 0 ],drive [ 34 ] [ 0 ] [ 1900 1575 1371 ] [   20   33   67 ] [  11378   7015  10184 ] [ 0 ],1.10,1.10,1.10,1.10,-3.20,-6.12,0.00,0.80,0.80,0.80,0.80,-6.58,-2.77,0.00,0.00,0.00,0.00,0.80,0.00,0.00,0.00,0
