timestamp,Xmm,Ymm,Zmm,TouchDetected,OutgoingPacket,IncomingPacket,GainPropAb, GainPropAd, GainPropFl, GainPropEx,PropA, PropB, PropC,GainIntegAb, GainIntegAd, GainIntegFl, GainIntegEx,IntegA, IntegB, IntegC,GainDerivAb, GainDerivAd, GainDerivFl, GainDerivEx,DerivA, DerivB, DerivC,Heading5
0.124834,-50,95,386,0,DRIVE [ 63 ] [ 1 ] [ 1901 1896 1905 ] [    0    0    0 ] [      0      0      0 ] [ 0 ],drive [ 62 ] [ 0 ] [ 1902 1905 1905 ] [    1    5    2 ] [  13052  11016  10447 ] [ 0 ],1.00,1.00,1.20,1.40,-50.03,132.32,0.00,0.00,0.00,0.00,0.00,0.00,0.00,0.00,0.00,0.00,0.00,0.00,0.00,0.00,0.00,0
0.137197,-51,97,395,0,DRIVE [ 63 ] [ 1 ] [ 1896 1886 1905 ] [    0    0    0 ] [      0      0      0 ] [ 0 ],drive [ 63 ] [ 0 ] [ 1901 1896 1905 ] [    1    5    2 ] [  13052  11016  10447 ] [ 0 ],1.00,1.00,1.20,1.40,-50.98,135.94,0.00,0.00,0.00,0.00,0.00,0.00,0.00,0.00,0.00,0.00,0.00,0.00,0.00,0.00,0.00,0
0.150205,-51,98,398,0,DRIVE [ 64 ] [ 1 ] [ 1892 1877 1905 ] [    0    0    0 ] [      0      0      0 ] [ 0 ],drive [ 63 ] [ 0 ] [ 1896 1886 1905 ] [    1    5    2 ] [  13054  11016  10448 ] [ 0 ],1.00,1.00,1.20,1.40,-51.26,137.30,0.00,0.00,0.00,0.00,0.00,0.00,0.00,0.00,0.00,0.00,0.00,0.00,0.00,0.00,0.00,0
0.163224,-51,98,396,0,DRIVE [ 64 ] [ 1 ] [ 1888 1867 1905 ] [    0    0    0 ] [      0      0      0 ] [ 0 ],drive [ 64 ] [ 0 ] [ 1892 1877 1905 ] [    0    5    4 ] [  13054  11016  10448 ] [ 0 ],1.00,1.00,1.20,1.40,-50.77,137.33,0.00,0.00,0.00,0.00,0.00,0.00,0.00,0.00,0.00,0.00,0.00,0.00,0.00,-0.00,0.00,0
0.17607,-51,98,395,0,DRIVE [ 65 ] [ 1 ] [ 1883 1857 1905 ] [    0    0    0 ] [      0      0      0 ] [ 0 ],drive [ 64 ] [ 0 ] [ 1888 1867 1905 ] [    0    5    4 ] [  13054  11016  10448 ] [ 0 ],1.00,1.00,1.20,1.40,-50.73,137.78,0.00,0.00,0.00,0.00,0.00,0.00,0.00,0.00,0.00,0.00,0.00,0.00,0.00,0.00,0.00,0
0.189028,-51,99,395,0,DRIVE [ 65 ] [ 1 ] [ 1878 1848 1905 ] [    0    0    0 ] [      0      0      0 ] [ 0 ],drive [ 65 ] [ 0 ] [ 1883 1857 1905 ] [    0    5    4 ] [  13054  11016  10445 ] [ 0 ],1.00,1.00,1.20,1.40,-50.56,138.37,0.00,0.00,0.00,0.00,0.00,0.00,0.00,0.00,0.00,0.00,0.00,0.00,0.00,0.00,0.00,0
0.201463,-50,99,392,0,DRIVE [ 66 ] [ 1 ] [ 1874 1838 1905 ] [    0    0    0 ] [      0      0      0 ] [ 0 ],drive [ 65 ] [ 0 ] [ 1878 1848 1905 ] [    0    5    4 ] [  13054  11016  10445 ] [ 0 ],1.00,1.00,1.20,1.40,-50.01,138.04,0.00,0.00,0.00,0.00,0.00,0.00,0.00,0.00,0.00,0.00,0.00,0.00,0.00,-0.00,0.00,0
0.214526,-50,99,392,0,DRIVE [ 66 ] [ 1 ] [ 1869 1828 1905 ] [    0    0    0 ] [      0      0      0 ] [ 0 ],drive [ 66 ] [ 0 ] [ 1874 1838 1905 ] [    2    9    5 ] [  13054  11016  10445 ] [ 0 ],1.00,1.00,1.20,1.40,-49.75,138.62,0.00,0.00,0.00,0.00,0.00,0.00,0.00,0.00,0.00,0.00,0.00,0.00,0.00,0.00,0.00,0
0.227724,-49,99,389,0,DRIVE [ 67 ] [ 1 ] [ 1864 1819 1905 ] [    0    0    0 ] [      0      0      0 ] [ 0 ],drive [ 66 ] [ 0 ] [ 1869 1828 1905 ] [    2    9    5 ] [  13054  11016  10445 ] [ 0 ],1.00,1.00,1.20,1.40,-49.12,138.26,0.00,0.00,0.00,0.00,0.00,0.00,0.00,0.00,0.00,0.00,0.00,0.00,0.00,-0.00,0.00,0
0.240584,-49,99,389,0,DRIVE [ 67 ] [ 1 ] [ 1859 1809 1905 ] [    0    0    0 ] [      0      0      0 ] [ 0 ],drive [ 67 ] [ 0 ] [ 1864 1819 1905 ] [    2    9    5 ] [  13054  11016  10442 ] [ 0 ],1.00,1.00,1.20,1.40,-48.66,138.76,0.00,0.00,0.00,0.00,0.00,0.00,0.00,0.00,0.00,0.00,0.00,0.00,0.00,-0.00,0.00,0
0.253417,-48,100,389,0,DRIVE [ 68 ] [ 1 ] [ 1854 1799 1905 ] [    0    0    0 ] [      0      0      0 ] [ 0 ],drive [ 67 ] [ 0 ] [ 1859 1809 1905 ] [    3   12    6 ] [  13054  11016  10442 ] [ 0 ],1.00,1.00,1.20,1.40,-48.31,139.70,0.00,0.00,0.00,0.00,0.00,0.00,0.00,0.00,0.00,0.00,0.00,0.00,0.00,0.00,0.00,0
0.265498,-47,100,386,0,DRIVE [ 68 ] [ 1 ] [ 1848 1789 1905 ] [    0    0    0 ] [      0      0      0 ] [ 0 ],drive [ 68 ] [ 0 ] [ 1854 1799 1905 ] [    3   12    6 ] [  13054  11016  10442 ] [ 0 ],1.00,1.00,1.20,1.40,-47.16,139.67,0.00,0.00,0.00,0.00,0.00,0.00,0.00,0.00,0.00,0.00,0.00,0.00,0.00,-0.00,0.00,0
0.278458,-46,100,385,0,DRIVE [ 69 ] [ 1 ] [ 1843 1780 1905 ] [    0    0    0 ] [      0      0      0 ] [ 0 ],drive [ 68 ] [ 0 ] [ 1848 1789 1905 ] [    3   12    6 ] [  13054  11016  10442 ] [ 0 ],1.00,1.00,1.20,1.40,-46.34,140.46,0.00,0.00,0.00,0.00,0.00,0.00,0.00,0.00,0.00,0.00,0.00,0.00,0.00,-0.00,0.00,0
0.291273,-45,100,383,0,DRIVE [ 69 ] [ 1 ] [ 1837 1771 1905 ] [    0    0    0 ] [      0      0      0 ] [ 0 ],drive [ 69 ] [ 0 ] [ 1843 1780 1905 ] [    3   12    6 ] [  13064  11016  10442 ] [ 0 ],1.00,1.00,1.20,1.40,-45.38,140.51,0.00,0.00,0.00,0.00,0.00,0.00,0.00,0.00,0.00,0.00,0.00,0.00,0.00,-0.00,0.00,0
0.30377,-45,101,382,0,DRIVE [ 70 ] [ 1 ] [ 1831 1761 1905 ] [    0    0    0 ] [      0      0      0 ] [ 0 ],drive [ 69 ] [ 0 ] [ 1837 1771 1905 ] [    9   16    6 ] [  13064  11016  10442 ] [ 0 ],1.00,1.00,1.20,1.40,-44.55,140.90,0.00,0.00,0.00,0.00,0.00,0.00,0.00,0.00,0.00,0.00,0.00,0.00,0.00,-0.00,0.00,0
0.31598,-43,100,379,0,DRIVE [ 70 ] [ 1 ] [ 1825 1753 1905 ] [    0    0    0 ] [      0      0      0 ] [ 0 ],drive [ 70 ] [ 0 ] [ 1831 1761 1905 ] [    9   16    6 ] [  13064  11016  10442 ] [ 0 ],1.00,1.00,1.20,1.40,-43.38,140.50,0.00,0.00,0.00,0.00,0.00,0.00,0.00,0.00,0.00,0.00,0.00,0.00,0.00,-0.00,0.00,0
0.32885,-42,100,376,0,DRIVE [ 71 ] [ 1 ] [ 1819 1744 1905 ] [    0    0    0 ] [      0      0      0 ] [ 0 ],drive [ 70 ] [ 0 ] [ 1825 1753 1905 ] [    9   16    6 ] [  13064  11016  10442 ] [ 0 ],1.00,1.00,1.20,1.40,-42.32,140.26,0.00,0.00,0.00,0.00,0.00,0.00,0.00,0.00,0.00,0.00,0.00,0.00,0.00,-0.00,0.00,0
0.341238,-41,100,374,0,DRIVE [ 71 ] [ 1 ] [ 1813 1735 1905 ] [    0    0    0 ] [      0      0      0 ] [ 0 ],drive [ 71 ] [ 0 ] [ 1819 1744 1905 ] [    9   16    6 ] [  13079  11016  10440 ] [ 0 ],1.00,1.00,1.20,1.40,-41.32,140.24,0.00,0.00,0.00,0.00,0.00,0.00,0.00,0.00,0.00,0.00,0.00,0.00,0.00,-0.00,0.00,0
0.353886,-40,100,372,0,DRIVE [ 72 ] [ 1 ] [ 1807 1726 1905 ] [    0    0    0 ] [      0      0      0 ] [ 0 ],drive [ 71 ] [ 0 ] [ 1813 1735 1905 ] [   32   19    7 ] [  13079  11016  10440 ] [ 0 ],1.00,1.00,1.20,1.40,-40.30,140.27,0.00,0.00,0.00,0.00,0.00,0.00,0.00,0.00,0.00,0.00,0.00,0.00,0.00,-0.00,0.00,0
0.366086,-39,100,369,0,DRIVE [ 72 ] [ 1 ] [ 1800 1716 1905 ] [    0    0    0 ] [      0      0      0 ] [ 0 ],drive [ 72 ] [ 0 ] [ 1807 1726 1905 ] [   32   19    7 ] [  13079  11016  10440 ] [ 0 ],1.00,1.00,1.20,1.40,-39.16,140.34,0.00,0.00,0.00,0.00,0.00,0.00,0.00,0.00,0.00,0.00,0.00,0.00,0.00,-0.00,0.00,0
0.378719,-38,100,365,0,DRIVE [ 73 ] [ 1 ] [ 1792 1707 1905 ] [    0    0    0 ] [      0      0      0 ] [ 0 ],drive [ 72 ] [ 0 ] [ 1800 1716 1905 ] [   32   19    7 ] [  13079  11016  10440 ] [ 0 ],1.00,1.00,1.20,1.40,-37.67,140.60,0.00,0.00,0.00,0.00,0.00,0.00,0.00,0.00,0.00,0.00,0.00,0.00,0.00,-0.00,0.00,0
0.391182,-36,101,362,0,DRIVE [ 73 ] [ 1 ] [ 1784 1697 1905 ] [    0    0    0 ] [      0      0      0 ] [ 0 ],drive [ 73 ] [ 0 ] [ 1792 1707 1905 ] [   32   19    7 ] [  13168  11016  10439 ] [ 0 ],1.00,1.00,1.20,1.40,-36.28,141.20,0.00,0.00,0.00,0.00,0.00,0.00,0.00,0.00,0.00,0.00,0.00,0.00,0.00,-0.00,0.00,0
0.403784,-35,101,359,0,DRIVE [ 74 ] [ 1 ] [ 1775 1688 1905 ] [    0    0    0 ] [      0      0      0 ] [ 0 ],drive [ 73 ] [ 0 ] [ 1784 1697 1905 ] [   13   22    8 ] [  13168  11016  10439 ] [ 0 ],1.00,1.00,1.20,1.40,-34.94,141.88,0.00,0.00,0.00,0.00,0.00,0.00,0.00,0.00,0.00,0.00,0.00,0.00,0.00,-0.00,0.00,0
0.416508,-33,102,354,0,DRIVE [ 74 ] [ 1 ] [ 1766 1678 1905 ] [    0    0    0 ] [      0      0      0 ] [ 0 ],drive [ 74 ] [ 0 ] [ 1775 1688 1905 ] [   13   22    8 ] [  13168  11016  10439 ] [ 0 ],1.00,1.00,1.20,1.40,-33.49,142.27,0.00,0.00,0.00,0.00,0.00,0.00,0.00,0.00,0.00,0.00,0.00,0.00,0.00,-0.00,0.00,0
0.429258,-32,102,351,0,DRIVE [ 75 ] [ 1 ] [ 1756 1667 1905 ] [    0    0    0 ] [      0      0      0 ] [ 0 ],drive [ 74 ] [ 0 ] [ 1766 1678 1905 ] [   13   22    8 ] [  13168  11016  10439 ] [ 0 ],1.00,1.00,1.20,1.40,-32.10,143.28,0.00,0.00,0.00,0.00,0.00,0.00,0.00,0.00,0.00,0.00,0.00,0.00,0.00,-0.00,0.00,0
0.441721,-31,103,349,0,DRIVE [ 75 ] [ 1 ] [ 1746 1656 1905 ] [    0    0    0 ] [      0      0      0 ] [ 0 ],drive [ 75 ] [ 0 ] [ 1756 1667 1905 ] [   13   22    8 ] [  13193  11016  10433 ] [ 0 ],1.00,1.00,1.20,1.40,-30.76,144.88,0.00,0.00,0.00,0.00,0.00,0.00,0.00,0.00,0.00,0.00,0.00,0.00,0.00,-0.00,0.00,0
0.454085,-29,104,346,0,DRIVE [ 76 ] [ 1 ] [ 1734 1646 1905 ] [    0    0    0 ] [      0      0      0 ] [ 0 ],drive [ 75 ] [ 0 ] [ 1746 1656 1905 ] [   42   26   14 ] [  13193  11016  10433 ] [ 0 ],1.00,1.00,1.20,1.40,-29.28,146.29,0.00,0.00,0.00,0.00,0.00,0.00,0.00,0.00,0.00,0.00,0.00,0.00,0.00,0.00,0.00,0
0.466077,-28,106,344,0,DRIVE [ 76 ] [ 1 ] [ 1723 1635 1905 ] [    0    0    0 ] [      0      0      0 ] [ 0 ],drive [ 76 ] [ 0 ] [ 1734 1646 1905 ] [   42   26   14 ] [  13193  11016  10433 ] [ 0 ],1.00,1.00,1.20,1.40,-27.84,148.03,0.00,0.00,0.00,0.00,0.00,0.00,0.00,0.00,0.00,0.00,0.00,0.00,0.00,0.00,0.00,0
0.4786,-26,107,340,0,DRIVE [ 77 ] [ 1 ] [ 1711 1624 1905 ] [    0    0    0 ] [      0      0      0 ] [ 0 ],drive [ 76 ] [ 0 ] [ 1723 1635 1905 ] [   42   26   14 ] [  13193  11016  10433 ] [ 0 ],1.00,1.00,1.20,1.40,-26.41,149.16,0.00,0.00,0.00,0.00,0.00,0.00,0.00,0.00,0.00,0.00,0.00,0.00,0.00,0.00,0.00,0
0.490937,-25,108,336,0,DRIVE [ 77 ] [ 1 ] [ 1696 1611 1905 ] [    0    0    0 ] [      0      0      0 ] [ 0 ],drive [ 77 ] [ 0 ] [ 1711 1624 1905 ] [   42   26   14 ] [  13333  11016  10403 ] [ 0 ],1.00,1.00,1.20,1.40,-24.79,151.26,0.00,0.00,0.00,0.00,0.00,0.00,0.00,0.00,0.00,0.00,0.00,0.00,0.00,0.00,0.00,0
0.503235,-23,109,332,0,DRIVE [ 78 ] [ 1 ] [ 1682 1598 1905 ] [    0    0    0 ] [      0      0      0 ] [ 0 ],drive [ 77 ] [ 0 ] [ 1696 1611 1905 ] [   21   30   20 ] [  13333  11016  10403 ] [ 0 ],1.00,1.00,1.20,1.40,-23.32,153.00,0.00,0.00,0.00,0.00,0.00,0.00,0.00,0.00,0.00,0.00,0.00,0.00,0.00,0.00,0.00,0
0.515085,-22,111,328,0,DRIVE [ 78 ] [ 1 ] [ 1667 1585 1905 ] [    0    0    0 ] [      0      0      0 ] [ 0 ],drive [ 78 ] [ 0 ] [ 1682 1598 1905 ] [   21   30   20 ] [  13333  11016  10403 ] [ 0 ],1.00,1.00,1.20,1.40,-21.90,154.73,0.00,0.00,0.00,0.00,0.00,0.00,0.00,0.00,0.00,0.00,0.00,0.00,0.00,0.00,0.00,0
0.527486,-21,113,327,0,DRIVE [ 79 ] [ 1 ] [ 1653 1573 1905 ] [    0    0    0 ] [      0      0      0 ] [ 0 ],drive [ 78 ] [ 0 ] [ 1667 1585 1905 ] [   21   30   20 ] [  13333  11016  10403 ] [ 0 ],1.00,1.00,1.20,1.40,-20.77,157.54,0.00,0.00,0.00,0.00,0.00,0.00,0.00,0.00,0.00,0.00,0.00,0.00,0.00,0.00,0.00,0
0.540338,-19,114,324,0,DRIVE [ 79 ] [ 1 ] [ 1637 1560 1905 ] [    0    0    0 ] [      0      0      0 ] [ 0 ],drive [ 79 ] [ 0 ] [ 1653 1573 1905 ] [   21   30   20 ] [  13410  11016  10351 ] [ 0 ],1.00,1.00,1.20,1.40,-19.39,159.24,0.00,0.00,0.00,0.00,0.00,0.00,0.00,0.00,0.00,0.00,0.00,0.00,0.00,0.00,0.00,0
0.553407,-18,115,321,0,DRIVE [ 80 ] [ 1 ] [ 1621 1547 1905 ] [    0    0    0 ] [      0      0      0 ] [ 0 ],drive [ 79 ] [ 0 ] [ 1637 1560 1905 ] [   21   30   20 ] [  13410  11016  10351 ] [ 0 ],1.00,1.00,1.20,1.40,-17.87,160.83,0.00,0.00,0.00,0.00,0.00,0.00,0.00,0.00,0.00,0.00,0.00,0.00,0.00,0.00,0.00,0
0.56528,-16,116,316,0,DRIVE [ 80 ] [ 1 ] [ 1603 1533 1905 ] [    0    0    0 ] [      0      0      0 ] [ 0 ],drive [ 80 ] [ 0 ] [ 1621 1547 1905 ] [   37   34    5 ] [  13410  11016  10351 ] [ 0 ],1.00,1.00,1.20,1.40,-16.29,162.07,0.00,0.00,0.00,0.00,0.00,0.00,0.00,0.00,0.00,0.00,0.00,0.00,0.00,0.00,0.00,0
0.578565,-15,118,314,0,DRIVE [ 81 ] [ 1 ] [ 1586 1519 1905 ] [    0    0    0 ] [      0      0      0 ] [ 0 ],drive [ 80 ] [ 0 ] [ 1603 1533 1905 ] [   37   34    5 ] [  13410  11016  10351 ] [ 0 ],1.00,1.00,1.20,1.40,-14.88,164.57,0.00,0.00,0.00,0.00,0.00,0.00,0.00,0.00,0.00,0.00,0.00,0.00,0.00,0.00,0.00,0
0.590497,-13,120,312,0,DRIVE [ 81 ] [ 1 ] [ 1566 1504 1905 ] [    0    0    0 ] [      0      0      0 ] [ 0 ],drive [ 81 ] [ 0 ] [ 1586 1519 1905 ] [   37   34    5 ] [  13427  11019  10351 ] [ 0 ],1.00,1.00,1.20,1.40,-13.47,167.37,0.00,0.00,0.00,0.00,0.00,0.00,0.00,0.00,0.00,0.00,0.00,0.00,0.00,0.00,0.00,0
0.602281,-12,121,309,0,DRIVE [ 82 ] [ 1 ] [ 1547 1489 1905 ] [    0    0    0 ] [      0      0      0 ] [ 0 ],drive [ 81 ] [ 0 ] [ 1566 1504 1905 ] [   50   41    3 ] [  13427  11019  10351 ] [ 0 ],1.00,1.00,1.20,1.40,-11.99,169.47,0.00,0.00,0.00,0.00,0.00,0.00,0.00,0.00,0.00,0.00,0.00,0.00,0.00,0.00,0.00,0
0.614477,-10,123,305,0,DRIVE [ 82 ] [ 1 ] [ 1523 1473 1905 ] [    0    0    0 ] [      0      0      0 ] [ 0 ],drive [ 82 ] [ 0 ] [ 1547 1489 1905 ] [   50   41    3 ] [  13427  11019  10351 ] [ 0 ],1.00,1.00,1.20,1.40,-10.08,172.52,0.00,0.00,0.00,0.00,0.00,0.00,0.00,0.00,0.00,0.00,0.00,0.00,0.00,0.00,0.00,0
0.627108,-8,125,301,0,DRIVE [ 83 ] [ 1 ] [ 1500 1456 1905 ] [    0    0    0 ] [      0      0      0 ] [ 0 ],drive [ 82 ] [ 0 ] [ 1523 1473 1905 ] [   50   41    3 ] [  13427  11019  10351 ] [ 0 ],1.00,1.00,1.20,1.40,-8.50,174.71,0.00,0.00,0.00,0.00,0.00,0.00,0.00,0.00,0.00,0.00,0.00,0.00,0.00,0.00,0.00,0
0.639121,-7,126,297,0,DRIVE [ 83 ] [ 1 ] [ 1478 1439 1905 ] [    0    0    0 ] [      0      0      0 ] [ 0 ],drive [ 83 ] [ 0 ] [ 1500 1456 1905 ] [   50   41    3 ] [  13709  11027  10254 ] [ 0 ],1.00,1.00,1.20,1.40,-7.23,176.85,0.00,0.00,0.00,0.00,0.00,0.00,0.00,0.00,0.00,0.00,0.00,0.00,0.00,0.00,0.00,0
0.651204,-6,127,294,0,DRIVE [ 84 ] [ 1 ] [ 1458 1424 1905 ] [    0    0    0 ] [      0      0      0 ] [ 0 ],drive [ 83 ] [ 0 ] [ 1478 1439 1905 ] [   50   41    3 ] [  13709  11027  10254 ] [ 0 ],1.00,1.00,1.20,1.40,-6.28,178.13,0.00,0.00,0.00,0.00,0.00,0.00,0.00,0.00,0.00,0.00,0.00,0.00,0.00,0.00,0.00,0
0.662968,-6,128,290,0,DRIVE [ 84 ] [ 1 ] [ 1440 1407 1905 ] [    0    0    0 ] [      0      0      0 ] [ 0 ],drive [ 84 ] [ 0 ] [ 1458 1424 1905 ] [   52   55   16 ] [  13709  11027  10254 ] [ 0 ],1.00,1.00,1.20,1.40,-5.77,178.54,0.00,0.00,0.00,0.00,0.00,0.00,0.00,0.00,0.00,0.00,0.00,0.00,0.00,0.00,0.00,0
0.674991,-6,128,288,0,DRIVE [ 85 ] [ 1 ] [ 1425 1392 1905 ] [    0    0    0 ] [      0      0      0 ] [ 0 ],drive [ 84 ] [ 0 ] [ 1440 1407 1905 ] [   52   55   16 ] [  13709  11027  10254 ] [ 0 ],1.00,1.00,1.20,1.40,-5.73,179.59,0.00,0.00,0.00,0.00,0.00,0.00,0.00,0.00,0.00,0.00,0.00,0.00,0.00,0.00,0.00,0
0.686807,-6,128,285,0,DRIVE [ 85 ] [ 1 ] [ 1412 1376 1905 ] [    0    0    0 ] [      0      0      0 ] [ 0 ],drive [ 85 ] [ 0 ] [ 1425 1392 1905 ] [   52   55   16 ] [  14146  11036  10068 ] [ 0 ],1.00,1.00,1.20,1.40,-5.89,179.71,0.00,0.00,0.00,0.00,0.00,0.00,0.00,0.00,0.00,0.00,0.00,0.00,0.00,0.00,0.00,0
0.698469,-6,128,283,0,DRIVE [ 86 ] [ 1 ] [ 1400 1362 1905 ] [    0    0    0 ] [      0      0      0 ] [ 0 ],drive [ 85 ] [ 0 ] [ 1412 1376 1905 ] [   52   55   16 ] [  14146  11036  10068 ] [ 0 ],1.00,1.00,1.20,1.40,-6.17,179.46,0.00,0.00,0.00,0.00,0.00,0.00,0.00,0.00,0.00,0.00,0.00,0.00,0.00,0.00,0.00,0
0.710725,-6,128,280,0,DRIVE [ 86 ] [ 1 ] [ 1389 1348 1905 ] [    0    0    0 ] [      0      0      0 ] [ 0 ],drive [ 86 ] [ 0 ] [ 1400 1362 1905 ] [   66   73   15 ] [  14146  11036  10068 ] [ 0 ],1.00,1.00,1.20,1.40,-6.49,178.76,0.00,0.00,0.00,0.00,0.00,0.00,0.00,0.00,0.00,0.00,0.00,0.00,0.00,0.00,0.00,0
0.7226,-7,128,279,0,DRIVE [ 87 ] [ 1 ] [ 1378 1334 1905 ] [    0    0    0 ] [      0      0      0 ] [ 0 ],drive [ 86 ] [ 0 ] [ 1389 1348 1905 ] [   66   73   15 ] [  14146  11036  10068 ] [ 0 ],1.00,1.00,1.20,1.40,-6.84,179.09,0.00,0.00,0.00,0.00,0.00,0.00,0.00,0.00,0.00,0.00,0.00,0.00,0.00,0.00,0.00,0
0.73417,-7,128,278,0,DRIVE [ 87 ] [ 1 ] [ 1367 1320 1905 ] [    0    0    0 ] [      0      0      0 ] [ 0 ],drive [ 87 ] [ 0 ] [ 1378 1334 1905 ] [   66   73   15 ] [  14146  11036  10068 ] [ 0 ],1.00,1.00,1.20,1.40,-7.13,179.23,0.00,0.00,0.00,0.00,0.00,0.00,0.00,0.00,0.00,0.00,0.00,0.00,0.00,0.00,0.00,0
0.746425,-7,127,274,0,DRIVE [ 88 ] [ 1 ] [ 1355 1307 1905 ] [    0    0    0 ] [      0      0      0 ] [ 0 ],drive [ 87 ] [ 0 ] [ 1367 1320 1905 ] [   66   73   15 ] [  14317  11116   9992 ] [ 0 ],1.00,1.00,1.20,1.40,-7.19,178.20,0.00,0.00,0.00,0.00,0.00,0.00,0.00,0.00,0.00,0.00,0.00,0.00,0.00,0.00,0.00,0
0.758656,-7,127,272,0,DRIVE [ 88 ] [ 1 ] [ 1340 1294 1905 ] [    0    0    0 ] [      0      0      0 ] [ 0 ],drive [ 88 ] [ 0 ] [ 1355 1307 1905 ] [   53   53   13 ] [  14317  11116   9992 ] [ 0 ],1.00,1.00,1.20,1.40,-6.76,178.33,0.00,0.00,0.00,0.00,0.00,0.00,0.00,0.00,0.00,0.00,0.00,0.00,0.00,0.00,0.00,0
0.770703,-6,127,270,0,DRIVE [ 89 ] [ 1 ] [ 1325 1281 1905 ] [    0    0    0 ] [      0      0      0 ] [ 0 ],drive [ 88 ] [ 0 ] [ 1340 1294 1905 ] [   53   53   13 ] [  14317  11116   9992 ] [ 0 ],1.00,1.00,1.20,1.40,-6.09,178.07,0.00,0.00,0.00,0.00,0.00,0.00,0.00,0.00,0.00,0.00,0.00,0.00,0.00,0.00,0.00,0
0.783726,-5,127,267,0,DRIVE [ 89 ] [ 1 ] [ 1309 1270 1905 ] [    0    0    0 ] [      0      0      0 ] [ 0 ],drive [ 89 ] [ 0 ] [ 1325 1281 1905 ] [   53   53   13 ] [  14317  11116   9992 ] [ 0 ],1.00,1.00,1.20,1.40,-5.30,177.19,0.00,0.00,0.00,0.00,0.00,0.00,0.00,0.00,0.00,0.00,0.00,0.00,0.00,0.00,0.00,0
0.795429,-4,126,265,0,DRIVE [ 90 ] [ 1 ] [ 1293 1259 1905 ] [    0    0    0 ] [      0      0      0 ] [ 0 ],drive [ 89 ] [ 0 ] [ 1309 1270 1905 ] [   53   53   13 ] [  14565  11130   9844 ] [ 0 ],1.00,1.00,1.20,1.40,-4.49,176.91,0.00,0.00,0.00,0.00,0.00,0.00,0.00,0.00,0.00,0.00,0.00,0.00,0.00,0.00,0.00,0
0.807345,-4,125,262,0,DRIVE [ 90 ] [ 1 ] [ 1280 1251 1905 ] [    0    0    0 ] [      0      0      0 ] [ 0 ],drive [ 90 ] [ 0 ] [ 1293 1259 1905 ] [   63   66    4 ] [  14565  11130   9844 ] [ 0 ],1.00,1.00,1.20,1.40,-3.65,175.04,0.00,0.00,0.00,0.00,0.00,0.00,0.00,0.00,0.00,0.00,0.00,0.00,0.00,0.00,0.00,0
0.819344,-3,123,258,0,DRIVE [ 91 ] [ 1 ] [ 1268 1245 1905 ] [    0    0    0 ] [      0      0      0 ] [ 0 ],drive [ 90 ] [ 0 ] [ 1280 1251 1905 ] [   63   66    4 ] [  14565  11130   9844 ] [ 0 ],1.00,1.00,1.20,1.40,-2.96,172.83,0.00,0.00,0.00,0.00,0.00,0.00,0.00,0.00,0.00,0.00,0.00,0.00,0.00,0.00,0.00,0
0.830932,-2,122,256,0,DRIVE [ 91 ] [ 1 ] [ 1260 1240 1905 ] [    0    0    0 ] [      0      0      0 ] [ 0 ],drive [ 91 ] [ 0 ] [ 1268 1245 1905 ] [   63   66    4 ] [  14565  11130   9844 ] [ 0 ],1.00,1.00,1.20,1.40,-2.43,170.18,0.00,0.00,0.00,0.00,0.00,0.00,0.00,0.00,0.00,0.00,0.00,0.00,0.00,0.00,0.00,0
0.843035,-2,120,255,0,DRIVE [ 92 ] [ 1 ] [ 1253 1236 1905 ] [    0    0    0 ] [      0      0      0 ] [ 0 ],drive [ 91 ] [ 0 ] [ 1260 1240 1905 ] [   63   66    4 ] [  15030  11247   9553 ] [ 0 ],1.00,1.00,1.20,1.40,-2.01,168.25,0.00,0.00,0.00,0.00,0.00,0.00,0.00,0.00,0.00,0.00,0.00,0.00,0.00,-0.00,0.00,0
0.855204,-2,118,253,0,DRIVE [ 92 ] [ 1 ] [ 1247 1234 1905 ] [    0    0    0 ] [      0      0      0 ] [ 0 ],drive [ 92 ] [ 0 ] [ 1253 1236 1905 ] [   69   67   22 ] [  15030  11247   9553 ] [ 0 ],1.00,1.00,1.20,1.40,-1.53,165.87,0.00,0.00,0.00,0.00,0.00,0.00,0.00,0.00,0.00,0.00,0.00,0.00,0.00,-0.00,0.00,0
0.867252,-1,116,252,0,DRIVE [ 93 ] [ 1 ] [ 1242 1234 1905 ] [    0    0    0 ] [      0      0      0 ] [ 0 ],drive [ 92 ] [ 0 ] [ 1247 1234 1905 ] [   69   67   22 ] [  15030  11247   9553 ] [ 0 ],1.00,1.00,1.20,1.40,-0.93,162.90,0.00,0.00,0.00,0.00,0.00,0.00,0.00,0.00,0.00,0.00,0.00,0.00,0.00,-0.00,0.00,0
0.879678,0,114,250,0,DRIVE [ 93 ] [ 1 ] [ 1239 1237 1905 ] [    0    0    0 ] [      0      0      0 ] [ 0 ],drive [ 93 ] [ 0 ] [ 1242 1234 1905 ] [   69   67   22 ] [  15030  11247   9553 ] [ 0 ],1.00,1.00,1.20,1.40,-0.23,159.45,0.00,0.00,0.00,0.00,0.00,0.00,0.00,0.00,0.00,0.00,0.00,0.00,0.00,-0.00,0.00,0
0.891151,0,112,251,0,DRIVE [ 94 ] [ 1 ] [ 1236 1239 1905 ] [    0    0    0 ] [      0      0      0 ] [ 0 ],drive [ 93 ] [ 0 ] [ 1239 1237 1905 ] [   69   67   22 ] [  15399  11254   9329 ] [ 0 ],1.00,1.00,1.20,1.40,0.39,157.27,0.00,0.00,0.00,0.00,0.00,0.00,0.00,0.00,0.00,0.00,0.00,0.00,-0.00,-0.00,0.00,0
0.903243,1,110,250,0,DRIVE [ 94 ] [ 1 ] [ 1236 1243 1905 ] [    0    0    0 ] [      0      0      0 ] [ 0 ],drive [ 94 ] [ 0 ] [ 1236 1239 1905 ] [   67   69   18 ] [  15399  11254   9329 ] [ 0 ],1.00,1.00,1.20,1.40,0.87,154.30,0.00,0.00,0.00,0.00,0.00,0.00,0.00,0.00,0.00,0.00,0.00,0.00,-0.00,-0.00,0.00,0
0.915041,1,108,249,0,DRIVE [ 95 ] [ 1 ] [ 1236 1247 1905 ] [    0    0    0 ] [      0      0      0 ] [ 0 ],drive [ 94 ] [ 0 ] [ 1236 1243 1905 ] [   67   69   18 ] [  15399  11254   9329 ] [ 0 ],1.00,1.00,1.20,1.40,1.27,150.78,0.00,0.00,0.00,0.00,0.00,0.00,0.00,0.00,0.00,0.00,0.00,0.00,-0.00,-0.00,0.00,0
0.927192,2,105,249,0,DRIVE [ 95 ] [ 1 ] [ 1237 1251 1905 ] [    0    0    0 ] [      0      0      0 ] [ 0 ],drive [ 95 ] [ 0 ] [ 1236 1247 1905 ] [   67   69   18 ] [  15399  11254   9329 ] [ 0 ],1.00,1.00,1.20,1.40,1.54,147.67,0.00,0.00,0.00,0.00,0.00,0.00,0.00,0.00,0.00,0.00,0.00,0.00,-0.00,-0.00,0.00,0
0.939296,2,103,248,0,DRIVE [ 96 ] [ 1 ] [ 1240 1256 1905 ] [    0    0    0 ] [      0      0      0 ] [ 0 ],drive [ 95 ] [ 0 ] [ 1237 1251 1905 ] [   67   69   18 ] [  15695  11256   9071 ] [ 0 ],1.00,1.00,1.20,1.40,1.73,144.15,0.00,0.00,0.00,0.00,0.00,0.00,0.00,0.00,0.00,0.00,0.00,0.00,-0.00,-0.00,0.00,0
0.951996,1,99,247,0,DRIVE [ 96 ] [ 1 ] [ 1251 1264 1905 ] [    0    0    0 ] [      0      0      0 ] [ 0 ],drive [ 96 ] [ 0 ] [ 1240 1256 1905 ] [   67   69   18 ] [  15695  11256   9071 ] [ 0 ],1.00,1.00,1.20,1.40,1.44,138.93,0.00,0.00,0.00,0.00,0.00,0.00,0.00,0.00,0.00,0.00,0.00,0.00,-0.00,-0.00,0.00,0
0.963678,1,96,246,0,DRIVE [ 97 ] [ 1 ] [ 1264 1272 1905 ] [    0    0    0 ] [      0      0      0 ] [ 0 ],drive [ 96 ] [ 0 ] [ 1251 1264 1905 ] [   80   68    7 ] [  15695  11256   9071 ] [ 0 ],1.00,1.00,1.20,1.40,0.87,133.97,0.00,0.00,0.00,0.00,0.00,0.00,0.00,0.00,0.00,0.00,0.00,0.00,-0.00,-0.00,0.00,0
0.975865,0,92,245,0,DRIVE [ 97 ] [ 1 ] [ 1279 1280 1905 ] [    0    0    0 ] [      0      0      0 ] [ 0 ],drive [ 97 ] [ 0 ] [ 1264 1272 1905 ] [   80   68    7 ] [  15695  11256   9071 ] [ 0 ],1.00,1.00,1.20,1.40,0.16,128.75,0.00,0.00,0.00,0.00,0.00,0.00,0.00,0.00,0.00,0.00,0.00,0.00,-0.00,-0.00,0.00,0
0.987695,-1,88,243,0,DRIVE [ 98 ] [ 1 ] [ 1294 1287 1905 ] [    0    0    0 ] [      0      0      0 ] [ 0 ],drive [ 97 ] [ 0 ] [ 1279 1280 1905 ] [   80   68    7 ] [  15814  11259   8886 ] [ 0 ],1.00,1.00,1.20,1.40,-0.57,123.58,0.00,0.00,0.00,0.00,0.00,0.00,0.00,0.00,0.00,0.00,0.00,0.00,0.00,-0.00,0.00,0
0.99944,-1,85,242,0,DRIVE [ 98 ] [ 1 ] [ 1308 1295 1905 ] [    0    0    0 ] [      0      0      0 ] [ 0 ],drive [ 98 ] [ 0 ] [ 1294 1287 1905 ] [   80   68    7 ] [  15814  11259   8886 ] [ 0 ],1.00,1.00,1.20,1.40,-1.20,118.68,0.00,0.00,0.00,0.00,0.00,0.00,0.00,0.00,0.00,0.00,0.00,0.00,0.00,-0.00,0.00,0
1.01162,-2,82,241,0,DRIVE [ 99 ] [ 1 ] [ 1322 1301 1905 ] [    0    0    0 ] [      0      0      0 ] [ 0 ],drive [ 98 ] [ 0 ] [ 1308 1295 1905 ] [   74   76   16 ] [  15814  11259   8886 ] [ 0 ],1.00,1.00,1.20,1.40,-1.89,114.64,0.00,0.00,0.00,0.00,0.00,0.00,0.00,0.00,0.00,0.00,0.00,0.00,0.00,-0.00,0.00,0
1.02374,-3,79,240,0,DRIVE [ 99 ] [ 1 ] [ 1336 1305 1905 ] [    0    0    0 ] [      0      0      0 ] [ 0 ],drive [ 99 ] [ 0 ] [ 1322 1301 1905 ] [   74   76   16 ] [  15814  11259   8886 ] [ 0 ],1.00,1.00,1.20,1.40,-2.79,110.78,0.00,0.00,0.00,0.00,0.00,0.00,0.00,0.00,0.00,0.00,0.00,0.00,0.00,-0.00,0.00,0
1.03568,-4,76,238,0,DRIVE [ 00 ] [ 1 ] [ 1349 1306 1905 ] [    0    0    0 ] [      0      0      0 ] [ 0 ],drive [ 99 ] [ 0 ] [ 1336 1305 1905 ] [   74   76   16 ] [  15814  11259   8886 ] [ 0 ],1.00,1.00,1.20,1.40,-3.80,107.08,0.00,0.00,0.00,0.00,0.00,0.00,0.00,0.00,0.00,0.00,0.00,0.00,0.00,-0.00,0.00,0
1.04748,-5,74,237,0,DRIVE [ 00 ] [ 1 ] [ 1363 1306 1905 ] [    0    0    0 ] [      0      0      0 ] [ 0 ],drive [ 00 ] [ 0 ] [ 1349 1306 1905 ] [   74   76   16 ] [  15819  11293   8872 ] [ 0 ],1.00,1.00,1.20,1.40,-4.90,103.74,0.00,0.00,0.00,0.00,0.00,0.00,0.00,0.00,0.00,0.00,0.00,0.00,0.00,-0.00,0.00,0
1.05948,-6,72,236,0,DRIVE [ 01 ] [ 1 ] [ 1379 1305 1905 ] [    0    0    0 ] [      0      0      0 ] [ 0 ],drive [ 00 ] [ 0 ] [ 1363 1306 1905 ] [   72   72    0 ] [  15819  11293   8872 ] [ 0 ],1.00,1.00,1.20,1.40,-6.31,100.45,0.00,0.00,0.00,0.00,0.00,0.00,0.00,0.00,0.00,0.00,0.00,0.00,0.00,-0.00,0.00,0
1.07196,-8,70,235,0,DRIVE [ 01 ] [ 1 ] [ 1396 1302 1905 ] [    0    0    0 ] [      0      0      0 ] [ 0 ],drive [ 01 ] [ 0 ] [ 1379 1305 1905 ] [   72   72    0 ] [  15819  11293   8872 ] [ 0 ],1.00,1.00,1.20,1.40,-7.89,97.39,0.00,0.00,0.00,0.00,0.00,0.00,0.00,0.00,0.00,0.00,0.00,0.00,0.00,-0.00,0.00,0
1.08349,-10,67,235,0,DRIVE [ 02 ] [ 1 ] [ 1416 1298 1905 ] [    0    0    0 ] [      0      0      0 ] [ 0 ],drive [ 01 ] [ 0 ] [ 1396 1302 1905 ] [   72   72    0 ] [  15819  11293   8872 ] [ 0 ],1.00,1.00,1.20,1.40,-9.73,94.10,0.00,0.00,0.00,0.00,0.00,0.00,0.00,0.00,0.00,0.00,0.00,0.00,0.00,-0.00,0.00,0
1.0957,-12,65,233,0,DRIVE [ 02 ] [ 1 ] [ 1438 1294 1905 ] [    0    0    0 ] [      0      0      0 ] [ 0 ],drive [ 02 ] [ 0 ] [ 1416 1298 1905 ] [   72   72    0 ] [  15879  11328   8698 ] [ 0 ],1.00,1.00,1.20,1.40,-11.63,90.50,0.00,0.00,0.00,0.00,0.00,0.00,0.00,0.00,0.00,0.00,0.00,0.00,0.00,-0.00,0.00,0
1.10763,-14,62,232,0,DRIVE [ 03 ] [ 1 ] [ 1464 1291 1905 ] [    0    0    0 ] [      0      0      0 ] [ 0 ],drive [ 02 ] [ 0 ] [ 1438 1294 1905 ] [   50   63   18 ] [  15879  11328   8698 ] [ 0 ],1.00,1.00,1.20,1.40,-13.66,86.53,0.00,0.00,0.00,0.00,0.00,0.00,0.00,0.00,0.00,0.00,0.00,0.00,0.00,-0.00,0.00,0
1.11942,-16,59,233,0,DRIVE [ 03 ] [ 1 ] [ 1497 1292 1905 ] [    0    0    0 ] [      0      0      0 ] [ 0 ],drive [ 03 ] [ 0 ] [ 1464 1291 1905 ] [   50   63   18 ] [  15879  11328   8698 ] [ 0 ],1.00,1.00,1.20,1.40,-16.18,82.90,0.00,0.00,0.00,0.00,0.00,0.00,0.00,0.00,0.00,0.00,0.00,0.00,0.00,-0.00,0.00,0
1.13036,-19,56,231,0,DRIVE [ 04 ] [ 1 ] [ 1533 1292 1905 ] [    0    0    0 ] [      0      0      0 ] [ 0 ],drive [ 03 ] [ 0 ] [ 1497 1292 1905 ] [   50   63   18 ] [  15879  11328   8698 ] [ 0 ],1.00,1.00,1.20,1.40,-18.76,78.54,0.00,0.00,0.00,0.00,0.00,0.00,0.00,0.00,0.00,0.00,0.00,0.00,0.00,-0.00,0.00,0
1.14222,-22,52,230,0,DRIVE [ 04 ] [ 1 ] [ 1579 1288 1905 ] [    0    0    0 ] [      0      0      0 ] [ 0 ],drive [ 04 ] [ 0 ] [ 1533 1292 1905 ] [   50   63   18 ] [  15890  11342   8646 ] [ 0 ],1.00,1.00,1.20,1.40,-22.30,73.33,0.00,0.00,0.00,0.00,0.00,0.00,0.00,0.00,0.00,0.00,0.00,0.00,0.00,-0.00,0.00,0
1.15385,-26,49,228,0,DRIVE [ 05 ] [ 1 ] [ 1621 1281 1905 ] [    0    0    0 ] [      0      0      0 ] [ 0 ],drive [ 04 ] [ 0 ] [ 1579 1288 1905 ] [   42   60   15 ] [  15890  11342   8646 ] [ 0 ],1.00,1.00,1.20,1.40,-25.68,68.51,0.00,0.00,0.00,0.00,0.00,0.00,0.00,0.00,0.00,0.00,0.00,0.00,0.00,-0.00,0.00,0
1.16496,-29,46,227,0,DRIVE [ 05 ] [ 1 ] [ 1660 1270 1905 ] [    0    0    0 ] [      0      0      0 ] [ 0 ],drive [ 05 ] [ 0 ] [ 1621 1281 1905 ] [   42   60   15 ] [  15890  11342   8646 ] [ 0 ],1.00,1.00,1.20,1.40,-28.97,64.05,0.00,0.00,0.00,0.00,0.00,0.00,0.00,0.00,0.00,0.00,0.00,0.00,0.00,-0.00,0.00,0
1.17657,-32,43,226,0,DRIVE [ 06 ] [ 1 ] [ 1698 1256 1905 ] [    0    0    0 ] [      0      0      0 ] [ 0 ],drive [ 05 ] [ 0 ] [ 1660 1270 1905 ] [   42   60   15 ] [  15890  11342   8646 ] [ 0 ],1.00,1.00,1.20,1.40,-32.32,59.95,0.00,0.00,0.00,0.00,0.00,0.00,0.00,0.00,0.00,0.00,0.00,0.00,0.00,-0.00,0.00,0
1.18795,-36,40,226,0,DRIVE [ 06 ] [ 1 ] [ 1733 1237 1905 ] [    0    0    0 ] [      0      0      0 ] [ 0 ],drive [ 06 ] [ 0 ] [ 1698 1256 1905 ] [   42   60   15 ] [  15872  11352   8634 ] [ 0 ],1.00,1.00,1.20,1.40,-35.70,56.12,0.00,0.00,0.00,0.00,0.00,0.00,0.00,0.00,0.00,0.00,0.00,0.00,0.00,-0.00,0.00,0
1.19906,-39,37,225,0,DRIVE [ 07 ] [ 1 ] [ 1767 1217 1905 ] [    0    0    0 ] [      0      0      0 ] [ 0 ],drive [ 06 ] [ 0 ] [ 1733 1237 1905 ] [   42   60   15 ] [  15872  11352   8634 ] [ 0 ],1.00,1.00,1.20,1.40,-38.81,52.26,0.00,0.00,0.00,0.00,0.00,0.00,0.00,0.00,0.00,0.00,0.00,0.00,0.00,-0.00,0.00,0
1.2106,-42,34,223,0,DRIVE [ 07 ] [ 1 ] [ 1801 1193 1905 ] [    0    0    0 ] [      0      0      0 ] [ 0 ],drive [ 07 ] [ 0 ] [ 1767 1217 1905 ] [   37   66    8 ] [  15872  11352   8634 ] [ 0 ],1.00,1.00,1.20,1.40,-41.79,48.25,0.00,0.00,0.00,0.00,0.00,0.00,0.00,0.00,0.00,0.00,0.00,0.00,0.00,-0.00,0.00,0
1.22206,-45,32,222,0,DRIVE [ 08 ] [ 1 ] [ 1834 1166 1905 ] [    0    0    0 ] [      0      0      0 ] [ 0 ],drive [ 07 ] [ 0 ] [ 1801 1193 1905 ] [   37   66    8 ] [  15872  11352   8634 ] [ 0 ],1.00,1.00,1.20,1.40,-44.79,44.34,0.00,0.00,0.00,0.00,0.00,0.00,0.00,0.00,0.00,0.00,0.00,0.00,0.00,-0.00,0.00,0
1.23357,-48,29,221,0,DRIVE [ 08 ] [ 1 ] [ 1867 1137 1905 ] [    0    0    0 ] [      0      0      0 ] [ 0 ],drive [ 08 ] [ 0 ] [ 1834 1166 1905 ] [   37   66    8 ] [  15872  11352   8634 ] [ 0 ],1.00,1.00,1.20,1.40,-47.61,40.27,0.00,0.00,0.00,0.00,0.00,0.00,0.00,0.00,0.00,0.00,0.00,0.00,0.00,0.00,0.00,0
1.24459,-50,26,220,0,DRIVE [ 09 ] [ 1 ] [ 1901 1106 1905 ] [    0    0    0 ] [      0      0      0 ] [ 0 ],drive [ 08 ] [ 0 ] [ 1867 1137 1905 ] [   37   66    8 ] [  15784  11525   8525 ] [ 0 ],1.00,1.00,1.20,1.40,-50.33,36.10,0.00,0.00,0.00,0.00,0.00,0.00,0.00,0.00,0.00,0.00,0.00,0.00,0.00,0.00,0.00,0
1.25616,-53,23,219,0,DRIVE [ 09 ] [ 1 ] [ 1901 1127 1881 ] [    0    0    0 ] [      0      0      0 ] [ 0 ],drive [ 09 ] [ 0 ] [ 1901 1106 1905 ] [    8   96   10 ] [  15784  11525   8525 ] [ 0 ],1.00,1.00,1.20,1.40,-52.65,31.92,0.00,0.00,0.00,0.00,0.00,0.00,0.00,0.00,0.00,0.00,0.00,0.00,0.00,0.00,0.00,0
1.26716,-55,20,219,0,DRIVE [ 10 ] [ 1 ] [ 1901 1153 1854 ] [    0    0    0 ] [      0      0      0 ] [ 0 ],drive [ 09 ] [ 0 ] [ 1901 1127 1881 ] [    8   96   10 ] [  15784  11525   8525 ] [ 0 ],1.00,1.00,1.20,1.40,-54.79,28.03,0.00,0.00,0.00,0.00,0.00,0.00,0.00,0.00,0.00,0.00,0.00,0.00,0.00,0.00,0.00,0
1.27873,-57,17,218,0,DRIVE [ 10 ] [ 1 ] [ 1901 1176 1829 ] [    0    0    0 ] [      0      0      0 ] [ 0 ],drive [ 10 ] [ 0 ] [ 1901 1153 1854 ] [    8   96   10 ] [  15784  11525   8525 ] [ 0 ],1.00,1.00,1.20,1.40,-56.51,24.20,0.00,0.00,0.00,0.00,0.00,0.00,0.00,0.00,0.00,0.00,0.00,0.00,0.00,0.00,0.00,0
1.29037,-58,15,217,0,DRIVE [ 11 ] [ 1 ] [ 1901 1196 1806 ] [    0    0    0 ] [      0      0      0 ] [ 0 ],drive [ 10 ] [ 0 ] [ 1901 1176 1829 ] [    8   96   10 ] [  15324  11857   8526 ] [ 0 ],1.00,1.00,1.20,1.40,-57.90,20.67,0.00,0.00,0.00,0.00,0.00,0.00,0.00,0.00,0.00,0.00,0.00,0.00,0.00,0.00,0.00,0
1.30203,-59,12,217,0,DRIVE [ 11 ] [ 1 ] [ 1901 1214 1784 ] [    0    0    0 ] [      0      0      0 ] [ 0 ],drive [ 11 ] [ 0 ] [ 1901 1196 1806 ] [   21   70   26 ] [  15324  11857   8526 ] [ 0 ],1.00,1.00,1.20,1.40,-59.15,17.41,0.00,0.00,0.00,0.00,0.00,0.00,0.00,0.00,0.00,0.00,0.00,0.00,0.00,0.00,0.00,0
1.3132,-60,10,216,0,DRIVE [ 12 ] [ 1 ] [ 1901 1228 1764 ] [    0    0    0 ] [      0      0      0 ] [ 0 ],drive [ 11 ] [ 0 ] [ 1901 1214 1784 ] [   21   70   26 ] [  15324  11857   8526 ] [ 0 ],1.00,1.00,1.20,1.40,-60.09,14.44,0.00,0.00,0.00,0.00,0.00,0.00,0.00,0.00,0.00,0.00,0.00,0.00,0.00,0.00,0.00,0
1.325,-61,8,215,0,DRIVE [ 12 ] [ 1 ] [ 1901 1239 1746 ] [    0    0    0 ] [      0      0      0 ] [ 0 ],drive [ 12 ] [ 0 ] [ 1901 1228 1764 ] [   21   70   26 ] [  15324  11857   8526 ] [ 0 ],1.00,1.00,1.20,1.40,-61.13,11.75,0.00,0.00,0.00,0.00,0.00,0.00,0.00,0.00,0.00,0.00,0.00,0.00,0.00,0.00,0.00,0
1.33598,-62,7,214,0,DRIVE [ 13 ] [ 1 ] [ 1901 1246 1729 ] [    0    0    0 ] [      0      0      0 ] [ 0 ],drive [ 12 ] [ 0 ] [ 1901 1239 1746 ] [   21   70   26 ] [  15112  11910   8592 ] [ 0 ],1.00,1.00,1.20,1.40,-62.12,9.41,0.00,0.00,0.00,0.00,0.00,0.00,0.00,0.00,0.00,0.00,0.00,0.00,0.00,0.00,0.00,0
1.34764,-63,5,213,0,DRIVE [ 13 ] [ 1 ] [ 1901 1247 1713 ] [    0    0    0 ] [      0      0      0 ] [ 0 ],drive [ 13 ] [ 0 ] [ 1901 1246 1729 ] [   21   70   26 ] [  15112  11910   8592 ] [ 0 ],1.00,1.00,1.20,1.40,-63.27,7.49,0.00,0.00,0.00,0.00,0.00,0.00,0.00,0.00,0.00,0.00,0.00,0.00,0.00,0.00,0.00,0
1.35909,-65,4,213,0,DRIVE [ 14 ] [ 1 ] [ 1901 1245 1697 ] [    0    0    0 ] [      0      0      0 ] [ 0 ],drive [ 13 ] [ 0 ] [ 1901 1247 1713 ] [    5   66   19 ] [  15112  11910   8592 ] [ 0 ],1.00,1.00,1.20,1.40,-64.60,5.73,0.00,0.00,0.00,0.00,0.00,0.00,0.00,0.00,0.00,0.00,0.00,0.00,0.00,0.00,0.00,0
1.37061,-66,3,212,0,DRIVE [ 14 ] [ 1 ] [ 1901 1241 1683 ] [    0    0    0 ] [      0      0      0 ] [ 0 ],drive [ 14 ] [ 0 ] [ 1901 1245 1697 ] [    5   66   19 ] [  15112  11910   8592 ] [ 0 ],1.00,1.00,1.20,1.40,-65.90,4.22,0.00,0.00,0.00,0.00,0.00,0.00,0.00,0.00,0.00,0.00,0.00,0.00,0.00,0.00,0.00,0
1.38158,-67,2,211,0,DRIVE [ 15 ] [ 1 ] [ 1901 1235 1669 ] [    0    0    0 ] [      0      0      0 ] [ 0 ],drive [ 14 ] [ 0 ] [ 1901 1241 1683 ] [    5   66   19 ] [  15112  11910   8592 ] [ 0 ],1.00,1.00,1.20,1.40,-67.27,2.93,0.00,0.00,0.00,0.00,0.00,0.00,0.00,0.00,0.00,0.00,0.00,0.00,0.00,0.00,0.00,0
1.39311,-69,1,210,0,DRIVE [ 15 ] [ 1 ] [ 1901 1226 1656 ] [    0    0    0 ] [      0      0      0 ] [ 0 ],drive [ 15 ] [ 0 ] [ 1901 1235 1669 ] [    5   66   19 ] [  15111  11909   8655 ] [ 0 ],1.00,1.00,1.20,1.40,-68.77,1.80,0.00,0.00,0.00,0.00,0.00,0.00,0.00,0.00,0.00,0.00,0.00,0.00,0.00,0.00,0.00,0
1.40653,-70,1,209,0,DRIVE [ 16 ] [ 1 ] [ 1901 1216 1643 ] [    0    0    0 ] [      0      0      0 ] [ 0 ],drive [ 15 ] [ 0 ] [ 1901 1226 1656 ] [    1   66   34 ] [  15111  11909   8655 ] [ 0 ],1.00,1.00,1.20,1.40,-70.17,0.74,0.00,0.00,0.00,0.00,0.00,0.00,0.00,0.00,0.00,0.00,0.00,0.00,0.00,0.00,0.00,0
1.41803,-72,0,208,0,DRIVE [ 16 ] [ 1 ] [ 1901 1204 1632 ] [    0    0    0 ] [      0      0      0 ] [ 0 ],drive [ 16 ] [ 0 ] [ 1901 1216 1643 ] [    1   66   34 ] [  15111  11909   8655 ] [ 0 ],1.00,1.00,1.20,1.40,-71.68,-0.06,0.00,0.00,0.00,0.00,0.00,0.00,0.00,0.00,0.00,0.00,0.00,0.00,0.00,0.00,0.00,0
1.42899,-73,0,206,0,DRIVE [ 17 ] [ 1 ] [ 1901 1190 1623 ] [    0    0    0 ] [      0      0      0 ] [ 0 ],drive [ 16 ] [ 0 ] [ 1901 1204 1632 ] [    1   66   34 ] [  15111  11909   8655 ] [ 0 ],1.00,1.00,1.20,1.40,-73.06,-0.50,0.00,0.00,0.00,0.00,0.00,0.00,0.00,0.00,0.00,0.00,0.00,0.00,0.00,0.00,0.00,0
1.44034,-74,0,205,0,DRIVE [ 17 ] [ 1 ] [ 1901 1173 1617 ] [    0    0    0 ] [      0      0      0 ] [ 0 ],drive [ 17 ] [ 0 ] [ 1901 1190 1623 ] [    1   66   34 ] [  15013  11909   8842 ] [ 0 ],1.00,1.00,1.20,1.40,-74.50,-0.47,0.00,0.00,0.00,0.00,0.00,0.00,0.00,0.00,0.00,0.00,0.00,0.00,0.00,0.00,0.00,0
1.45164,-76,0,204,0,DRIVE [ 18 ] [ 1 ] [ 1901 1155 1614 ] [    0    0    0 ] [      0      0      0 ] [ 0 ],drive [ 17 ] [ 0 ] [ 1901 1173 1617 ] [    3   71   49 ] [  15013  11909   8842 ] [ 0 ],1.00,1.00,1.20,1.40,-75.71,-0.02,0.00,0.00,0.00,0.00,0.00,0.00,0.00,0.00,0.00,0.00,0.00,0.00,0.00,0.00,0.00,0
1.46234,-77,1,203,0,DRIVE [ 18 ] [ 1 ] [ 1901 1135 1612 ] [    0    0    0 ] [      0      0      0 ] [ 0 ],drive [ 18 ] [ 0 ] [ 1901 1155 1614 ] [    3   71   49 ] [  15013  11909   8842 ] [ 0 ],1.00,1.00,1.20,1.40,-76.82,0.79,0.00,0.00,0.00,0.00,0.00,0.00,0.00,0.00,0.00,0.00,0.00,0.00,0.00,0.00,0.00,0
1.47376,-78,1,201,0,DRIVE [ 19 ] [ 1 ] [ 1901 1113 1613 ] [    0    0    0 ] [      0      0      0 ] [ 0 ],drive [ 18 ] [ 0 ] [ 1901 1135 1612 ] [    3   71   49 ] [  15013  11909   8842 ] [ 0 ],1.00,1.00,1.20,1.40,-77.94,1.81,0.00,0.00,0.00,0.00,0.00,0.00,0.00,0.00,0.00,0.00,0.00,0.00,0.00,0.00,0.00,0
1.48498,-79,2,200,0,DRIVE [ 19 ] [ 1 ] [ 1901 1090 1614 ] [    0    0    0 ] [      0      0      0 ] [ 0 ],drive [ 19 ] [ 0 ] [ 1901 1113 1613 ] [    3   71   49 ] [  15013  11909   8842 ] [ 0 ],1.00,1.00,1.20,1.40,-79.06,2.96,0.00,0.00,0.00,0.00,0.00,0.00,0.00,0.00,0.00,0.00,0.00,0.00,0.00,0.00,0.00,0
1.49576,-80,3,198,0,DRIVE [ 20 ] [ 1 ] [ 1901 1068 1615 ] [    0    0    0 ] [      0      0      0 ] [ 0 ],drive [ 19 ] [ 0 ] [ 1901 1090 1614 ] [    3   71   49 ] [  14971  11912   8917 ] [ 0 ],1.00,1.00,1.20,1.40,-79.97,4.05,0.00,0.00,0.00,0.00,0.00,0.00,0.00,0.00,0.00,0.00,0.00,0.00,0.00,0.00,0.00,0
1.50695,-81,4,196,0,DRIVE [ 20 ] [ 1 ] [ 1901 1046 1617 ] [    0    0    0 ] [      0      0      0 ] [ 0 ],drive [ 20 ] [ 0 ] [ 1901 1068 1615 ] [   18   76   33 ] [  14971  11912   8917 ] [ 0 ],1.00,1.00,1.20,1.40,-80.60,5.14,0.00,0.00,0.00,0.00,0.00,0.00,0.00,0.00,0.00,0.00,0.00,0.00,0.00,0.00,0.00,0
1.51815,-81,4,194,0,DRIVE [ 21 ] [ 1 ] [ 1901 1024 1619 ] [    0    0    0 ] [      0      0      0 ] [ 0 ],drive [ 20 ] [ 0 ] [ 1901 1046 1617 ] [   18   76   33 ] [  14971  11912   8917 ] [ 0 ],1.00,1.00,1.20,1.40,-81.33,6.23,0.00,0.00,0.00,0.00,0.00,0.00,0.00,0.00,0.00,0.00,0.00,0.00,0.00,0.00,0.00,0
1.52884,-82,5,192,0,DRIVE [ 21 ] [ 1 ] [ 1901 1005 1621 ] [    0    0    0 ] [      0      0      0 ] [ 0 ],drive [ 21 ] [ 0 ] [ 1901 1024 1619 ] [   18   76   33 ] [  14971  11912   8917 ] [ 0 ],1.00,1.00,1.20,1.40,-81.87,7.40,0.00,0.00,0.00,0.00,0.00,0.00,0.00,0.00,0.00,0.00,0.00,0.00,0.00,0.00,0.00,0
1.54004,-82,6,190,0,DRIVE [ 22 ] [ 1 ] [ 1901 1005 1624 ] [    0    0    0 ] [      0      0      0 ] [ 0 ],drive [ 21 ] [ 0 ] [ 1901 1005 1621 ] [   18   76   33 ] [  14875  11937   8940 ] [ 0 ],1.00,1.00,1.20,1.40,-82.44,8.50,0.00,0.00,0.00,0.00,0.00,0.00,0.00,0.00,0.00,0.00,0.00,0.00,0.00,0.00,0.00,0
1.55094,-83,7,189,0,DRIVE [ 22 ] [ 1 ] [ 1901 1005 1626 ] [    0    0    0 ] [      0      0      0 ] [ 0 ],drive [ 22 ] [ 0 ] [ 1901 1005 1624 ] [   19   84   29 ] [  14875  11937   8940 ] [ 0 ],1.00,1.00,1.20,1.40,-83.12,9.53,0.00,0.00,0.00,0.00,0.00,0.00,0.00,0.00,0.00,0.00,0.00,0.00,0.00,0.00,0.00,0
1.56143,-83,8,187,0,DRIVE [ 23 ] [ 1 ] [ 1901 1005 1630 ] [    0    0    0 ] [      0      0      0 ] [ 0 ],drive [ 22 ] [ 0 ] [ 1901 1005 1626 ] [   19   84   29 ] [  14875  11937   8940 ] [ 0 ],1.00,1.00,1.20,1.40,-83.28,10.55,0.00,0.00,0.00,0.00,0.00,0.00,0.00,0.00,0.00,0.00,0.00,0.00,0.00,0.00,0.00,0
1.57249,-83,8,185,0,DRIVE [ 23 ] [ 1 ] [ 1901 1005 1633 ] [    0    0    0 ] [      0      0      0 ] [ 0 ],drive [ 23 ] [ 0 ] [ 1901 1005 1630 ] [   19   84   29 ] [  14875  11937   8940 ] [ 0 ],1.00,1.00,1.20,1.40,-83.42,11.46,0.00,0.00,0.00,0.00,0.00,0.00,0.00,0.00,0.00,0.00,0.00,0.00,0.00,0.00,0.00,0
1.58336,-83,9,184,0,DRIVE [ 24 ] [ 1 ] [ 1901 1005 1637 ] [    0    0    0 ] [      0      0      0 ] [ 0 ],drive [ 23 ] [ 0 ] [ 1901 1005 1633 ] [   19   84   29 ] [  14875  11937   8940 ] [ 0 ],1.00,1.00,1.20,1.40,-83.22,12.21,0.00,0.00,0.00,0.00,0.00,0.00,0.00,0.00,0.00,0.00,0.00,0.00,0.00,0.00,0.00,0
1.59394,-83,9,183,0,DRIVE [ 24 ] [ 1 ] [ 1901 1005 1640 ] [    0    0    0 ] [      0      0      0 ] [ 0 ],drive [ 24 ] [ 0 ] [ 1901 1005 1637 ] [   19   84   29 ] [  14626  12273   8947 ] [ 0 ],1.00,1.00,1.20,1.40,-82.57,12.59,0.00,0.00,0.00,0.00,0.00,0.00,0.00,0.00,0.00,0.00,0.00,0.00,0.00,0.00,0.00,0
1.60493,-82,9,182,0,DRIVE [ 25 ] [ 1 ] [ 1901 1005 1645 ] [    0    0    0 ] [      0      0      0 ] [ 0 ],drive [ 24 ] [ 0 ] [ 1901 1005 1640 ] [   23   91   26 ] [  14626  12273   8947 ] [ 0 ],1.00,1.00,1.20,1.40,-81.71,13.03,0.00,0.00,0.00,0.00,0.00,0.00,0.00,0.00,0.00,0.00,0.00,0.00,0.00,0.00,0.00,0
1.61547,-80,10,181,0,DRIVE [ 25 ] [ 1 ] [ 1901 1005 1651 ] [    0    0    0 ] [      0      0      0 ] [ 0 ],drive [ 25 ] [ 0 ] [ 1901 1005 1645 ] [   23   91   26 ] [  14626  12273   8947 ] [ 0 ],1.00,1.00,1.20,1.40,-80.43,13.48,0.00,0.00,0.00,0.00,0.00,0.00,0.00,0.00,0.00,0.00,0.00,0.00,0.00,0.00,0.00,0
1.62666,-79,10,179,0,DRIVE [ 26 ] [ 1 ] [ 1901 1005 1658 ] [    0    0    0 ] [      0      0      0 ] [ 0 ],drive [ 25 ] [ 0 ] [ 1901 1005 1651 ] [   23   91   26 ] [  14626  12273   8947 ] [ 0 ],1.00,1.00,1.20,1.40,-79.14,13.98,0.00,0.00,0.00,0.00,0.00,0.00,0.00,0.00,0.00,0.00,0.00,0.00,0.00,0.00,0.00,0
1.6375,-78,10,178,0,DRIVE [ 26 ] [ 1 ] [ 1901 1005 1663 ] [    0    0    0 ] [      0      0      0 ] [ 0 ],drive [ 26 ] [ 0 ] [ 1901 1005 1658 ] [   23   91   26 ] [  14548  12277   8998 ] [ 0 ],1.00,1.00,1.20,1.40,-78.04,14.30,0.00,0.00,0.00,0.00,0.00,0.00,0.00,0.00,0.00,0.00,0.00,0.00,0.00,0.00,0.00,0
1.64952,-77,10,177,0,DRIVE [ 27 ] [ 1 ] [ 1901 1005 1667 ] [    0    0    0 ] [      0      0      0 ] [ 0 ],drive [ 26 ] [ 0 ] [ 1901 1005 1663 ] [   23   91   26 ] [  14548  12277   8998 ] [ 0 ],1.00,1.00,1.20,1.40,-76.95,14.48,0.00,0.00,0.00,0.00,0.00,0.00,0.00,0.00,0.00,0.00,0.00,0.00,0.00,0.00,0.00,0
1.65987,-76,10,176,0,DRIVE [ 27 ] [ 1 ] [ 1901 1005 1671 ] [    0    0    0 ] [      0      0      0 ] [ 0 ],drive [ 27 ] [ 0 ] [ 1901 1005 1667 ] [   15   91   47 ] [  14548  12277   8998 ] [ 0 ],1.00,1.00,1.20,1.40,-75.73,14.40,0.00,0.00,0.00,0.00,0.00,0.00,0.00,0.00,0.00,0.00,0.00,0.00,0.00,0.00,0.00,0
1.67074,-76,10,176,0,DRIVE [ 28 ] [ 1 ] [ 1901 1020 1692 ] [    0    0    0 ] [      0      0      0 ] [ 2 ],drive [ 27 ] [ 0 ] [ 1901 1005 1671 ] [   15   91   47 ] [  14548  12277   8998 ] [ 0 ],1.00,1.00,1.20,1.40,-68.15,12.96,0.00,0.00,0.00,0.00,0.00,0.00,0.00,0.00,0.00,0.00,0.00,0.00,0.00,0.00,0.00,0
1.68135,-74,10,176,0,DRIVE [ 28 ] [ 1 ] [ 1901 1005 1672 ] [    0    0    0 ] [      0      0      0 ] [ 0 ],drive [ 28 ] [ 0 ] [ 1901 1020 1692 ] [   15   91   47 ] [  14548  12277   8998 ] [ 2 ],1.00,1.00,1.20,1.40,-74.27,13.76,0.00,0.00,0.00,0.00,0.00,0.00,0.00,0.00,0.00,0.00,0.00,0.00,0.00,0.00,0.00,0
1.69252,-72,9,175,0,DRIVE [ 29 ] [ 1 ] [ 1901 1005 1673 ] [    0    0    0 ] [      0      0      0 ] [ 0 ],drive [ 28 ] [ 0 ] [ 1901 1005 1672 ] [   15   91   47 ] [  14548  12279   8998 ] [ 0 ],1.00,1.00,1.20,1.40,-72.40,13.09,0.00,0.00,0.00,0.00,0.00,0.00,0.00,0.00,0.00,0.00,0.00,0.00,0.00,0.00,0.00,0
1.70345,-70,9,174,0,DRIVE [ 29 ] [ 1 ] [ 1901 1005 1676 ] [    0    0    0 ] [      0      0      0 ] [ 0 ],drive [ 29 ] [ 0 ] [ 1901 1005 1673 ] [   10  100    0 ] [  14548  12279   8998 ] [ 0 ],1.00,1.00,1.20,1.40,-70.44,12.41,0.00,0.00,0.00,0.00,0.00,0.00,0.00,0.00,0.00,0.00,0.00,0.00,0.00,-0.00,0.00,0
1.71418,-68,8,173,0,DRIVE [ 30 ] [ 1 ] [ 1901 1012 1679 ] [    0    0    0 ] [      0      0      0 ] [ 0 ],drive [ 29 ] [ 0 ] [ 1901 1005 1676 ] [   10  100    0 ] [  14548  12279   8998 ] [ 0 ],1.00,1.00,1.20,1.40,-68.28,11.74,0.00,0.00,0.00,0.00,0.00,0.00,0.00,0.00,0.00,0.00,0.00,0.00,0.00,-0.00,0.00,0
1.72526,-66,8,172,0,DRIVE [ 30 ] [ 1 ] [ 1901 1034 1684 ] [    0    0    0 ] [      0      0      0 ] [ 0 ],drive [ 30 ] [ 0 ] [ 1901 1012 1679 ] [   10  100    0 ] [  14548  12279   8998 ] [ 0 ],1.00,1.00,1.20,1.40,-66.14,11.34,0.00,0.00,0.00,0.00,0.00,0.00,0.00,0.00,0.00,0.00,0.00,0.00,0.00,-0.00,0.00,0
1.738,-64,9,170,0,DRIVE [ 31 ] [ 1 ] [ 1901 1042 1695 ] [    0    0    0 ] [      0      0      0 ] [ 0 ],drive [ 30 ] [ 0 ] [ 1901 1034 1684 ] [   10  100    0 ] [  14515  12308   9258 ] [ 0 ],1.00,1.00,1.20,1.40,-64.16,11.97,0.00,0.00,0.00,0.00,0.00,0.00,0.00,0.00,0.00,0.00,0.00,0.00,0.00,-0.00,0.00,0
1.74887,-62,9,170,0,DRIVE [ 31 ] [ 1 ] [ 1901 1061 1707 ] [    0    0    0 ] [      0      0      0 ] [ 0 ],drive [ 31 ] [ 0 ] [ 1901 1042 1695 ] [   10  100    0 ] [  14515  12308   9258 ] [ 0 ],1.00,1.00,1.20,1.40,-61.76,12.30,0.00,0.00,0.00,0.00,0.00,0.00,0.00,0.00,0.00,0.00,0.00,0.00,0.00,-0.00,0.00,0
1.76005,-58,9,168,0,DRIVE [ 32 ] [ 1 ] [ 1901 1089 1721 ] [    0    0    0 ] [      0      0      0 ] [ 0 ],drive [ 31 ] [ 0 ] [ 1901 1061 1707 ] [    3   99   41 ] [  14515  12308   9258 ] [ 0 ],1.00,1.00,1.20,1.40,-58.47,12.43,0.00,0.00,0.00,0.00,0.00,0.00,0.00,0.00,0.00,0.00,0.00,0.00,0.00,-0.00,0.00,0
1.77114,-55,9,167,0,DRIVE [ 32 ] [ 1 ] [ 1901 1121 1738 ] [    0    0    0 ] [      0      0      0 ] [ 0 ],drive [ 32 ] [ 0 ] [ 1901 1089 1721 ] [    3   99   41 ] [  14515  12308   9258 ] [ 0 ],1.00,1.00,1.20,1.40,-54.89,12.71,0.00,0.00,0.00,0.00,0.00,0.00,0.00,0.00,0.00,0.00,0.00,0.00,0.00,-0.00,0.00,0
1.78323,-51,9,166,0,DRIVE [ 33 ] [ 1 ] [ 1901 1156 1756 ] [    0    0    0 ] [      0      0      0 ] [ 0 ],drive [ 32 ] [ 0 ] [ 1901 1121 1738 ] [    3   99   41 ] [  14515  12308   9258 ] [ 0 ],1.00,1.00,1.20,1.40,-50.90,12.95,0.00,0.00,0.00,0.00,0.00,-0.00,0.00,0.00,0.00,0.00,0.00,0.00,0.00,-0.00,0.00,0
1.79416,-47,9,165,0,DRIVE [ 33 ] [ 1 ] [ 1901 1191 1774 ] [    0    0    0 ] [      0      0      0 ] [ 0 ],drive [ 33 ] [ 0 ] [ 1901 1156 1756 ] [    3   99   41 ] [  14263  12407   9258 ] [ 0 ],1.00,1.00,1.20,1.40,-47.01,13.11,0.00,0.00,0.00,0.00,0.00,-0.00,0.00,0.00,0.00,0.00,0.00,0.00,0.00,-0.00,0.00,0
1.80577,-43,9,163,0,DRIVE [ 34 ] [ 1 ] [ 1901 1227 1791 ] [    0    0    0 ] [      0      0      0 ] [ 0 ],drive [ 33 ] [ 0 ] [ 1901 1191 1774 ] [   13   86   35 ] [  14263  12407   9258 ] [ 0 ],1.00,1.00,1.20,1.40,-43.28,13.27,0.00,0.00,0.00,0.00,0.00,-0.00,0.00,0.00,0.00,0.00,0.00,0.00,0.00,-0.00,0.00,0
1.81814,-40,10,162,0,DRIVE [ 34 ] [ 1 ] [ 1901 1262 1808 ] [    0    0    0 ] [      0      0      0 ] [ 0 ],drive [ 34 ] [ 0 ] [ 1901 1227 1791 ] [   13   86   35 ] [  14263  12407   9258 ] [ 0 ],1.00,1.00,1.20,1.40,-39.63,13.34,0.00,0.00,0.00,0.00,0.00,-0.00,0.00,0.00,0.00,0.00,0.00,0.00,0.00,-0.00,0.00,0
1.83085,-36,10,161,0,DRIVE [ 35 ] [ 1 ] [ 1901 1297 1825 ] [    0    0    0 ] [      0      0      0 ] [ 0 ],drive [ 34 ] [ 0 ] [ 1901 1262 1808 ] [   13   86   35 ] [  14263  12407   9258 ] [ 0 ],1.00,1.00,1.20,1.40,-36.13,13.42,0.00,0.00,0.00,0.00,0.00,-0.00,0.00,0.00,0.00,0.00,0.00,0.00,0.00,-0.00,0.00,0
1.84381,-33,10,160,0,DRIVE [ 35 ] [ 1 ] [ 1901 1330 1841 ] [    0    0    0 ] [      0      0      0 ] [ 0 ],drive [ 35 ] [ 0 ] [ 1901 1297 1825 ] [   13   86   35 ] [  14263  12391   9251 ] [ 0 ],1.00,1.00,1.20,1.40,-32.71,13.57,0.00,0.00,0.00,0.00,0.00,-0.00,0.00,0.00,0.00,0.00,0.00,0.00,0.00,-0.00,0.00,0
1.85533,-29,10,158,0,DRIVE [ 36 ] [ 1 ] [ 1901 1360 1859 ] [    0    0    0 ] [      0      0      0 ] [ 0 ],drive [ 35 ] [ 0 ] [ 1901 1330 1841 ] [   14   59   30 ] [  14263  12391   9251 ] [ 0 ],1.00,1.00,1.20,1.40,-29.27,13.80,0.00,0.00,0.00,0.00,0.00,-0.00,0.00,0.00,0.00,0.00,0.00,0.00,0.00,-0.00,0.00,0
1.86631,-26,10,157,0,DRIVE [ 36 ] [ 1 ] [ 1901 1387 1877 ] [    0    0    0 ] [      0      0      0 ] [ 0 ],drive [ 36 ] [ 0 ] [ 1901 1360 1859 ] [   14   59   30 ] [  14263  12391   9251 ] [ 0 ],1.00,1.00,1.20,1.40,-25.96,14.19,0.00,0.00,0.00,0.00,0.00,-0.00,0.00,0.00,0.00,0.00,0.00,0.00,0.00,-0.00,0.00,0
1.87791,-23,11,155,0,DRIVE [ 37 ] [ 1 ] [ 1901 1409 1897 ] [    0    0    0 ] [      0      0      0 ] [ 0 ],drive [ 36 ] [ 0 ] [ 1901 1387 1877 ] [   14   59   30 ] [  14263  12391   9251 ] [ 0 ],1.00,1.00,1.20,1.40,-22.65,14.72,0.00,0.00,0.00,0.00,0.00,-0.00,0.00,0.00,0.00,0.00,0.00,0.00,0.00,-0.00,0.00,0
1.88947,-19,11,154,0,DRIVE [ 37 ] [ 1 ] [ 1891 1451 1897 ] [    0    0    0 ] [      0      0      0 ] [ 0 ],drive [ 37 ] [ 0 ] [ 1901 1409 1897 ] [   14   59   30 ] [  14261  12333   9239 ] [ 0 ],1.00,1.00,1.20,1.40,-19.47,15.38,0.00,0.00,0.00,0.00,0.00,-0.00,0.00,0.00,0.00,0.00,0.00,0.00,0.00,-0.00,0.00,0
1.90115,-16,11,153,0,DRIVE [ 38 ] [ 1 ] [ 1868 1506 1897 ] [    0    0    0 ] [      0      0      0 ] [ 0 ],drive [ 37 ] [ 0 ] [ 1891 1451 1897 ] [   14   59   30 ] [  14261  12333   9239 ] [ 0 ],1.00,1.00,1.20,1.40,-16.36,16.06,0.00,0.00,0.00,0.00,0.00,-0.00,0.00,0.00,0.00,0.00,0.00,0.00,0.00,-0.00,0.00,0
1.91245,-13,12,151,0,DRIVE [ 38 ] [ 1 ] [ 1843 1554 1897 ] [    0    0    0 ] [      0      0      0 ] [ 0 ],drive [ 38 ] [ 0 ] [ 1868 1506 1897 ] [   14   68   21 ] [  14261  12333   9239 ] [ 0 ],1.00,1.00,1.20,1.40,-13.38,16.80,0.00,0.00,0.00,0.00,0.00,-0.00,0.00,0.00,0.00,0.00,0.00,0.00,0.00,-0.00,0.00,0
1.92403,-11,12,150,0,DRIVE [ 39 ] [ 1 ] [ 1819 1594 1897 ] [    0    0    0 ] [      0      0      0 ] [ 0 ],drive [ 38 ] [ 0 ] [ 1843 1554 1897 ] [   14   68   21 ] [  14261  12333   9239 ] [ 0 ],1.00,1.00,1.20,1.40,-10.57,17.48,0.00,0.00,0.00,0.00,0.00,-0.00,0.00,0.00,0.00,0.00,0.00,0.00,0.00,-0.00,0.00,0
1.937,-8,13,149,0,DRIVE [ 39 ] [ 1 ] [ 1793 1626 1897 ] [    0    0    0 ] [      0      0      0 ] [ 0 ],drive [ 39 ] [ 0 ] [ 1819 1594 1897 ] [   14   68   21 ] [  14261  12333   9239 ] [ 0 ],1.00,1.00,1.20,1.40,-7.91,18.31,0.00,0.00,0.00,0.00,0.00,-0.00,0.00,0.00,0.00,0.00,0.00,0.00,0.00,-0.00,0.00,0
1.94825,-5,14,147,0,DRIVE [ 40 ] [ 1 ] [ 1765 1650 1897 ] [    0    0    0 ] [      0      0      0 ] [ 0 ],drive [ 39 ] [ 0 ] [ 1793 1626 1897 ] [   14   68   21 ] [  14275  12139   9212 ] [ 0 ],1.00,1.00,1.20,1.40,-5.49,19.19,0.00,0.00,0.00,0.00,0.00,-0.00,0.00,0.00,0.00,0.00,0.00,0.00,0.00,-0.00,0.00,0
1.96085,-3,15,146,0,DRIVE [ 40 ] [ 1 ] [ 1734 1664 1897 ] [    0    0    0 ] [      0      0      0 ] [ 0 ],drive [ 40 ] [ 0 ] [ 1765 1650 1897 ] [   21   55   13 ] [  14275  12139   9212 ] [ 0 ],1.00,1.00,1.20,1.40,-3.36,20.35,0.00,0.00,0.00,0.00,0.00,-0.00,0.00,0.00,0.00,0.00,0.00,0.00,0.00,-0.00,0.00,0
1.97219,-2,16,144,0,DRIVE [ 41 ] [ 1 ] [ 1701 1669 1897 ] [    0    0    0 ] [      0      0      0 ] [ 0 ],drive [ 40 ] [ 0 ] [ 1734 1664 1897 ] [   21   55   13 ] [  14275  12139   9212 ] [ 0 ],1.00,1.00,1.20,1.40,-1.52,21.75,0.00,0.00,0.00,0.00,0.00,-0.00,0.00,0.00,0.00,0.00,0.00,0.00,0.00,0.00,0.00,0
1.98394,0,17,143,0,DRIVE [ 41 ] [ 1 ] [ 1667 1666 1897 ] [    0    0    0 ] [      0      0      0 ] [ 0 ],drive [ 41 ] [ 0 ] [ 1701 1669 1897 ] [   21   55   13 ] [  14275  12139   9212 ] [ 0 ],1.00,1.00,1.20,1.40,-0.05,23.44,0.00,0.00,0.00,0.00,0.00,-0.00,0.00,0.00,0.00,0.00,0.00,0.00,0.00,0.00,0.00,0
1.99543,1,18,141,0,DRIVE [ 42 ] [ 1 ] [ 1633 1656 1897 ] [    0    0    0 ] [      0      0      0 ] [ 0 ],drive [ 41 ] [ 0 ] [ 1667 1666 1897 ] [   21   55   13 ] [  14449  11686   9212 ] [ 0 ],1.00,1.00,1.20,1.40,1.10,25.41,0.00,0.00,0.00,0.00,0.00,-0.00,0.00,0.00,0.00,0.00,0.00,0.00,0.00,0.00,0.00,0
2.0073,2,20,140,0,DRIVE [ 42 ] [ 1 ] [ 1598 1640 1897 ] [    0    0    0 ] [      0      0      0 ] [ 0 ],drive [ 42 ] [ 0 ] [ 1633 1656 1897 ] [   42   22   13 ] [  14449  11686   9212 ] [ 0 ],1.00,1.00,1.20,1.40,1.96,27.63,0.00,0.00,0.00,0.00,0.00,-0.00,0.00,0.00,0.00,0.00,0.00,0.00,0.00,0.00,0.00,0
2.01912,3,21,138,0,DRIVE [ 43 ] [ 1 ] [ 1563 1619 1897 ] [    0    0    0 ] [      0      0      0 ] [ 0 ],drive [ 42 ] [ 0 ] [ 1598 1640 1897 ] [   42   22   13 ] [  14449  11686   9212 ] [ 0 ],1.00,1.00,1.20,1.40,2.59,30.03,0.00,0.00,0.00,0.00,0.00,-0.00,0.00,0.00,0.00,0.00,0.00,0.00,0.00,0.00,0.00,0
2.03011,3,23,137,0,DRIVE [ 43 ] [ 1 ] [ 1526 1594 1897 ] [    0    0    0 ] [      0      0      0 ] [ 0 ],drive [ 43 ] [ 0 ] [ 1563 1619 1897 ] [   42   22   13 ] [  14449  11686   9212 ] [ 0 ],1.00,1.00,1.20,1.40,3.12,32.67,0.00,0.00,0.00,0.00,0.00,-0.00,0.00,0.00,0.00,0.00,0.00,0.00,0.00,0.00,0.00,0
2.0419,4,25,135,0,DRIVE [ 44 ] [ 1 ] [ 1487 1567 1897 ] [    0    0    0 ] [      0      0      0 ] [ 0 ],drive [ 43 ] [ 0 ] [ 1526 1594 1897 ] [   42   22   13 ] [  14682  11391   9212 ] [ 0 ],1.00,1.00,1.20,1.40,3.59,35.44,0.00,0.00,0.00,0.00,0.00,-0.00,0.00,0.00,0.00,0.00,0.00,0.00,0.00,0.00,0.00,0
2.05352,4,27,133,0,DRIVE [ 44 ] [ 1 ] [ 1447 1538 1897 ] [    0    0    0 ] [      0      0      0 ] [ 0 ],drive [ 44 ] [ 0 ] [ 1487 1567 1897 ] [   49   40   12 ] [  14682  11391   9212 ] [ 0 ],1.00,1.00,1.20,1.40,4.07,38.37,0.00,0.00,0.00,0.00,0.00,-0.00,0.00,0.00,0.00,0.00,0.00,0.00,0.00,0.00,0.00,0
2.0645,5,30,132,0,DRIVE [ 45 ] [ 1 ] [ 1406 1508 1897 ] [    0    0    0 ] [      0      0      0 ] [ 0 ],drive [ 44 ] [ 0 ] [ 1447 1538 1897 ] [   49   40   12 ] [  14682  11391   9212 ] [ 0 ],1.00,1.00,1.20,1.40,4.54,41.40,0.00,0.00,0.00,0.00,0.00,-0.00,0.00,0.00,0.00,0.00,0.00,0.00,0.00,0.00,0.00,0
2.07595,5,32,131,0,DRIVE [ 45 ] [ 1 ] [ 1362 1478 1897 ] [    0    0    0 ] [      0      0      0 ] [ 0 ],drive [ 45 ] [ 0 ] [ 1406 1508 1897 ] [   49   40   12 ] [  14682  11391   9212 ] [ 0 ],1.00,1.00,1.20,1.40,5.14,44.53,0.00,0.00,0.00,0.00,0.00,-0.00,0.00,0.00,0.00,0.00,0.00,0.00,0.00,0.00,0.00,0
2.08732,6,34,129,0,DRIVE [ 46 ] [ 1 ] [ 1317 1450 1897 ] [    0    0    0 ] [      0      0      0 ] [ 0 ],drive [ 45 ] [ 0 ] [ 1362 1478 1897 ] [   49   40   12 ] [  14790  11358   9212 ] [ 0 ],1.00,1.00,1.20,1.40,5.87,47.55,0.00,0.00,0.00,0.00,0.00,-0.00,0.00,0.00,0.00,0.00,0.00,0.00,0.00,0.00,0.00,0
2.09824,7,37,127,0,DRIVE [ 46 ] [ 1 ] [ 1257 1420 1897 ] [    0    0    0 ] [      0      0      0 ] [ 0 ],drive [ 46 ] [ 0 ] [ 1317 1450 1897 ] [   49   40   12 ] [  14790  11358   9212 ] [ 0 ],1.00,1.00,1.20,1.40,7.15,51.26,0.00,0.00,0.00,0.00,0.00,-0.00,0.00,0.00,0.00,0.00,0.00,0.00,0.00,0.00,0.00,0
2.10969,8,39,126,0,DRIVE [ 47 ] [ 1 ] [ 1200 1394 1897 ] [    0    0    0 ] [      0      0      0 ] [ 0 ],drive [ 46 ] [ 0 ] [ 1257 1420 1897 ] [   56   42   13 ] [  14790  11358   9212 ] [ 0 ],1.00,1.00,1.20,1.40,8.49,54.73,0.00,0.00,0.00,0.00,0.00,-0.00,0.00,0.00,0.00,0.00,0.00,0.00,0.00,0.00,0.00,0
2.12096,10,41,125,0,DRIVE [ 47 ] [ 1 ] [ 1146 1373 1897 ] [    0    0    0 ] [      0      0      0 ] [ 0 ],drive [ 47 ] [ 0 ] [ 1200 1394 1897 ] [   56   42   13 ] [  14790  11358   9212 ] [ 0 ],1.00,1.00,1.20,1.40,9.87,57.89,0.00,0.00,0.00,0.00,0.00,-0.00,0.00,0.00,0.00,0.00,0.00,0.00,0.00,0.00,0.00,0
2.13181,11,43,123,0,DRIVE [ 48 ] [ 1 ] [ 1097 1357 1897 ] [    0    0    0 ] [      0      0      0 ] [ 0 ],drive [ 47 ] [ 0 ] [ 1146 1373 1897 ] [   56   42   13 ] [  14790  11358   9212 ] [ 0 ],1.00,1.00,1.20,1.40,11.27,60.49,0.00,0.00,0.00,0.00,0.00,-0.00,0.00,0.00,0.00,0.00,0.00,0.00,0.00,0.00,0.00,0
2.14333,13,45,122,0,DRIVE [ 48 ] [ 1 ] [ 1050 1344 1897 ] [    0    0    0 ] [      0      0      0 ] [ 0 ],drive [ 48 ] [ 0 ] [ 1097 1357 1897 ] [   56   42   13 ] [  15192  11348   9212 ] [ 0 ],1.00,1.00,1.20,1.40,12.71,62.80,0.00,0.00,0.00,0.00,0.00,-0.00,0.00,0.00,0.00,0.00,0.00,0.00,0.00,0.00,0.00,0
2.1547,14,46,121,0,DRIVE [ 49 ] [ 1 ] [ 1006 1335 1897 ] [    0    0    0 ] [      0      0      0 ] [ 0 ],drive [ 48 ] [ 0 ] [ 1050 1344 1897 ] [   91   54    6 ] [  15192  11348   9212 ] [ 0 ],1.00,1.00,1.20,1.40,14.15,64.78,0.00,0.00,0.00,0.00,0.00,-0.00,0.00,0.00,0.00,0.00,0.00,0.00,0.00,0.00,0.00,0
2.16664,16,47,120,0,DRIVE [ 49 ] [ 1 ] [ 1005 1330 1897 ] [    0    0    0 ] [      0      0      0 ] [ 0 ],drive [ 49 ] [ 0 ] [ 1006 1335 1897 ] [   91   54    6 ] [  15192  11348   9212 ] [ 0 ],1.00,1.00,1.20,1.40,15.58,66.43,0.00,0.00,0.00,0.00,0.00,-0.00,0.00,0.00,0.00,0.00,0.00,0.00,0.00,0.00,0.00,0
2.17769,17,48,120,0,DRIVE [ 50 ] [ 1 ] [ 1005 1328 1897 ] [    0    0    0 ] [      0      0      0 ] [ 0 ],drive [ 49 ] [ 0 ] [ 1005 1330 1897 ] [   91   54    6 ] [  15192  11348   9212 ] [ 0 ],1.00,1.00,1.20,1.40,16.95,67.74,0.00,0.00,0.00,0.00,0.00,-0.00,0.00,0.00,0.00,0.00,0.00,0.00,0.00,0.00,0.00,0
2.18927,18,49,119,0,DRIVE [ 50 ] [ 1 ] [ 1005 1329 1897 ] [    0    0    0 ] [      0      0      0 ] [ 0 ],drive [ 50 ] [ 0 ] [ 1005 1328 1897 ] [   91   54    6 ] [  15722  11332   9100 ] [ 0 ],1.00,1.00,1.20,1.40,18.30,68.70,0.00,0.00,0.00,0.00,0.00,-0.00,0.00,0.00,0.00,0.00,0.00,0.00,0.00,0.00,0.00,0
2.2004,19,49,118,0,DRIVE [ 51 ] [ 1 ] [ 1005 1333 1897 ] [    0    0    0 ] [      0      0      0 ] [ 0 ],drive [ 50 ] [ 0 ] [ 1005 1329 1897 ] [   91   54    6 ] [  15722  11332   9100 ] [ 0 ],1.00,1.00,1.20,1.40,19.48,69.11,0.00,0.00,0.00,0.00,0.00,-0.00,0.00,0.00,0.00,0.00,0.00,0.00,0.00,0.00,0.00,0
2.21206,21,49,117,0,DRIVE [ 51 ] [ 1 ] [ 1005 1340 1897 ] [    0    0    0 ] [      0      0      0 ] [ 0 ],drive [ 51 ] [ 0 ] [ 1005 1333 1897 ] [   98   66   13 ] [  15722  11332   9100 ] [ 0 ],1.00,1.00,1.20,1.40,20.60,69.21,0.00,0.00,0.00,0.00,0.00,-0.00,0.00,0.00,0.00,0.00,0.00,0.00,0.00,0.00,0.00,0
2.22365,22,49,117,0,DRIVE [ 52 ] [ 1 ] [ 1005 1348 1897 ] [    0    0    0 ] [      0      0      0 ] [ 0 ],drive [ 51 ] [ 0 ] [ 1005 1340 1897 ] [   98   66   13 ] [  15722  11332   9100 ] [ 0 ],1.00,1.00,1.20,1.40,21.65,69.17,0.00,0.00,0.00,0.00,0.00,-0.00,0.00,0.00,0.00,0.00,0.00,0.00,0.00,0.00,0.00,0
2.23534,23,49,116,0,DRIVE [ 52 ] [ 1 ] [ 1005 1358 1897 ] [    0    0    0 ] [      0      0      0 ] [ 0 ],drive [ 52 ] [ 0 ] [ 1005 1348 1897 ] [   98   66   13 ] [  15722  11332   9100 ] [ 0 ],1.00,1.00,1.20,1.40,22.66,68.86,0.00,0.00,0.00,0.00,0.00,-0.00,0.00,0.00,0.00,0.00,0.00,0.00,0.00,0.00,0.00,0
2.2463,24,49,116,0,DRIVE [ 53 ] [ 1 ] [ 1005 1370 1897 ] [    0    0    0 ] [      0      0      0 ] [ 0 ],drive [ 52 ] [ 0 ] [ 1005 1358 1897 ] [   98   66   13 ] [  15921  11322   8975 ] [ 0 ],1.00,1.00,1.20,1.40,23.75,68.50,0.00,0.00,0.00,0.00,0.00,-0.00,0.00,0.00,0.00,0.00,0.00,0.00,0.00,0.00,0.00,0
2.25781,25,48,115,0,DRIVE [ 53 ] [ 1 ] [ 1005 1384 1897 ] [    0    0    0 ] [      0      0      0 ] [ 0 ],drive [ 53 ] [ 0 ] [ 1005 1370 1897 ] [   97   64    3 ] [  15921  11322   8975 ] [ 0 ],1.00,1.00,1.20,1.40,24.80,67.86,0.00,0.00,0.00,0.00,0.00,-0.00,0.00,0.00,0.00,0.00,0.00,0.00,0.00,0.00,0.00,0
2.26926,26,48,115,0,DRIVE [ 54 ] [ 1 ] [ 1005 1400 1897 ] [    0    0    0 ] [      0      0      0 ] [ 0 ],drive [ 53 ] [ 0 ] [ 1005 1384 1897 ] [   97   64    3 ] [  15921  11322   8975 ] [ 0 ],1.00,1.00,1.20,1.40,25.81,67.05,0.00,0.00,0.00,0.00,0.00,-0.00,0.00,0.00,0.00,0.00,0.00,0.00,0.00,0.00,0.00,0
2.28041,27,47,115,0,DRIVE [ 54 ] [ 1 ] [ 1005 1416 1897 ] [    0    0    0 ] [      0      0      0 ] [ 0 ],drive [ 54 ] [ 0 ] [ 1005 1400 1897 ] [   97   64    3 ] [  15921  11322   8975 ] [ 0 ],1.00,1.00,1.20,1.40,26.62,65.98,0.00,0.00,0.00,0.00,0.00,-0.00,0.00,0.00,0.00,0.00,0.00,0.00,0.00,0.00,0.00,0
2.29201,27,46,114,0,DRIVE [ 55 ] [ 1 ] [ 1005 1434 1897 ] [    0    0    0 ] [      0      0      0 ] [ 0 ],drive [ 54 ] [ 0 ] [ 1005 1416 1897 ] [   97   64    3 ] [  16248  11323   8693 ] [ 0 ],1.00,1.00,1.20,1.40,27.32,64.66,0.00,0.00,0.00,0.00,0.00,-0.00,0.00,0.00,0.00,0.00,0.00,0.00,0.00,0.00,0.00,0
2.30339,28,45,114,0,DRIVE [ 55 ] [ 1 ] [ 1005 1455 1897 ] [    0    0    0 ] [      0      0      0 ] [ 0 ],drive [ 55 ] [ 0 ] [ 1005 1434 1897 ] [  111   60   14 ] [  16248  11323   8693 ] [ 0 ],1.00,1.00,1.20,1.40,27.72,62.78,0.00,0.00,0.00,0.00,0.00,-0.00,0.00,0.00,0.00,0.00,0.00,0.00,0.00,0.00,0.00,0
2.31419,28,43,114,0,DRIVE [ 56 ] [ 1 ] [ 1005 1479 1897 ] [    0    0    0 ] [      0      0      0 ] [ 0 ],drive [ 55 ] [ 0 ] [ 1005 1455 1897 ] [  111   60   14 ] [  16248  11323   8693 ] [ 0 ],1.00,1.00,1.20,1.40,27.87,60.45,0.00,0.00,0.00,0.00,0.00,-0.00,0.00,0.00,0.00,0.00,0.00,0.00,0.00,0.00,0.00,0
2.32571,28,41,114,0,DRIVE [ 56 ] [ 1 ] [ 1005 1505 1897 ] [    0    0    0 ] [      0      0      0 ] [ 0 ],drive [ 56 ] [ 0 ] [ 1005 1479 1897 ] [  111   60   14 ] [  16248  11323   8693 ] [ 0 ],1.00,1.00,1.20,1.40,27.85,57.72,0.00,0.00,0.00,0.00,0.00,-0.00,0.00,0.00,0.00,0.00,0.00,0.00,0.00,0.00,0.00,0
2.33826,28,39,113,0,DRIVE [ 57 ] [ 1 ] [ 1005 1532 1897 ] [    0    0    0 ] [      0      0      0 ] [ 0 ],drive [ 56 ] [ 0 ] [ 1005 1505 1897 ] [  111   60   14 ] [  16681  11260   8345 ] [ 0 ],1.00,1.00,1.20,1.40,27.71,54.83,0.00,0.00,0.00,0.00,0.00,-0.00,0.00,0.00,0.00,0.00,0.00,0.00,0.00,0.00,0.00,0
2.34959,27,37,113,0,DRIVE [ 57 ] [ 1 ] [ 1005 1559 1897 ] [    0    0    0 ] [      0      0      0 ] [ 0 ],drive [ 57 ] [ 0 ] [ 1005 1532 1897 ] [  111   60   14 ] [  16681  11260   8345 ] [ 0 ],1.00,1.00,1.20,1.40,27.49,51.95,0.00,0.00,0.00,0.00,0.00,-0.00,0.00,0.00,0.00,0.00,0.00,0.00,0.00,0.00,0.00,0
2.3612,27,35,113,0,DRIVE [ 58 ] [ 1 ] [ 1005 1584 1897 ] [    0    0    0 ] [      0      0      0 ] [ 0 ],drive [ 57 ] [ 0 ] [ 1005 1559 1897 ] [   92   46   17 ] [  16681  11260   8345 ] [ 0 ],1.00,1.00,1.20,1.40,27.13,49.18,0.00,0.00,0.00,0.00,0.00,-0.00,0.00,0.00,0.00,0.00,0.00,0.00,0.00,0.00,0.00,0
2.37264,27,33,113,0,DRIVE [ 58 ] [ 1 ] [ 1005 1607 1897 ] [    0    0    0 ] [      0      0      0 ] [ 0 ],drive [ 58 ] [ 0 ] [ 1005 1584 1897 ] [   92   46   17 ] [  16681  11260   8345 ] [ 0 ],1.00,1.00,1.20,1.40,26.60,46.56,0.00,0.00,0.00,0.00,0.00,0.00,0.00,0.00,0.00,0.00,0.00,0.00,0.00,0.00,0.00,0
2.38402,26,32,112,0,DRIVE [ 59 ] [ 1 ] [ 1005 1624 1897 ] [    0    0    0 ] [      0      0      0 ] [ 0 ],drive [ 58 ] [ 0 ] [ 1005 1607 1897 ] [   92   46   17 ] [  16681  11260   8345 ] [ 0 ],1.00,1.00,1.20,1.40,25.91,44.25,0.00,0.00,0.00,0.00,0.00,0.00,0.00,0.00,0.00,0.00,0.00,0.00,0.00,0.00,0.00,0
2.3953,25,30,112,0,DRIVE [ 59 ] [ 1 ] [ 1005 1637 1897 ] [    0    0    0 ] [      0      0      0 ] [ 0 ],drive [ 59 ] [ 0 ] [ 1005 1624 1897 ] [   92   46   17 ] [  16961  10846   8297 ] [ 0 ],1.00,1.00,1.20,1.40,25.07,42.24,0.00,0.00,0.00,0.00,0.00,0.00,0.00,0.00,0.00,0.00,0.00,0.00,0.00,0.00,0.00,0
2.40675,24,29,112,0,DRIVE [ 60 ] [ 1 ] [ 1005 1650 1897 ] [    0    0    0 ] [      0      0      0 ] [ 0 ],drive [ 59 ] [ 0 ] [ 1005 1637 1897 ] [  101   39   14 ] [  16961  10846   8297 ] [ 0 ],1.00,1.00,1.20,1.40,23.97,40.14,0.00,0.00,0.00,0.00,0.00,0.00,0.00,0.00,0.00,0.00,0.00,0.00,-0.00,-0.00,0.00,0
2.41843,23,27,111,0,DRIVE [ 60 ] [ 1 ] [ 1038 1661 1897 ] [    0    0    0 ] [      0      0      0 ] [ 0 ],drive [ 60 ] [ 0 ] [ 1005 1650 1897 ] [  101   39   14 ] [  16961  10846   8297 ] [ 0 ],1.00,1.00,1.20,1.40,22.61,37.92,0.00,0.00,0.00,0.00,0.00,0.00,0.00,0.00,0.00,0.00,0.00,0.00,-0.00,-0.00,0.00,0
2.4292,21,25,110,0,DRIVE [ 61 ] [ 1 ] [ 1082 1673 1897 ] [    0    0    0 ] [      0      0      0 ] [ 0 ],drive [ 60 ] [ 0 ] [ 1038 1661 1897 ] [  101   39   14 ] [  16961  10846   8297 ] [ 0 ],1.00,1.00,1.20,1.40,21.22,35.60,0.00,0.00,0.00,0.00,0.00,0.00,0.00,0.00,0.00,0.00,0.00,0.00,-0.00,-0.00,0.00,0
2.44048,20,24,109,0,DRIVE [ 61 ] [ 1 ] [ 1129 1687 1897 ] [    0    0    0 ] [      0      0      0 ] [ 0 ],drive [ 61 ] [ 0 ] [ 1082 1673 1897 ] [  101   39   14 ] [  17283  10490   8048 ] [ 0 ],1.00,1.00,1.20,1.40,19.81,33.13,0.00,0.00,0.00,0.00,0.00,0.00,0.00,0.00,0.00,0.00,0.00,0.00,-0.00,-0.00,0.00,0
2.45158,18,22,109,0,DRIVE [ 62 ] [ 1 ] [ 1177 1704 1897 ] [    0    0    0 ] [      0      0      0 ] [ 0 ],drive [ 61 ] [ 0 ] [ 1129 1687 1897 ] [   86   43   22 ] [  17283  10490   8048 ] [ 0 ],1.00,1.00,1.20,1.40,18.46,30.50,0.00,0.00,0.00,0.00,0.00,0.00,0.00,0.00,0.00,0.00,0.00,0.00,-0.00,-0.00,0.00,0
2.46234,17,20,108,0,DRIVE [ 62 ] [ 1 ] [ 1226 1724 1897 ] [    0    0    0 ] [      0      0      0 ] [ 0 ],drive [ 62 ] [ 0 ] [ 1177 1704 1897 ] [   86   43   22 ] [  17283  10490   8048 ] [ 0 ],1.00,1.00,1.20,1.40,17.22,27.71,0.00,0.00,0.00,0.00,0.00,0.00,0.00,0.00,0.00,0.00,0.00,0.00,-0.00,-0.00,0.00,0
2.47354,16,18,107,0,DRIVE [ 63 ] [ 1 ] [ 1269 1745 1897 ] [    0    0    0 ] [      0      0      0 ] [ 0 ],drive [ 62 ] [ 0 ] [ 1226 1724 1897 ] [   86   43   22 ] [  17283  10490   8048 ] [ 0 ],1.00,1.00,1.20,1.40,16.19,25.03,0.00,0.00,0.00,0.00,0.00,0.00,0.00,0.00,0.00,0.00,0.00,0.00,-0.00,-0.00,0.00,0
2.48514,15,16,106,0,DRIVE [ 63 ] [ 1 ] [ 1308 1767 1897 ] [    0    0    0 ] [      0      0      0 ] [ 0 ],drive [ 63 ] [ 0 ] [ 1269 1745 1897 ] [   86   43   22 ] [  17283  10490   8048 ] [ 0 ],1.00,1.00,1.20,1.40,15.38,22.45,0.00,0.00,0.00,0.00,0.00,0.00,0.00,0.00,0.00,0.00,0.00,0.00,-0.00,-0.00,0.00,0
2.49601,15,14,105,0,DRIVE [ 64 ] [ 1 ] [ 1341 1790 1897 ] [    0    0    0 ] [      0      0      0 ] [ 0 ],drive [ 63 ] [ 0 ] [ 1308 1767 1897 ] [   86   43   22 ] [  17273  10445   8005 ] [ 0 ],1.00,1.00,1.20,1.40,14.73,20.00,0.00,0.00,0.00,0.00,0.00,0.00,0.00,0.00,0.00,0.00,0.00,0.00,-0.00,-0.00,0.00,0
2.50738,14,13,104,0,DRIVE [ 64 ] [ 1 ] [ 1370 1812 1897 ] [    0    0    0 ] [      0      0      0 ] [ 0 ],drive [ 64 ] [ 0 ] [ 1341 1790 1897 ] [   62   20   21 ] [  17273  10445   8005 ] [ 0 ],1.00,1.00,1.20,1.40,14.17,17.71,0.00,0.00,0.00,0.00,0.00,0.00,0.00,0.00,0.00,0.00,0.00,0.00,-0.00,-0.00,0.00,0
2.51834,14,11,103,0,DRIVE [ 65 ] [ 1 ] [ 1400 1833 1897 ] [    0    0    0 ] [      0      0      0 ] [ 0 ],drive [ 64 ] [ 0 ] [ 1370 1812 1897 ] [   62   20   21 ] [  17273  10445   8005 ] [ 0 ],1.00,1.00,1.20,1.40,13.63,15.53,0.00,0.00,0.00,0.00,0.00,0.00,0.00,0.00,0.00,0.00,0.00,0.00,-0.00,-0.00,0.00,0
2.52895,13,10,102,0,DRIVE [ 65 ] [ 1 ] [ 1430 1851 1897 ] [    0    0    0 ] [      0      0      0 ] [ 0 ],drive [ 65 ] [ 0 ] [ 1400 1833 1897 ] [   62   20   21 ] [  17273  10445   8005 ] [ 0 ],1.00,1.00,1.20,1.40,12.94,13.52,0.00,0.00,0.00,0.00,0.00,0.00,0.00,0.00,0.00,0.00,0.00,0.00,-0.00,-0.00,0.00,0
2.54017,12,8,101,0,DRIVE [ 66 ] [ 1 ] [ 1462 1866 1897 ] [    0    0    0 ] [      0      0      0 ] [ 0 ],drive [ 65 ] [ 0 ] [ 1430 1851 1897 ] [   62   20   21 ] [  17264  10029   8016 ] [ 0 ],1.00,1.00,1.20,1.40,12.13,11.69,0.00,0.00,0.00,0.00,0.00,0.00,0.00,0.00,0.00,0.00,0.00,0.00,-0.00,-0.00,0.00,0
2.5511,11,7,100,0,DRIVE [ 66 ] [ 1 ] [ 1497 1876 1897 ] [    0    0    0 ] [      0      0      0 ] [ 0 ],drive [ 66 ] [ 0 ] [ 1462 1866 1897 ] [   47    9    8 ] [  17264  10029   8016 ] [ 0 ],1.00,1.00,1.20,1.40,11.16,10.12,0.00,0.00,0.00,0.00,0.00,0.00,0.00,0.00,0.00,0.00,0.00,0.00,-0.00,-0.00,0.00,0
2.56177,10,6,99,0,DRIVE [ 67 ] [ 1 ] [ 1537 1883 1897 ] [    0    0    0 ] [      0      0      0 ] [ 0 ],drive [ 66 ] [ 0 ] [ 1497 1876 1897 ] [   47    9    8 ] [  17264  10029   8016 ] [ 0 ],1.00,1.00,1.20,1.40,9.99,8.73,0.00,0.00,0.00,0.00,0.00,0.00,0.00,0.00,0.00,0.00,0.00,0.00,-0.00,-0.00,0.00,0
2.57286,9,5,98,0,DRIVE [ 67 ] [ 1 ] [ 1584 1887 1897 ] [    0    0    0 ] [      0      0      0 ] [ 0 ],drive [ 67 ] [ 0 ] [ 1537 1883 1897 ] [   47    9    8 ] [  17264  10029   8016 ] [ 0 ],1.00,1.00,1.20,1.40,8.62,7.44,0.00,0.00,0.00,0.00,0.00,0.00,0.00,0.00,0.00,0.00,0.00,0.00,-0.00,-0.00,0.00,0
2.58362,7,4,97,0,DRIVE [ 68 ] [ 1 ] [ 1636 1889 1897 ] [    0    0    0 ] [      0      0      0 ] [ 0 ],drive [ 67 ] [ 0 ] [ 1584 1887 1897 ] [   47    9    8 ] [  17264  10029   8016 ] [ 0 ],1.00,1.00,1.20,1.40,7.11,6.21,0.00,0.00,0.00,0.00,0.00,0.00,0.00,0.00,0.00,0.00,0.00,0.00,-0.00,-0.00,0.00,0
2.59396,6,4,96,0,DRIVE [ 68 ] [ 1 ] [ 1690 1890 1897 ] [    0    0    0 ] [      0      0      0 ] [ 0 ],drive [ 68 ] [ 0 ] [ 1636 1889 1897 ] [   47    9    8 ] [  17252   9676   8029 ] [ 0 ],1.00,1.00,1.20,1.40,5.55,5.06,0.00,0.00,0.00,0.00,0.00,0.00,0.00,0.00,0.00,0.00,0.00,0.00,-0.00,-0.00,0.00,0
2.60507,4,3,94,0,DRIVE [ 69 ] [ 1 ] [ 1745 1890 1897 ] [    0    0    0 ] [      0      0      0 ] [ 0 ],drive [ 68 ] [ 0 ] [ 1690 1890 1897 ] [   39    4    1 ] [  17252   9676   8029 ] [ 0 ],1.00,1.00,1.20,1.40,4.03,3.94,0.00,0.00,0.00,0.00,0.00,0.00,0.00,0.00,0.00,0.00,0.00,0.00,-0.00,-0.00,0.00,0
2.61538,3,2,93,0,DRIVE [ 69 ] [ 1 ] [ 1798 1890 1897 ] [    0    0    0 ] [      0      0      0 ] [ 0 ],drive [ 69 ] [ 0 ] [ 1745 1890 1897 ] [   39    4    1 ] [  17252   9676   8029 ] [ 0 ],1.00,1.00,1.20,1.40,2.58,2.90,0.00,0.00,0.00,0.00,0.00,0.00,0.00,0.00,0.00,0.00,0.00,0.00,-0.00,-0.00,0.00,0
2.62623,1,1,92,0,DRIVE [ 70 ] [ 1 ] [ 1848 1890 1897 ] [    0    0    0 ] [      0      0      0 ] [ 0 ],drive [ 69 ] [ 0 ] [ 1798 1890 1897 ] [   39    4    1 ] [  17252   9676   8029 ] [ 0 ],1.00,1.00,1.20,1.40,1.21,1.95,0.00,0.00,0.00,0.00,0.00,0.00,0.00,0.00,0.00,0.00,0.00,0.00,-0.00,-0.00,0.00,0
2.6369,0,1,91,0,DRIVE [ 70 ] [ 1 ] [ 1889 1885 1897 ] [    0    0    0 ] [      0      0      0 ] [ 0 ],drive [ 70 ] [ 0 ] [ 1848 1890 1897 ] [   39    4    1 ] [  17091   9537   8085 ] [ 0 ],1.00,1.00,1.20,1.40,-0.10,1.12,0.00,0.00,0.00,0.00,0.00,0.00,0.00,0.00,0.00,0.00,0.00,0.00,0.00,-0.00,0.00,0
2.64713,-1,0,90,0,DRIVE [ 71 ] [ 1 ] [ 1889 1862 1899 ] [    0    0    0 ] [      0      0      0 ] [ 0 ],drive [ 70 ] [ 0 ] [ 1889 1885 1897 ] [   39    4    1 ] [  17091   9537   8085 ] [ 0 ],1.00,1.00,1.20,1.40,-1.40,0.51,0.00,0.00,0.00,0.00,0.00,0.00,0.00,0.00,0.00,0.00,0.00,0.00,0.00,0.00,0.00,0
2.65784,-3,0,89,0,DRIVE [ 71 ] [ 1 ] [ 1889 1839 1883 ] [    0    0    0 ] [      0      0      0 ] [ 0 ],drive [ 71 ] [ 0 ] [ 1889 1862 1899 ] [   10    5    2 ] [  17091   9537   8085 ] [ 0 ],1.00,1.00,1.20,1.40,-2.65,0.17,0.00,0.00,0.00,0.00,0.00,0.00,0.00,0.00,0.00,0.00,0.00,0.00,0.00,0.00,0.00,0
2.6683,-4,0,88,0,DRIVE [ 72 ] [ 1 ] [ 1889 1813 1871 ] [    0    0    0 ] [      0      0      0 ] [ 0 ],drive [ 71 ] [ 0 ] [ 1889 1839 1883 ] [   10    5    2 ] [  17091   9537   8085 ] [ 0 ],1.00,1.00,1.20,1.40,-3.80,0.07,0.00,0.00,0.00,0.00,0.00,0.00,0.00,0.00,0.00,0.00,0.00,0.00,0.00,0.00,0.00,0
2.67839,-5,0,86,0,DRIVE [ 72 ] [ 1 ] [ 1889 1783 1863 ] [    0    0    0 ] [      0      0      0 ] [ 0 ],drive [ 72 ] [ 0 ] [ 1889 1813 1871 ] [   10    5    2 ] [  17091   9537   8085 ] [ 0 ],1.00,1.00,1.20,1.40,-4.86,0.25,0.00,0.00,0.00,0.00,0.00,0.00,0.00,0.00,0.00,0.00,0.00,0.00,0.00,0.00,0.00,0
2.689,-6,0,85,0,DRIVE [ 73 ] [ 1 ] [ 1889 1749 1859 ] [    0    0    0 ] [      0      0      0 ] [ 0 ],drive [ 72 ] [ 0 ] [ 1889 1783 1863 ] [   10    5    2 ] [  16462   9519   8369 ] [ 0 ],1.00,1.00,1.20,1.40,-5.83,0.66,0.00,0.00,0.00,0.00,0.00,0.00,0.00,0.00,0.00,0.00,0.00,0.00,0.00,0.00,0.00,0
2.69954,-7,1,84,0,DRIVE [ 73 ] [ 1 ] [ 1889 1712 1859 ] [    0    0    0 ] [      0      0      0 ] [ 0 ],drive [ 73 ] [ 0 ] [ 1889 1749 1859 ] [   10    5    2 ] [  16462   9519   8369 ] [ 0 ],1.00,1.00,1.20,1.40,-6.75,1.27,0.00,0.00,0.00,0.00,0.00,0.00,0.00,0.00,0.00,0.00,0.00,0.00,0.00,0.00,0.00,0
2.70975,-8,1,83,0,DRIVE [ 74 ] [ 1 ] [ 1889 1673 1860 ] [    0    0    0 ] [      0      0      0 ] [ 0 ],drive [ 73 ] [ 0 ] [ 1889 1712 1859 ] [   23   15   15 ] [  16462   9519   8369 ] [ 0 ],1.00,1.00,1.20,1.40,-7.60,1.98,0.00,0.00,0.00,0.00,0.00,0.00,0.00,0.00,0.00,0.00,0.00,0.00,0.00,0.00,0.00,0
2.72028,-8,2,82,0,DRIVE [ 74 ] [ 1 ] [ 1889 1630 1863 ] [    0    0    0 ] [      0      0      0 ] [ 0 ],drive [ 74 ] [ 0 ] [ 1889 1673 1860 ] [   23   15   15 ] [  16462   9519   8369 ] [ 0 ],1.00,1.00,1.20,1.40,-8.42,2.79,0.00,0.00,0.00,0.00,0.00,0.00,0.00,0.00,0.00,0.00,0.00,0.00,0.00,0.00,0.00,0
2.73045,-9,3,80,0,DRIVE [ 75 ] [ 1 ] [ 1889 1584 1866 ] [    0    0    0 ] [      0      0      0 ] [ 0 ],drive [ 74 ] [ 0 ] [ 1889 1630 1863 ] [   23   15   15 ] [  16462   9519   8369 ] [ 0 ],1.00,1.00,1.20,1.40,-9.22,3.64,0.00,0.00,0.00,0.00,0.00,0.00,0.00,0.00,0.00,0.00,0.00,0.00,0.00,0.00,0.00,0
2.74143,-10,3,79,0,DRIVE [ 75 ] [ 1 ] [ 1889 1541 1868 ] [    0    0    0 ] [      0      0      0 ] [ 0 ],drive [ 75 ] [ 0 ] [ 1889 1584 1866 ] [   23   15   15 ] [  16166   9540   8587 ] [ 0 ],1.00,1.00,1.20,1.40,-10.04,4.37,0.00,0.00,0.00,0.00,0.00,0.00,0.00,0.00,0.00,0.00,0.00,0.00,0.00,0.00,0.00,0
2.7519,-11,4,79,0,DRIVE [ 76 ] [ 1 ] [ 1889 1500 1868 ] [    0    0    0 ] [      0      0      0 ] [ 0 ],drive [ 75 ] [ 0 ] [ 1889 1541 1868 ] [   20   49   17 ] [  16166   9540   8587 ] [ 0 ],1.00,1.00,1.20,1.40,-10.87,4.94,0.00,0.00,0.00,0.00,0.00,0.00,0.00,0.00,0.00,0.00,0.00,0.00,0.00,0.00,0.00,0
2.76186,-12,4,78,0,DRIVE [ 76 ] [ 1 ] [ 1889 1464 1865 ] [    0    0    0 ] [      0      0      0 ] [ 0 ],drive [ 76 ] [ 0 ] [ 1889 1500 1868 ] [   20   49   17 ] [  16166   9540   8587 ] [ 0 ],1.00,1.00,1.20,1.40,-11.68,5.35,0.00,0.00,0.00,0.00,0.00,0.00,0.00,0.00,0.00,0.00,0.00,0.00,0.00,0.00,0.00,0
2.77242,-12,4,77,0,DRIVE [ 77 ] [ 1 ] [ 1889 1432 1862 ] [    0    0    0 ] [      0      0      0 ] [ 0 ],drive [ 76 ] [ 0 ] [ 1889 1464 1865 ] [   20   49   17 ] [  16166   9540   8587 ] [ 0 ],1.00,1.00,1.20,1.40,-12.42,5.68,0.00,0.00,0.00,0.00,0.00,0.00,0.00,0.00,0.00,0.00,0.00,0.00,0.00,0.00,0.00,0
2.78296,-13,4,76,0,DRIVE [ 77 ] [ 1 ] [ 1889 1403 1860 ] [    0    0    0 ] [      0      0      0 ] [ 0 ],drive [ 77 ] [ 0 ] [ 1889 1432 1862 ] [   20   49   17 ] [  16166   9540   8587 ] [ 0 ],1.00,1.00,1.20,1.40,-13.07,5.98,0.00,0.00,0.00,0.00,0.00,0.00,0.00,0.00,0.00,0.00,0.00,0.00,0.00,0.00,0.00,0
2.79461,-14,5,75,0,DRIVE [ 78 ] [ 1 ] [ 1889 1374 1859 ] [    0    0    0 ] [      0      0      0 ] [ 0 ],drive [ 77 ] [ 0 ] [ 1889 1403 1860 ] [   20   49   17 ] [  16112   9737   8593 ] [ 0 ],1.00,1.00,1.20,1.40,-13.59,6.37,0.00,0.00,0.00,0.00,0.00,0.00,0.00,0.00,0.00,0.00,0.00,0.00,0.00,0.00,0.00,0
2.8053,-14,5,75,0,DRIVE [ 78 ] [ 1 ] [ 1889 1343 1864 ] [    0    0    0 ] [      0      0      0 ] [ 0 ],drive [ 78 ] [ 0 ] [ 1889 1374 1859 ] [   21   62   10 ] [  16112   9737   8593 ] [ 0 ],1.00,1.00,1.20,1.40,-13.94,6.92,0.00,0.00,0.00,0.00,0.00,0.00,0.00,0.00,0.00,0.00,0.00,0.00,0.00,0.00,0.00,0
2.81934,-14,6,74,0,DRIVE [ 79 ] [ 1 ] [ 1889 1308 1874 ] [    0    0    0 ] [      0      0      0 ] [ 0 ],drive [ 78 ] [ 0 ] [ 1889 1343 1864 ] [   21   62   10 ] [  16112   9737   8593 ] [ 0 ],1.00,1.00,1.20,1.40,-14.09,7.73,0.00,0.00,0.00,0.00,0.00,0.00,0.00,0.00,0.00,0.00,0.00,0.00,0.00,0.00,0.00,0
2.82977,-14,6,73,0,DRIVE [ 79 ] [ 1 ] [ 1889 1271 1889 ] [    0    0    0 ] [      0      0      0 ] [ 0 ],drive [ 79 ] [ 0 ] [ 1889 1308 1874 ] [   21   62   10 ] [  16112   9737   8593 ] [ 0 ],1.00,1.00,1.20,1.40,-13.95,8.70,0.00,0.00,0.00,0.00,0.00,0.00,0.00,0.00,0.00,0.00,0.00,0.00,0.00,0.00,0.00,0
2.8401,-14,7,72,0,DRIVE [ 80 ] [ 1 ] [ 1898 1240 1889 ] [    0    0    0 ] [      0      0      0 ] [ 0 ],drive [ 79 ] [ 0 ] [ 1889 1271 1889 ] [   21   62   10 ] [  15665  10061   8768 ] [ 0 ],1.00,1.00,1.20,1.40,-13.56,9.91,0.00,0.00,0.00,0.00,0.00,0.00,0.00,0.00,0.00,0.00,0.00,0.00,0.00,0.00,0.00,0
2.85058,-13,8,71,0,DRIVE [ 80 ] [ 1 ] [ 1870 1246 1889 ] [    0    0    0 ] [      0      0      0 ] [ 0 ],drive [ 80 ] [ 0 ] [ 1898 1240 1889 ] [    3   63   23 ] [  15665  10061   8768 ] [ 0 ],1.00,1.00,1.20,1.40,-13.03,11.16,0.00,0.00,0.00,0.00,0.00,0.00,0.00,0.00,0.00,0.00,0.00,0.00,0.00,0.00,0.00,0
2.86058,-12,9,70,0,DRIVE [ 81 ] [ 1 ] [ 1842 1251 1889 ] [    0    0    0 ] [      0      0      0 ] [ 0 ],drive [ 80 ] [ 0 ] [ 1870 1246 1889 ] [    3   63   23 ] [  15665  10061   8768 ] [ 0 ],1.00,1.00,1.20,1.40,-12.45,12.31,0.00,0.00,0.00,0.00,0.00,0.00,0.00,0.00,0.00,0.00,0.00,0.00,0.00,0.00,0.00,0
2.87107,-12,10,69,0,DRIVE [ 81 ] [ 1 ] [ 1816 1256 1889 ] [    0    0    0 ] [      0      0      0 ] [ 0 ],drive [ 81 ] [ 0 ] [ 1842 1251 1889 ] [    3   63   23 ] [  15665  10061   8768 ] [ 0 ],1.00,1.00,1.20,1.40,-11.86,13.32,0.00,0.00,0.00,0.00,0.00,0.00,0.00,0.00,0.00,0.00,0.00,0.00,0.00,0.00,0.00,0
2.88132,-11,10,68,0,DRIVE [ 82 ] [ 1 ] [ 1790 1260 1889 ] [    0    0    0 ] [      0      0      0 ] [ 0 ],drive [ 81 ] [ 0 ] [ 1816 1256 1889 ] [    3   63   23 ] [  15665  10061   8768 ] [ 0 ],1.00,1.00,1.20,1.40,-11.25,14.25,0.00,0.00,0.00,0.00,0.00,0.00,0.00,0.00,0.00,0.00,0.00,0.00,0.00,0.00,0.00,0
2.89113,-11,11,70,0,DRIVE [ 82 ] [ 1 ] [ 1760 1266 1889 ] [    0    0    0 ] [      0      0      0 ] [ 0 ],drive [ 82 ] [ 0 ] [ 1790 1260 1889 ] [    3   63   23 ] [  15478  10352   8782 ] [ 0 ],1.00,1.00,1.20,1.40,-10.97,15.87,0.00,0.00,0.00,0.00,0.00,0.00,0.00,0.00,0.00,0.00,0.00,0.00,0.00,0.00,0.00,0
2.904,-11,12,71,0,DRIVE [ 83 ] [ 1 ] [ 1733 1263 1889 ] [    0    0    0 ] [      0      0      0 ] [ 0 ],drive [ 82 ] [ 0 ] [ 1760 1266 1889 ] [   30   71   23 ] [  15478  10352   8782 ] [ 0 ],1.00,1.00,1.20,1.40,-10.72,17.31,0.00,0.00,0.00,0.00,0.00,0.00,0.00,0.00,0.00,0.00,0.00,0.00,0.00,0.00,0.00,0
2.91608,-10,13,69,0,DRIVE [ 83 ] [ 1 ] [ 1712 1253 1889 ] [    0    0    0 ] [      0      0      0 ] [ 0 ],drive [ 83 ] [ 0 ] [ 1733 1263 1889 ] [   30   71   23 ] [  15478  10352   8782 ] [ 0 ],1.00,1.00,1.20,1.40,-10.19,17.79,0.00,0.00,0.00,0.00,0.00,0.00,0.00,0.00,0.00,0.00,0.00,0.00,0.00,0.00,0.00,0
2.92804,-10,13,69,0,DRIVE [ 84 ] [ 1 ] [ 1730 1315 1889 ] [    0    0    0 ] [      0      0      0 ] [ 2 ],drive [ 83 ] [ 0 ] [ 1712 1253 1889 ] [   30   71   23 ] [  15478  10352   8782 ] [ 0 ],1.00,1.00,1.20,1.40,-9.18,16.01,0.00,0.00,0.00,0.00,0.00,0.00,0.00,0.00,0.00,0.00,0.00,0.00,0.00,0.00,0.00,0
2.93849,-10,13,69,0,DRIVE [ 84 ] [ 1 ] [ 1747 1372 1889 ] [    0    0    0 ] [      0      0      0 ] [ 2 ],drive [ 84 ] [ 0 ] [ 1730 1315 1889 ] [   30   71   23 ] [  15495  10345   8781 ] [ 2 ],1.00,1.00,1.20,1.40,-8.26,14.41,0.00,0.00,0.00,0.00,0.00,0.00,0.00,0.00,0.00,0.00,0.00,0.00,0.00,0.00,0.00,0
2.94829,-10,13,69,0,DRIVE [ 85 ] [ 1 ] [ 1762 1424 1889 ] [    0    0    0 ] [      0      0      0 ] [ 2 ],drive [ 84 ] [ 0 ] [ 1747 1372 1889 ] [   30   71   23 ] [  15495  10345   8781 ] [ 2 ],1.00,1.00,1.20,1.40,-7.43,12.97,0.00,0.00,0.00,0.00,0.00,0.00,0.00,0.00,0.00,0.00,0.00,0.00,0.00,0.00,0.00,0
2.96042,-10,14,69,0,DRIVE [ 85 ] [ 1 ] [ 1678 1229 1889 ] [    0    0    0 ] [      0      0      0 ] [ 0 ],drive [ 85 ] [ 0 ] [ 1762 1424 1889 ] [  171    1  132 ] [  15495  10345   8781 ] [ 2 ],1.00,1.00,1.20,1.40,-10.03,19.40,0.00,0.00,0.00,0.00,0.00,0.00,0.00,0.00,0.00,0.00,0.00,0.00,0.00,0.00,0.00,0
2.97022,-10,14,69,0,DRIVE [ 86 ] [ 1 ] [ 1700 1293 1889 ] [    0    0    0 ] [      0      0      0 ] [ 2 ],drive [ 85 ] [ 0 ] [ 1678 1229 1889 ] [  171    1  132 ] [  15495  10345   8781 ] [ 0 ],1.00,1.00,1.20,1.40,-9.03,17.46,0.00,0.00,0.00,0.00,0.00,0.00,0.00,0.00,0.00,0.00,0.00,0.00,0.00,0.00,0.00,0
2.98218,-10,14,69,0,DRIVE [ 86 ] [ 1 ] [ 1720 1352 1889 ] [    0    0    0 ] [      0      0      0 ] [ 2 ],drive [ 86 ] [ 0 ] [ 1700 1293 1889 ] [  171    1  132 ] [  15495  10345   8781 ] [ 2 ],1.00,1.00,1.20,1.40,-8.13,15.71,0.00,0.00,0.00,0.00,0.00,0.00,0.00,0.00,0.00,0.00,0.00,0.00,0.00,0.00,0.00,0
2.99421,-10,14,69,1,DRIVE [ 87 ] [ 1 ] [ 1737 1405 1889 ] [    0    0    0 ] [      0      0      0 ] [ 2 ],drive [ 86 ] [ 0 ] [ 1720 1352 1889 ] [  171    1  132 ] [  16075   9902   9636 ] [ 2 ],1.00,1.00,1.20,1.40,-7.31,14.14,0.00,0.00,0.00,0.00,0.00,0.00,0.00,0.00,0.00,0.00,0.00,0.00,0.00,0.00,0.00,0
