timestamp,Xmm,Ymm,Zmm,TouchDetected,OutgoingPacket,IncomingPacket,GainPropAb, GainPropAd, GainPropFl, GainPropEx,PropA, PropB, PropC,GainIntegAb, GainIntegAd, GainIntegFl, GainIntegEx,IntegA, IntegB, IntegC,GainDerivAb, GainDerivAd, GainDerivFl, GainDerivEx,DerivA, DerivB, DerivC,Heading5
0.127481,-42,114,370,0,DRIVE [ 91 ] [ 1 ] [ 1898 1893 1905 ] [    0    0    0 ] [      0      0      0 ] [ 0 ],drive [ 90 ] [ 0 ] [ 1905 1895 1905 ] [   19    4   22 ] [  11625   9735  11509 ] [ 0 ],1.00,1.00,1.20,1.40,-41.54,159.58,0.00,0.00,0.00,0.00,0.00,0.00,0.00,0.00,0.00,0.00,0.00,0.00,0.00,0.00,0.00,0
0.140265,-40,113,371,0,DRIVE [ 91 ] [ 1 ] [ 1889 1878 1905 ] [    0    0    0 ] [      0      0      0 ] [ 0 ],drive [ 91 ] [ 0 ] [ 1898 1893 1905 ] [   19    4   22 ] [  11606   9735  11517 ] [ 0 ],1.00,1.00,1.20,1.40,-40.35,158.55,0.00,0.00,0.00,0.00,0.00,0.00,0.00,0.00,0.00,0.00,0.00,0.00,0.00,0.00,0.00,0
0.152771,-40,114,376,0,DRIVE [ 92 ] [ 1 ] [ 1883 1868 1905 ] [    0    0    0 ] [      0      0      0 ] [ 0 ],drive [ 91 ] [ 0 ] [ 1889 1878 1905 ] [   18    4   22 ] [  11606   9735  11517 ] [ 0 ],1.00,1.00,1.20,1.40,-39.74,159.80,0.00,0.00,0.00,0.00,0.00,0.00,0.00,0.00,0.00,0.00,0.00,0.00,0.00,0.00,0.00,0
0.165698,-39,112,371,0,DRIVE [ 92 ] [ 1 ] [ 1877 1858 1905 ] [    0    0    0 ] [      0      0      0 ] [ 0 ],drive [ 92 ] [ 0 ] [ 1883 1868 1905 ] [   18    4   22 ] [  11606   9735  11517 ] [ 0 ],1.00,1.00,1.20,1.40,-38.90,157.46,0.00,0.00,0.00,0.00,0.00,0.00,0.00,0.00,0.00,0.00,0.00,0.00,0.00,-0.00,0.00,0
0.178415,-39,112,370,0,DRIVE [ 93 ] [ 1 ] [ 1871 1848 1905 ] [    0    0    0 ] [      0      0      0 ] [ 0 ],drive [ 92 ] [ 0 ] [ 1877 1858 1905 ] [   18    4   22 ] [  11606   9735  11517 ] [ 0 ],1.00,1.00,1.20,1.40,-38.56,157.24,0.00,0.00,0.00,0.00,0.00,0.00,0.00,0.00,0.00,0.00,0.00,0.00,0.00,-0.00,0.00,0
0.191119,-38,112,369,0,DRIVE [ 93 ] [ 1 ] [ 1865 1838 1905 ] [    0    0    0 ] [      0      0      0 ] [ 0 ],drive [ 93 ] [ 0 ] [ 1871 1848 1905 ] [   18    4   22 ] [  11606   9734  11511 ] [ 0 ],1.00,1.00,1.20,1.40,-38.12,156.44,0.00,0.00,0.00,0.00,0.00,0.00,0.00,0.00,0.00,0.00,0.00,0.00,0.00,-0.00,0.00,0
0.203783,-38,111,368,0,DRIVE [ 94 ] [ 1 ] [ 1859 1828 1905 ] [    0    0    0 ] [      0      0      0 ] [ 0 ],drive [ 93 ] [ 0 ] [ 1865 1838 1905 ] [   20    8   17 ] [  11606   9734  11511 ] [ 0 ],1.00,1.00,1.20,1.40,-37.66,155.88,0.00,0.00,0.00,0.00,0.00,0.00,0.00,0.00,0.00,0.00,0.00,0.00,0.00,-0.00,0.00,0
0.215865,-37,111,367,0,DRIVE [ 94 ] [ 1 ] [ 1853 1819 1905 ] [    0    0    0 ] [      0      0      0 ] [ 0 ],drive [ 94 ] [ 0 ] [ 1859 1828 1905 ] [   20    8   17 ] [  11606   9734  11511 ] [ 0 ],1.00,1.00,1.20,1.40,-37.23,154.81,0.00,0.00,0.00,0.00,0.00,0.00,0.00,0.00,0.00,0.00,0.00,0.00,0.00,-0.00,0.00,0
0.228547,-37,110,365,0,DRIVE [ 95 ] [ 1 ] [ 1847 1810 1905 ] [    0    0    0 ] [      0      0      0 ] [ 0 ],drive [ 94 ] [ 0 ] [ 1853 1819 1905 ] [   20    8   17 ] [  11606   9734  11511 ] [ 0 ],1.00,1.00,1.20,1.40,-36.76,153.51,0.00,0.00,0.00,0.00,0.00,0.00,0.00,0.00,0.00,0.00,0.00,0.00,0.00,-0.00,0.00,0
0.240805,-36,109,363,0,DRIVE [ 95 ] [ 1 ] [ 1841 1800 1905 ] [    0    0    0 ] [      0      0      0 ] [ 0 ],drive [ 95 ] [ 0 ] [ 1847 1810 1905 ] [   20    8   17 ] [  11607   9735  11493 ] [ 0 ],1.00,1.00,1.20,1.40,-36.29,152.20,0.00,0.00,0.00,0.00,0.00,0.00,0.00,0.00,0.00,0.00,0.00,0.00,0.00,-0.00,0.00,0
0.253266,-36,108,362,0,DRIVE [ 96 ] [ 1 ] [ 1836 1791 1905 ] [    0    0    0 ] [      0      0      0 ] [ 0 ],drive [ 95 ] [ 0 ] [ 1841 1800 1905 ] [   23   12    8 ] [  11607   9735  11493 ] [ 0 ],1.00,1.00,1.20,1.40,-35.97,151.02,0.00,0.00,0.00,0.00,0.00,0.00,0.00,0.00,0.00,0.00,0.00,0.00,0.00,-0.00,0.00,0
0.265433,-36,106,359,0,DRIVE [ 96 ] [ 1 ] [ 1830 1782 1905 ] [    0    0    0 ] [      0      0      0 ] [ 0 ],drive [ 96 ] [ 0 ] [ 1836 1791 1905 ] [   23   12    8 ] [  11607   9735  11493 ] [ 0 ],1.00,1.00,1.20,1.40,-35.58,148.90,0.00,0.00,0.00,0.00,0.00,0.00,0.00,0.00,0.00,0.00,0.00,0.00,0.00,-0.00,0.00,0
0.278138,-36,106,359,0,DRIVE [ 97 ] [ 1 ] [ 1825 1773 1905 ] [    0    0    0 ] [      0      0      0 ] [ 0 ],drive [ 96 ] [ 0 ] [ 1830 1782 1905 ] [   23   12    8 ] [  11607   9735  11493 ] [ 0 ],1.00,1.00,1.20,1.40,-35.53,147.72,0.00,0.00,0.00,0.00,0.00,0.00,0.00,0.00,0.00,0.00,0.00,0.00,0.00,-0.00,0.00,0
0.290715,-35,104,356,0,DRIVE [ 97 ] [ 1 ] [ 1820 1764 1905 ] [    0    0    0 ] [      0      0      0 ] [ 0 ],drive [ 97 ] [ 0 ] [ 1825 1773 1905 ] [   23   12    8 ] [  11617   9737  11340 ] [ 0 ],1.00,1.00,1.20,1.40,-35.35,145.66,0.00,0.00,0.00,0.00,0.00,0.00,0.00,0.00,0.00,0.00,0.00,0.00,0.00,-0.00,0.00,0
0.303209,-35,102,353,0,DRIVE [ 98 ] [ 1 ] [ 1815 1755 1905 ] [    0    0    0 ] [      0      0      0 ] [ 0 ],drive [ 97 ] [ 0 ] [ 1820 1764 1905 ] [   31   15   24 ] [  11617   9737  11340 ] [ 0 ],1.00,1.00,1.20,1.40,-35.25,143.36,0.00,0.00,0.00,0.00,0.00,0.00,0.00,0.00,0.00,0.00,0.00,0.00,0.00,-0.00,0.00,0
0.315324,-35,101,351,0,DRIVE [ 98 ] [ 1 ] [ 1811 1746 1905 ] [    0    0    0 ] [      0      0      0 ] [ 0 ],drive [ 98 ] [ 0 ] [ 1815 1755 1905 ] [   31   15   24 ] [  11617   9737  11340 ] [ 0 ],1.00,1.00,1.20,1.40,-35.36,141.75,0.00,0.00,0.00,0.00,0.00,0.00,0.00,0.00,0.00,0.00,0.00,0.00,0.00,-0.00,0.00,0
0.328302,-35,100,349,0,DRIVE [ 99 ] [ 1 ] [ 1806 1737 1905 ] [    0    0    0 ] [      0      0      0 ] [ 0 ],drive [ 98 ] [ 0 ] [ 1811 1746 1905 ] [   31   15   24 ] [  11617   9737  11340 ] [ 0 ],1.00,1.00,1.20,1.40,-35.42,139.86,0.00,0.00,0.00,0.00,0.00,0.00,0.00,0.00,0.00,0.00,0.00,0.00,0.00,-0.00,0.00,0
0.340842,-35,99,347,0,DRIVE [ 99 ] [ 1 ] [ 1802 1728 1905 ] [    0    0    0 ] [      0      0      0 ] [ 0 ],drive [ 99 ] [ 0 ] [ 1806 1737 1905 ] [   31   15   24 ] [  11619   9740  11269 ] [ 0 ],1.00,1.00,1.20,1.40,-35.43,138.07,0.00,0.00,0.00,0.00,0.00,0.00,0.00,0.00,0.00,0.00,0.00,0.00,0.00,-0.00,0.00,0
0.352837,-35,98,346,0,DRIVE [ 00 ] [ 1 ] [ 1797 1719 1905 ] [    0    0    0 ] [      0      0      0 ] [ 0 ],drive [ 99 ] [ 0 ] [ 1802 1728 1905 ] [   32   16   11 ] [  11619   9740  11269 ] [ 0 ],1.00,1.00,1.20,1.40,-35.49,136.70,0.00,0.00,0.00,0.00,0.00,0.00,0.00,0.00,0.00,0.00,0.00,0.00,0.00,-0.00,0.00,0
0.365532,-35,97,343,0,DRIVE [ 00 ] [ 1 ] [ 1792 1710 1905 ] [    0    0    0 ] [      0      0      0 ] [ 0 ],drive [ 00 ] [ 0 ] [ 1797 1719 1905 ] [   32   16   11 ] [  11619   9740  11269 ] [ 0 ],1.00,1.00,1.20,1.40,-35.37,135.42,0.00,0.00,0.00,0.00,0.00,0.00,0.00,0.00,0.00,0.00,0.00,0.00,0.00,-0.00,0.00,0
0.378171,-35,96,340,0,DRIVE [ 01 ] [ 1 ] [ 1787 1701 1905 ] [    0    0    0 ] [      0      0      0 ] [ 0 ],drive [ 00 ] [ 0 ] [ 1792 1710 1905 ] [   32   16   11 ] [  11619   9740  11269 ] [ 0 ],1.00,1.00,1.20,1.40,-34.98,134.35,0.00,0.00,0.00,0.00,0.00,0.00,0.00,0.00,0.00,0.00,0.00,0.00,0.00,-0.00,0.00,0
0.390456,-34,96,337,0,DRIVE [ 01 ] [ 1 ] [ 1779 1691 1905 ] [    0    0    0 ] [      0      0      0 ] [ 0 ],drive [ 01 ] [ 0 ] [ 1787 1701 1905 ] [   32   16   11 ] [  11634   9740  11258 ] [ 0 ],1.00,1.00,1.20,1.40,-34.12,134.39,0.00,0.00,0.00,0.00,0.00,0.00,0.00,0.00,0.00,0.00,0.00,0.00,0.00,-0.00,0.00,0
0.403068,-33,96,332,0,DRIVE [ 02 ] [ 1 ] [ 1771 1680 1905 ] [    0    0    0 ] [      0      0      0 ] [ 0 ],drive [ 01 ] [ 0 ] [ 1779 1691 1905 ] [   13   21    0 ] [  11634   9740  11258 ] [ 0 ],1.00,1.00,1.20,1.40,-33.04,134.29,0.00,0.00,0.00,0.00,0.00,0.00,0.00,0.00,0.00,0.00,0.00,0.00,0.00,-0.00,0.00,0
0.414752,-32,96,328,0,DRIVE [ 02 ] [ 1 ] [ 1762 1670 1905 ] [    0    0    0 ] [      0      0      0 ] [ 0 ],drive [ 02 ] [ 0 ] [ 1771 1680 1905 ] [   13   21    0 ] [  11634   9740  11258 ] [ 0 ],1.00,1.00,1.20,1.40,-31.86,134.48,0.00,0.00,0.00,0.00,0.00,0.00,0.00,0.00,0.00,0.00,0.00,0.00,0.00,-0.00,0.00,0
0.427138,-31,96,324,0,DRIVE [ 03 ] [ 1 ] [ 1752 1660 1905 ] [    0    0    0 ] [      0      0      0 ] [ 0 ],drive [ 02 ] [ 0 ] [ 1762 1670 1905 ] [   13   21    0 ] [  11634   9740  11258 ] [ 0 ],1.00,1.00,1.20,1.40,-30.63,134.97,0.00,0.00,0.00,0.00,0.00,0.00,0.00,0.00,0.00,0.00,0.00,0.00,0.00,-0.00,0.00,0
0.439571,-29,97,320,0,DRIVE [ 03 ] [ 1 ] [ 1742 1649 1905 ] [    0    0    0 ] [      0      0      0 ] [ 0 ],drive [ 03 ] [ 0 ] [ 1752 1660 1905 ] [   13   21    0 ] [  11712   9745  11189 ] [ 0 ],1.00,1.00,1.20,1.40,-29.31,135.36,0.00,0.00,0.00,0.00,0.00,0.00,0.00,0.00,0.00,0.00,0.00,0.00,0.00,-0.00,0.00,0
0.451677,-28,97,316,0,DRIVE [ 04 ] [ 1 ] [ 1732 1638 1905 ] [    0    0    0 ] [      0      0      0 ] [ 0 ],drive [ 03 ] [ 0 ] [ 1742 1649 1905 ] [   13   21    0 ] [  11712   9745  11189 ] [ 0 ],1.00,1.00,1.20,1.40,-28.05,136.04,0.00,0.00,0.00,0.00,0.00,0.00,0.00,0.00,0.00,0.00,0.00,0.00,0.00,-0.00,0.00,0
0.463425,-27,97,312,0,DRIVE [ 04 ] [ 1 ] [ 1721 1627 1905 ] [    0    0    0 ] [      0      0      0 ] [ 0 ],drive [ 04 ] [ 0 ] [ 1732 1638 1905 ] [   37   22    2 ] [  11712   9745  11189 ] [ 0 ],1.00,1.00,1.20,1.40,-26.65,136.49,0.00,0.00,0.00,0.00,0.00,0.00,0.00,0.00,0.00,0.00,0.00,0.00,0.00,-0.00,0.00,0
0.475633,-25,98,309,0,DRIVE [ 05 ] [ 1 ] [ 1709 1618 1905 ] [    0    0    0 ] [      0      0      0 ] [ 0 ],drive [ 04 ] [ 0 ] [ 1721 1627 1905 ] [   37   22    2 ] [  11712   9745  11189 ] [ 0 ],1.00,1.00,1.20,1.40,-25.13,137.24,0.00,0.00,0.00,0.00,0.00,0.00,0.00,0.00,0.00,0.00,0.00,0.00,0.00,-0.00,0.00,0
0.488624,-23,98,306,0,DRIVE [ 05 ] [ 1 ] [ 1697 1608 1905 ] [    0    0    0 ] [      0      0      0 ] [ 0 ],drive [ 05 ] [ 0 ] [ 1709 1618 1905 ] [   37   22    2 ] [  11812   9764  11074 ] [ 0 ],1.00,1.00,1.20,1.40,-23.40,137.85,0.00,0.00,0.00,0.00,0.00,0.00,0.00,0.00,0.00,0.00,0.00,0.00,0.00,-0.00,0.00,0
0.500155,-22,99,303,0,DRIVE [ 06 ] [ 1 ] [ 1683 1598 1905 ] [    0    0    0 ] [      0      0      0 ] [ 0 ],drive [ 05 ] [ 0 ] [ 1697 1608 1905 ] [   37   22    2 ] [  11812   9764  11074 ] [ 0 ],1.00,1.00,1.20,1.40,-21.53,138.80,0.00,0.00,0.00,0.00,0.00,0.00,0.00,0.00,0.00,0.00,0.00,0.00,0.00,-0.00,0.00,0
0.512374,-20,100,301,0,DRIVE [ 06 ] [ 1 ] [ 1669 1589 1905 ] [    0    0    0 ] [      0      0      0 ] [ 0 ],drive [ 06 ] [ 0 ] [ 1683 1598 1905 ] [   39   35    0 ] [  11812   9764  11074 ] [ 0 ],1.00,1.00,1.20,1.40,-19.56,139.82,0.00,0.00,0.00,0.00,0.00,0.00,0.00,0.00,0.00,0.00,0.00,0.00,0.00,-0.00,0.00,0
0.524274,-17,101,298,0,DRIVE [ 07 ] [ 1 ] [ 1652 1579 1905 ] [    0    0    0 ] [      0      0      0 ] [ 0 ],drive [ 06 ] [ 0 ] [ 1669 1589 1905 ] [   39   35    0 ] [  11812   9764  11074 ] [ 0 ],1.00,1.00,1.20,1.40,-17.02,141.68,0.00,0.00,0.00,0.00,0.00,0.00,0.00,0.00,0.00,0.00,0.00,0.00,0.00,-0.00,0.00,0
0.536139,-15,102,294,0,DRIVE [ 07 ] [ 1 ] [ 1634 1570 1905 ] [    0    0    0 ] [      0      0      0 ] [ 0 ],drive [ 07 ] [ 0 ] [ 1652 1579 1905 ] [   39   35    0 ] [  11812   9764  11074 ] [ 0 ],1.00,1.00,1.20,1.40,-14.60,142.77,0.00,0.00,0.00,0.00,0.00,0.00,0.00,0.00,0.00,0.00,0.00,0.00,0.00,-0.00,0.00,0
0.547904,-12,103,289,0,DRIVE [ 08 ] [ 1 ] [ 1616 1560 1905 ] [    0    0    0 ] [      0      0      0 ] [ 0 ],drive [ 07 ] [ 0 ] [ 1634 1570 1905 ] [   39   35    0 ] [  11987   9785  10946 ] [ 0 ],1.00,1.00,1.20,1.40,-12.24,143.60,0.00,0.00,0.00,0.00,0.00,0.00,0.00,0.00,0.00,0.00,0.00,0.00,0.00,-0.00,0.00,0
0.560111,-10,103,285,0,DRIVE [ 08 ] [ 1 ] [ 1598 1550 1905 ] [    0    0    0 ] [      0      0      0 ] [ 0 ],drive [ 08 ] [ 0 ] [ 1616 1560 1905 ] [   28   55    0 ] [  11987   9785  10946 ] [ 0 ],1.00,1.00,1.20,1.40,-10.13,144.36,0.00,0.00,0.00,0.00,0.00,0.00,0.00,0.00,0.00,0.00,0.00,0.00,0.00,0.00,0.00,0
0.572093,-8,103,282,0,DRIVE [ 09 ] [ 1 ] [ 1581 1540 1905 ] [    0    0    0 ] [      0      0      0 ] [ 0 ],drive [ 08 ] [ 0 ] [ 1598 1550 1905 ] [   28   55    0 ] [  11987   9785  10946 ] [ 0 ],1.00,1.00,1.20,1.40,-8.24,144.80,0.00,0.00,0.00,0.00,0.00,0.00,0.00,0.00,0.00,0.00,0.00,0.00,0.00,0.00,0.00,0
0.584137,-6,103,277,0,DRIVE [ 09 ] [ 1 ] [ 1564 1530 1905 ] [    0    0    0 ] [      0      0      0 ] [ 0 ],drive [ 09 ] [ 0 ] [ 1581 1540 1905 ] [   28   55    0 ] [  11987   9785  10946 ] [ 0 ],1.00,1.00,1.20,1.40,-6.49,144.40,0.00,0.00,0.00,0.00,0.00,0.00,0.00,0.00,0.00,0.00,0.00,0.00,0.00,0.00,0.00,0
0.595695,-5,104,276,0,DRIVE [ 10 ] [ 1 ] [ 1547 1521 1905 ] [    0    0    0 ] [      0      0      0 ] [ 0 ],drive [ 09 ] [ 0 ] [ 1564 1530 1905 ] [   28   55    0 ] [  12353   9860  10815 ] [ 0 ],1.00,1.00,1.20,1.40,-4.91,145.88,0.00,0.00,0.00,0.00,0.00,0.00,0.00,0.00,0.00,0.00,0.00,0.00,0.00,0.00,0.00,0
0.607642,-3,104,272,0,DRIVE [ 10 ] [ 1 ] [ 1531 1512 1905 ] [    0    0    0 ] [      0      0      0 ] [ 0 ],drive [ 10 ] [ 0 ] [ 1547 1521 1905 ] [   44   38   22 ] [  12353   9860  10815 ] [ 0 ],1.00,1.00,1.20,1.40,-3.41,145.44,0.00,0.00,0.00,0.00,0.00,0.00,0.00,0.00,0.00,0.00,0.00,0.00,0.00,0.00,0.00,0
0.619051,-2,103,268,0,DRIVE [ 11 ] [ 1 ] [ 1515 1503 1905 ] [    0    0    0 ] [      0      0      0 ] [ 0 ],drive [ 10 ] [ 0 ] [ 1531 1512 1905 ] [   44   38   22 ] [  12353   9860  10815 ] [ 0 ],1.00,1.00,1.20,1.40,-1.97,144.64,0.00,0.00,0.00,0.00,0.00,0.00,0.00,0.00,0.00,0.00,0.00,0.00,0.00,0.00,0.00,0
0.631113,-1,103,264,0,DRIVE [ 11 ] [ 1 ] [ 1500 1495 1905 ] [    0    0    0 ] [      0      0      0 ] [ 0 ],drive [ 11 ] [ 0 ] [ 1515 1503 1905 ] [   44   38   22 ] [  12353   9860  10815 ] [ 0 ],1.00,1.00,1.20,1.40,-0.80,143.87,0.00,0.00,0.00,0.00,0.00,0.00,0.00,0.00,0.00,0.00,0.00,0.00,0.00,0.00,0.00,0
0.64304,0,102,261,0,DRIVE [ 12 ] [ 1 ] [ 1485 1486 1905 ] [    0    0    0 ] [      0      0      0 ] [ 0 ],drive [ 11 ] [ 0 ] [ 1500 1495 1905 ] [   44   38   22 ] [  12674   9863  10573 ] [ 0 ],1.00,1.00,1.20,1.40,0.16,143.40,0.00,0.00,0.00,0.00,0.00,0.00,0.00,0.00,0.00,0.00,0.00,0.00,0.00,0.00,0.00,0
0.654787,1,102,258,0,DRIVE [ 12 ] [ 1 ] [ 1471 1478 1905 ] [    0    0    0 ] [      0      0      0 ] [ 0 ],drive [ 12 ] [ 0 ] [ 1485 1486 1905 ] [   41   42   21 ] [  12674   9863  10573 ] [ 0 ],1.00,1.00,1.20,1.40,1.05,142.26,0.00,0.00,0.00,0.00,0.00,0.00,0.00,0.00,0.00,0.00,0.00,0.00,-0.00,-0.00,0.00,0
0.666552,2,101,256,0,DRIVE [ 13 ] [ 1 ] [ 1459 1470 1905 ] [    0    0    0 ] [      0      0      0 ] [ 0 ],drive [ 12 ] [ 0 ] [ 1471 1478 1905 ] [   41   42   21 ] [  12674   9863  10573 ] [ 0 ],1.00,1.00,1.20,1.40,1.79,141.54,0.00,0.00,0.00,0.00,0.00,0.00,0.00,0.00,0.00,0.00,0.00,0.00,-0.00,-0.00,0.00,0
0.677729,2,100,253,0,DRIVE [ 13 ] [ 1 ] [ 1447 1463 1905 ] [    0    0    0 ] [      0      0      0 ] [ 0 ],drive [ 13 ] [ 0 ] [ 1459 1470 1905 ] [   41   42   21 ] [  12674   9863  10573 ] [ 0 ],1.00,1.00,1.20,1.40,2.39,140.11,0.00,0.00,0.00,0.00,0.00,0.00,0.00,0.00,0.00,0.00,0.00,0.00,-0.00,-0.00,0.00,0
0.690477,3,99,250,0,DRIVE [ 14 ] [ 1 ] [ 1437 1457 1905 ] [    0    0    0 ] [      0      0      0 ] [ 0 ],drive [ 13 ] [ 0 ] [ 1447 1463 1905 ] [   41   42   21 ] [  12977   9864  10315 ] [ 0 ],1.00,1.00,1.20,1.40,2.93,138.81,0.00,0.00,0.00,0.00,0.00,0.00,0.00,0.00,0.00,0.00,0.00,0.00,-0.00,-0.00,0.00,0
0.702089,3,98,248,0,DRIVE [ 14 ] [ 1 ] [ 1426 1449 1905 ] [    0    0    0 ] [      0      0      0 ] [ 0 ],drive [ 14 ] [ 0 ] [ 1437 1457 1905 ] [   42   45    4 ] [  12977   9864  10315 ] [ 0 ],1.00,1.00,1.20,1.40,3.24,137.41,0.00,0.00,0.00,0.00,0.00,0.00,0.00,0.00,0.00,0.00,0.00,0.00,-0.00,-0.00,0.00,0
0.713765,3,97,245,0,DRIVE [ 15 ] [ 1 ] [ 1418 1442 1905 ] [    0    0    0 ] [      0      0      0 ] [ 0 ],drive [ 14 ] [ 0 ] [ 1426 1449 1905 ] [   42   45    4 ] [  12977   9864  10315 ] [ 0 ],1.00,1.00,1.20,1.40,3.31,135.45,0.00,0.00,0.00,0.00,0.00,0.00,0.00,0.00,0.00,0.00,0.00,0.00,-0.00,-0.00,0.00,0
0.725651,3,96,243,0,DRIVE [ 15 ] [ 1 ] [ 1411 1436 1905 ] [    0    0    0 ] [      0      0      0 ] [ 0 ],drive [ 15 ] [ 0 ] [ 1418 1442 1905 ] [   42   45    4 ] [  12977   9864  10315 ] [ 0 ],1.00,1.00,1.20,1.40,3.34,134.02,0.00,0.00,0.00,0.00,0.00,0.00,0.00,0.00,0.00,0.00,0.00,0.00,-0.00,-0.00,0.00,0
0.737298,3,94,241,0,DRIVE [ 16 ] [ 1 ] [ 1404 1429 1905 ] [    0    0    0 ] [      0      0      0 ] [ 0 ],drive [ 15 ] [ 0 ] [ 1411 1436 1905 ] [   42   45    4 ] [  13198   9867  10129 ] [ 0 ],1.00,1.00,1.20,1.40,3.27,132.08,0.00,0.00,0.00,0.00,0.00,0.00,0.00,0.00,0.00,0.00,0.00,0.00,-0.00,-0.00,0.00,0
0.748839,3,93,238,0,DRIVE [ 16 ] [ 1 ] [ 1398 1423 1905 ] [    0    0    0 ] [      0      0      0 ] [ 0 ],drive [ 16 ] [ 0 ] [ 1404 1429 1905 ] [   42   45    4 ] [  13198   9867  10129 ] [ 0 ],1.00,1.00,1.20,1.40,3.18,130.05,0.00,0.00,0.00,0.00,0.00,0.00,0.00,0.00,0.00,0.00,0.00,0.00,-0.00,-0.00,0.00,0
0.760723,3,91,235,0,DRIVE [ 17 ] [ 1 ] [ 1392 1416 1905 ] [    0    0    0 ] [      0      0      0 ] [ 0 ],drive [ 16 ] [ 0 ] [ 1398 1423 1905 ] [   47   49    6 ] [  13198   9867  10129 ] [ 0 ],1.00,1.00,1.20,1.40,2.97,127.71,0.00,0.00,0.00,0.00,0.00,0.00,0.00,0.00,0.00,0.00,0.00,0.00,-0.00,-0.00,0.00,0
0.772621,3,90,232,0,DRIVE [ 17 ] [ 1 ] [ 1385 1408 1905 ] [    0    0    0 ] [      0      0      0 ] [ 0 ],drive [ 17 ] [ 0 ] [ 1392 1416 1905 ] [   47   49    6 ] [  13198   9867  10129 ] [ 0 ],1.00,1.00,1.20,1.40,2.80,126.12,0.00,0.00,0.00,0.00,0.00,0.00,0.00,0.00,0.00,0.00,0.00,0.00,-0.00,-0.00,0.00,0
0.784345,2,89,230,0,DRIVE [ 18 ] [ 1 ] [ 1378 1399 1905 ] [    0    0    0 ] [      0      0      0 ] [ 0 ],drive [ 17 ] [ 0 ] [ 1385 1408 1905 ] [   47   49    6 ] [  13198   9867  10129 ] [ 0 ],1.00,1.00,1.20,1.40,2.46,124.36,0.00,0.00,0.00,0.00,0.00,0.00,0.00,0.00,0.00,0.00,0.00,0.00,-0.00,-0.00,0.00,0
0.795814,2,88,227,0,DRIVE [ 18 ] [ 1 ] [ 1373 1391 1905 ] [    0    0    0 ] [      0      0      0 ] [ 0 ],drive [ 18 ] [ 0 ] [ 1378 1399 1905 ] [   47   49    6 ] [  13443   9886  10039 ] [ 0 ],1.00,1.00,1.20,1.40,2.08,122.86,0.00,0.00,0.00,0.00,0.00,0.00,0.00,0.00,0.00,0.00,0.00,0.00,-0.00,-0.00,0.00,0
0.807517,1,86,225,0,DRIVE [ 19 ] [ 1 ] [ 1370 1383 1905 ] [    0    0    0 ] [      0      0      0 ] [ 0 ],drive [ 18 ] [ 0 ] [ 1373 1391 1905 ] [   69   57   14 ] [  13443   9886  10039 ] [ 0 ],1.00,1.00,1.20,1.40,1.47,120.81,0.00,0.00,0.00,0.00,0.00,0.00,0.00,0.00,0.00,0.00,0.00,0.00,-0.00,-0.00,0.00,0
0.818868,1,85,223,0,DRIVE [ 19 ] [ 1 ] [ 1369 1376 1905 ] [    0    0    0 ] [      0      0      0 ] [ 0 ],drive [ 19 ] [ 0 ] [ 1370 1383 1905 ] [   69   57   14 ] [  13443   9886  10039 ] [ 0 ],1.00,1.00,1.20,1.40,0.74,118.91,0.00,0.00,0.00,0.00,0.00,0.00,0.00,0.00,0.00,0.00,0.00,0.00,-0.00,-0.00,0.00,0
0.83068,0,83,220,0,DRIVE [ 20 ] [ 1 ] [ 1371 1369 1905 ] [    0    0    0 ] [      0      0      0 ] [ 0 ],drive [ 19 ] [ 0 ] [ 1369 1376 1905 ] [   69   57   14 ] [  13443   9886  10039 ] [ 0 ],1.00,1.00,1.20,1.40,-0.12,116.32,0.00,0.00,0.00,0.00,0.00,0.00,0.00,0.00,0.00,0.00,0.00,0.00,0.00,-0.00,0.00,0
0.842364,-1,81,218,0,DRIVE [ 20 ] [ 1 ] [ 1373 1363 1905 ] [    0    0    0 ] [      0      0      0 ] [ 0 ],drive [ 20 ] [ 0 ] [ 1371 1369 1905 ] [   69   57   14 ] [  13780   9901   9824 ] [ 0 ],1.00,1.00,1.20,1.40,-0.99,113.67,0.00,0.00,0.00,0.00,0.00,0.00,0.00,0.00,0.00,0.00,0.00,0.00,0.00,-0.00,0.00,0
0.853915,-2,79,217,0,DRIVE [ 21 ] [ 1 ] [ 1379 1359 1905 ] [    0    0    0 ] [      0      0      0 ] [ 0 ],drive [ 20 ] [ 0 ] [ 1373 1363 1905 ] [   61   55    2 ] [  13780   9901   9824 ] [ 0 ],1.00,1.00,1.20,1.40,-1.95,111.14,0.00,0.00,0.00,0.00,0.00,0.00,0.00,0.00,0.00,0.00,0.00,0.00,0.00,-0.00,0.00,0
0.864851,-3,77,214,0,DRIVE [ 21 ] [ 1 ] [ 1385 1354 1905 ] [    0    0    0 ] [      0      0      0 ] [ 0 ],drive [ 21 ] [ 0 ] [ 1379 1359 1905 ] [   61   55    2 ] [  13780   9901   9824 ] [ 0 ],1.00,1.00,1.20,1.40,-2.96,107.92,0.00,0.00,0.00,0.00,0.00,0.00,0.00,0.00,0.00,0.00,0.00,0.00,0.00,-0.00,0.00,0
0.87638,-4,75,213,0,DRIVE [ 22 ] [ 1 ] [ 1394 1351 1905 ] [    0    0    0 ] [      0      0      0 ] [ 0 ],drive [ 21 ] [ 0 ] [ 1385 1354 1905 ] [   61   55    2 ] [  13780   9901   9824 ] [ 0 ],1.00,1.00,1.20,1.40,-3.98,105.12,0.00,0.00,0.00,0.00,0.00,0.00,0.00,0.00,0.00,0.00,0.00,0.00,0.00,-0.00,0.00,0
0.888115,-5,73,211,0,DRIVE [ 22 ] [ 1 ] [ 1402 1349 1905 ] [    0    0    0 ] [      0      0      0 ] [ 0 ],drive [ 22 ] [ 0 ] [ 1394 1351 1905 ] [   61   55    2 ] [  13981  10060   9608 ] [ 0 ],1.00,1.00,1.20,1.40,-4.89,101.70,0.00,0.00,0.00,0.00,0.00,0.00,0.00,0.00,0.00,0.00,0.00,0.00,0.00,-0.00,0.00,0
0.903864,-6,70,209,0,DRIVE [ 23 ] [ 1 ] [ 1412 1349 1905 ] [    0    0    0 ] [      0      0      0 ] [ 0 ],drive [ 22 ] [ 0 ] [ 1402 1349 1905 ] [   61   55    2 ] [  13981  10060   9608 ] [ 0 ],1.00,1.00,1.20,1.40,-5.62,98.16,0.00,0.00,0.00,0.00,0.00,0.00,0.00,0.00,0.00,0.00,0.00,0.00,0.00,-0.00,0.00,0
0.915331,-6,68,206,0,DRIVE [ 23 ] [ 1 ] [ 1421 1347 1905 ] [    0    0    0 ] [      0      0      0 ] [ 0 ],drive [ 23 ] [ 0 ] [ 1412 1349 1905 ] [   61   52    6 ] [  13981  10060   9608 ] [ 0 ],1.00,1.00,1.20,1.40,-6.38,94.53,0.00,0.00,0.00,0.00,0.00,0.00,0.00,0.00,0.00,0.00,0.00,0.00,0.00,-0.00,0.00,0
0.926777,-7,65,205,0,DRIVE [ 24 ] [ 1 ] [ 1433 1349 1905 ] [    0    0    0 ] [      0      0      0 ] [ 0 ],drive [ 23 ] [ 0 ] [ 1421 1347 1905 ] [   61   52    6 ] [  13981  10060   9608 ] [ 0 ],1.00,1.00,1.20,1.40,-7.16,91.11,0.00,0.00,0.00,0.00,0.00,0.00,0.00,0.00,0.00,0.00,0.00,0.00,0.00,-0.00,0.00,0
0.938189,-8,63,204,0,DRIVE [ 24 ] [ 1 ] [ 1447 1351 1905 ] [    0    0    0 ] [      0      0      0 ] [ 0 ],drive [ 24 ] [ 0 ] [ 1433 1349 1905 ] [   61   52    6 ] [  13985  10087   9545 ] [ 0 ],1.00,1.00,1.20,1.40,-7.92,87.66,0.00,0.00,0.00,0.00,0.00,0.00,0.00,0.00,0.00,0.00,0.00,0.00,0.00,-0.00,0.00,0
0.949284,-9,60,202,0,DRIVE [ 25 ] [ 1 ] [ 1459 1352 1905 ] [    0    0    0 ] [      0      0      0 ] [ 0 ],drive [ 24 ] [ 0 ] [ 1447 1351 1905 ] [   61   52    6 ] [  13985  10087   9545 ] [ 0 ],1.00,1.00,1.20,1.40,-8.63,84.56,0.00,0.00,0.00,0.00,0.00,0.00,0.00,0.00,0.00,0.00,0.00,0.00,0.00,-0.00,0.00,0
0.960585,-10,58,200,0,DRIVE [ 25 ] [ 1 ] [ 1474 1354 1905 ] [    0    0    0 ] [      0      0      0 ] [ 0 ],drive [ 25 ] [ 0 ] [ 1459 1352 1905 ] [   58   54    5 ] [  13985  10087   9545 ] [ 0 ],1.00,1.00,1.20,1.40,-9.52,80.83,0.00,0.00,0.00,0.00,0.00,0.00,0.00,0.00,0.00,0.00,0.00,0.00,0.00,-0.00,0.00,0
0.971877,-10,55,197,0,DRIVE [ 26 ] [ 1 ] [ 1489 1355 1905 ] [    0    0    0 ] [      0      0      0 ] [ 0 ],drive [ 25 ] [ 0 ] [ 1474 1354 1905 ] [   58   54    5 ] [  13985  10087   9545 ] [ 0 ],1.00,1.00,1.20,1.40,-10.37,77.21,0.00,0.00,0.00,0.00,0.00,0.00,0.00,0.00,0.00,0.00,0.00,0.00,0.00,-0.00,0.00,0
0.983417,-11,53,195,0,DRIVE [ 26 ] [ 1 ] [ 1504 1356 1905 ] [    0    0    0 ] [      0      0      0 ] [ 0 ],drive [ 26 ] [ 0 ] [ 1489 1355 1905 ] [   58   54    5 ] [  13985  10087   9545 ] [ 0 ],1.00,1.00,1.20,1.40,-11.16,73.97,0.00,0.00,0.00,0.00,0.00,0.00,0.00,0.00,0.00,0.00,0.00,0.00,0.00,-0.00,0.00,0
0.99428,-12,51,193,0,DRIVE [ 27 ] [ 1 ] [ 1520 1357 1905 ] [    0    0    0 ] [      0      0      0 ] [ 0 ],drive [ 26 ] [ 0 ] [ 1504 1356 1905 ] [   58   54    5 ] [  13985  10088   9519 ] [ 0 ],1.00,1.00,1.20,1.40,-11.94,70.72,0.00,0.00,0.00,0.00,0.00,0.00,0.00,0.00,0.00,0.00,0.00,0.00,0.00,-0.00,0.00,0
1.00574,-13,48,192,0,DRIVE [ 27 ] [ 1 ] [ 1536 1359 1905 ] [    0    0    0 ] [      0      0      0 ] [ 0 ],drive [ 27 ] [ 0 ] [ 1520 1357 1905 ] [   54   52   16 ] [  13985  10088   9519 ] [ 0 ],1.00,1.00,1.20,1.40,-12.66,67.56,0.00,0.00,0.00,0.00,0.00,-0.00,0.00,0.00,0.00,0.00,0.00,0.00,0.00,-0.00,0.00,0
1.01651,-13,46,190,0,DRIVE [ 28 ] [ 1 ] [ 1554 1364 1905 ] [    0    0    0 ] [      0      0      0 ] [ 0 ],drive [ 27 ] [ 0 ] [ 1536 1359 1905 ] [   54   52   16 ] [  13985  10088   9519 ] [ 0 ],1.00,1.00,1.20,1.40,-13.25,64.11,0.00,0.00,0.00,0.00,0.00,-0.00,0.00,0.00,0.00,0.00,0.00,0.00,0.00,-0.00,0.00,0
1.02976,-14,43,188,0,DRIVE [ 28 ] [ 1 ] [ 1574 1371 1905 ] [    0    0    0 ] [      0      0      0 ] [ 0 ],drive [ 28 ] [ 0 ] [ 1554 1364 1905 ] [   54   52   16 ] [  13985  10088   9519 ] [ 0 ],1.00,1.00,1.20,1.40,-13.84,60.29,0.00,0.00,0.00,0.00,0.00,-0.00,0.00,0.00,0.00,0.00,0.00,0.00,0.00,-0.00,0.00,0
1.04109,-14,40,186,0,DRIVE [ 29 ] [ 1 ] [ 1597 1379 1905 ] [    0    0    0 ] [      0      0      0 ] [ 0 ],drive [ 28 ] [ 0 ] [ 1574 1371 1905 ] [   54   52   16 ] [  14068  10134   9295 ] [ 0 ],1.00,1.00,1.20,1.40,-14.42,56.33,0.00,0.00,0.00,0.00,0.00,-0.00,0.00,0.00,0.00,0.00,0.00,0.00,0.00,-0.00,0.00,0
1.05226,-15,37,184,0,DRIVE [ 29 ] [ 1 ] [ 1622 1390 1905 ] [    0    0    0 ] [      0      0      0 ] [ 0 ],drive [ 29 ] [ 0 ] [ 1597 1379 1905 ] [   39   52   22 ] [  14068  10134   9295 ] [ 0 ],1.00,1.00,1.20,1.40,-14.93,52.10,0.00,0.00,0.00,0.00,0.00,-0.00,0.00,0.00,0.00,0.00,0.00,0.00,0.00,-0.00,0.00,0
1.06468,-15,34,182,0,DRIVE [ 30 ] [ 1 ] [ 1651 1404 1905 ] [    0    0    0 ] [      0      0      0 ] [ 0 ],drive [ 29 ] [ 0 ] [ 1622 1390 1905 ] [   39   52   22 ] [  14068  10134   9295 ] [ 0 ],1.00,1.00,1.20,1.40,-15.47,47.79,0.00,0.00,0.00,0.00,0.00,-0.00,0.00,0.00,0.00,0.00,0.00,0.00,0.00,-0.00,0.00,0
1.07634,-16,31,181,0,DRIVE [ 30 ] [ 1 ] [ 1680 1418 1905 ] [    0    0    0 ] [      0      0      0 ] [ 0 ],drive [ 30 ] [ 0 ] [ 1651 1404 1905 ] [   39   52   22 ] [  14068  10134   9295 ] [ 0 ],1.00,1.00,1.20,1.40,-16.00,43.45,0.00,0.00,0.00,0.00,0.00,-0.00,0.00,0.00,0.00,0.00,0.00,0.00,0.00,-0.00,0.00,0
1.08778,-16,28,180,0,DRIVE [ 31 ] [ 1 ] [ 1710 1434 1905 ] [    0    0    0 ] [      0      0      0 ] [ 0 ],drive [ 30 ] [ 0 ] [ 1680 1418 1905 ] [   39   52   22 ] [  14087  10226   9207 ] [ 0 ],1.00,1.00,1.20,1.40,-16.44,39.18,0.00,0.00,0.00,0.00,0.00,-0.00,0.00,0.00,0.00,0.00,0.00,0.00,0.00,-0.00,0.00,0
1.09839,-17,25,179,0,DRIVE [ 31 ] [ 1 ] [ 1739 1446 1905 ] [    0    0    0 ] [      0      0      0 ] [ 0 ],drive [ 31 ] [ 0 ] [ 1710 1434 1905 ] [   39   52   22 ] [  14087  10226   9207 ] [ 0 ],1.00,1.00,1.20,1.40,-16.94,35.13,0.00,0.00,0.00,0.00,0.00,-0.00,0.00,0.00,0.00,0.00,0.00,0.00,0.00,-0.00,0.00,0
1.1096,-17,22,177,0,DRIVE [ 32 ] [ 1 ] [ 1767 1457 1905 ] [    0    0    0 ] [      0      0      0 ] [ 0 ],drive [ 31 ] [ 0 ] [ 1739 1446 1905 ] [   23   52    8 ] [  14087  10226   9207 ] [ 0 ],1.00,1.00,1.20,1.40,-17.45,31.35,0.00,0.00,0.00,0.00,0.00,-0.00,0.00,0.00,0.00,0.00,0.00,0.00,0.00,-0.00,0.00,0
1.12061,-18,20,176,0,DRIVE [ 32 ] [ 1 ] [ 1796 1468 1905 ] [    0    0    0 ] [      0      0      0 ] [ 0 ],drive [ 32 ] [ 0 ] [ 1767 1457 1905 ] [   23   52    8 ] [  14087  10226   9207 ] [ 0 ],1.00,1.00,1.20,1.40,-18.03,27.84,0.00,0.00,0.00,0.00,0.00,-0.00,0.00,0.00,0.00,0.00,0.00,0.00,0.00,-0.00,0.00,0
1.13145,-19,17,174,0,DRIVE [ 33 ] [ 1 ] [ 1822 1476 1905 ] [    0    0    0 ] [      0      0      0 ] [ 0 ],drive [ 32 ] [ 0 ] [ 1796 1468 1905 ] [   23   52    8 ] [  14087  10226   9207 ] [ 0 ],1.00,1.00,1.20,1.40,-18.53,24.48,0.00,0.00,0.00,0.00,0.00,-0.00,0.00,0.00,0.00,0.00,0.00,0.00,0.00,-0.00,0.00,0
1.14278,-19,15,172,0,DRIVE [ 33 ] [ 1 ] [ 1847 1483 1905 ] [    0    0    0 ] [      0      0      0 ] [ 0 ],drive [ 33 ] [ 0 ] [ 1822 1476 1905 ] [   23   52    8 ] [  14062  10223   9207 ] [ 0 ],1.00,1.00,1.20,1.40,-18.92,21.27,0.00,0.00,0.00,0.00,0.00,-0.00,0.00,0.00,0.00,0.00,0.00,0.00,0.00,-0.00,0.00,0
1.15452,-19,13,170,0,DRIVE [ 34 ] [ 1 ] [ 1871 1487 1905 ] [    0    0    0 ] [      0      0      0 ] [ 0 ],drive [ 33 ] [ 0 ] [ 1847 1483 1905 ] [   16   45    5 ] [  14062  10223   9207 ] [ 0 ],1.00,1.00,1.20,1.40,-19.22,18.15,0.00,0.00,0.00,0.00,0.00,-0.00,0.00,0.00,0.00,0.00,0.00,0.00,0.00,-0.00,0.00,0
1.16515,-19,11,169,0,DRIVE [ 34 ] [ 1 ] [ 1893 1489 1905 ] [    0    0    0 ] [      0      0      0 ] [ 0 ],drive [ 34 ] [ 0 ] [ 1871 1487 1905 ] [   16   45    5 ] [  14062  10223   9207 ] [ 0 ],1.00,1.00,1.20,1.40,-19.49,15.28,0.00,0.00,0.00,0.00,0.00,-0.00,0.00,0.00,0.00,0.00,0.00,0.00,0.00,-0.00,0.00,0
1.17634,-20,9,167,0,DRIVE [ 35 ] [ 1 ] [ 1893 1507 1897 ] [    0    0    0 ] [      0      0      0 ] [ 0 ],drive [ 34 ] [ 0 ] [ 1893 1489 1905 ] [   16   45    5 ] [  14062  10223   9207 ] [ 0 ],1.00,1.00,1.20,1.40,-19.63,12.50,0.00,0.00,0.00,0.00,0.00,-0.00,0.00,0.00,0.00,0.00,0.00,0.00,0.00,-0.00,0.00,0
1.18734,-20,7,165,0,DRIVE [ 35 ] [ 1 ] [ 1893 1543 1879 ] [    0    0    0 ] [      0      0      0 ] [ 0 ],drive [ 35 ] [ 0 ] [ 1893 1507 1897 ] [   16   45    5 ] [  13976  10223   9146 ] [ 0 ],1.00,1.00,1.20,1.40,-19.68,9.79,0.00,0.00,0.00,0.00,0.00,-0.00,0.00,0.00,0.00,0.00,0.00,0.00,0.00,-0.00,0.00,0
1.19789,-20,5,163,0,DRIVE [ 36 ] [ 1 ] [ 1893 1576 1860 ] [    0    0    0 ] [      0      0      0 ] [ 0 ],drive [ 35 ] [ 0 ] [ 1893 1543 1879 ] [   16   45    5 ] [  13976  10223   9146 ] [ 0 ],1.00,1.00,1.20,1.40,-19.65,7.10,0.00,0.00,0.00,0.00,0.00,-0.00,0.00,0.00,0.00,0.00,0.00,0.00,0.00,-0.00,0.00,0
1.20903,-20,3,161,0,DRIVE [ 36 ] [ 1 ] [ 1893 1606 1840 ] [    0    0    0 ] [      0      0      0 ] [ 0 ],drive [ 36 ] [ 0 ] [ 1893 1576 1860 ] [   13   41   22 ] [  13976  10223   9146 ] [ 0 ],1.00,1.00,1.20,1.40,-19.55,4.43,0.00,0.00,0.00,0.00,0.00,-0.00,0.00,0.00,0.00,0.00,0.00,0.00,0.00,-0.00,0.00,0
1.22057,-19,1,159,0,DRIVE [ 37 ] [ 1 ] [ 1893 1632 1820 ] [    0    0    0 ] [      0      0      0 ] [ 0 ],drive [ 36 ] [ 0 ] [ 1893 1606 1840 ] [   13   41   22 ] [  13976  10223   9146 ] [ 0 ],1.00,1.00,1.20,1.40,-19.42,1.85,0.00,0.00,0.00,0.00,0.00,-0.00,0.00,0.00,0.00,0.00,0.00,0.00,0.00,0.00,0.00,0
1.23119,-19,-1,156,0,DRIVE [ 37 ] [ 1 ] [ 1893 1656 1795 ] [    0    0    0 ] [      0      0      0 ] [ 0 ],drive [ 37 ] [ 0 ] [ 1893 1632 1820 ] [   13   41   22 ] [  13976  10223   9146 ] [ 0 ],1.00,1.00,1.20,1.40,-19.24,-1.10,0.00,0.00,0.00,0.00,0.00,-0.00,0.00,0.00,0.00,0.00,0.00,0.00,0.00,0.00,0.00,0
1.24251,-19,-3,154,0,DRIVE [ 38 ] [ 1 ] [ 1893 1671 1772 ] [    0    0    0 ] [      0      0      0 ] [ 0 ],drive [ 37 ] [ 0 ] [ 1893 1656 1795 ] [   13   41   22 ] [  13901  10172   9105 ] [ 0 ],1.00,1.00,1.20,1.40,-19.05,-3.45,0.00,0.00,0.00,0.00,0.00,-0.00,0.00,0.00,0.00,0.00,0.00,0.00,0.00,0.00,0.00,0
1.25364,-19,-5,152,0,DRIVE [ 38 ] [ 1 ] [ 1893 1682 1750 ] [    0    0    0 ] [      0      0      0 ] [ 0 ],drive [ 38 ] [ 0 ] [ 1893 1671 1772 ] [   26   47   30 ] [  13901  10172   9105 ] [ 0 ],1.00,1.00,1.20,1.40,-18.92,-5.51,0.00,0.00,0.00,0.00,0.00,-0.00,0.00,0.00,0.00,0.00,0.00,0.00,0.00,0.00,0.00,0
1.26425,-19,-6,149,0,DRIVE [ 39 ] [ 1 ] [ 1893 1689 1728 ] [    0    0    0 ] [      0      0      0 ] [ 0 ],drive [ 38 ] [ 0 ] [ 1893 1682 1750 ] [   26   47   30 ] [  13901  10172   9105 ] [ 0 ],1.00,1.00,1.20,1.40,-18.80,-7.33,0.00,0.00,0.00,0.00,0.00,-0.00,0.00,0.00,0.00,0.00,0.00,0.00,0.00,0.00,0.00,0
1.27543,-19,-7,147,0,DRIVE [ 39 ] [ 1 ] [ 1893 1693 1707 ] [    0    0    0 ] [      0      0      0 ] [ 0 ],drive [ 39 ] [ 0 ] [ 1893 1689 1728 ] [   26   47   30 ] [  13901  10172   9105 ] [ 0 ],1.00,1.00,1.20,1.40,-18.73,-8.94,0.00,0.00,0.00,0.00,0.00,-0.00,0.00,0.00,0.00,0.00,0.00,0.00,0.00,0.00,0.00,0
1.28761,-19,-9,145,0,DRIVE [ 40 ] [ 1 ] [ 1893 1697 1687 ] [    0    0    0 ] [      0      0      0 ] [ 0 ],drive [ 39 ] [ 0 ] [ 1893 1693 1707 ] [   26   47   30 ] [  13900  10023   9118 ] [ 0 ],1.00,1.00,1.20,1.40,-18.62,-10.33,0.00,0.00,0.00,0.00,0.00,-0.00,0.00,0.00,0.00,0.00,0.00,0.00,0.00,0.00,0.00,0
1.29813,-19,-10,143,0,DRIVE [ 40 ] [ 1 ] [ 1893 1700 1668 ] [    0    0    0 ] [      0      0      0 ] [ 0 ],drive [ 40 ] [ 0 ] [ 1893 1697 1687 ] [   26   47   30 ] [  13900  10023   9118 ] [ 0 ],1.00,1.00,1.20,1.40,-18.51,-11.55,0.00,0.00,0.00,0.00,0.00,-0.00,0.00,0.00,0.00,0.00,0.00,0.00,0.00,0.00,0.00,0
1.30943,-18,-11,142,0,DRIVE [ 41 ] [ 1 ] [ 1893 1702 1651 ] [    0    0    0 ] [      0      0      0 ] [ 0 ],drive [ 40 ] [ 0 ] [ 1893 1700 1668 ] [   27   37   45 ] [  13900  10023   9118 ] [ 0 ],1.00,1.00,1.20,1.40,-18.33,-12.61,0.00,0.00,0.00,0.00,0.00,-0.00,0.00,0.00,0.00,0.00,0.00,0.00,0.00,0.00,0.00,0
1.3206,-18,-11,140,0,DRIVE [ 41 ] [ 1 ] [ 1893 1706 1635 ] [    0    0    0 ] [      0      0      0 ] [ 0 ],drive [ 41 ] [ 0 ] [ 1893 1702 1651 ] [   27   37   45 ] [  13900  10023   9118 ] [ 0 ],1.00,1.00,1.20,1.40,-18.00,-13.58,0.00,0.00,0.00,0.00,0.00,-0.00,0.00,0.00,0.00,0.00,0.00,0.00,0.00,0.00,0.00,0
1.33114,-18,-12,138,0,DRIVE [ 42 ] [ 1 ] [ 1893 1711 1620 ] [    0    0    0 ] [      0      0      0 ] [ 0 ],drive [ 41 ] [ 0 ] [ 1893 1706 1635 ] [   27   37   45 ] [  13900  10023   9118 ] [ 0 ],1.00,1.00,1.20,1.40,-17.60,-14.44,0.00,0.00,0.00,0.00,0.00,-0.00,0.00,0.00,0.00,0.00,0.00,0.00,0.00,0.00,0.00,0
1.34222,-17,-13,136,0,DRIVE [ 42 ] [ 1 ] [ 1893 1715 1607 ] [    0    0    0 ] [      0      0      0 ] [ 0 ],drive [ 42 ] [ 0 ] [ 1893 1711 1620 ] [   27   37   45 ] [  13900  10011   9168 ] [ 0 ],1.00,1.00,1.20,1.40,-17.17,-15.16,0.00,0.00,0.00,0.00,0.00,-0.00,0.00,0.00,0.00,0.00,0.00,0.00,0.00,0.00,0.00,0
1.35414,-17,-13,134,0,DRIVE [ 43 ] [ 1 ] [ 1893 1719 1593 ] [    0    0    0 ] [      0      0      0 ] [ 0 ],drive [ 42 ] [ 0 ] [ 1893 1715 1607 ] [   27   36   29 ] [  13900  10011   9168 ] [ 0 ],1.00,1.00,1.20,1.40,-16.77,-15.83,0.00,0.00,0.00,0.00,0.00,-0.00,0.00,0.00,0.00,0.00,0.00,0.00,0.00,0.00,0.00,0
1.36484,-16,-14,133,0,DRIVE [ 43 ] [ 1 ] [ 1893 1723 1580 ] [    0    0    0 ] [      0      0      0 ] [ 0 ],drive [ 43 ] [ 0 ] [ 1893 1719 1593 ] [   27   36   29 ] [  13900  10011   9168 ] [ 0 ],1.00,1.00,1.20,1.40,-16.38,-16.42,0.00,0.00,0.00,0.00,0.00,-0.00,0.00,0.00,0.00,0.00,0.00,0.00,0.00,0.00,0.00,0
1.37602,-16,-14,131,0,DRIVE [ 44 ] [ 1 ] [ 1893 1726 1569 ] [    0    0    0 ] [      0      0      0 ] [ 0 ],drive [ 43 ] [ 0 ] [ 1893 1723 1580 ] [   27   36   29 ] [  13900  10011   9168 ] [ 0 ],1.00,1.00,1.20,1.40,-15.98,-16.90,0.00,0.00,0.00,0.00,0.00,-0.00,0.00,0.00,0.00,0.00,0.00,0.00,0.00,0.00,0.00,0
1.38703,-16,-14,129,0,DRIVE [ 44 ] [ 1 ] [ 1893 1729 1558 ] [    0    0    0 ] [      0      0      0 ] [ 0 ],drive [ 44 ] [ 0 ] [ 1893 1726 1569 ] [   27   36   29 ] [  13898   9973   9197 ] [ 0 ],1.00,1.00,1.20,1.40,-15.64,-17.36,0.00,0.00,0.00,0.00,0.00,-0.00,0.00,0.00,0.00,0.00,0.00,0.00,0.00,0.00,0.00,0
1.39767,-15,-15,128,0,DRIVE [ 45 ] [ 1 ] [ 1893 1731 1549 ] [    0    0    0 ] [      0      0      0 ] [ 0 ],drive [ 44 ] [ 0 ] [ 1893 1729 1558 ] [   27   36   29 ] [  13898   9973   9197 ] [ 0 ],1.00,1.00,1.20,1.40,-15.33,-17.63,0.00,0.00,0.00,0.00,0.00,-0.00,0.00,0.00,0.00,0.00,0.00,0.00,0.00,0.00,0.00,0
1.40867,-15,-15,126,0,DRIVE [ 45 ] [ 1 ] [ 1893 1732 1542 ] [    0    0    0 ] [      0      0      0 ] [ 0 ],drive [ 45 ] [ 0 ] [ 1893 1731 1549 ] [   29   39   51 ] [  13898   9973   9197 ] [ 0 ],1.00,1.00,1.20,1.40,-15.10,-17.78,0.00,0.00,0.00,0.00,0.00,-0.00,0.00,0.00,0.00,0.00,0.00,0.00,0.00,0.00,0.00,0
1.42065,-15,-15,125,0,DRIVE [ 46 ] [ 1 ] [ 1893 1732 1538 ] [    0    0    0 ] [      0      0      0 ] [ 0 ],drive [ 45 ] [ 0 ] [ 1893 1732 1542 ] [   29   39   51 ] [  13898   9973   9197 ] [ 0 ],1.00,1.00,1.20,1.40,-14.97,-17.80,0.00,0.00,0.00,0.00,0.00,-0.00,0.00,0.00,0.00,0.00,0.00,0.00,0.00,0.00,0.00,0
1.43101,-15,-15,123,0,DRIVE [ 46 ] [ 1 ] [ 1893 1730 1537 ] [    0    0    0 ] [      0      0      0 ] [ 0 ],drive [ 46 ] [ 0 ] [ 1893 1732 1538 ] [   29   39   51 ] [  13898   9973   9197 ] [ 0 ],1.00,1.00,1.20,1.40,-14.90,-17.55,0.00,0.00,0.00,0.00,0.00,-0.00,0.00,0.00,0.00,0.00,0.00,0.00,0.00,0.00,0.00,0
1.44198,-15,-14,121,0,DRIVE [ 47 ] [ 1 ] [ 1893 1726 1539 ] [    0    0    0 ] [      0      0      0 ] [ 0 ],drive [ 46 ] [ 0 ] [ 1893 1730 1537 ] [   29   39   51 ] [  13859   9780   9345 ] [ 0 ],1.00,1.00,1.20,1.40,-14.95,-17.14,0.00,0.00,0.00,0.00,0.00,-0.00,0.00,0.00,0.00,0.00,0.00,0.00,0.00,0.00,0.00,0
1.45301,-15,-14,119,0,DRIVE [ 47 ] [ 1 ] [ 1893 1721 1542 ] [    0    0    0 ] [      0      0      0 ] [ 0 ],drive [ 47 ] [ 0 ] [ 1893 1726 1539 ] [    8   18   42 ] [  13859   9780   9345 ] [ 0 ],1.00,1.00,1.20,1.40,-15.02,-16.69,0.00,0.00,0.00,0.00,0.00,-0.00,0.00,0.00,0.00,0.00,0.00,0.00,0.00,0.00,0.00,0
1.46358,-15,-14,117,0,DRIVE [ 48 ] [ 1 ] [ 1893 1716 1544 ] [    0    0    0 ] [      0      0      0 ] [ 0 ],drive [ 47 ] [ 0 ] [ 1893 1721 1542 ] [    8   18   42 ] [  13859   9780   9345 ] [ 0 ],1.00,1.00,1.20,1.40,-15.08,-16.23,0.00,0.00,0.00,0.00,0.00,-0.00,0.00,0.00,0.00,0.00,0.00,0.00,0.00,0.00,0.00,0
1.47472,-15,-13,115,0,DRIVE [ 48 ] [ 1 ] [ 1893 1711 1548 ] [    0    0    0 ] [      0      0      0 ] [ 0 ],drive [ 48 ] [ 0 ] [ 1893 1716 1544 ] [    8   18   42 ] [  13859   9780   9345 ] [ 0 ],1.00,1.00,1.20,1.40,-15.16,-15.75,0.00,0.00,0.00,0.00,0.00,-0.00,0.00,0.00,0.00,0.00,0.00,0.00,0.00,0.00,0.00,0
1.48524,-15,-13,113,0,DRIVE [ 49 ] [ 1 ] [ 1893 1706 1550 ] [    0    0    0 ] [      0      0      0 ] [ 0 ],drive [ 48 ] [ 0 ] [ 1893 1711 1548 ] [    8   18   42 ] [  13859   9780   9345 ] [ 0 ],1.00,1.00,1.20,1.40,-15.26,-15.34,0.00,0.00,0.00,0.00,0.00,-0.00,0.00,0.00,0.00,0.00,0.00,0.00,0.00,0.00,0.00,0
1.49649,-15,-13,111,0,DRIVE [ 49 ] [ 1 ] [ 1893 1700 1548 ] [    0    0    0 ] [      0      0      0 ] [ 0 ],drive [ 49 ] [ 0 ] [ 1893 1706 1550 ] [    8   18   42 ] [  13794   9665   9419 ] [ 0 ],1.00,1.00,1.20,1.40,-15.40,-15.09,0.00,0.00,0.00,0.00,0.00,-0.00,0.00,0.00,0.00,0.00,0.00,0.00,0.00,0.00,0.00,0
1.50762,-16,-12,109,0,DRIVE [ 50 ] [ 1 ] [ 1893 1694 1544 ] [    0    0    0 ] [      0      0      0 ] [ 0 ],drive [ 49 ] [ 0 ] [ 1893 1700 1548 ] [   22   35   31 ] [  13794   9665   9419 ] [ 0 ],1.00,1.00,1.20,1.40,-15.55,-14.98,0.00,0.00,0.00,0.00,0.00,-0.00,0.00,0.00,0.00,0.00,0.00,0.00,0.00,0.00,0.00,0
1.51864,-16,-12,108,0,DRIVE [ 50 ] [ 1 ] [ 1893 1689 1539 ] [    0    0    0 ] [      0      0      0 ] [ 0 ],drive [ 50 ] [ 0 ] [ 1893 1694 1544 ] [   22   35   31 ] [  13794   9665   9419 ] [ 0 ],1.00,1.00,1.20,1.40,-15.69,-14.95,0.00,0.00,0.00,0.00,0.00,-0.00,0.00,0.00,0.00,0.00,0.00,0.00,0.00,0.00,0.00,0
1.52924,-16,-13,106,0,DRIVE [ 51 ] [ 1 ] [ 1893 1684 1531 ] [    0    0    0 ] [      0      0      0 ] [ 0 ],drive [ 50 ] [ 0 ] [ 1893 1689 1539 ] [   22   35   31 ] [  13794   9665   9419 ] [ 0 ],1.00,1.00,1.20,1.40,-15.81,-15.02,0.00,0.00,0.00,0.00,0.00,-0.00,0.00,0.00,0.00,0.00,0.00,0.00,0.00,0.00,0.00,0
1.54023,-16,-13,104,0,DRIVE [ 51 ] [ 1 ] [ 1893 1678 1522 ] [    0    0    0 ] [      0      0      0 ] [ 0 ],drive [ 51 ] [ 0 ] [ 1893 1684 1531 ] [   22   35   31 ] [  13793   9660   9425 ] [ 0 ],1.00,1.00,1.20,1.40,-15.91,-15.14,0.00,0.00,0.00,0.00,0.00,-0.00,0.00,0.00,0.00,0.00,0.00,0.00,0.00,0.00,0.00,0
1.55077,-16,-13,102,0,DRIVE [ 52 ] [ 1 ] [ 1893 1673 1512 ] [    0    0    0 ] [      0      0      0 ] [ 0 ],drive [ 51 ] [ 0 ] [ 1893 1678 1522 ] [   25   23   58 ] [  13793   9660   9425 ] [ 0 ],1.00,1.00,1.20,1.40,-16.03,-15.29,0.00,0.00,0.00,0.00,0.00,-0.00,0.00,0.00,0.00,0.00,0.00,0.00,0.00,0.00,0.00,0
1.56164,-16,-13,101,0,DRIVE [ 52 ] [ 1 ] [ 1893 1668 1504 ] [    0    0    0 ] [      0      0      0 ] [ 0 ],drive [ 52 ] [ 0 ] [ 1893 1673 1512 ] [   25   23   58 ] [  13793   9660   9425 ] [ 0 ],1.00,1.00,1.20,1.40,-16.17,-15.37,0.00,0.00,0.00,0.00,0.00,-0.00,0.00,0.00,0.00,0.00,0.00,0.00,0.00,0.00,0.00,0
1.57242,-16,-13,99,0,DRIVE [ 53 ] [ 1 ] [ 1893 1660 1499 ] [    0    0    0 ] [      0      0      0 ] [ 0 ],drive [ 52 ] [ 0 ] [ 1893 1668 1504 ] [   25   23   58 ] [  13793   9660   9425 ] [ 0 ],1.00,1.00,1.20,1.40,-16.38,-15.26,0.00,0.00,0.00,0.00,0.00,-0.00,0.00,0.00,0.00,0.00,0.00,0.00,0.00,0.00,0.00,0
1.58354,-17,-12,98,0,DRIVE [ 53 ] [ 1 ] [ 1893 1651 1498 ] [    0    0    0 ] [      0      0      0 ] [ 0 ],drive [ 53 ] [ 0 ] [ 1893 1660 1499 ] [   25   23   58 ] [  13793   9660   9425 ] [ 0 ],1.00,1.00,1.20,1.40,-16.65,-14.94,0.00,0.00,0.00,0.00,0.00,-0.00,0.00,0.00,0.00,0.00,0.00,0.00,0.00,0.00,0.00,0
1.59507,-17,-12,96,0,DRIVE [ 54 ] [ 1 ] [ 1893 1640 1502 ] [    0    0    0 ] [      0      0      0 ] [ 0 ],drive [ 53 ] [ 0 ] [ 1893 1651 1498 ] [   25   23   58 ] [  13728   9546   9695 ] [ 0 ],1.00,1.00,1.20,1.40,-16.92,-14.45,0.00,0.00,0.00,0.00,0.00,-0.00,0.00,0.00,0.00,0.00,0.00,0.00,0.00,0.00,0.00,0
1.60713,-17,-12,94,0,DRIVE [ 54 ] [ 1 ] [ 1893 1631 1505 ] [    0    0    0 ] [      0      0      0 ] [ 0 ],drive [ 54 ] [ 0 ] [ 1893 1640 1502 ] [   14   33   64 ] [  13728   9546   9695 ] [ 0 ],1.00,1.00,1.20,1.40,-17.11,-13.94,0.00,0.00,0.00,0.00,0.00,-0.00,0.00,0.00,0.00,0.00,0.00,0.00,0.00,0.00,0.00,0
1.61758,-17,-11,93,0,DRIVE [ 55 ] [ 1 ] [ 1893 1623 1507 ] [    0    0    0 ] [      0      0      0 ] [ 0 ],drive [ 54 ] [ 0 ] [ 1893 1631 1505 ] [   14   33   64 ] [  13728   9546   9695 ] [ 0 ],1.00,1.00,1.20,1.40,-17.22,-13.56,0.00,0.00,0.00,0.00,0.00,-0.00,0.00,0.00,0.00,0.00,0.00,0.00,0.00,0.00,0.00,0
1.62779,-17,-11,91,0,DRIVE [ 55 ] [ 1 ] [ 1893 1617 1506 ] [    0    0    0 ] [      0      0      0 ] [ 0 ],drive [ 55 ] [ 0 ] [ 1893 1623 1507 ] [   14   33   64 ] [  13728   9546   9695 ] [ 0 ],1.00,1.00,1.20,1.40,-17.29,-13.33,0.00,0.00,0.00,0.00,0.00,-0.00,0.00,0.00,0.00,0.00,0.00,0.00,0.00,0.00,0.00,0
1.63918,-17,-11,90,0,DRIVE [ 56 ] [ 1 ] [ 1893 1611 1499 ] [    0    0    0 ] [      0      0      0 ] [ 0 ],drive [ 55 ] [ 0 ] [ 1893 1617 1506 ] [   14   33   64 ] [  13585   9540   9869 ] [ 0 ],1.00,1.00,1.20,1.40,-17.37,-13.32,0.00,0.00,0.00,0.00,0.00,-0.00,0.00,0.00,0.00,0.00,0.00,0.00,0.00,0.00,0.00,0
1.65115,-17,-11,89,0,DRIVE [ 56 ] [ 1 ] [ 1893 1605 1491 ] [    0    0    0 ] [      0      0      0 ] [ 0 ],drive [ 56 ] [ 0 ] [ 1893 1611 1499 ] [   14   33   64 ] [  13585   9540   9869 ] [ 0 ],1.00,1.00,1.20,1.40,-17.44,-13.40,0.00,0.00,0.00,0.00,0.00,-0.00,0.00,0.00,0.00,0.00,0.00,0.00,0.00,0.00,0.00,0
1.66308,-18,-11,87,0,DRIVE [ 57 ] [ 1 ] [ 1893 1600 1481 ] [    0    0    0 ] [      0      0      0 ] [ 0 ],drive [ 56 ] [ 0 ] [ 1893 1605 1491 ] [   14   36   36 ] [  13585   9540   9869 ] [ 0 ],1.00,1.00,1.20,1.40,-17.52,-13.56,0.00,0.00,0.00,0.00,0.00,-0.00,0.00,0.00,0.00,0.00,0.00,0.00,0.00,0.00,0.00,0
1.67519,-18,-11,86,0,DRIVE [ 57 ] [ 1 ] [ 1893 1596 1470 ] [    0    0    0 ] [      0      0      0 ] [ 0 ],drive [ 57 ] [ 0 ] [ 1893 1600 1481 ] [   14   36   36 ] [  13585   9540   9869 ] [ 0 ],1.00,1.00,1.20,1.40,-17.60,-13.77,0.00,0.00,0.00,0.00,0.00,-0.00,0.00,0.00,0.00,0.00,0.00,0.00,0.00,0.00,0.00,0
1.68685,-18,-12,85,0,DRIVE [ 58 ] [ 1 ] [ 1893 1591 1460 ] [    0    0    0 ] [      0      0      0 ] [ 0 ],drive [ 57 ] [ 0 ] [ 1893 1596 1470 ] [   14   36   36 ] [  13584   9540   9876 ] [ 0 ],1.00,1.00,1.20,1.40,-17.67,-13.93,0.00,0.00,0.00,0.00,0.00,-0.00,-0.00,0.00,0.00,0.00,0.00,0.00,0.00,0.00,0.00,0
1.69727,-18,-12,84,0,DRIVE [ 58 ] [ 1 ] [ 1893 1586 1453 ] [    0    0    0 ] [      0      0      0 ] [ 0 ],drive [ 58 ] [ 0 ] [ 1893 1591 1460 ] [   14   36   36 ] [  13584   9540   9876 ] [ 0 ],1.00,1.00,1.20,1.40,-17.70,-14.00,0.00,0.00,0.00,0.00,0.00,-0.00,-0.00,0.00,0.00,0.00,0.00,0.00,0.00,0.00,0.00,0
1.70801,-18,-12,83,0,DRIVE [ 59 ] [ 1 ] [ 1893 1582 1449 ] [    0    0    0 ] [      0      0      0 ] [ 0 ],drive [ 58 ] [ 0 ] [ 1893 1586 1453 ] [   17   39   52 ] [  13584   9540   9876 ] [ 0 ],1.00,1.00,1.20,1.40,-17.68,-13.91,0.00,0.00,0.00,0.00,0.00,-0.00,-0.00,0.00,0.00,0.00,0.00,0.00,0.00,0.00,0.00,0
1.71909,-18,-11,82,0,DRIVE [ 59 ] [ 1 ] [ 1893 1578 1450 ] [    0    0    0 ] [      0      0      0 ] [ 0 ],drive [ 59 ] [ 0 ] [ 1893 1582 1449 ] [   17   39   52 ] [  13584   9540   9876 ] [ 0 ],1.00,1.00,1.20,1.40,-17.62,-13.65,0.00,0.00,0.00,0.00,0.00,-0.00,-0.00,0.00,0.00,0.00,0.00,0.00,0.00,0.00,0.00,0
1.73097,-17,-11,80,0,DRIVE [ 60 ] [ 1 ] [ 1893 1574 1459 ] [    0    0    0 ] [      0      0      0 ] [ 0 ],drive [ 59 ] [ 0 ] [ 1893 1578 1450 ] [   17   39   52 ] [  13584   9540   9876 ] [ 0 ],1.00,1.00,1.20,1.40,-17.45,-13.06,0.00,0.00,0.00,0.00,0.00,-0.00,-0.00,0.00,0.00,0.00,0.00,0.00,0.00,0.00,0.00,0
1.74158,-17,-10,79,0,DRIVE [ 60 ] [ 1 ] [ 1893 1572 1479 ] [    0    0    0 ] [      0      0      0 ] [ 0 ],drive [ 60 ] [ 0 ] [ 1893 1574 1459 ] [   17   39   52 ] [  13453   9540  10080 ] [ 0 ],1.00,1.00,1.20,1.40,-17.16,-12.09,0.00,0.00,0.00,0.00,0.00,-0.00,-0.00,0.00,0.00,0.00,0.00,0.00,0.00,0.00,0.00,0
1.75172,-17,-9,78,0,DRIVE [ 61 ] [ 1 ] [ 1893 1570 1506 ] [    0    0    0 ] [      0      0      0 ] [ 0 ],drive [ 60 ] [ 0 ] [ 1893 1572 1479 ] [    5   41   53 ] [  13453   9540  10080 ] [ 0 ],1.00,1.00,1.20,1.40,-16.75,-10.86,0.00,0.00,0.00,0.00,0.00,-0.00,-0.00,0.00,0.00,0.00,0.00,0.00,0.00,0.00,0.00,0
1.76413,-16,-8,77,0,DRIVE [ 61 ] [ 1 ] [ 1893 1569 1536 ] [    0    0    0 ] [      0      0      0 ] [ 0 ],drive [ 61 ] [ 0 ] [ 1893 1570 1506 ] [    5   41   53 ] [  13453   9540  10080 ] [ 0 ],1.00,1.00,1.20,1.40,-16.24,-9.52,0.00,0.00,0.00,0.00,0.00,-0.00,-0.00,0.00,0.00,0.00,0.00,0.00,0.00,0.00,0.00,0
1.77509,-16,-7,76,0,DRIVE [ 62 ] [ 1 ] [ 1893 1568 1568 ] [    0    0    0 ] [      0      0      0 ] [ 0 ],drive [ 61 ] [ 0 ] [ 1893 1569 1536 ] [    5   41   53 ] [  13453   9540  10080 ] [ 0 ],1.00,1.00,1.20,1.40,-15.69,-8.19,0.00,0.00,0.00,0.00,0.00,-0.00,-0.00,0.00,0.00,0.00,0.00,0.00,0.00,0.00,0.00,0
1.78697,-15,-6,74,0,DRIVE [ 62 ] [ 1 ] [ 1893 1567 1595 ] [    0    0    0 ] [      0      0      0 ] [ 0 ],drive [ 62 ] [ 0 ] [ 1893 1568 1568 ] [    5   41   53 ] [  13353   9540  10226 ] [ 0 ],1.00,1.00,1.20,1.40,-15.17,-7.01,0.00,0.00,0.00,0.00,0.00,-0.00,-0.00,0.00,0.00,0.00,0.00,0.00,0.00,0.00,0.00,0
1.79824,-15,-5,73,0,DRIVE [ 63 ] [ 1 ] [ 1893 1565 1621 ] [    0    0    0 ] [      0      0      0 ] [ 0 ],drive [ 62 ] [ 0 ] [ 1893 1567 1595 ] [    5   41   53 ] [  13353   9540  10226 ] [ 0 ],1.00,1.00,1.20,1.40,-14.70,-5.93,0.00,0.00,0.00,0.00,0.00,-0.00,-0.00,0.00,0.00,0.00,0.00,0.00,0.00,0.00,0.00,0
1.8087,-14,-4,72,0,DRIVE [ 63 ] [ 1 ] [ 1893 1564 1645 ] [    0    0    0 ] [      0      0      0 ] [ 0 ],drive [ 63 ] [ 0 ] [ 1893 1565 1621 ] [   14   41   30 ] [  13353   9540  10226 ] [ 0 ],1.00,1.00,1.20,1.40,-14.24,-4.93,0.00,0.00,0.00,0.00,0.00,-0.00,-0.00,0.00,0.00,0.00,0.00,0.00,0.00,0.00,0.00,0
1.81996,-14,-3,71,0,DRIVE [ 64 ] [ 1 ] [ 1893 1561 1668 ] [    0    0    0 ] [      0      0      0 ] [ 0 ],drive [ 63 ] [ 0 ] [ 1893 1564 1645 ] [   14   41   30 ] [  13353   9540  10226 ] [ 0 ],1.00,1.00,1.20,1.40,-13.78,-3.96,0.00,0.00,0.00,0.00,0.00,-0.00,-0.00,0.00,0.00,0.00,0.00,0.00,0.00,0.00,0.00,0
1.83048,-13,-3,70,0,DRIVE [ 64 ] [ 1 ] [ 1893 1559 1691 ] [    0    0    0 ] [      0      0      0 ] [ 0 ],drive [ 64 ] [ 0 ] [ 1893 1561 1668 ] [   14   41   30 ] [  13353   9540  10226 ] [ 0 ],1.00,1.00,1.20,1.40,-13.28,-3.04,0.00,0.00,0.00,0.00,0.00,-0.00,-0.00,0.00,0.00,0.00,0.00,0.00,0.00,0.00,0.00,0
1.84304,-13,-2,69,0,DRIVE [ 65 ] [ 1 ] [ 1893 1558 1713 ] [    0    0    0 ] [      0      0      0 ] [ 0 ],drive [ 64 ] [ 0 ] [ 1893 1559 1691 ] [   14   41   30 ] [  13353   9540  10209 ] [ 0 ],1.00,1.00,1.20,1.40,-12.75,-2.16,0.00,0.00,0.00,0.00,0.00,-0.00,-0.00,0.00,0.00,0.00,0.00,0.00,0.00,0.00,0.00,0
1.85506,-12,-1,69,0,DRIVE [ 65 ] [ 1 ] [ 1893 1556 1734 ] [    0    0    0 ] [      0      0      0 ] [ 0 ],drive [ 65 ] [ 0 ] [ 1893 1558 1713 ] [   15   42   27 ] [  13353   9540  10209 ] [ 0 ],1.00,1.00,1.20,1.40,-12.21,-1.31,0.00,0.00,0.00,0.00,0.00,-0.00,-0.00,0.00,0.00,0.00,0.00,0.00,0.00,0.00,0.00,0
1.86669,-12,0,68,0,DRIVE [ 66 ] [ 1 ] [ 1893 1553 1756 ] [    0    0    0 ] [      0      0      0 ] [ 0 ],drive [ 65 ] [ 0 ] [ 1893 1556 1734 ] [   15   42   27 ] [  13353   9540  10209 ] [ 0 ],1.00,1.00,1.20,1.40,-11.66,-0.46,0.00,0.00,0.00,0.00,0.00,-0.00,-0.00,0.00,0.00,0.00,0.00,0.00,0.00,0.00,0.00,0
1.87647,-11,0,67,0,DRIVE [ 66 ] [ 1 ] [ 1893 1548 1778 ] [    0    0    0 ] [      0      0      0 ] [ 0 ],drive [ 66 ] [ 0 ] [ 1893 1553 1756 ] [   15   42   27 ] [  13353   9540  10209 ] [ 0 ],1.00,1.00,1.20,1.40,-11.10,0.41,0.00,0.00,0.00,0.00,0.00,-0.00,-0.00,0.00,0.00,0.00,0.00,0.00,0.00,-0.00,0.00,0
1.8871,-11,1,66,0,DRIVE [ 67 ] [ 1 ] [ 1893 1542 1799 ] [    0    0    0 ] [      0      0      0 ] [ 0 ],drive [ 66 ] [ 0 ] [ 1893 1548 1778 ] [   15   42   27 ] [  13326   9540  10194 ] [ 0 ],1.00,1.00,1.20,1.40,-10.53,1.26,0.00,0.00,0.00,0.00,0.00,-0.00,-0.00,0.00,0.00,0.00,0.00,0.00,0.00,-0.00,0.00,0
1.89838,-10,1,65,0,DRIVE [ 67 ] [ 1 ] [ 1893 1537 1819 ] [    0    0    0 ] [      0      0      0 ] [ 0 ],drive [ 67 ] [ 0 ] [ 1893 1542 1799 ] [   15   42   27 ] [  13326   9540  10194 ] [ 0 ],1.00,1.00,1.20,1.40,-9.92,1.99,0.00,0.00,0.00,0.00,0.00,-0.00,-0.00,0.00,0.00,0.00,0.00,0.00,0.00,-0.00,0.00,0
1.91072,-9,2,64,0,DRIVE [ 68 ] [ 1 ] [ 1893 1535 1837 ] [    0    0    0 ] [      0      0      0 ] [ 0 ],drive [ 67 ] [ 0 ] [ 1893 1537 1819 ] [   22   43   35 ] [  13326   9540  10194 ] [ 0 ],1.00,1.00,1.20,1.40,-9.26,2.60,0.00,0.00,0.00,0.00,0.00,-0.00,-0.00,0.00,0.00,0.00,0.00,0.00,0.00,-0.00,0.00,0
1.9226,-9,2,63,0,DRIVE [ 68 ] [ 1 ] [ 1893 1539 1853 ] [    0    0    0 ] [      0      0      0 ] [ 0 ],drive [ 68 ] [ 0 ] [ 1893 1535 1837 ] [   22   43   35 ] [  13326   9540  10194 ] [ 0 ],1.00,1.00,1.20,1.40,-8.53,3.03,0.00,0.00,0.00,0.00,0.00,-0.00,-0.00,0.00,0.00,0.00,0.00,0.00,0.00,-0.00,0.00,0
1.93273,-8,2,62,0,DRIVE [ 69 ] [ 1 ] [ 1893 1548 1868 ] [    0    0    0 ] [      0      0      0 ] [ 0 ],drive [ 68 ] [ 0 ] [ 1893 1539 1853 ] [   22   43   35 ] [  13326   9540  10194 ] [ 0 ],1.00,1.00,1.20,1.40,-7.75,3.32,0.00,0.00,0.00,0.00,0.00,-0.00,-0.00,0.00,0.00,0.00,0.00,0.00,0.00,-0.00,0.00,0
1.94239,-7,2,62,0,DRIVE [ 69 ] [ 1 ] [ 1893 1563 1880 ] [    0    0    0 ] [      0      0      0 ] [ 0 ],drive [ 69 ] [ 0 ] [ 1893 1548 1868 ] [   22   43   35 ] [  13327   9540   9999 ] [ 0 ],1.00,1.00,1.20,1.40,-6.94,3.45,0.00,0.00,0.00,0.00,0.00,-0.00,-0.00,0.00,0.00,0.00,0.00,0.00,0.00,-0.00,0.00,0
1.95466,-6,2,61,0,DRIVE [ 70 ] [ 1 ] [ 1893 1583 1890 ] [    0    0    0 ] [      0      0      0 ] [ 0 ],drive [ 69 ] [ 0 ] [ 1893 1563 1880 ] [   23   44   26 ] [  13327   9540   9999 ] [ 0 ],1.00,1.00,1.20,1.40,-6.14,3.43,0.00,0.00,0.00,0.00,0.00,-0.00,-0.00,0.00,0.00,0.00,0.00,0.00,0.00,-0.00,0.00,0
1.96621,-5,2,60,0,DRIVE [ 70 ] [ 1 ] [ 1893 1607 1898 ] [    0    0    0 ] [      0      0      0 ] [ 0 ],drive [ 70 ] [ 0 ] [ 1893 1583 1890 ] [   23   44   26 ] [  13327   9540   9999 ] [ 0 ],1.00,1.00,1.20,1.40,-5.34,3.32,0.00,0.00,0.00,0.00,0.00,-0.00,-0.00,0.00,0.00,0.00,0.00,0.00,0.00,-0.00,0.00,0
1.97867,-5,2,59,0,DRIVE [ 71 ] [ 1 ] [ 1893 1635 1904 ] [    0    0    0 ] [      0      0      0 ] [ 0 ],drive [ 70 ] [ 0 ] [ 1893 1607 1898 ] [   23   44   26 ] [  13327   9540   9999 ] [ 0 ],1.00,1.00,1.20,1.40,-4.53,3.13,0.00,0.00,0.00,0.00,0.00,-0.00,-0.00,0.00,0.00,0.00,0.00,0.00,0.00,-0.00,0.00,0
1.99073,-4,2,59,0,DRIVE [ 71 ] [ 1 ] [ 1898 1676 1904 ] [    0    0    0 ] [      0      0      0 ] [ 0 ],drive [ 71 ] [ 0 ] [ 1893 1635 1904 ] [   23   44   26 ] [  13331   9540   9762 ] [ 0 ],1.00,1.00,1.20,1.40,-3.72,2.95,0.00,0.00,0.00,0.00,0.00,-0.00,-0.00,0.00,0.00,0.00,0.00,0.00,0.00,-0.00,0.00,0
2.00095,-3,2,58,0,DRIVE [ 72 ] [ 1 ] [ 1888 1717 1904 ] [    0    0    0 ] [      0      0      0 ] [ 0 ],drive [ 71 ] [ 0 ] [ 1898 1676 1904 ] [   22   35   11 ] [  13331   9540   9762 ] [ 0 ],1.00,1.00,1.20,1.40,-2.92,2.83,0.00,0.00,0.00,0.00,0.00,-0.00,-0.00,0.00,0.00,0.00,0.00,0.00,0.00,-0.00,0.00,0
2.01068,-2,2,57,0,DRIVE [ 72 ] [ 1 ] [ 1877 1755 1904 ] [    0    0    0 ] [      0      0      0 ] [ 0 ],drive [ 72 ] [ 0 ] [ 1888 1717 1904 ] [   22   35   11 ] [  13331   9540   9762 ] [ 0 ],1.00,1.00,1.20,1.40,-2.12,2.76,0.00,0.00,0.00,0.00,0.00,-0.00,-0.00,0.00,0.00,0.00,0.00,0.00,0.00,-0.00,0.00,0
2.02261,-1,2,57,0,DRIVE [ 73 ] [ 1 ] [ 1866 1790 1904 ] [    0    0    0 ] [      0      0      0 ] [ 0 ],drive [ 72 ] [ 0 ] [ 1877 1755 1904 ] [   22   35   11 ] [  13331   9540   9762 ] [ 0 ],1.00,1.00,1.20,1.40,-1.36,2.65,0.00,0.00,0.00,0.00,0.00,-0.00,-0.00,0.00,0.00,0.00,0.00,0.00,0.00,-0.00,0.00,0
2.03476,-1,2,56,0,DRIVE [ 73 ] [ 1 ] [ 1855 1821 1904 ] [    0    0    0 ] [      0      0      0 ] [ 0 ],drive [ 73 ] [ 0 ] [ 1866 1790 1904 ] [   22   35   11 ] [  13331   9540   9762 ] [ 0 ],1.00,1.00,1.20,1.40,-0.61,2.50,0.00,0.00,0.00,0.00,0.00,-0.00,-0.00,0.00,0.00,0.00,0.00,0.00,0.00,0.00,0.00,0
2.04658,0,2,55,0,DRIVE [ 74 ] [ 1 ] [ 1843 1847 1904 ] [    0    0    0 ] [      0      0      0 ] [ 0 ],drive [ 73 ] [ 0 ] [ 1855 1821 1904 ] [   22   35   11 ] [  13340   9476   9687 ] [ 0 ],1.00,1.00,1.20,1.40,0.07,2.26,0.00,0.00,0.00,0.00,0.00,-0.00,-0.00,0.00,0.00,0.00,0.00,0.00,0.00,0.00,0.00,0
2.05885,1,1,54,0,DRIVE [ 74 ] [ 1 ] [ 1831 1869 1904 ] [    0    0    0 ] [      0      0      0 ] [ 0 ],drive [ 74 ] [ 0 ] [ 1843 1847 1904 ] [   10   33    7 ] [  13340   9476   9687 ] [ 0 ],1.00,1.00,1.20,1.40,0.67,1.92,0.00,0.00,0.00,0.00,0.00,-0.00,-0.00,0.00,0.00,0.00,0.00,0.00,0.00,0.00,0.00,0
2.06973,1,1,54,0,DRIVE [ 75 ] [ 1 ] [ 1816 1890 1904 ] [    0    0    0 ] [      0      0      0 ] [ 0 ],drive [ 74 ] [ 0 ] [ 1831 1869 1904 ] [   10   33    7 ] [  13340   9476   9687 ] [ 0 ],1.00,1.00,1.20,1.40,1.20,1.47,0.00,0.00,0.00,0.00,0.00,-0.00,-0.00,0.00,0.00,0.00,0.00,0.00,0.00,0.00,0.00,0
2.08021,2,1,53,0,DRIVE [ 75 ] [ 1 ] [ 1806 1890 1898 ] [    0    0    0 ] [      0      0      0 ] [ 0 ],drive [ 75 ] [ 0 ] [ 1816 1890 1904 ] [   10   33    7 ] [  13340   9476   9687 ] [ 0 ],1.00,1.00,1.20,1.40,1.72,0.86,0.00,0.00,0.00,0.00,0.00,-0.00,-0.00,0.00,0.00,0.00,0.00,0.00,0.00,0.00,0.00,0
2.09127,2,0,52,0,DRIVE [ 76 ] [ 1 ] [ 1813 1890 1872 ] [    0    0    0 ] [      0      0      0 ] [ 0 ],drive [ 75 ] [ 0 ] [ 1806 1890 1898 ] [   10   33    7 ] [  13433   9118   9413 ] [ 0 ],1.00,1.00,1.20,1.40,2.23,0.09,0.00,0.00,0.00,0.00,0.00,-0.00,-0.00,0.00,0.00,0.00,0.00,0.00,0.00,0.00,0.00,0
2.1026,3,-1,52,0,DRIVE [ 76 ] [ 1 ] [ 1809 1890 1842 ] [    0    0    0 ] [      0      0      0 ] [ 0 ],drive [ 76 ] [ 0 ] [ 1813 1890 1872 ] [   25   22    8 ] [  13433   9118   9413 ] [ 0 ],1.00,1.00,1.20,1.40,2.72,-0.70,0.00,0.00,0.00,0.00,0.00,-0.00,-0.00,0.00,0.00,0.00,0.00,0.00,0.00,0.00,0.00,0
2.11431,3,-1,51,0,DRIVE [ 77 ] [ 1 ] [ 1805 1890 1804 ] [    0    0    0 ] [      0      0      0 ] [ 0 ],drive [ 76 ] [ 0 ] [ 1809 1890 1842 ] [   25   22    8 ] [  13433   9118   9413 ] [ 0 ],1.00,1.00,1.20,1.40,3.09,-1.64,0.00,0.00,0.00,0.00,0.00,-0.00,-0.00,0.00,0.00,0.00,0.00,0.00,0.00,0.00,0.00,0
2.12509,3,-2,50,1,DRIVE [ 77 ] [ 1 ] [ 1801 1890 1760 ] [    0    0    0 ] [      0      0      0 ] [ 0 ],drive [ 77 ] [ 0 ] [ 1805 1890 1804 ] [   25   22    8 ] [  13433   9118   9413 ] [ 0 ],1.00,1.00,1.20,1.40,3.40,-2.64,0.00,0.00,0.00,0.00,0.00,-0.00,-0.00,0.00,0.00,0.00,0.00,0.00,0.00,0.00,0.00,0
