timestamp,Xmm,Ymm,Zmm,TouchDetected,OutgoingPacket,IncomingPacket,GainPropAb, GainPropAd, GainPropFl, GainPropEx,PropA, PropB, PropC,GainIntegAb, GainIntegAd, GainIntegFl, GainIntegEx,IntegA, IntegB, IntegC,GainDerivAb, GainDerivAd, GainDerivFl, GainDerivEx,DerivA, DerivB, DerivC,Heading5
0.106416,18,-44,341,0,DRIVE [ 75 ] [ 1 ] [ 1904 1905 1901 ] [    0    0    0 ] [      0      0      0 ] [ 0 ],drive [ 75 ] [ 0 ] [ 1452 1455 1455 ] [   42   55   43 ] [  12747   8314   9522 ] [ 1 ],1.00,1.00,1.00,1.40,18.33,-44.04,0.00,0.00,0.00,0.00,0.00,0.00,0.00,0.00,0.00,0.00,0.00,0.00,0.00,0.00,0.00,0
0.119226,19,-45,342,0,DRIVE [ 76 ] [ 1 ] [ 1903 1905 1897 ] [    0    0    0 ] [      0      0      0 ] [ 0 ],drive [ 75 ] [ 0 ] [ 1904 1905 1901 ] [   42   55   43 ] [  12826   8416   9531 ] [ 0 ],1.00,1.00,1.00,1.40,19.19,-44.99,0.00,0.00,0.00,0.00,0.00,0.00,-0.00,0.00,0.00,0.00,0.00,0.00,0.00,0.00,0.00,0
0.131706,20,-45,342,0,DRIVE [ 76 ] [ 1 ] [ 1902 1905 1892 ] [    0    0    0 ] [      0      0      0 ] [ 0 ],drive [ 76 ] [ 0 ] [ 1903 1905 1897 ] [    1   54   43 ] [  12826   8416   9531 ] [ 0 ],1.00,1.00,1.00,1.40,19.65,-45.41,0.00,0.00,0.00,0.00,0.00,0.00,-0.00,0.00,0.00,0.00,0.00,0.00,0.00,0.00,0.00,0
0.144191,20,-46,341,0,DRIVE [ 77 ] [ 1 ] [ 1901 1905 1888 ] [    0    0    0 ] [      0      0      0 ] [ 0 ],drive [ 76 ] [ 0 ] [ 1902 1905 1892 ] [    1   54   43 ] [  12826   8416   9531 ] [ 0 ],1.00,1.00,1.00,1.40,20.00,-46.02,0.00,0.00,0.00,0.00,0.00,0.00,-0.00,0.00,0.00,0.00,0.00,0.00,0.00,0.00,0.00,0
0.156239,21,-47,341,0,DRIVE [ 77 ] [ 1 ] [ 1900 1905 1883 ] [    0    0    0 ] [      0      0      0 ] [ 0 ],drive [ 77 ] [ 0 ] [ 1901 1905 1888 ] [    1   54   43 ] [  12826   8416   9531 ] [ 0 ],1.00,1.00,1.00,1.40,20.57,-46.86,0.00,0.00,0.00,0.00,0.00,0.00,-0.00,0.00,0.00,0.00,0.00,0.00,0.00,0.00,0.00,0
0.169262,21,-48,341,0,DRIVE [ 78 ] [ 1 ] [ 1899 1905 1878 ] [    0    0    0 ] [      0      0      0 ] [ 0 ],drive [ 77 ] [ 0 ] [ 1900 1905 1883 ] [    1   54   43 ] [  12263   7939   9118 ] [ 0 ],1.00,1.00,1.00,1.40,21.42,-48.19,0.00,0.00,0.00,0.00,0.00,0.00,-0.00,0.00,0.00,0.00,0.00,0.00,0.00,0.00,0.00,0
0.181693,22,-49,340,0,DRIVE [ 78 ] [ 1 ] [ 1897 1905 1872 ] [    0    0    0 ] [      0      0      0 ] [ 0 ],drive [ 78 ] [ 0 ] [ 1899 1905 1878 ] [   11    6    5 ] [  12263   7939   9118 ] [ 0 ],1.00,1.00,1.00,1.40,22.09,-49.47,0.00,0.00,0.00,0.00,0.00,0.00,-0.00,0.00,0.00,0.00,0.00,0.00,0.00,0.00,0.00,0
0.19437,23,-51,338,0,DRIVE [ 79 ] [ 1 ] [ 1896 1905 1866 ] [    0    0    0 ] [      0      0      0 ] [ 0 ],drive [ 78 ] [ 0 ] [ 1897 1905 1872 ] [   11    6    5 ] [  12263   7939   9118 ] [ 0 ],1.00,1.00,1.00,1.40,22.87,-50.79,0.00,0.00,0.00,0.00,0.00,0.00,-0.00,0.00,0.00,0.00,0.00,0.00,0.00,0.00,0.00,0
0.206675,24,-52,337,0,DRIVE [ 79 ] [ 1 ] [ 1894 1905 1861 ] [    0    0    0 ] [      0      0      0 ] [ 0 ],drive [ 79 ] [ 0 ] [ 1896 1905 1866 ] [   11    6    5 ] [  12263   7939   9118 ] [ 0 ],1.00,1.00,1.00,1.40,23.54,-51.54,0.00,0.00,0.00,0.00,0.00,0.00,-0.00,0.00,0.00,0.00,0.00,0.00,0.00,0.00,0.00,0
0.219214,24,-52,335,0,DRIVE [ 80 ] [ 1 ] [ 1893 1905 1855 ] [    0    0    0 ] [      0      0      0 ] [ 0 ],drive [ 79 ] [ 0 ] [ 1894 1905 1861 ] [   11    6    5 ] [  12123   7773   9098 ] [ 0 ],1.00,1.00,1.00,1.40,24.17,-52.05,0.00,0.00,0.00,0.00,0.00,0.00,-0.00,0.00,0.00,0.00,0.00,0.00,0.00,0.00,0.00,0
0.231976,25,-53,332,0,DRIVE [ 80 ] [ 1 ] [ 1891 1905 1849 ] [    0    0    0 ] [      0      0      0 ] [ 0 ],drive [ 80 ] [ 0 ] [ 1893 1905 1855 ] [    8   20   21 ] [  12123   7773   9098 ] [ 0 ],1.00,1.00,1.00,1.40,25.05,-52.62,0.00,0.00,0.00,0.00,0.00,0.00,-0.00,0.00,0.00,0.00,0.00,0.00,0.00,0.00,0.00,0
0.24474,26,-53,330,0,DRIVE [ 81 ] [ 1 ] [ 1889 1905 1843 ] [    0    0    0 ] [      0      0      0 ] [ 0 ],drive [ 80 ] [ 0 ] [ 1891 1905 1849 ] [    8   20   21 ] [  12123   7773   9098 ] [ 0 ],1.00,1.00,1.00,1.40,26.15,-53.36,0.00,0.00,0.00,0.00,0.00,0.00,-0.00,0.00,0.00,0.00,0.00,0.00,0.00,0.00,0.00,0
0.257022,27,-54,328,0,DRIVE [ 81 ] [ 1 ] [ 1886 1905 1836 ] [    0    0    0 ] [      0      0      0 ] [ 0 ],drive [ 81 ] [ 0 ] [ 1889 1905 1843 ] [    8   20   21 ] [  12123   7773   9098 ] [ 0 ],1.00,1.00,1.00,1.40,27.23,-53.77,0.00,0.00,0.00,0.00,0.00,0.00,-0.00,0.00,0.00,0.00,0.00,0.00,0.00,0.00,0.00,0
0.269857,28,-54,326,0,DRIVE [ 82 ] [ 1 ] [ 1884 1905 1830 ] [    0    0    0 ] [      0      0      0 ] [ 0 ],drive [ 81 ] [ 0 ] [ 1886 1905 1836 ] [    8   20   21 ] [  12127   7773   9098 ] [ 0 ],1.00,1.00,1.00,1.40,28.38,-54.10,0.00,0.00,0.00,0.00,0.00,0.00,-0.00,0.00,0.00,0.00,0.00,0.00,0.00,0.00,0.00,0
0.28251,30,-54,324,0,DRIVE [ 82 ] [ 1 ] [ 1881 1905 1824 ] [    0    0    0 ] [      0      0      0 ] [ 0 ],drive [ 82 ] [ 0 ] [ 1884 1905 1830 ] [    9   21   21 ] [  12127   7773   9098 ] [ 0 ],1.00,1.00,1.00,1.40,29.66,-54.38,0.00,0.00,0.00,0.00,0.00,0.00,-0.00,0.00,0.00,0.00,0.00,0.00,0.00,0.00,0.00,0
0.295063,31,-55,324,0,DRIVE [ 83 ] [ 1 ] [ 1878 1905 1818 ] [    0    0    0 ] [      0      0      0 ] [ 0 ],drive [ 82 ] [ 0 ] [ 1881 1905 1824 ] [    9   21   21 ] [  12127   7773   9098 ] [ 0 ],1.00,1.00,1.00,1.40,31.12,-54.63,0.00,0.00,0.00,0.00,0.00,0.00,-0.00,0.00,0.00,0.00,0.00,0.00,0.00,0.00,0.00,0
0.307009,32,-54,321,0,DRIVE [ 83 ] [ 1 ] [ 1875 1905 1813 ] [    0    0    0 ] [      0      0      0 ] [ 0 ],drive [ 83 ] [ 0 ] [ 1878 1905 1818 ] [    9   21   21 ] [  12127   7773   9098 ] [ 0 ],1.00,1.00,1.00,1.40,32.40,-54.27,0.00,0.00,0.00,0.00,0.00,0.00,-0.00,0.00,0.00,0.00,0.00,0.00,0.00,0.00,0.00,0
0.319771,34,-54,318,0,DRIVE [ 84 ] [ 1 ] [ 1871 1905 1807 ] [    0    0    0 ] [      0      0      0 ] [ 0 ],drive [ 83 ] [ 0 ] [ 1875 1905 1813 ] [    9   21   21 ] [  12127   7765   9099 ] [ 0 ],1.00,1.00,1.00,1.40,33.76,-53.75,0.00,0.00,0.00,0.00,0.00,0.00,-0.00,0.00,0.00,0.00,0.00,0.00,0.00,0.00,0.00,0
0.332368,35,-53,317,0,DRIVE [ 84 ] [ 1 ] [ 1867 1905 1802 ] [    0    0    0 ] [      0      0      0 ] [ 0 ],drive [ 84 ] [ 0 ] [ 1871 1905 1807 ] [    9   22   25 ] [  12127   7765   9099 ] [ 0 ],1.00,1.00,1.00,1.40,35.44,-53.43,0.00,0.00,0.00,0.00,0.00,0.00,-0.00,0.00,0.00,0.00,0.00,0.00,0.00,0.00,0.00,0
0.344877,37,-53,315,0,DRIVE [ 85 ] [ 1 ] [ 1863 1905 1797 ] [    0    0    0 ] [      0      0      0 ] [ 0 ],drive [ 84 ] [ 0 ] [ 1867 1905 1802 ] [    9   22   25 ] [  12127   7765   9099 ] [ 0 ],1.00,1.00,1.00,1.40,36.89,-52.67,0.00,0.00,0.00,0.00,0.00,0.00,-0.00,0.00,0.00,0.00,0.00,0.00,0.00,0.00,0.00,0
0.356931,38,-52,313,0,DRIVE [ 85 ] [ 1 ] [ 1859 1905 1792 ] [    0    0    0 ] [      0      0      0 ] [ 0 ],drive [ 85 ] [ 0 ] [ 1863 1905 1797 ] [    9   22   25 ] [  12127   7765   9099 ] [ 0 ],1.00,1.00,1.00,1.40,38.40,-52.00,0.00,0.00,0.00,0.00,0.00,0.00,-0.00,0.00,0.00,0.00,0.00,0.00,0.00,0.00,0.00,0
0.369833,40,-51,311,0,DRIVE [ 86 ] [ 1 ] [ 1854 1905 1788 ] [    0    0    0 ] [      0      0      0 ] [ 0 ],drive [ 85 ] [ 0 ] [ 1859 1905 1792 ] [    9   22   25 ] [  12128   7718   9101 ] [ 0 ],1.00,1.00,1.00,1.40,39.93,-51.02,0.00,0.00,0.00,0.00,0.00,0.00,-0.00,0.00,0.00,0.00,0.00,0.00,0.00,0.00,0.00,0
0.382623,42,-50,309,0,DRIVE [ 86 ] [ 1 ] [ 1849 1905 1784 ] [    0    0    0 ] [      0      0      0 ] [ 0 ],drive [ 86 ] [ 0 ] [ 1854 1905 1788 ] [    9   25   30 ] [  12128   7718   9101 ] [ 0 ],1.00,1.00,1.00,1.40,41.65,-50.07,0.00,0.00,0.00,0.00,0.00,0.00,-0.00,0.00,0.00,0.00,0.00,0.00,0.00,0.00,0.00,0
0.395035,43,-49,306,0,DRIVE [ 87 ] [ 1 ] [ 1843 1905 1780 ] [    0    0    0 ] [      0      0      0 ] [ 0 ],drive [ 86 ] [ 0 ] [ 1849 1905 1784 ] [    9   25   30 ] [  12128   7718   9101 ] [ 0 ],1.00,1.00,1.00,1.40,43.23,-48.91,0.00,0.00,0.00,0.00,0.00,0.00,-0.00,0.00,0.00,0.00,0.00,0.00,0.00,0.00,0.00,0
0.407026,45,-48,304,0,DRIVE [ 87 ] [ 1 ] [ 1837 1905 1776 ] [    0    0    0 ] [      0      0      0 ] [ 0 ],drive [ 87 ] [ 0 ] [ 1843 1905 1780 ] [    9   25   30 ] [  12128   7718   9101 ] [ 0 ],1.00,1.00,1.00,1.40,44.89,-47.70,0.00,0.00,0.00,0.00,0.00,0.00,-0.00,0.00,0.00,0.00,0.00,0.00,0.00,0.00,0.00,0
0.419452,46,-46,300,0,DRIVE [ 88 ] [ 1 ] [ 1830 1905 1773 ] [    0    0    0 ] [      0      0      0 ] [ 0 ],drive [ 87 ] [ 0 ] [ 1837 1905 1776 ] [    9   25   30 ] [  12131   7616   9127 ] [ 0 ],1.00,1.00,1.00,1.40,46.35,-46.13,0.00,0.00,0.00,0.00,0.00,0.00,-0.00,0.00,0.00,0.00,0.00,0.00,0.00,0.00,0.00,0
0.431829,48,-45,298,0,DRIVE [ 88 ] [ 1 ] [ 1823 1905 1770 ] [    0    0    0 ] [      0      0      0 ] [ 0 ],drive [ 88 ] [ 0 ] [ 1830 1905 1773 ] [   10   11   38 ] [  12131   7616   9127 ] [ 0 ],1.00,1.00,1.00,1.40,48.02,-44.60,0.00,0.00,0.00,0.00,0.00,0.00,-0.00,0.00,0.00,0.00,0.00,0.00,0.00,0.00,0.00,0
0.444192,50,-43,296,0,DRIVE [ 89 ] [ 1 ] [ 1816 1905 1767 ] [    0    0    0 ] [      0      0      0 ] [ 0 ],drive [ 88 ] [ 0 ] [ 1823 1905 1770 ] [   10   11   38 ] [  12131   7616   9127 ] [ 0 ],1.00,1.00,1.00,1.40,49.75,-43.04,0.00,0.00,0.00,0.00,0.00,0.00,-0.00,0.00,0.00,0.00,0.00,0.00,0.00,0.00,0.00,0
0.456341,52,-41,292,0,DRIVE [ 89 ] [ 1 ] [ 1806 1905 1764 ] [    0    0    0 ] [      0      0      0 ] [ 0 ],drive [ 89 ] [ 0 ] [ 1816 1905 1767 ] [   10   11   38 ] [  12131   7616   9127 ] [ 0 ],1.00,1.00,1.00,1.40,52.03,-41.07,0.00,0.00,0.00,0.00,0.00,0.00,-0.00,0.00,0.00,0.00,0.00,0.00,0.00,0.00,0.00,0
0.468715,54,-39,288,0,DRIVE [ 90 ] [ 1 ] [ 1795 1905 1761 ] [    0    0    0 ] [      0      0      0 ] [ 0 ],drive [ 89 ] [ 0 ] [ 1806 1905 1764 ] [   10   11   38 ] [  12140   7566   9133 ] [ 0 ],1.00,1.00,1.00,1.40,54.06,-39.11,0.00,0.00,0.00,0.00,0.00,0.00,-0.00,0.00,0.00,0.00,0.00,0.00,0.00,0.00,0.00,0
0.480986,56,-37,285,0,DRIVE [ 90 ] [ 1 ] [ 1784 1905 1758 ] [    0    0    0 ] [      0      0      0 ] [ 0 ],drive [ 90 ] [ 0 ] [ 1795 1905 1761 ] [    9    8   38 ] [  12140   7566   9133 ] [ 0 ],1.00,1.00,1.00,1.40,56.15,-37.38,0.00,0.00,0.00,0.00,0.00,0.00,-0.00,0.00,0.00,0.00,0.00,0.00,0.00,0.00,0.00,0
0.493686,58,-36,282,0,DRIVE [ 91 ] [ 1 ] [ 1773 1905 1755 ] [    0    0    0 ] [      0      0      0 ] [ 0 ],drive [ 90 ] [ 0 ] [ 1784 1905 1758 ] [    9    8   38 ] [  12140   7566   9133 ] [ 0 ],1.00,1.00,1.00,1.40,58.17,-35.73,0.00,0.00,0.00,0.00,0.00,0.00,-0.00,0.00,0.00,0.00,0.00,0.00,0.00,0.00,0.00,0
0.505501,60,-34,280,0,DRIVE [ 91 ] [ 1 ] [ 1762 1905 1752 ] [    0    0    0 ] [      0      0      0 ] [ 0 ],drive [ 91 ] [ 0 ] [ 1773 1905 1755 ] [    9    8   38 ] [  12140   7566   9133 ] [ 0 ],1.00,1.00,1.00,1.40,59.97,-34.11,0.00,0.00,0.00,0.00,0.00,0.00,-0.00,0.00,0.00,0.00,0.00,0.00,0.00,0.00,0.00,0
0.517918,62,-32,277,0,DRIVE [ 92 ] [ 1 ] [ 1750 1905 1749 ] [    0    0    0 ] [      0      0      0 ] [ 0 ],drive [ 91 ] [ 0 ] [ 1762 1905 1752 ] [    9    8   38 ] [  12146   7429   9182 ] [ 0 ],1.00,1.00,1.00,1.40,61.55,-32.31,0.00,0.00,0.00,0.00,0.00,0.00,-0.00,0.00,0.00,0.00,0.00,0.00,0.00,0.00,0.00,0
0.530033,63,-30,273,0,DRIVE [ 92 ] [ 1 ] [ 1738 1905 1747 ] [    0    0    0 ] [      0      0      0 ] [ 0 ],drive [ 92 ] [ 0 ] [ 1750 1905 1749 ] [   12   23   16 ] [  12146   7429   9182 ] [ 0 ],1.00,1.00,1.00,1.40,62.88,-30.41,0.00,0.00,0.00,0.00,0.00,0.00,-0.00,0.00,0.00,0.00,0.00,0.00,0.00,0.00,0.00,0
0.542104,64,-29,270,0,DRIVE [ 93 ] [ 1 ] [ 1726 1905 1745 ] [    0    0    0 ] [      0      0      0 ] [ 0 ],drive [ 92 ] [ 0 ] [ 1738 1905 1747 ] [   12   23   16 ] [  12146   7429   9182 ] [ 0 ],1.00,1.00,1.00,1.40,64.15,-28.62,0.00,0.00,0.00,0.00,0.00,0.00,-0.00,0.00,0.00,0.00,0.00,0.00,0.00,0.00,0.00,0
0.553762,66,-27,268,0,DRIVE [ 93 ] [ 1 ] [ 1713 1905 1742 ] [    0    0    0 ] [      0      0      0 ] [ 0 ],drive [ 93 ] [ 0 ] [ 1726 1905 1745 ] [   12   23   16 ] [  12146   7429   9182 ] [ 0 ],1.00,1.00,1.00,1.40,65.53,-26.93,0.00,0.00,0.00,0.00,0.00,0.00,-0.00,0.00,0.00,0.00,0.00,0.00,0.00,0.00,0.00,0
0.56631,67,-25,265,0,DRIVE [ 94 ] [ 1 ] [ 1700 1905 1740 ] [    0    0    0 ] [      0      0      0 ] [ 0 ],drive [ 93 ] [ 0 ] [ 1713 1905 1742 ] [   12   23   16 ] [  12180   7371   9182 ] [ 0 ],1.00,1.00,1.00,1.40,66.71,-25.32,0.00,0.00,0.00,0.00,0.00,0.00,-0.00,0.00,0.00,0.00,0.00,0.00,0.00,0.00,0.00,0
0.578512,68,-24,262,0,DRIVE [ 94 ] [ 1 ] [ 1685 1905 1737 ] [    0    0    0 ] [      0      0      0 ] [ 0 ],drive [ 94 ] [ 0 ] [ 1700 1905 1740 ] [   22   21   17 ] [  12180   7371   9182 ] [ 0 ],1.00,1.00,1.00,1.40,67.88,-23.55,0.00,0.00,0.00,0.00,0.00,0.00,-0.00,0.00,0.00,0.00,0.00,0.00,0.00,0.00,0.00,0
0.591853,69,-22,258,0,DRIVE [ 95 ] [ 1 ] [ 1671 1905 1734 ] [    0    0    0 ] [      0      0      0 ] [ 0 ],drive [ 94 ] [ 0 ] [ 1685 1905 1737 ] [   22   21   17 ] [  12180   7371   9182 ] [ 0 ],1.00,1.00,1.00,1.40,68.81,-22.04,0.00,0.00,0.00,0.00,0.00,0.00,-0.00,0.00,0.00,0.00,0.00,0.00,0.00,0.00,0.00,0
0.60327,70,-21,255,0,DRIVE [ 95 ] [ 1 ] [ 1657 1905 1731 ] [    0    0    0 ] [      0      0      0 ] [ 0 ],drive [ 95 ] [ 0 ] [ 1671 1905 1734 ] [   22   21   17 ] [  12180   7371   9182 ] [ 0 ],1.00,1.00,1.00,1.40,69.51,-20.69,0.00,0.00,0.00,0.00,0.00,0.00,-0.00,0.00,0.00,0.00,0.00,0.00,0.00,0.00,0.00,0
0.615575,70,-20,252,0,DRIVE [ 96 ] [ 1 ] [ 1645 1905 1728 ] [    0    0    0 ] [      0      0      0 ] [ 0 ],drive [ 95 ] [ 0 ] [ 1657 1905 1731 ] [   22   21   17 ] [  12437   7120   9182 ] [ 0 ],1.00,1.00,1.00,1.40,69.89,-19.53,0.00,0.00,0.00,0.00,0.00,0.00,-0.00,0.00,0.00,0.00,0.00,0.00,0.00,0.00,0.00,0
0.627758,70,-18,250,0,DRIVE [ 96 ] [ 1 ] [ 1634 1905 1726 ] [    0    0    0 ] [      0      0      0 ] [ 0 ],drive [ 96 ] [ 0 ] [ 1645 1905 1728 ] [   29   21   18 ] [  12437   7120   9182 ] [ 0 ],1.00,1.00,1.00,1.40,70.08,-18.50,0.00,0.00,0.00,0.00,0.00,0.00,-0.00,0.00,0.00,0.00,0.00,0.00,0.00,0.00,0.00,0
0.639368,70,-18,248,0,DRIVE [ 97 ] [ 1 ] [ 1625 1905 1724 ] [    0    0    0 ] [      0      0      0 ] [ 0 ],drive [ 96 ] [ 0 ] [ 1634 1905 1726 ] [   29   21   18 ] [  12437   7120   9182 ] [ 0 ],1.00,1.00,1.00,1.40,70.07,-17.64,0.00,0.00,0.00,0.00,0.00,0.00,-0.00,0.00,0.00,0.00,0.00,0.00,0.00,0.00,0.00,0
0.652005,70,-17,245,0,DRIVE [ 97 ] [ 1 ] [ 1616 1905 1722 ] [    0    0    0 ] [      0      0      0 ] [ 0 ],drive [ 97 ] [ 0 ] [ 1625 1905 1724 ] [   29   21   18 ] [  12437   7120   9182 ] [ 0 ],1.00,1.00,1.00,1.40,69.61,-16.72,0.00,0.00,0.00,0.00,0.00,0.00,-0.00,0.00,0.00,0.00,0.00,0.00,0.00,0.00,0.00,0
0.663851,69,-16,243,0,DRIVE [ 98 ] [ 1 ] [ 1607 1905 1719 ] [    0    0    0 ] [      0      0      0 ] [ 0 ],drive [ 97 ] [ 0 ] [ 1616 1905 1722 ] [   29   21   18 ] [  12506   7033   9182 ] [ 0 ],1.00,1.00,1.00,1.40,69.20,-15.97,0.00,0.00,0.00,0.00,0.00,0.00,-0.00,0.00,0.00,0.00,0.00,0.00,0.00,0.00,0.00,0
0.675631,69,-15,241,0,DRIVE [ 98 ] [ 1 ] [ 1598 1905 1717 ] [    0    0    0 ] [      0      0      0 ] [ 0 ],drive [ 98 ] [ 0 ] [ 1607 1905 1719 ] [   29   21   18 ] [  12506   7033   9182 ] [ 0 ],1.00,1.00,1.00,1.40,68.96,-15.31,0.00,0.00,0.00,0.00,0.00,0.00,-0.00,0.00,0.00,0.00,0.00,0.00,0.00,0.00,0.00,0
0.687306,69,-15,239,0,DRIVE [ 99 ] [ 1 ] [ 1588 1905 1714 ] [    0    0    0 ] [      0      0      0 ] [ 0 ],drive [ 98 ] [ 0 ] [ 1598 1905 1717 ] [   46   12   19 ] [  12506   7033   9182 ] [ 0 ],1.00,1.00,1.00,1.40,68.80,-14.75,0.00,0.00,0.00,0.00,0.00,0.00,-0.00,0.00,0.00,0.00,0.00,0.00,0.00,0.00,0.00,0
0.699219,69,-14,236,0,DRIVE [ 99 ] [ 1 ] [ 1577 1905 1710 ] [    0    0    0 ] [      0      0      0 ] [ 0 ],drive [ 99 ] [ 0 ] [ 1588 1905 1714 ] [   46   12   19 ] [  12506   7033   9182 ] [ 0 ],1.00,1.00,1.00,1.40,68.74,-14.23,0.00,0.00,0.00,0.00,0.00,0.00,-0.00,0.00,0.00,0.00,0.00,0.00,0.00,0.00,0.00,0
0.710874,69,-14,233,0,DRIVE [ 00 ] [ 1 ] [ 1566 1905 1706 ] [    0    0    0 ] [      0      0      0 ] [ 0 ],drive [ 99 ] [ 0 ] [ 1577 1905 1710 ] [   46   12   19 ] [  12506   7033   9182 ] [ 0 ],1.00,1.00,1.00,1.40,68.76,-13.70,0.00,0.00,0.00,0.00,0.00,0.00,-0.00,0.00,0.00,0.00,0.00,0.00,0.00,0.00,0.00,0
0.721997,69,-13,231,0,DRIVE [ 00 ] [ 1 ] [ 1554 1905 1702 ] [    0    0    0 ] [      0      0      0 ] [ 0 ],drive [ 00 ] [ 0 ] [ 1566 1905 1706 ] [   46   12   19 ] [  12716   6887   9182 ] [ 0 ],1.00,1.00,1.00,1.40,68.94,-13.20,0.00,0.00,0.00,0.00,0.00,0.00,-0.00,0.00,0.00,0.00,0.00,0.00,0.00,0.00,0.00,0
0.733822,69,-13,228,0,DRIVE [ 01 ] [ 1 ] [ 1544 1905 1698 ] [    0    0    0 ] [      0      0      0 ] [ 0 ],drive [ 00 ] [ 0 ] [ 1554 1905 1702 ] [   36   22   20 ] [  12716   6887   9182 ] [ 0 ],1.00,1.00,1.00,1.40,68.74,-12.76,0.00,0.00,0.00,0.00,0.00,0.00,-0.00,0.00,0.00,0.00,0.00,0.00,0.00,0.00,0.00,0
0.745421,69,-12,225,0,DRIVE [ 01 ] [ 1 ] [ 1533 1905 1694 ] [    0    0    0 ] [      0      0      0 ] [ 0 ],drive [ 01 ] [ 0 ] [ 1544 1905 1698 ] [   36   22   20 ] [  12716   6887   9182 ] [ 0 ],1.00,1.00,1.00,1.40,68.57,-12.42,0.00,0.00,0.00,0.00,0.00,0.00,-0.00,0.00,0.00,0.00,0.00,0.00,0.00,0.00,0.00,0
0.757644,68,-12,223,0,DRIVE [ 02 ] [ 1 ] [ 1524 1905 1691 ] [    0    0    0 ] [      0      0      0 ] [ 0 ],drive [ 01 ] [ 0 ] [ 1533 1905 1694 ] [   36   22   20 ] [  12716   6887   9182 ] [ 0 ],1.00,1.00,1.00,1.40,68.27,-12.06,0.00,0.00,0.00,0.00,0.00,0.00,-0.00,0.00,0.00,0.00,0.00,0.00,0.00,0.00,0.00,0
0.770352,68,-11,220,0,DRIVE [ 02 ] [ 1 ] [ 1513 1905 1688 ] [    0    0    0 ] [      0      0      0 ] [ 0 ],drive [ 02 ] [ 0 ] [ 1524 1905 1691 ] [   36   22   20 ] [  12851   6835   9181 ] [ 0 ],1.00,1.00,1.00,1.40,67.69,-11.39,0.00,0.00,0.00,0.00,0.00,0.00,-0.00,0.00,0.00,0.00,0.00,0.00,0.00,0.00,0.00,0
0.784619,67,-11,217,0,DRIVE [ 03 ] [ 1 ] [ 1501 1905 1685 ] [    0    0    0 ] [      0      0      0 ] [ 0 ],drive [ 02 ] [ 0 ] [ 1513 1905 1688 ] [   51    8   22 ] [  12851   6835   9181 ] [ 0 ],1.00,1.00,1.00,1.40,67.19,-10.69,0.00,0.00,0.00,0.00,0.00,0.00,-0.00,0.00,0.00,0.00,0.00,0.00,0.00,0.00,0.00,0
0.79828,67,-10,214,0,DRIVE [ 03 ] [ 1 ] [ 1487 1905 1682 ] [    0    0    0 ] [      0      0      0 ] [ 0 ],drive [ 03 ] [ 0 ] [ 1501 1905 1685 ] [   51    8   22 ] [  12851   6835   9181 ] [ 0 ],1.00,1.00,1.00,1.40,66.89,-10.01,0.00,0.00,0.00,0.00,0.00,0.00,-0.00,0.00,0.00,0.00,0.00,0.00,0.00,0.00,0.00,0
0.810858,67,-9,211,0,DRIVE [ 04 ] [ 1 ] [ 1473 1905 1679 ] [    0    0    0 ] [      0      0      0 ] [ 0 ],drive [ 03 ] [ 0 ] [ 1487 1905 1682 ] [   51    8   22 ] [  12851   6835   9181 ] [ 0 ],1.00,1.00,1.00,1.40,66.74,-9.37,0.00,0.00,0.00,0.00,0.00,0.00,-0.00,0.00,0.00,0.00,0.00,0.00,0.00,0.00,0.00,0
0.821623,67,-9,209,0,DRIVE [ 04 ] [ 1 ] [ 1459 1905 1675 ] [    0    0    0 ] [      0      0      0 ] [ 0 ],drive [ 04 ] [ 0 ] [ 1473 1905 1679 ] [   51    8   22 ] [  12958   6749   9181 ] [ 0 ],1.00,1.00,1.00,1.40,66.59,-8.76,0.00,0.00,0.00,0.00,0.00,0.00,-0.00,0.00,0.00,0.00,0.00,0.00,0.00,0.00,0.00,0
0.833299,67,-8,206,0,DRIVE [ 05 ] [ 1 ] [ 1446 1905 1673 ] [    0    0    0 ] [      0      0      0 ] [ 0 ],drive [ 04 ] [ 0 ] [ 1459 1905 1675 ] [   64   24   23 ] [  12958   6749   9181 ] [ 0 ],1.00,1.00,1.00,1.40,66.56,-8.11,0.00,0.00,0.00,0.00,0.00,0.00,-0.00,0.00,0.00,0.00,0.00,0.00,0.00,0.00,0.00,0
0.844676,66,-8,204,0,DRIVE [ 05 ] [ 1 ] [ 1433 1905 1670 ] [    0    0    0 ] [      0      0      0 ] [ 0 ],drive [ 05 ] [ 0 ] [ 1446 1905 1673 ] [   64   24   23 ] [  12958   6749   9181 ] [ 0 ],1.00,1.00,1.00,1.40,66.45,-7.61,0.00,0.00,0.00,0.00,0.00,0.00,-0.00,0.00,0.00,0.00,0.00,0.00,0.00,0.00,0.00,0
0.855753,66,-7,202,0,DRIVE [ 06 ] [ 1 ] [ 1420 1905 1668 ] [    0    0    0 ] [      0      0      0 ] [ 0 ],drive [ 05 ] [ 0 ] [ 1433 1905 1670 ] [   64   24   23 ] [  12958   6749   9181 ] [ 0 ],1.00,1.00,1.00,1.40,66.14,-7.01,0.00,0.00,0.00,0.00,0.00,0.00,-0.00,0.00,0.00,0.00,0.00,0.00,0.00,0.00,0.00,0
0.869093,66,-6,200,0,DRIVE [ 06 ] [ 1 ] [ 1408 1905 1667 ] [    0    0    0 ] [      0      0      0 ] [ 0 ],drive [ 06 ] [ 0 ] [ 1420 1905 1668 ] [   64   24   23 ] [  13146   6640   9178 ] [ 0 ],1.00,1.00,1.00,1.40,65.96,-6.37,0.00,0.00,0.00,0.00,0.00,0.00,-0.00,0.00,0.00,0.00,0.00,0.00,0.00,0.00,0.00,0
0.880394,66,-6,199,0,DRIVE [ 07 ] [ 1 ] [ 1396 1905 1665 ] [    0    0    0 ] [      0      0      0 ] [ 0 ],drive [ 06 ] [ 0 ] [ 1408 1905 1667 ] [   74   11   26 ] [  13146   6640   9178 ] [ 0 ],1.00,1.00,1.00,1.40,65.63,-5.80,0.00,0.00,0.00,0.00,0.00,0.00,-0.00,0.00,0.00,0.00,0.00,0.00,0.00,0.00,0.00,0
0.892658,65,-5,197,0,DRIVE [ 07 ] [ 1 ] [ 1388 1905 1665 ] [    0    0    0 ] [      0      0      0 ] [ 0 ],drive [ 07 ] [ 0 ] [ 1396 1905 1665 ] [   74   11   26 ] [  13146   6640   9178 ] [ 0 ],1.00,1.00,1.00,1.40,64.95,-5.27,0.00,0.00,0.00,0.00,0.00,0.00,-0.00,0.00,0.00,0.00,0.00,0.00,0.00,0.00,0.00,0
0.903429,64,-5,195,0,DRIVE [ 08 ] [ 1 ] [ 1381 1905 1666 ] [    0    0    0 ] [      0      0      0 ] [ 0 ],drive [ 07 ] [ 0 ] [ 1388 1905 1665 ] [   74   11   26 ] [  13146   6640   9178 ] [ 0 ],1.00,1.00,1.00,1.40,63.84,-4.70,0.00,0.00,0.00,0.00,0.00,0.00,-0.00,0.00,0.00,0.00,0.00,0.00,-0.00,0.00,0.00,0
0.914759,63,-4,193,0,DRIVE [ 08 ] [ 1 ] [ 1378 1905 1668 ] [    0    0    0 ] [      0      0      0 ] [ 0 ],drive [ 08 ] [ 0 ] [ 1381 1905 1666 ] [   74   11   26 ] [  13318   6397   9173 ] [ 0 ],1.00,1.00,1.00,1.40,62.60,-4.11,0.00,0.00,0.00,0.00,0.00,0.00,-0.00,0.00,0.00,0.00,0.00,0.00,-0.00,0.00,0.00,0
0.925595,61,-4,192,0,DRIVE [ 09 ] [ 1 ] [ 1377 1905 1672 ] [    0    0    0 ] [      0      0      0 ] [ 0 ],drive [ 08 ] [ 0 ] [ 1378 1905 1668 ] [   50   23   30 ] [  13318   6397   9173 ] [ 0 ],1.00,1.00,1.00,1.40,61.05,-3.51,0.00,0.00,0.00,0.00,0.00,0.00,-0.00,0.00,0.00,0.00,0.00,0.00,-0.00,0.00,0.00,0
0.935874,59,-3,190,0,DRIVE [ 09 ] [ 1 ] [ 1378 1905 1676 ] [    0    0    0 ] [      0      0      0 ] [ 0 ],drive [ 09 ] [ 0 ] [ 1377 1905 1672 ] [   50   23   30 ] [  13318   6397   9173 ] [ 0 ],1.00,1.00,1.00,1.40,59.43,-3.03,0.00,0.00,0.00,0.00,0.00,0.00,-0.00,0.00,0.00,0.00,0.00,0.00,-0.00,0.00,0.00,0
0.946741,58,-3,189,0,DRIVE [ 10 ] [ 1 ] [ 1379 1905 1680 ] [    0    0    0 ] [      0      0      0 ] [ 0 ],drive [ 09 ] [ 0 ] [ 1378 1905 1676 ] [   50   23   30 ] [  13318   6397   9173 ] [ 0 ],1.00,1.00,1.00,1.40,57.81,-2.54,0.00,0.00,0.00,0.00,0.00,0.00,-0.00,0.00,0.00,0.00,0.00,0.00,-0.00,0.00,0.00,0
0.958135,55,-2,186,0,DRIVE [ 10 ] [ 1 ] [ 1384 1905 1685 ] [    0    0    0 ] [      0      0      0 ] [ 0 ],drive [ 10 ] [ 0 ] [ 1379 1905 1680 ] [   50   23   30 ] [  13318   6397   9173 ] [ 0 ],1.00,1.00,1.00,1.40,55.44,-2.09,0.00,0.00,0.00,0.00,0.00,0.00,-0.00,0.00,0.00,0.00,0.00,0.00,-0.00,0.00,0.00,0
0.968196,53,-2,183,0,DRIVE [ 11 ] [ 1 ] [ 1389 1905 1690 ] [    0    0    0 ] [      0      0      0 ] [ 0 ],drive [ 10 ] [ 0 ] [ 1384 1905 1685 ] [   50   23   30 ] [  13450   6343   9167 ] [ 0 ],1.00,1.00,1.00,1.40,53.35,-1.69,0.00,0.00,0.00,0.00,0.00,0.00,-0.00,0.00,0.00,0.00,0.00,0.00,-0.00,0.00,0.00,0
0.978979,51,-1,181,0,DRIVE [ 11 ] [ 1 ] [ 1395 1905 1695 ] [    0    0    0 ] [      0      0      0 ] [ 0 ],drive [ 11 ] [ 0 ] [ 1389 1905 1690 ] [   66   21   37 ] [  13450   6343   9167 ] [ 0 ],1.00,1.00,1.00,1.40,51.29,-1.34,0.00,0.00,0.00,0.00,0.00,0.00,-0.00,0.00,0.00,0.00,0.00,0.00,-0.00,0.00,0.00,0
0.990262,49,-1,179,0,DRIVE [ 12 ] [ 1 ] [ 1403 1905 1700 ] [    0    0    0 ] [      0      0      0 ] [ 0 ],drive [ 11 ] [ 0 ] [ 1395 1905 1695 ] [   66   21   37 ] [  13450   6343   9167 ] [ 0 ],1.00,1.00,1.00,1.40,49.16,-1.11,0.00,0.00,0.00,0.00,0.00,0.00,-0.00,0.00,0.00,0.00,0.00,0.00,-0.00,0.00,0.00,0
1.00036,47,-1,178,0,DRIVE [ 12 ] [ 1 ] [ 1415 1905 1705 ] [    0    0    0 ] [      0      0      0 ] [ 0 ],drive [ 12 ] [ 0 ] [ 1403 1905 1700 ] [   66   21   37 ] [  13450   6343   9167 ] [ 0 ],1.00,1.00,1.00,1.40,46.91,-0.96,0.00,0.00,0.00,0.00,0.00,0.00,-0.00,0.00,0.00,0.00,0.00,0.00,-0.00,0.00,0.00,0
1.01078,45,-1,176,0,DRIVE [ 13 ] [ 1 ] [ 1429 1905 1712 ] [    0    0    0 ] [      0      0      0 ] [ 0 ],drive [ 12 ] [ 0 ] [ 1415 1905 1705 ] [   66   21   37 ] [  13633   6237   9109 ] [ 0 ],1.00,1.00,1.00,1.40,44.54,-0.82,0.00,0.00,0.00,0.00,0.00,0.00,-0.00,0.00,0.00,0.00,0.00,0.00,-0.00,0.00,0.00,0
1.02077,42,-1,174,0,DRIVE [ 13 ] [ 1 ] [ 1445 1905 1719 ] [    0    0    0 ] [      0      0      0 ] [ 0 ],drive [ 13 ] [ 0 ] [ 1429 1905 1712 ] [   66   21   37 ] [  13633   6237   9109 ] [ 0 ],1.00,1.00,1.00,1.40,41.95,-0.71,0.00,0.00,0.00,0.00,0.00,0.00,-0.00,0.00,0.00,0.00,0.00,0.00,-0.00,0.00,0.00,0
1.03131,39,-1,172,0,DRIVE [ 14 ] [ 1 ] [ 1463 1905 1728 ] [    0    0    0 ] [      0      0      0 ] [ 0 ],drive [ 13 ] [ 0 ] [ 1445 1905 1719 ] [   54    5   40 ] [  13633   6237   9109 ] [ 0 ],1.00,1.00,1.00,1.40,39.31,-0.58,0.00,0.00,0.00,0.00,0.00,0.00,-0.00,0.00,0.00,0.00,0.00,0.00,-0.00,0.00,0.00,0
1.04156,37,0,170,0,DRIVE [ 14 ] [ 1 ] [ 1482 1905 1737 ] [    0    0    0 ] [      0      0      0 ] [ 0 ],drive [ 14 ] [ 0 ] [ 1463 1905 1728 ] [   54    5   40 ] [  13633   6237   9109 ] [ 0 ],1.00,1.00,1.00,1.40,36.67,-0.33,0.00,0.00,0.00,0.00,0.00,0.00,-0.00,0.00,0.00,0.00,0.00,0.00,-0.00,0.00,0.00,0
1.05176,34,0,168,0,DRIVE [ 15 ] [ 1 ] [ 1502 1905 1749 ] [    0    0    0 ] [      0      0      0 ] [ 0 ],drive [ 14 ] [ 0 ] [ 1482 1905 1737 ] [   54    5   40 ] [  13633   6237   9109 ] [ 0 ],1.00,1.00,1.00,1.40,33.89,0.00,0.00,0.00,0.00,0.00,0.00,0.00,-0.00,0.00,0.00,0.00,0.00,0.00,-0.00,-0.00,0.00,0
1.06229,31,0,167,0,DRIVE [ 15 ] [ 1 ] [ 1522 1905 1762 ] [    0    0    0 ] [      0      0      0 ] [ 0 ],drive [ 15 ] [ 0 ] [ 1502 1905 1749 ] [   54    5   40 ] [  13633   6185   9094 ] [ 0 ],1.00,1.00,1.00,1.40,31.14,0.56,0.00,0.00,0.00,0.00,0.00,0.00,-0.00,0.00,0.00,0.00,0.00,0.00,-0.00,-0.00,0.00,0
1.07316,28,1,165,0,DRIVE [ 16 ] [ 1 ] [ 1543 1905 1776 ] [    0    0    0 ] [      0      0      0 ] [ 0 ],drive [ 15 ] [ 0 ] [ 1522 1905 1762 ] [   54    5   40 ] [  13633   6185   9094 ] [ 0 ],1.00,1.00,1.00,1.40,28.39,1.06,0.00,0.00,0.00,0.00,0.00,0.00,-0.00,0.00,0.00,0.00,0.00,0.00,-0.00,-0.00,0.00,0
1.08292,26,1,163,0,DRIVE [ 16 ] [ 1 ] [ 1565 1905 1791 ] [    0    0    0 ] [      0      0      0 ] [ 0 ],drive [ 16 ] [ 0 ] [ 1543 1905 1776 ] [   44   19   20 ] [  13633   6185   9094 ] [ 0 ],1.00,1.00,1.00,1.40,25.63,1.56,0.00,0.00,0.00,0.00,0.00,0.00,-0.00,0.00,0.00,0.00,0.00,0.00,-0.00,-0.00,0.00,0
1.09325,23,1,161,0,DRIVE [ 17 ] [ 1 ] [ 1590 1905 1805 ] [    0    0    0 ] [      0      0      0 ] [ 0 ],drive [ 16 ] [ 0 ] [ 1565 1905 1791 ] [   44   19   20 ] [  13633   6185   9094 ] [ 0 ],1.00,1.00,1.00,1.40,22.89,1.97,0.00,0.00,0.00,0.00,0.00,0.00,-0.00,0.00,0.00,0.00,0.00,0.00,-0.00,-0.00,0.00,0
1.10313,20,2,159,0,DRIVE [ 17 ] [ 1 ] [ 1618 1905 1821 ] [    0    0    0 ] [      0      0      0 ] [ 0 ],drive [ 17 ] [ 0 ] [ 1590 1905 1805 ] [   44   19   20 ] [  13633   6185   9094 ] [ 0 ],1.00,1.00,1.00,1.40,20.12,2.38,0.00,0.00,0.00,0.00,0.00,0.00,-0.00,0.00,0.00,0.00,0.00,0.00,-0.00,-0.00,0.00,0
1.11367,17,2,158,0,DRIVE [ 18 ] [ 1 ] [ 1646 1905 1838 ] [    0    0    0 ] [      0      0      0 ] [ 0 ],drive [ 17 ] [ 0 ] [ 1618 1905 1821 ] [   44   19   20 ] [  13629   6185   8993 ] [ 0 ],1.00,1.00,1.00,1.40,17.35,2.84,0.00,0.00,0.00,0.00,0.00,0.00,-0.00,0.00,0.00,0.00,0.00,0.00,-0.00,-0.00,0.00,0
1.12568,15,2,156,0,DRIVE [ 18 ] [ 1 ] [ 1673 1905 1857 ] [    0    0    0 ] [      0      0      0 ] [ 0 ],drive [ 18 ] [ 0 ] [ 1646 1905 1838 ] [   44   19   20 ] [  13629   6185   8993 ] [ 0 ],1.00,1.00,1.00,1.40,14.52,3.47,0.00,0.00,0.00,0.00,0.00,0.00,-0.00,0.00,0.00,0.00,0.00,0.00,-0.00,-0.00,0.00,0
1.13589,12,3,154,0,DRIVE [ 19 ] [ 1 ] [ 1697 1905 1876 ] [    0    0    0 ] [      0      0      0 ] [ 0 ],drive [ 18 ] [ 0 ] [ 1673 1905 1857 ] [   29   20   18 ] [  13629   6185   8993 ] [ 0 ],1.00,1.00,1.00,1.40,11.73,4.24,0.00,0.00,0.00,0.00,0.00,0.00,0.00,0.00,0.00,0.00,0.00,0.00,-0.00,-0.00,0.00,0
1.14611,9,4,152,0,DRIVE [ 19 ] [ 1 ] [ 1713 1905 1897 ] [    0    0    0 ] [      0      0      0 ] [ 0 ],drive [ 19 ] [ 0 ] [ 1697 1905 1876 ] [   29   20   18 ] [  13629   6185   8993 ] [ 0 ],1.00,1.00,1.00,1.40,8.99,5.17,0.00,0.00,0.00,0.00,0.00,0.00,0.00,0.00,0.00,0.00,0.00,0.00,-0.00,-0.00,0.00,0
1.15866,6,4,150,0,DRIVE [ 20 ] [ 1 ] [ 1749 1891 1897 ] [    0    0    0 ] [      0      0      0 ] [ 0 ],drive [ 19 ] [ 0 ] [ 1713 1905 1897 ] [   29   20   18 ] [  13629   6185   8993 ] [ 0 ],1.00,1.00,1.00,1.40,6.26,6.14,0.00,0.00,0.00,0.00,0.00,0.00,0.00,0.00,0.00,0.00,0.00,0.00,-0.00,-0.00,0.00,0
1.16897,4,5,149,0,DRIVE [ 20 ] [ 1 ] [ 1788 1866 1897 ] [    0    0    0 ] [      0      0      0 ] [ 0 ],drive [ 20 ] [ 0 ] [ 1749 1891 1897 ] [   29   20   18 ] [  13608   6180   8904 ] [ 0 ],1.00,1.00,1.00,1.40,3.65,7.03,0.00,0.00,0.00,0.00,0.00,0.00,0.00,0.00,0.00,0.00,0.00,0.00,-0.00,-0.00,0.00,0
1.17945,1,6,147,0,DRIVE [ 21 ] [ 1 ] [ 1813 1836 1897 ] [    0    0    0 ] [      0      0      0 ] [ 0 ],drive [ 20 ] [ 0 ] [ 1788 1866 1897 ] [   28   21    2 ] [  13608   6180   8904 ] [ 0 ],1.00,1.00,1.00,1.40,1.12,7.99,0.00,0.00,0.00,0.00,0.00,0.00,0.00,0.00,0.00,0.00,0.00,0.00,0.00,0.00,0.00,0
1.18984,-1,6,145,0,DRIVE [ 21 ] [ 1 ] [ 1827 1799 1897 ] [    0    0    0 ] [      0      0      0 ] [ 0 ],drive [ 21 ] [ 0 ] [ 1813 1836 1897 ] [   28   21    2 ] [  13608   6180   8904 ] [ 0 ],1.00,1.00,1.00,1.40,-1.29,9.05,0.00,0.00,0.00,0.00,0.00,0.00,0.00,0.00,0.00,0.00,0.00,0.00,0.00,0.00,0.00,0
1.19979,-4,7,143,0,DRIVE [ 22 ] [ 1 ] [ 1833 1756 1897 ] [    0    0    0 ] [      0      0      0 ] [ 0 ],drive [ 21 ] [ 0 ] [ 1827 1799 1897 ] [   28   21    2 ] [  13608   6180   8904 ] [ 0 ],1.00,1.00,1.00,1.40,-3.54,10.25,0.00,0.00,0.00,0.00,0.00,0.00,0.00,0.00,0.00,0.00,0.00,0.00,0.00,0.00,0.00,0
1.21032,-6,8,142,0,DRIVE [ 22 ] [ 1 ] [ 1833 1709 1897 ] [    0    0    0 ] [      0      0      0 ] [ 0 ],drive [ 22 ] [ 0 ] [ 1833 1756 1897 ] [   28   21    2 ] [  13397   6193   8795 ] [ 0 ],1.00,1.00,1.00,1.40,-5.60,11.73,0.00,0.00,0.00,0.00,0.00,0.00,0.00,0.00,0.00,0.00,0.00,0.00,0.00,0.00,0.00,0
1.22223,-8,10,140,0,DRIVE [ 23 ] [ 1 ] [ 1830 1659 1897 ] [    0    0    0 ] [      0      0      0 ] [ 0 ],drive [ 22 ] [ 0 ] [ 1833 1709 1897 ] [   28   21    2 ] [  13397   6193   8795 ] [ 0 ],1.00,1.00,1.00,1.40,-7.51,13.49,0.00,0.00,0.00,0.00,0.00,0.00,0.00,0.00,0.00,0.00,0.00,0.00,0.00,0.00,0.00,0
1.23233,-9,11,139,0,DRIVE [ 23 ] [ 1 ] [ 1822 1609 1897 ] [    0    0    0 ] [      0      0      0 ] [ 0 ],drive [ 23 ] [ 0 ] [ 1830 1659 1897 ] [    9   19   19 ] [  13397   6193   8795 ] [ 0 ],1.00,1.00,1.00,1.40,-9.26,15.45,0.00,0.00,0.00,0.00,0.00,0.00,0.00,0.00,0.00,0.00,0.00,0.00,0.00,0.00,0.00,0
1.24218,-11,13,137,0,DRIVE [ 24 ] [ 1 ] [ 1813 1559 1897 ] [    0    0    0 ] [      0      0      0 ] [ 0 ],drive [ 23 ] [ 0 ] [ 1822 1609 1897 ] [    9   19   19 ] [  13397   6193   8795 ] [ 0 ],1.00,1.00,1.00,1.40,-10.89,17.51,0.00,0.00,0.00,0.00,0.00,0.00,0.00,0.00,0.00,0.00,0.00,0.00,0.00,0.00,0.00,0
1.25457,-12,14,135,0,DRIVE [ 24 ] [ 1 ] [ 1802 1513 1897 ] [    0    0    0 ] [      0      0      0 ] [ 0 ],drive [ 24 ] [ 0 ] [ 1813 1559 1897 ] [    9   19   19 ] [  13397   6193   8795 ] [ 0 ],1.00,1.00,1.00,1.40,-12.24,19.59,0.00,0.00,0.00,0.00,0.00,0.00,0.00,0.00,0.00,0.00,0.00,0.00,0.00,0.00,0.00,0
1.26664,-13,15,134,0,DRIVE [ 25 ] [ 1 ] [ 1789 1470 1897 ] [    0    0    0 ] [      0      0      0 ] [ 0 ],drive [ 24 ] [ 0 ] [ 1802 1513 1897 ] [    9   19   19 ] [  13133   6447   8797 ] [ 0 ],1.00,1.00,1.00,1.40,-13.38,21.62,0.00,0.00,0.00,0.00,0.00,0.00,0.00,0.00,0.00,0.00,0.00,0.00,0.00,0.00,0.00,0
1.2784,-14,17,132,0,DRIVE [ 25 ] [ 1 ] [ 1775 1434 1897 ] [    0    0    0 ] [      0      0      0 ] [ 0 ],drive [ 25 ] [ 0 ] [ 1789 1470 1897 ] [   34   50   18 ] [  13133   6447   8797 ] [ 0 ],1.00,1.00,1.00,1.40,-14.28,23.55,0.00,0.00,0.00,0.00,0.00,0.00,0.00,0.00,0.00,0.00,0.00,0.00,0.00,0.00,0.00,0
1.28805,-15,18,131,0,DRIVE [ 26 ] [ 1 ] [ 1761 1402 1897 ] [    0    0    0 ] [      0      0      0 ] [ 0 ],drive [ 25 ] [ 0 ] [ 1775 1434 1897 ] [   34   50   18 ] [  13133   6447   8797 ] [ 0 ],1.00,1.00,1.00,1.40,-14.89,25.37,0.00,0.00,0.00,0.00,0.00,0.00,0.00,0.00,0.00,0.00,0.00,0.00,0.00,0.00,0.00,0
1.29857,-15,19,130,0,DRIVE [ 26 ] [ 1 ] [ 1745 1376 1897 ] [    0    0    0 ] [      0      0      0 ] [ 0 ],drive [ 26 ] [ 0 ] [ 1761 1402 1897 ] [   34   50   18 ] [  13133   6447   8797 ] [ 0 ],1.00,1.00,1.00,1.40,-15.29,27.13,0.00,0.00,0.00,0.00,0.00,0.00,0.00,0.00,0.00,0.00,0.00,0.00,0.00,0.00,0.00,0
1.31027,-16,21,129,0,DRIVE [ 27 ] [ 1 ] [ 1728 1351 1897 ] [    0    0    0 ] [      0      0      0 ] [ 0 ],drive [ 26 ] [ 0 ] [ 1745 1376 1897 ] [   34   50   18 ] [  13133   6447   8797 ] [ 0 ],1.00,1.00,1.00,1.40,-15.54,28.82,0.00,0.00,0.00,0.00,0.00,0.00,0.00,0.00,0.00,0.00,0.00,0.00,0.00,0.00,0.00,0
1.32235,-16,22,128,0,DRIVE [ 27 ] [ 1 ] [ 1710 1329 1897 ] [    0    0    0 ] [      0      0      0 ] [ 0 ],drive [ 27 ] [ 0 ] [ 1728 1351 1897 ] [   34   50   18 ] [  13086   7042   8791 ] [ 0 ],1.00,1.00,1.00,1.40,-15.69,30.56,0.00,0.00,0.00,0.00,0.00,0.00,0.00,0.00,0.00,0.00,0.00,0.00,0.00,0.00,0.00,0
1.33485,-16,23,126,0,DRIVE [ 28 ] [ 1 ] [ 1691 1308 1897 ] [    0    0    0 ] [      0      0      0 ] [ 0 ],drive [ 27 ] [ 0 ] [ 1710 1329 1897 ] [   31   54   23 ] [  13086   7042   8791 ] [ 0 ],1.00,1.00,1.00,1.40,-15.70,32.28,0.00,0.00,0.00,0.00,0.00,0.00,0.00,0.00,0.00,0.00,0.00,0.00,0.00,0.00,0.00,0
1.34663,-16,24,125,0,DRIVE [ 28 ] [ 1 ] [ 1672 1290 1897 ] [    0    0    0 ] [      0      0      0 ] [ 0 ],drive [ 28 ] [ 0 ] [ 1691 1308 1897 ] [   31   54   23 ] [  13086   7042   8791 ] [ 0 ],1.00,1.00,1.00,1.40,-15.60,33.92,0.00,0.00,0.00,0.00,0.00,0.00,0.00,0.00,0.00,0.00,0.00,0.00,0.00,0.00,0.00,0
1.35889,-15,25,124,0,DRIVE [ 29 ] [ 1 ] [ 1651 1273 1897 ] [    0    0    0 ] [      0      0      0 ] [ 0 ],drive [ 28 ] [ 0 ] [ 1672 1290 1897 ] [   31   54   23 ] [  13086   7042   8791 ] [ 0 ],1.00,1.00,1.00,1.40,-15.40,35.55,0.00,0.00,0.00,0.00,0.00,0.00,0.00,0.00,0.00,0.00,0.00,0.00,0.00,0.00,0.00,0
1.36943,-15,26,123,0,DRIVE [ 29 ] [ 1 ] [ 1631 1257 1897 ] [    0    0    0 ] [      0      0      0 ] [ 0 ],drive [ 29 ] [ 0 ] [ 1651 1273 1897 ] [   31   54   23 ] [  13080   7537   8777 ] [ 0 ],1.00,1.00,1.00,1.40,-15.19,37.08,0.00,0.00,0.00,0.00,0.00,0.00,0.00,0.00,0.00,0.00,0.00,0.00,0.00,0.00,0.00,0
1.37974,-15,28,122,0,DRIVE [ 30 ] [ 1 ] [ 1611 1242 1897 ] [    0    0    0 ] [      0      0      0 ] [ 0 ],drive [ 29 ] [ 0 ] [ 1631 1257 1897 ] [   39   76   19 ] [  13080   7537   8777 ] [ 0 ],1.00,1.00,1.00,1.40,-14.98,38.57,0.00,0.00,0.00,0.00,0.00,0.00,0.00,0.00,0.00,0.00,0.00,0.00,0.00,0.00,0.00,0
1.39044,-15,28,121,0,DRIVE [ 30 ] [ 1 ] [ 1593 1229 1897 ] [    0    0    0 ] [      0      0      0 ] [ 0 ],drive [ 30 ] [ 0 ] [ 1611 1242 1897 ] [   39   76   19 ] [  13080   7537   8777 ] [ 0 ],1.00,1.00,1.00,1.40,-14.68,39.85,0.00,0.00,0.00,0.00,0.00,0.00,0.00,0.00,0.00,0.00,0.00,0.00,0.00,0.00,0.00,0
1.40198,-14,29,120,0,DRIVE [ 31 ] [ 1 ] [ 1575 1221 1897 ] [    0    0    0 ] [      0      0      0 ] [ 0 ],drive [ 30 ] [ 0 ] [ 1593 1229 1897 ] [   39   76   19 ] [  13080   7537   8777 ] [ 0 ],1.00,1.00,1.00,1.40,-14.22,40.96,0.00,0.00,0.00,0.00,0.00,0.00,0.00,0.00,0.00,0.00,0.00,0.00,0.00,0.00,0.00,0
1.41417,-14,30,119,0,DRIVE [ 31 ] [ 1 ] [ 1557 1218 1897 ] [    0    0    0 ] [      0      0      0 ] [ 0 ],drive [ 31 ] [ 0 ] [ 1575 1221 1897 ] [   39   76   19 ] [  13086   7978   8722 ] [ 0 ],1.00,1.00,1.00,1.40,-13.59,41.83,0.00,0.00,0.00,0.00,0.00,0.00,0.00,0.00,0.00,0.00,0.00,0.00,0.00,0.00,0.00,0
1.42408,-13,30,119,0,DRIVE [ 32 ] [ 1 ] [ 1542 1221 1897 ] [    0    0    0 ] [      0      0      0 ] [ 0 ],drive [ 31 ] [ 0 ] [ 1557 1218 1897 ] [   39   76   19 ] [  13086   7978   8722 ] [ 0 ],1.00,1.00,1.00,1.40,-12.81,42.34,0.00,0.00,0.00,0.00,0.00,0.00,0.00,0.00,0.00,0.00,0.00,0.00,0.00,0.00,0.00,0
1.43421,-12,30,118,0,DRIVE [ 32 ] [ 1 ] [ 1530 1230 1897 ] [    0    0    0 ] [      0      0      0 ] [ 0 ],drive [ 32 ] [ 0 ] [ 1542 1221 1897 ] [   53   73   24 ] [  13086   7978   8722 ] [ 0 ],1.00,1.00,1.00,1.40,-11.91,42.54,0.00,0.00,0.00,0.00,0.00,0.00,0.00,0.00,0.00,0.00,0.00,0.00,0.00,0.00,0.00,0
1.44607,-11,30,117,0,DRIVE [ 33 ] [ 1 ] [ 1518 1244 1897 ] [    0    0    0 ] [      0      0      0 ] [ 0 ],drive [ 32 ] [ 0 ] [ 1530 1230 1897 ] [   53   73   24 ] [  13086   7978   8722 ] [ 0 ],1.00,1.00,1.00,1.40,-10.86,42.50,0.00,0.00,0.00,0.00,0.00,0.00,0.00,0.00,0.00,0.00,0.00,0.00,0.00,0.00,0.00,0
1.45821,-10,30,117,0,DRIVE [ 33 ] [ 1 ] [ 1507 1261 1897 ] [    0    0    0 ] [      0      0      0 ] [ 0 ],drive [ 33 ] [ 0 ] [ 1518 1244 1897 ] [   53   73   24 ] [  13086   7978   8722 ] [ 0 ],1.00,1.00,1.00,1.40,-9.71,42.29,0.00,0.00,0.00,0.00,0.00,0.00,0.00,0.00,0.00,0.00,0.00,0.00,0.00,0.00,0.00,0
1.47,-9,30,116,0,DRIVE [ 34 ] [ 1 ] [ 1497 1280 1897 ] [    0    0    0 ] [      0      0      0 ] [ 0 ],drive [ 33 ] [ 0 ] [ 1507 1261 1897 ] [   53   73   24 ] [  13097   8454   8549 ] [ 0 ],1.00,1.00,1.00,1.40,-8.52,41.86,0.00,0.00,0.00,0.00,0.00,0.00,0.00,0.00,0.00,0.00,0.00,0.00,0.00,0.00,0.00,0
1.47995,-7,30,115,0,DRIVE [ 34 ] [ 1 ] [ 1488 1299 1897 ] [    0    0    0 ] [      0      0      0 ] [ 0 ],drive [ 34 ] [ 0 ] [ 1497 1280 1897 ] [   57   77    9 ] [  13097   8454   8549 ] [ 0 ],1.00,1.00,1.00,1.40,-7.37,41.34,0.00,0.00,0.00,0.00,0.00,0.00,0.00,0.00,0.00,0.00,0.00,0.00,0.00,0.00,0.00,0
1.49027,-6,29,115,0,DRIVE [ 35 ] [ 1 ] [ 1479 1317 1897 ] [    0    0    0 ] [      0      0      0 ] [ 0 ],drive [ 34 ] [ 0 ] [ 1488 1299 1897 ] [   57   77    9 ] [  13097   8454   8549 ] [ 0 ],1.00,1.00,1.00,1.40,-6.29,40.84,0.00,0.00,0.00,0.00,0.00,0.00,0.00,0.00,0.00,0.00,0.00,0.00,0.00,0.00,0.00,0
1.50202,-5,29,114,0,DRIVE [ 35 ] [ 1 ] [ 1469 1333 1897 ] [    0    0    0 ] [      0      0      0 ] [ 0 ],drive [ 35 ] [ 0 ] [ 1479 1317 1897 ] [   57   77    9 ] [  13097   8454   8549 ] [ 0 ],1.00,1.00,1.00,1.40,-5.25,40.37,0.00,0.00,0.00,0.00,0.00,0.00,0.00,0.00,0.00,0.00,0.00,0.00,0.00,0.00,0.00,0
1.51415,-4,29,113,0,DRIVE [ 36 ] [ 1 ] [ 1459 1348 1897 ] [    0    0    0 ] [      0      0      0 ] [ 0 ],drive [ 35 ] [ 0 ] [ 1469 1333 1897 ] [   57   77    9 ] [  13160   8553   8517 ] [ 0 ],1.00,1.00,1.00,1.40,-4.22,39.95,0.00,0.00,0.00,0.00,0.00,0.00,0.00,0.00,0.00,0.00,0.00,0.00,0.00,0.00,0.00,0
1.52619,-3,28,112,0,DRIVE [ 36 ] [ 1 ] [ 1449 1365 1897 ] [    0    0    0 ] [      0      0      0 ] [ 0 ],drive [ 36 ] [ 0 ] [ 1459 1348 1897 ] [   57   77    9 ] [  13160   8553   8517 ] [ 0 ],1.00,1.00,1.00,1.40,-3.16,39.46,0.00,0.00,0.00,0.00,0.00,0.00,0.00,0.00,0.00,0.00,0.00,0.00,0.00,0.00,0.00,0
1.53808,-2,28,111,0,DRIVE [ 37 ] [ 1 ] [ 1438 1386 1897 ] [    0    0    0 ] [      0      0      0 ] [ 0 ],drive [ 36 ] [ 0 ] [ 1449 1365 1897 ] [   43   66    6 ] [  13160   8553   8517 ] [ 0 ],1.00,1.00,1.00,1.40,-1.97,38.82,0.00,0.00,0.00,0.00,0.00,0.00,0.00,0.00,0.00,0.00,0.00,0.00,0.00,0.00,0.00,0
1.54805,-1,27,110,0,DRIVE [ 37 ] [ 1 ] [ 1427 1409 1897 ] [    0    0    0 ] [      0      0      0 ] [ 0 ],drive [ 37 ] [ 0 ] [ 1438 1386 1897 ] [   43   66    6 ] [  13160   8553   8517 ] [ 0 ],1.00,1.00,1.00,1.40,-0.67,38.02,0.00,0.00,0.00,0.00,0.00,0.00,0.00,0.00,0.00,0.00,0.00,0.00,0.00,0.00,0.00,0
1.55815,1,27,110,0,DRIVE [ 38 ] [ 1 ] [ 1416 1434 1897 ] [    0    0    0 ] [      0      0      0 ] [ 0 ],drive [ 37 ] [ 0 ] [ 1427 1409 1897 ] [   43   66    6 ] [  13160   8553   8517 ] [ 0 ],1.00,1.00,1.00,1.40,0.69,37.20,0.00,0.00,0.00,0.00,0.00,0.00,0.00,0.00,0.00,0.00,0.00,0.00,0.00,0.00,0.00,0
1.56991,2,26,109,0,DRIVE [ 38 ] [ 1 ] [ 1401 1458 1897 ] [    0    0    0 ] [      0      0      0 ] [ 0 ],drive [ 38 ] [ 0 ] [ 1416 1434 1897 ] [   43   66    6 ] [  13195   8632   8406 ] [ 0 ],1.00,1.00,1.00,1.40,2.09,36.48,0.00,0.00,0.00,0.00,0.00,0.00,0.00,0.00,0.00,0.00,0.00,0.00,0.00,0.00,0.00,0
1.58221,4,26,108,0,DRIVE [ 39 ] [ 1 ] [ 1383 1482 1897 ] [    0    0    0 ] [      0      0      0 ] [ 0 ],drive [ 38 ] [ 0 ] [ 1401 1458 1897 ] [   65   51    6 ] [  13195   8632   8406 ] [ 0 ],1.00,1.00,1.00,1.40,3.60,35.83,0.00,0.00,0.00,0.00,0.00,0.00,0.00,0.00,0.00,0.00,0.00,0.00,0.00,0.00,0.00,0
1.59416,5,25,107,0,DRIVE [ 39 ] [ 1 ] [ 1363 1507 1897 ] [    0    0    0 ] [      0      0      0 ] [ 0 ],drive [ 39 ] [ 0 ] [ 1383 1482 1897 ] [   65   51    6 ] [  13195   8632   8406 ] [ 0 ],1.00,1.00,1.00,1.40,5.21,35.11,0.00,0.00,0.00,0.00,0.00,0.00,0.00,0.00,0.00,0.00,0.00,0.00,0.00,0.00,0.00,0
1.60608,7,25,106,0,DRIVE [ 40 ] [ 1 ] [ 1340 1533 1897 ] [    0    0    0 ] [      0      0      0 ] [ 0 ],drive [ 39 ] [ 0 ] [ 1363 1507 1897 ] [   65   51    6 ] [  13195   8632   8406 ] [ 0 ],1.00,1.00,1.00,1.40,6.94,34.45,0.00,0.00,0.00,0.00,0.00,0.00,0.00,0.00,0.00,0.00,0.00,0.00,0.00,0.00,0.00,0
1.6161,9,24,105,0,DRIVE [ 40 ] [ 1 ] [ 1311 1559 1897 ] [    0    0    0 ] [      0      0      0 ] [ 0 ],drive [ 40 ] [ 0 ] [ 1340 1533 1897 ] [   65   51    6 ] [  13308   8632   8332 ] [ 0 ],1.00,1.00,1.00,1.40,8.76,33.84,0.00,0.00,0.00,0.00,0.00,0.00,0.00,0.00,0.00,0.00,0.00,0.00,0.00,0.00,0.00,0
1.62621,11,24,104,0,DRIVE [ 41 ] [ 1 ] [ 1278 1584 1897 ] [    0    0    0 ] [      0      0      0 ] [ 0 ],drive [ 40 ] [ 0 ] [ 1311 1559 1897 ] [   69   40   23 ] [  13308   8632   8332 ] [ 0 ],1.00,1.00,1.00,1.40,10.65,33.27,0.00,0.00,0.00,0.00,0.00,0.00,0.00,0.00,0.00,0.00,0.00,0.00,0.00,0.00,0.00,0
1.6381,13,23,103,0,DRIVE [ 41 ] [ 1 ] [ 1239 1608 1897 ] [    0    0    0 ] [      0      0      0 ] [ 0 ],drive [ 41 ] [ 0 ] [ 1278 1584 1897 ] [   69   40   23 ] [  13308   8632   8332 ] [ 0 ],1.00,1.00,1.00,1.40,12.67,32.86,0.00,0.00,0.00,0.00,0.00,0.00,0.00,0.00,0.00,0.00,0.00,0.00,0.00,0.00,0.00,0
1.65019,15,23,102,0,DRIVE [ 42 ] [ 1 ] [ 1195 1631 1897 ] [    0    0    0 ] [      0      0      0 ] [ 0 ],drive [ 41 ] [ 0 ] [ 1239 1608 1897 ] [   69   40   23 ] [  13308   8632   8332 ] [ 0 ],1.00,1.00,1.00,1.40,14.73,32.48,0.00,0.00,0.00,0.00,0.00,0.00,0.00,0.00,0.00,0.00,0.00,0.00,0.00,0.00,0.00,0
1.66228,17,23,101,0,DRIVE [ 42 ] [ 1 ] [ 1147 1655 1897 ] [    0    0    0 ] [      0      0      0 ] [ 0 ],drive [ 42 ] [ 0 ] [ 1195 1631 1897 ] [   69   40   23 ] [  13440   8622   8314 ] [ 0 ],1.00,1.00,1.00,1.40,16.84,32.08,0.00,0.00,0.00,0.00,0.00,0.00,0.00,0.00,0.00,0.00,0.00,0.00,0.00,0.00,0.00,0
1.67245,19,23,100,0,DRIVE [ 43 ] [ 1 ] [ 1097 1678 1897 ] [    0    0    0 ] [      0      0      0 ] [ 0 ],drive [ 42 ] [ 0 ] [ 1147 1655 1897 ] [   69   40   23 ] [  13440   8622   8314 ] [ 0 ],1.00,1.00,1.00,1.40,18.94,31.68,0.00,0.00,0.00,0.00,0.00,0.00,0.00,0.00,0.00,0.00,0.00,0.00,0.00,0.00,0.00,0
1.68201,21,22,99,0,DRIVE [ 43 ] [ 1 ] [ 1045 1701 1897 ] [    0    0    0 ] [      0      0      0 ] [ 0 ],drive [ 43 ] [ 0 ] [ 1097 1678 1897 ] [   85   31   20 ] [  13440   8622   8314 ] [ 0 ],1.00,1.00,1.00,1.40,20.98,31.21,0.00,0.00,0.00,0.00,0.00,0.00,0.00,0.00,0.00,0.00,0.00,0.00,0.00,0.00,0.00,0
1.69446,23,22,98,0,DRIVE [ 44 ] [ 1 ] [ 1005 1722 1897 ] [    0    0    0 ] [      0      0      0 ] [ 0 ],drive [ 43 ] [ 0 ] [ 1045 1701 1897 ] [   85   31   20 ] [  13440   8622   8314 ] [ 0 ],1.00,1.00,1.00,1.40,22.80,30.71,0.00,0.00,0.00,0.00,0.00,0.00,0.00,0.00,0.00,0.00,0.00,0.00,0.00,0.00,0.00,0
1.70634,24,21,97,0,DRIVE [ 44 ] [ 1 ] [ 1005 1743 1897 ] [    0    0    0 ] [      0      0      0 ] [ 0 ],drive [ 44 ] [ 0 ] [ 1005 1722 1897 ] [   85   31   20 ] [  13440   8622   8314 ] [ 0 ],1.00,1.00,1.00,1.40,24.43,30.08,0.00,0.00,0.00,0.00,0.00,0.00,0.00,0.00,0.00,0.00,0.00,0.00,0.00,0.00,0.00,0
1.71864,26,21,96,0,DRIVE [ 45 ] [ 1 ] [ 1005 1764 1897 ] [    0    0    0 ] [      0      0      0 ] [ 0 ],drive [ 44 ] [ 0 ] [ 1005 1743 1897 ] [   85   31   20 ] [  13987   8444   8255 ] [ 0 ],1.00,1.00,1.00,1.40,25.79,29.30,0.00,0.00,0.00,0.00,0.00,0.00,0.00,0.00,0.00,0.00,0.00,0.00,0.00,0.00,0.00,0
1.73017,27,20,95,0,DRIVE [ 45 ] [ 1 ] [ 1005 1785 1897 ] [    0    0    0 ] [      0      0      0 ] [ 0 ],drive [ 45 ] [ 0 ] [ 1005 1764 1897 ] [   91   18    9 ] [  13987   8444   8255 ] [ 0 ],1.00,1.00,1.00,1.40,26.80,28.31,0.00,0.00,0.00,0.00,0.00,0.00,0.00,0.00,0.00,0.00,0.00,0.00,0.00,0.00,0.00,0
1.73993,27,19,94,0,DRIVE [ 46 ] [ 1 ] [ 1005 1806 1897 ] [    0    0    0 ] [      0      0      0 ] [ 0 ],drive [ 45 ] [ 0 ] [ 1005 1785 1897 ] [   91   18    9 ] [  13987   8444   8255 ] [ 0 ],1.00,1.00,1.00,1.40,27.46,27.05,0.00,0.00,0.00,0.00,0.00,0.00,0.00,0.00,0.00,0.00,0.00,0.00,0.00,0.00,0.00,0
1.75029,28,18,93,0,DRIVE [ 46 ] [ 1 ] [ 1005 1826 1897 ] [    0    0    0 ] [      0      0      0 ] [ 0 ],drive [ 46 ] [ 0 ] [ 1005 1806 1897 ] [   91   18    9 ] [  13987   8444   8255 ] [ 0 ],1.00,1.00,1.00,1.40,27.76,25.58,0.00,0.00,0.00,0.00,0.00,0.00,0.00,0.00,0.00,0.00,0.00,0.00,0.00,0.00,0.00,0
1.76218,28,17,92,0,DRIVE [ 47 ] [ 1 ] [ 1005 1847 1897 ] [    0    0    0 ] [      0      0      0 ] [ 0 ],drive [ 46 ] [ 0 ] [ 1005 1826 1897 ] [   91   18    9 ] [  14836   7922   7885 ] [ 0 ],1.00,1.00,1.00,1.40,27.85,23.96,0.00,0.00,0.00,0.00,0.00,0.00,0.00,0.00,0.00,0.00,0.00,0.00,0.00,0.00,0.00,0
1.77424,28,16,91,0,DRIVE [ 47 ] [ 1 ] [ 1005 1867 1897 ] [    0    0    0 ] [      0      0      0 ] [ 0 ],drive [ 47 ] [ 0 ] [ 1005 1847 1897 ] [   91   18    9 ] [  14836   7922   7885 ] [ 0 ],1.00,1.00,1.00,1.40,27.81,22.36,0.00,0.00,0.00,0.00,0.00,0.00,0.00,0.00,0.00,0.00,0.00,0.00,0.00,0.00,0.00,0
1.78644,28,15,91,0,DRIVE [ 48 ] [ 1 ] [ 1005 1887 1897 ] [    0    0    0 ] [      0      0      0 ] [ 0 ],drive [ 47 ] [ 0 ] [ 1005 1867 1897 ] [  111   31   11 ] [  14836   7922   7885 ] [ 0 ],1.00,1.00,1.00,1.40,27.65,20.77,0.00,0.00,0.00,0.00,0.00,0.00,0.00,0.00,0.00,0.00,0.00,0.00,0.00,0.00,0.00,0
1.79825,27,14,90,0,DRIVE [ 48 ] [ 1 ] [ 1005 1905 1897 ] [    0    0    0 ] [      0      0      0 ] [ 0 ],drive [ 48 ] [ 0 ] [ 1005 1887 1897 ] [  111   31   11 ] [  14836   7922   7885 ] [ 0 ],1.00,1.00,1.00,1.40,27.35,19.17,0.00,0.00,0.00,0.00,0.00,0.00,0.00,0.00,0.00,0.00,0.00,0.00,0.00,0.00,0.00,0
1.80777,27,13,89,0,DRIVE [ 49 ] [ 1 ] [ 1005 1905 1891 ] [    0    0    0 ] [      0      0      0 ] [ 0 ],drive [ 48 ] [ 0 ] [ 1005 1905 1897 ] [  111   31   11 ] [  14836   7922   7885 ] [ 0 ],1.00,1.00,1.00,1.40,26.93,17.65,0.00,0.00,0.00,0.00,0.00,0.00,0.00,0.00,0.00,0.00,0.00,0.00,0.00,0.00,0.00,0
1.81834,26,12,88,0,DRIVE [ 49 ] [ 1 ] [ 1005 1905 1878 ] [    0    0    0 ] [      0      0      0 ] [ 0 ],drive [ 49 ] [ 0 ] [ 1005 1905 1891 ] [  111   31   11 ] [  15359   7428   7734 ] [ 0 ],1.00,1.00,1.00,1.40,26.36,16.15,0.00,0.00,0.00,0.00,0.00,0.00,0.00,0.00,0.00,0.00,0.00,0.00,0.00,0.00,0.00,0
1.83026,26,10,87,0,DRIVE [ 50 ] [ 1 ] [ 1005 1905 1863 ] [    0    0    0 ] [      0      0      0 ] [ 0 ],drive [ 49 ] [ 0 ] [ 1005 1905 1878 ] [  103   19    3 ] [  15359   7428   7734 ] [ 0 ],1.00,1.00,1.00,1.40,25.79,14.61,0.00,0.00,0.00,0.00,0.00,0.00,0.00,0.00,0.00,0.00,0.00,0.00,0.00,0.00,0.00,0
1.84226,25,9,87,0,DRIVE [ 50 ] [ 1 ] [ 1035 1905 1848 ] [    0    0    0 ] [      0      0      0 ] [ 0 ],drive [ 50 ] [ 0 ] [ 1005 1905 1863 ] [  103   19    3 ] [  15359   7428   7734 ] [ 0 ],1.00,1.00,1.00,1.40,25.20,13.03,0.00,0.00,0.00,0.00,0.00,0.00,0.00,0.00,0.00,0.00,0.00,0.00,0.00,0.00,0.00,0
1.85432,25,8,86,0,DRIVE [ 51 ] [ 1 ] [ 1088 1905 1831 ] [    0    0    0 ] [      0      0      0 ] [ 0 ],drive [ 50 ] [ 0 ] [ 1035 1905 1848 ] [  103   19    3 ] [  15359   7428   7734 ] [ 0 ],1.00,1.00,1.00,1.40,24.56,11.23,0.00,0.00,0.00,0.00,0.00,0.00,0.00,0.00,0.00,0.00,0.00,0.00,0.00,0.00,0.00,0
1.86409,24,7,85,0,DRIVE [ 51 ] [ 1 ] [ 1145 1905 1811 ] [    0    0    0 ] [      0      0      0 ] [ 0 ],drive [ 51 ] [ 0 ] [ 1088 1905 1831 ] [  103   19    3 ] [  15854   7147   7616 ] [ 0 ],1.00,1.00,1.00,1.40,23.87,9.29,0.00,0.00,0.00,0.00,0.00,0.00,0.00,0.00,0.00,0.00,0.00,0.00,0.00,0.00,0.00,0
1.87422,23,5,85,0,DRIVE [ 52 ] [ 1 ] [ 1204 1905 1791 ] [    0    0    0 ] [      0      0      0 ] [ 0 ],drive [ 51 ] [ 0 ] [ 1145 1905 1811 ] [  103   19    3 ] [  15854   7147   7616 ] [ 0 ],1.00,1.00,1.00,1.40,23.09,7.27,0.00,0.00,0.00,0.00,0.00,0.00,0.00,0.00,0.00,0.00,0.00,0.00,0.00,0.00,0.00,0
1.88644,22,4,84,0,DRIVE [ 52 ] [ 1 ] [ 1263 1905 1769 ] [    0    0    0 ] [      0      0      0 ] [ 0 ],drive [ 52 ] [ 0 ] [ 1204 1905 1791 ] [   84   11   11 ] [  15854   7147   7616 ] [ 0 ],1.00,1.00,1.00,1.40,22.30,5.18,0.00,0.00,0.00,0.00,0.00,0.00,0.00,0.00,0.00,0.00,0.00,0.00,0.00,0.00,0.00,0
1.89832,21,2,83,0,DRIVE [ 53 ] [ 1 ] [ 1318 1905 1746 ] [    0    0    0 ] [      0      0      0 ] [ 0 ],drive [ 52 ] [ 0 ] [ 1263 1905 1769 ] [   84   11   11 ] [  15854   7147   7616 ] [ 0 ],1.00,1.00,1.00,1.40,21.45,3.17,0.00,0.00,0.00,0.00,0.00,0.00,0.00,0.00,0.00,0.00,0.00,0.00,0.00,0.00,0.00,0
1.91022,21,1,83,0,DRIVE [ 53 ] [ 1 ] [ 1367 1905 1725 ] [    0    0    0 ] [      0      0      0 ] [ 0 ],drive [ 53 ] [ 0 ] [ 1318 1905 1746 ] [   84   11   11 ] [  15854   7147   7616 ] [ 0 ],1.00,1.00,1.00,1.40,20.62,1.34,0.00,0.00,0.00,0.00,0.00,0.00,0.00,0.00,0.00,0.00,0.00,0.00,0.00,0.00,0.00,0
1.92204,20,0,82,0,DRIVE [ 54 ] [ 1 ] [ 1408 1905 1706 ] [    0    0    0 ] [      0      0      0 ] [ 0 ],drive [ 53 ] [ 0 ] [ 1367 1905 1725 ] [   84   11   11 ] [  16032   7089   7565 ] [ 0 ],1.00,1.00,1.00,1.40,19.83,-0.27,0.00,0.00,0.00,0.00,0.00,0.00,0.00,0.00,0.00,0.00,0.00,0.00,0.00,0.00,0.00,0
1.93192,19,-1,81,0,DRIVE [ 54 ] [ 1 ] [ 1438 1905 1692 ] [    0    0    0 ] [      0      0      0 ] [ 0 ],drive [ 54 ] [ 0 ] [ 1408 1905 1706 ] [   53   27   22 ] [  16032   7089   7565 ] [ 0 ],1.00,1.00,1.00,1.40,19.09,-1.40,0.00,0.00,0.00,0.00,0.00,0.00,0.00,0.00,0.00,0.00,0.00,0.00,0.00,0.00,0.00,0
1.94234,18,-2,80,0,DRIVE [ 55 ] [ 1 ] [ 1467 1905 1678 ] [    0    0    0 ] [      0      0      0 ] [ 0 ],drive [ 54 ] [ 0 ] [ 1438 1905 1692 ] [   53   27   22 ] [  16032   7089   7565 ] [ 0 ],1.00,1.00,1.00,1.40,18.37,-2.47,0.00,0.00,0.00,0.00,0.00,0.00,0.00,0.00,0.00,0.00,0.00,0.00,0.00,0.00,0.00,0
1.95434,18,-4,79,0,DRIVE [ 55 ] [ 1 ] [ 1494 1905 1664 ] [    0    0    0 ] [      0      0      0 ] [ 0 ],drive [ 55 ] [ 0 ] [ 1467 1905 1678 ] [   53   27   22 ] [  16032   7089   7565 ] [ 0 ],1.00,1.00,1.00,1.40,17.65,-3.51,0.00,0.00,0.00,0.00,0.00,0.00,0.00,0.00,0.00,0.00,0.00,0.00,0.00,0.00,0.00,0
1.96651,17,-5,79,0,DRIVE [ 56 ] [ 1 ] [ 1521 1905 1649 ] [    0    0    0 ] [      0      0      0 ] [ 0 ],drive [ 55 ] [ 0 ] [ 1494 1905 1664 ] [   53   27   22 ] [  16002   7013   7593 ] [ 0 ],1.00,1.00,1.00,1.40,16.88,-4.51,0.00,0.00,0.00,0.00,0.00,0.00,0.00,0.00,0.00,0.00,0.00,0.00,0.00,0.00,0.00,0
1.97837,16,-6,78,0,DRIVE [ 56 ] [ 1 ] [ 1547 1905 1633 ] [    0    0    0 ] [      0      0      0 ] [ 0 ],drive [ 56 ] [ 0 ] [ 1521 1905 1649 ] [   47   13   21 ] [  16002   7013   7593 ] [ 0 ],1.00,1.00,1.00,1.40,16.09,-5.51,0.00,0.00,0.00,0.00,0.00,0.00,0.00,0.00,0.00,0.00,0.00,0.00,0.00,0.00,0.00,0
1.98989,15,-6,77,0,DRIVE [ 57 ] [ 1 ] [ 1573 1905 1617 ] [    0    0    0 ] [      0      0      0 ] [ 0 ],drive [ 56 ] [ 0 ] [ 1547 1905 1633 ] [   47   13   21 ] [  16002   7013   7593 ] [ 0 ],1.00,1.00,1.00,1.40,15.23,-6.47,0.00,0.00,0.00,0.00,0.00,0.00,0.00,0.00,0.00,0.00,0.00,0.00,0.00,0.00,0.00,0
2.00011,14,-7,76,0,DRIVE [ 57 ] [ 1 ] [ 1599 1905 1602 ] [    0    0    0 ] [      0      0      0 ] [ 0 ],drive [ 57 ] [ 0 ] [ 1573 1905 1617 ] [   47   13   21 ] [  16002   7013   7593 ] [ 0 ],1.00,1.00,1.00,1.40,14.30,-7.37,0.00,0.00,0.00,0.00,0.00,0.00,0.00,0.00,0.00,0.00,0.00,0.00,0.00,0.00,0.00,0
2.01021,13,-8,75,0,DRIVE [ 58 ] [ 1 ] [ 1625 1905 1588 ] [    0    0    0 ] [      0      0      0 ] [ 0 ],drive [ 57 ] [ 0 ] [ 1599 1905 1602 ] [   47   13   21 ] [  15944   6811   7637 ] [ 0 ],1.00,1.00,1.00,1.40,13.29,-8.12,0.00,0.00,0.00,0.00,0.00,0.00,0.00,0.00,0.00,0.00,0.00,0.00,0.00,0.00,0.00,0
2.02192,12,-9,74,0,DRIVE [ 58 ] [ 1 ] [ 1650 1905 1576 ] [    0    0    0 ] [      0      0      0 ] [ 0 ],drive [ 58 ] [ 0 ] [ 1625 1905 1588 ] [   47   13   21 ] [  15944   6811   7637 ] [ 0 ],1.00,1.00,1.00,1.40,12.24,-8.71,0.00,0.00,0.00,0.00,0.00,0.00,0.00,0.00,0.00,0.00,0.00,0.00,0.00,0.00,0.00,0
2.03423,11,-9,73,0,DRIVE [ 59 ] [ 1 ] [ 1674 1905 1570 ] [    0    0    0 ] [      0      0      0 ] [ 0 ],drive [ 58 ] [ 0 ] [ 1650 1905 1576 ] [   51   24   51 ] [  15944   6811   7637 ] [ 0 ],1.00,1.00,1.00,1.40,11.16,-9.03,0.00,0.00,0.00,0.00,0.00,0.00,0.00,0.00,0.00,0.00,0.00,0.00,0.00,0.00,0.00,0
2.04606,10,-9,72,0,DRIVE [ 59 ] [ 1 ] [ 1697 1905 1572 ] [    0    0    0 ] [      0      0      0 ] [ 0 ],drive [ 59 ] [ 0 ] [ 1674 1905 1570 ] [   51   24   51 ] [  15944   6811   7637 ] [ 0 ],1.00,1.00,1.00,1.40,10.05,-9.04,0.00,0.00,0.00,0.00,0.00,0.00,0.00,0.00,0.00,0.00,0.00,0.00,0.00,0.00,0.00,0
2.05597,9,-9,71,0,DRIVE [ 60 ] [ 1 ] [ 1721 1905 1581 ] [    0    0    0 ] [      0      0      0 ] [ 0 ],drive [ 59 ] [ 0 ] [ 1697 1905 1572 ] [   51   24   51 ] [  15944   6811   7637 ] [ 0 ],1.00,1.00,1.00,1.40,8.88,-8.80,0.00,0.00,0.00,0.00,0.00,0.00,0.00,0.00,0.00,0.00,0.00,0.00,0.00,0.00,0.00,0
2.06573,8,-8,70,0,DRIVE [ 60 ] [ 1 ] [ 1745 1905 1595 ] [    0    0    0 ] [      0      0      0 ] [ 0 ],drive [ 60 ] [ 0 ] [ 1721 1905 1581 ] [   51   24   51 ] [  15443   6544   8126 ] [ 0 ],1.00,1.00,1.00,1.40,7.70,-8.37,0.00,0.00,0.00,0.00,0.00,0.00,0.00,0.00,0.00,0.00,0.00,0.00,0.00,0.00,0.00,0
2.07812,7,-8,69,0,DRIVE [ 61 ] [ 1 ] [ 1767 1905 1610 ] [    0    0    0 ] [      0      0      0 ] [ 0 ],drive [ 60 ] [ 0 ] [ 1745 1905 1595 ] [   23   18   47 ] [  15443   6544   8126 ] [ 0 ],1.00,1.00,1.00,1.40,6.61,-7.91,0.00,0.00,0.00,0.00,0.00,0.00,0.00,0.00,0.00,0.00,0.00,0.00,0.00,0.00,0.00,0
2.08996,6,-8,68,0,DRIVE [ 61 ] [ 1 ] [ 1787 1905 1619 ] [    0    0    0 ] [      0      0      0 ] [ 0 ],drive [ 61 ] [ 0 ] [ 1767 1905 1610 ] [   23   18   47 ] [  15443   6544   8126 ] [ 0 ],1.00,1.00,1.00,1.40,5.63,-7.57,0.00,0.00,0.00,0.00,0.00,0.00,0.00,0.00,0.00,0.00,0.00,0.00,0.00,0.00,0.00,0
2.10235,5,-7,67,0,DRIVE [ 62 ] [ 1 ] [ 1804 1905 1623 ] [    0    0    0 ] [      0      0      0 ] [ 0 ],drive [ 61 ] [ 0 ] [ 1787 1905 1619 ] [   23   18   47 ] [  15443   6544   8126 ] [ 0 ],1.00,1.00,1.00,1.40,4.80,-7.37,0.00,0.00,0.00,0.00,0.00,0.00,0.00,0.00,0.00,0.00,0.00,0.00,0.00,0.00,0.00,0
2.11438,4,-7,66,0,DRIVE [ 62 ] [ 1 ] [ 1819 1905 1622 ] [    0    0    0 ] [      0      0      0 ] [ 0 ],drive [ 62 ] [ 0 ] [ 1804 1905 1623 ] [   23   18   47 ] [  14935   6525   8273 ] [ 0 ],1.00,1.00,1.00,1.40,4.05,-7.28,0.00,0.00,0.00,0.00,0.00,0.00,0.00,0.00,0.00,0.00,0.00,0.00,0.00,0.00,0.00,0
2.12431,3,-7,65,0,DRIVE [ 63 ] [ 1 ] [ 1834 1905 1617 ] [    0    0    0 ] [      0      0      0 ] [ 0 ],drive [ 62 ] [ 0 ] [ 1819 1905 1622 ] [   27   17   30 ] [  14935   6525   8273 ] [ 0 ],1.00,1.00,1.00,1.40,3.35,-7.26,0.00,0.00,0.00,0.00,0.00,0.00,0.00,0.00,0.00,0.00,0.00,0.00,0.00,0.00,0.00,0
2.13393,3,-7,64,0,DRIVE [ 63 ] [ 1 ] [ 1848 1905 1608 ] [    0    0    0 ] [      0      0      0 ] [ 0 ],drive [ 63 ] [ 0 ] [ 1834 1905 1617 ] [   27   17   30 ] [  14935   6525   8273 ] [ 0 ],1.00,1.00,1.00,1.40,2.66,-7.30,0.00,0.00,0.00,0.00,0.00,0.00,0.00,0.00,0.00,0.00,0.00,0.00,0.00,0.00,0.00,0
2.14616,2,-7,63,0,DRIVE [ 64 ] [ 1 ] [ 1862 1905 1597 ] [    0    0    0 ] [      0      0      0 ] [ 0 ],drive [ 63 ] [ 0 ] [ 1848 1905 1608 ] [   27   17   30 ] [  14935   6525   8273 ] [ 0 ],1.00,1.00,1.00,1.40,1.99,-7.31,0.00,0.00,0.00,0.00,0.00,0.00,0.00,0.00,0.00,0.00,0.00,0.00,0.00,0.00,0.00,0
2.15824,1,-7,62,0,DRIVE [ 64 ] [ 1 ] [ 1876 1905 1585 ] [    0    0    0 ] [      0      0      0 ] [ 0 ],drive [ 64 ] [ 0 ] [ 1862 1905 1597 ] [   27   17   30 ] [  14935   6525   8273 ] [ 0 ],1.00,1.00,1.00,1.40,1.34,-7.31,0.00,0.00,0.00,0.00,0.00,0.00,0.00,0.00,0.00,0.00,0.00,0.00,0.00,0.00,0.00,0
2.1703,1,-7,61,0,DRIVE [ 65 ] [ 1 ] [ 1889 1905 1576 ] [    0    0    0 ] [      0      0      0 ] [ 0 ],drive [ 64 ] [ 0 ] [ 1876 1905 1585 ] [   27   17   30 ] [  14569   6527   8289 ] [ 0 ],1.00,1.00,1.00,1.40,0.76,-7.21,0.00,0.00,0.00,0.00,0.00,0.00,0.00,0.00,0.00,0.00,0.00,0.00,0.00,0.00,0.00,0
2.18017,0,-7,60,0,DRIVE [ 65 ] [ 1 ] [ 1899 1905 1575 ] [    0    0    0 ] [      0      0      0 ] [ 0 ],drive [ 65 ] [ 0 ] [ 1889 1905 1576 ] [    4   17   37 ] [  14569   6527   8289 ] [ 0 ],1.00,1.00,1.00,1.40,0.26,-6.93,0.00,0.00,0.00,0.00,0.00,0.00,0.00,0.00,0.00,0.00,0.00,0.00,0.00,0.00,0.00,0
2.19004,0,-6,59,0,DRIVE [ 66 ] [ 1 ] [ 1899 1902 1592 ] [    0    0    0 ] [      0      0      0 ] [ 0 ],drive [ 65 ] [ 0 ] [ 1899 1905 1575 ] [    4   17   37 ] [  14569   6527   8289 ] [ 0 ],1.00,1.00,1.00,1.40,-0.15,-6.42,0.00,0.00,0.00,0.00,0.00,0.00,0.00,0.00,0.00,0.00,0.00,0.00,0.00,0.00,0.00,0
2.20192,-1,-6,58,0,DRIVE [ 66 ] [ 1 ] [ 1899 1893 1629 ] [    0    0    0 ] [      0      0      0 ] [ 0 ],drive [ 66 ] [ 0 ] [ 1899 1902 1592 ] [    4   17   37 ] [  14569   6527   8289 ] [ 0 ],1.00,1.00,1.00,1.40,-0.51,-5.72,0.00,0.00,0.00,0.00,0.00,0.00,0.00,0.00,0.00,0.00,0.00,0.00,0.00,0.00,0.00,0
2.21418,-1,-5,57,0,DRIVE [ 67 ] [ 1 ] [ 1899 1886 1666 ] [    0    0    0 ] [      0      0      0 ] [ 0 ],drive [ 66 ] [ 0 ] [ 1899 1893 1629 ] [    4   17   37 ] [  14079   6519   8653 ] [ 0 ],1.00,1.00,1.00,1.40,-0.81,-5.00,0.00,0.00,0.00,0.00,0.00,0.00,0.00,0.00,0.00,0.00,0.00,0.00,0.00,0.00,0.00,0
2.22584,-1,-4,56,0,DRIVE [ 67 ] [ 1 ] [ 1899 1881 1698 ] [    0    0    0 ] [      0      0      0 ] [ 0 ],drive [ 67 ] [ 0 ] [ 1899 1886 1666 ] [    4   17   37 ] [  14079   6519   8653 ] [ 0 ],1.00,1.00,1.00,1.40,-1.01,-4.33,0.00,0.00,0.00,0.00,0.00,0.00,0.00,0.00,0.00,0.00,0.00,0.00,0.00,0.00,0.00,0
2.23794,-1,-4,55,0,DRIVE [ 68 ] [ 1 ] [ 1899 1878 1725 ] [    0    0    0 ] [      0      0      0 ] [ 0 ],drive [ 67 ] [ 0 ] [ 1899 1881 1698 ] [   25   21   51 ] [  14079   6519   8653 ] [ 0 ],1.00,1.00,1.00,1.40,-1.09,-3.76,0.00,0.00,0.00,0.00,0.00,0.00,0.00,0.00,0.00,0.00,0.00,0.00,0.00,0.00,0.00,0
2.24808,-1,-3,54,0,DRIVE [ 68 ] [ 1 ] [ 1899 1879 1748 ] [    0    0    0 ] [      0      0      0 ] [ 0 ],drive [ 68 ] [ 0 ] [ 1899 1878 1725 ] [   25   21   51 ] [  14079   6519   8653 ] [ 0 ],1.00,1.00,1.00,1.40,-1.03,-3.25,0.00,0.00,0.00,0.00,0.00,0.00,0.00,0.00,0.00,0.00,0.00,0.00,0.00,0.00,0.00,0
2.25822,-1,-3,54,0,DRIVE [ 69 ] [ 1 ] [ 1899 1882 1769 ] [    0    0    0 ] [      0      0      0 ] [ 0 ],drive [ 68 ] [ 0 ] [ 1899 1879 1748 ] [   25   21   51 ] [  14079   6519   8653 ] [ 0 ],1.00,1.00,1.00,1.40,-0.91,-2.77,0.00,0.00,0.00,0.00,0.00,0.00,0.00,0.00,0.00,0.00,0.00,0.00,0.00,0.00,0.00,0
2.27005,-1,-2,53,0,DRIVE [ 69 ] [ 1 ] [ 1899 1886 1785 ] [    0    0    0 ] [      0      0      0 ] [ 0 ],drive [ 69 ] [ 0 ] [ 1899 1882 1769 ] [   25   21   51 ] [  13737   6523   8659 ] [ 0 ],1.00,1.00,1.00,1.40,-0.76,-2.39,0.00,0.00,0.00,0.00,0.00,0.00,0.00,0.00,0.00,0.00,0.00,0.00,0.00,0.00,0.00,0
2.28232,-1,-2,52,0,DRIVE [ 70 ] [ 1 ] [ 1899 1889 1798 ] [    0    0    0 ] [      0      0      0 ] [ 0 ],drive [ 69 ] [ 0 ] [ 1899 1886 1785 ] [    2   21   26 ] [  13737   6523   8659 ] [ 0 ],1.00,1.00,1.00,1.40,-0.63,-2.10,0.00,0.00,0.00,0.00,0.00,0.00,0.00,0.00,0.00,0.00,0.00,0.00,0.00,0.00,0.00,0
2.29411,-1,-2,51,0,DRIVE [ 70 ] [ 1 ] [ 1899 1892 1809 ] [    0    0    0 ] [      0      0      0 ] [ 0 ],drive [ 70 ] [ 0 ] [ 1899 1889 1798 ] [    2   21   26 ] [  13737   6523   8659 ] [ 0 ],1.00,1.00,1.00,1.40,-0.51,-1.85,0.00,0.00,0.00,0.00,0.00,0.00,0.00,0.00,0.00,0.00,0.00,0.00,0.00,0.00,0.00,0
2.30588,0,-2,50,0,DRIVE [ 71 ] [ 1 ] [ 1899 1895 1818 ] [    0    0    0 ] [      0      0      0 ] [ 0 ],drive [ 70 ] [ 0 ] [ 1899 1892 1809 ] [    2   21   26 ] [  13737   6523   8659 ] [ 0 ],1.00,1.00,1.00,1.40,-0.38,-1.63,0.00,0.00,0.00,0.00,0.00,0.00,0.00,0.00,0.00,0.00,0.00,0.00,0.00,0.00,0.00,0
2.31589,0,-1,50,0,DRIVE [ 71 ] [ 1 ] [ 1899 1900 1827 ] [    0    0    0 ] [      0      0      0 ] [ 0 ],drive [ 71 ] [ 0 ] [ 1899 1895 1818 ] [    2   21   26 ] [  13703   6522   8589 ] [ 0 ],1.00,1.00,1.00,1.40,-0.21,-1.41,0.00,0.00,0.00,0.00,0.00,0.00,0.00,0.00,0.00,0.00,0.00,0.00,0.00,0.00,0.00,0
2.32602,0,-1,49,0,DRIVE [ 72 ] [ 1 ] [ 1904 1900 1835 ] [    0    0    0 ] [      0      0      0 ] [ 0 ],drive [ 71 ] [ 0 ] [ 1899 1900 1827 ] [   21   20   29 ] [  13703   6522   8589 ] [ 0 ],1.00,1.00,1.00,1.40,0.05,-1.20,0.00,0.00,0.00,0.00,0.00,0.00,0.00,0.00,0.00,0.00,0.00,0.00,-0.00,0.00,0.00,0
2.33796,0,-1,48,1,DRIVE [ 72 ] [ 1 ] [ 1896 1900 1851 ] [    0    0    0 ] [      0      0      0 ] [ 0 ],drive [ 72 ] [ 0 ] [ 1904 1900 1835 ] [   21   20   29 ] [  13703   6522   8589 ] [ 0 ],1.00,1.00,1.00,1.40,0.31,-0.99,0.00,0.00,0.00,0.00,0.00,0.00,0.00,0.00,0.00,0.00,0.00,0.00,-0.00,0.00,0.00,0
