timestamp,Xmm,Ymm,Zmm,TouchDetected,OutgoingPacket,IncomingPacket,GainPropAb, GainPropAd, GainPropFl, GainPropEx,PropA, PropB, PropC,GainIntegAb, GainIntegAd, GainIntegFl, GainIntegEx,IntegA, IntegB, IntegC,GainDerivAb, GainDerivAd, GainDerivFl, GainDerivEx,DerivA, DerivB, DerivC,Heading5
0.111233,56,64,461,0,DRIVE [ 51 ] [ 1 ] [ 1897 1884 1905 ] [    0    0    0 ] [      0      0      0 ] [ 0 ],drive [ 50 ] [ 0 ] [ 1905 1885 1905 ] [    7   22    6 ] [  13034   5294   8149 ] [ 0 ],1.10,1.30,1.30,1.10,72.94,70.42,0.00,0.00,0.00,0.00,0.00,0.00,0.00,0.00,0.00,0.00,0.00,0.00,0.00,0.00,0.00,0
0.12438,56,64,459,0,DRIVE [ 51 ] [ 1 ] [ 1890 1883 1905 ] [    0    0    0 ] [      0      0      0 ] [ 0 ],drive [ 51 ] [ 0 ] [ 1897 1884 1905 ] [    7   22    6 ] [  13034   5266   8158 ] [ 0 ],1.10,1.30,1.30,1.10,73.11,69.99,0.00,0.00,0.00,0.00,0.00,0.00,0.00,0.00,0.00,0.00,0.00,0.00,-0.00,-0.00,0.00,0
0.137463,56,63,457,0,DRIVE [ 52 ] [ 1 ] [ 1882 1883 1905 ] [    0    0    0 ] [      0      0      0 ] [ 0 ],drive [ 51 ] [ 0 ] [ 1890 1883 1905 ] [    7   22    6 ] [  13034   5266   8158 ] [ 0 ],1.10,1.30,1.30,1.10,72.90,69.43,0.00,0.00,0.00,0.00,0.00,0.00,0.00,0.00,0.00,0.00,0.00,0.00,-0.00,-0.00,0.00,0
0.150614,56,62,451,0,DRIVE [ 52 ] [ 1 ] [ 1874 1882 1905 ] [    0    0    0 ] [      0      0      0 ] [ 0 ],drive [ 52 ] [ 0 ] [ 1882 1883 1905 ] [    7   23    2 ] [  13034   5266   8158 ] [ 0 ],1.10,1.30,1.30,1.10,72.43,68.44,0.00,0.00,0.00,0.00,0.00,0.00,0.00,0.00,0.00,0.00,0.00,0.00,-0.00,-0.00,0.00,0
0.163189,56,62,451,0,DRIVE [ 53 ] [ 1 ] [ 1866 1882 1905 ] [    0    0    0 ] [      0      0      0 ] [ 0 ],drive [ 52 ] [ 0 ] [ 1874 1882 1905 ] [    7   23    2 ] [  13034   5266   8158 ] [ 0 ],1.10,1.30,1.30,1.10,73.34,68.48,0.00,0.00,0.00,0.00,0.00,0.00,0.00,0.00,0.00,0.00,0.00,0.00,-0.00,-0.00,0.00,0
0.176092,57,62,450,0,DRIVE [ 53 ] [ 1 ] [ 1858 1881 1905 ] [    0    0    0 ] [      0      0      0 ] [ 0 ],drive [ 53 ] [ 0 ] [ 1866 1882 1905 ] [    7   23    2 ] [  13037   5266   8158 ] [ 0 ],1.10,1.30,1.30,1.10,73.93,68.13,0.00,0.00,0.00,0.00,0.00,0.00,0.00,0.00,0.00,0.00,0.00,0.00,0.00,0.00,0.00,0
0.18886,57,61,448,0,DRIVE [ 54 ] [ 1 ] [ 1849 1881 1905 ] [    0    0    0 ] [      0      0      0 ] [ 0 ],drive [ 53 ] [ 0 ] [ 1858 1881 1905 ] [    8   24    1 ] [  13037   5266   8158 ] [ 0 ],1.10,1.30,1.30,1.10,74.54,67.64,0.00,0.00,0.00,0.00,0.00,0.00,0.00,0.00,0.00,0.00,0.00,0.00,0.00,0.00,0.00,0
0.201632,58,61,448,0,DRIVE [ 54 ] [ 1 ] [ 1841 1880 1905 ] [    0    0    0 ] [      0      0      0 ] [ 0 ],drive [ 54 ] [ 0 ] [ 1849 1881 1905 ] [    8   24    1 ] [  13037   5266   8158 ] [ 0 ],1.10,1.30,1.30,1.10,75.52,67.51,0.00,0.00,0.00,0.00,0.00,0.00,0.00,0.00,0.00,0.00,0.00,0.00,0.00,0.00,0.00,0
0.214481,59,61,446,0,DRIVE [ 55 ] [ 1 ] [ 1832 1880 1905 ] [    0    0    0 ] [      0      0      0 ] [ 0 ],drive [ 54 ] [ 0 ] [ 1841 1880 1905 ] [    8   24    1 ] [  13037   5266   8158 ] [ 0 ],1.10,1.30,1.30,1.10,76.29,67.35,0.00,0.00,0.00,0.00,0.00,0.00,0.00,0.00,0.00,0.00,0.00,0.00,0.00,0.00,0.00,0
0.227044,59,61,445,0,DRIVE [ 55 ] [ 1 ] [ 1823 1880 1905 ] [    0    0    0 ] [      0      0      0 ] [ 0 ],drive [ 55 ] [ 0 ] [ 1832 1880 1905 ] [    8   24    1 ] [  13041   5266   8158 ] [ 0 ],1.10,1.30,1.30,1.10,77.34,67.23,0.00,0.00,0.00,0.00,0.00,0.00,0.00,0.00,0.00,0.00,0.00,0.00,0.00,0.00,0.00,0
0.240018,60,61,442,0,DRIVE [ 56 ] [ 1 ] [ 1814 1880 1905 ] [    0    0    0 ] [      0      0      0 ] [ 0 ],drive [ 55 ] [ 0 ] [ 1823 1880 1905 ] [    7   24    3 ] [  13041   5266   8158 ] [ 0 ],1.10,1.30,1.30,1.10,78.00,67.00,0.00,0.00,0.00,0.00,0.00,0.00,0.00,0.00,0.00,0.00,0.00,0.00,0.00,0.00,0.00,0
0.253006,61,61,440,0,DRIVE [ 56 ] [ 1 ] [ 1804 1880 1905 ] [    0    0    0 ] [      0      0      0 ] [ 0 ],drive [ 56 ] [ 0 ] [ 1814 1880 1905 ] [    7   24    3 ] [  13041   5266   8158 ] [ 0 ],1.10,1.30,1.30,1.10,78.81,66.78,0.00,0.00,0.00,0.00,0.00,0.00,0.00,0.00,0.00,0.00,0.00,0.00,0.00,0.00,0.00,0
0.265823,61,61,438,0,DRIVE [ 57 ] [ 1 ] [ 1794 1880 1905 ] [    0    0    0 ] [      0      0      0 ] [ 0 ],drive [ 56 ] [ 0 ] [ 1804 1880 1905 ] [    7   24    3 ] [  13041   5266   8158 ] [ 0 ],1.10,1.30,1.30,1.10,79.84,66.75,0.00,0.00,0.00,0.00,0.00,0.00,0.00,0.00,0.00,0.00,0.00,0.00,0.00,0.00,0.00,0
0.279061,63,61,439,0,DRIVE [ 57 ] [ 1 ] [ 1783 1879 1905 ] [    0    0    0 ] [      0      0      0 ] [ 0 ],drive [ 57 ] [ 0 ] [ 1794 1880 1905 ] [    7   24    3 ] [  13056   5266   8157 ] [ 0 ],1.10,1.30,1.30,1.10,81.29,67.28,0.00,0.00,0.00,0.00,0.00,0.00,0.00,0.00,0.00,0.00,0.00,0.00,0.00,0.00,0.00,0
0.291405,63,61,435,0,DRIVE [ 58 ] [ 1 ] [ 1772 1879 1905 ] [    0    0    0 ] [      0      0      0 ] [ 0 ],drive [ 57 ] [ 0 ] [ 1783 1879 1905 ] [    9   25    2 ] [  13056   5266   8157 ] [ 0 ],1.10,1.30,1.30,1.10,81.91,67.08,0.00,0.00,0.00,0.00,0.00,0.00,0.00,0.00,0.00,0.00,0.00,0.00,0.00,0.00,0.00,0
0.304517,64,61,433,0,DRIVE [ 58 ] [ 1 ] [ 1761 1879 1905 ] [    0    0    0 ] [      0      0      0 ] [ 0 ],drive [ 58 ] [ 0 ] [ 1772 1879 1905 ] [    9   25    2 ] [  13056   5266   8157 ] [ 0 ],1.10,1.30,1.30,1.10,83.45,67.58,0.00,0.00,0.00,0.00,0.00,0.00,0.00,0.00,0.00,0.00,0.00,0.00,0.00,0.00,0.00,0
0.317465,66,62,432,0,DRIVE [ 59 ] [ 1 ] [ 1748 1879 1905 ] [    0    0    0 ] [      0      0      0 ] [ 0 ],drive [ 58 ] [ 0 ] [ 1761 1879 1905 ] [    9   25    2 ] [  13056   5266   8157 ] [ 0 ],1.10,1.30,1.30,1.10,85.27,68.24,0.00,0.00,0.00,0.00,0.00,0.00,0.00,0.00,0.00,0.00,0.00,0.00,0.00,0.00,0.00,0
0.330451,67,63,431,0,DRIVE [ 59 ] [ 1 ] [ 1735 1879 1905 ] [    0    0    0 ] [      0      0      0 ] [ 0 ],drive [ 59 ] [ 0 ] [ 1748 1879 1905 ] [    9   25    2 ] [  13069   5252   8157 ] [ 0 ],1.10,1.30,1.30,1.10,86.92,69.13,0.00,0.00,0.00,0.00,0.00,0.00,0.00,0.00,0.00,0.00,0.00,0.00,0.00,0.00,0.00,0
0.342785,68,63,427,0,DRIVE [ 60 ] [ 1 ] [ 1723 1879 1905 ] [    0    0    0 ] [      0      0      0 ] [ 0 ],drive [ 59 ] [ 0 ] [ 1735 1879 1905 ] [   28   29    2 ] [  13069   5252   8157 ] [ 0 ],1.10,1.30,1.30,1.10,87.93,69.57,0.00,0.00,0.00,0.00,0.00,0.00,0.00,0.00,0.00,0.00,0.00,0.00,0.00,0.00,0.00,0
0.355607,69,64,425,0,DRIVE [ 60 ] [ 1 ] [ 1710 1879 1905 ] [    0    0    0 ] [      0      0      0 ] [ 0 ],drive [ 60 ] [ 0 ] [ 1723 1879 1905 ] [   28   29    2 ] [  13069   5252   8157 ] [ 0 ],1.10,1.30,1.30,1.10,89.09,70.04,0.00,0.00,0.00,0.00,0.00,0.00,0.00,0.00,0.00,0.00,0.00,0.00,0.00,0.00,0.00,0
0.368352,70,64,421,0,DRIVE [ 61 ] [ 1 ] [ 1696 1879 1905 ] [    0    0    0 ] [      0      0      0 ] [ 0 ],drive [ 60 ] [ 0 ] [ 1710 1879 1905 ] [   28   29    2 ] [  13069   5252   8157 ] [ 0 ],1.10,1.30,1.30,1.10,90.39,70.43,0.00,0.00,0.00,0.00,0.00,0.00,0.00,0.00,0.00,0.00,0.00,0.00,0.00,0.00,0.00,0
0.380752,71,64,418,0,DRIVE [ 61 ] [ 1 ] [ 1680 1879 1905 ] [    0    0    0 ] [      0      0      0 ] [ 0 ],drive [ 61 ] [ 0 ] [ 1696 1879 1905 ] [   28   29    2 ] [  13149   5252   8157 ] [ 0 ],1.10,1.30,1.30,1.10,92.10,70.75,0.00,0.00,0.00,0.00,0.00,0.00,0.00,0.00,0.00,0.00,0.00,0.00,0.00,0.00,0.00,0
0.393571,72,65,414,0,DRIVE [ 62 ] [ 1 ] [ 1664 1880 1905 ] [    0    0    0 ] [      0      0      0 ] [ 0 ],drive [ 61 ] [ 0 ] [ 1680 1879 1905 ] [   24   28    4 ] [  13149   5252   8157 ] [ 0 ],1.10,1.30,1.30,1.10,93.68,71.07,0.00,0.00,0.00,0.00,0.00,0.00,0.00,0.00,0.00,0.00,0.00,0.00,0.00,0.00,0.00,0
0.406627,73,65,411,0,DRIVE [ 62 ] [ 1 ] [ 1649 1880 1905 ] [    0    0    0 ] [      0      0      0 ] [ 0 ],drive [ 62 ] [ 0 ] [ 1664 1880 1905 ] [   24   28    4 ] [  13149   5252   8157 ] [ 0 ],1.10,1.30,1.30,1.10,95.13,71.43,0.00,0.00,0.00,0.00,0.00,0.00,0.00,0.00,0.00,0.00,0.00,0.00,0.00,0.00,0.00,0
0.419743,74,65,408,0,DRIVE [ 63 ] [ 1 ] [ 1633 1881 1905 ] [    0    0    0 ] [      0      0      0 ] [ 0 ],drive [ 62 ] [ 0 ] [ 1649 1880 1905 ] [   24   28    4 ] [  13149   5252   8157 ] [ 0 ],1.10,1.30,1.30,1.10,96.39,71.56,0.00,0.00,0.00,0.00,0.00,0.00,0.00,0.00,0.00,0.00,0.00,0.00,0.00,0.00,0.00,0
0.432479,76,65,408,0,DRIVE [ 63 ] [ 1 ] [ 1616 1881 1905 ] [    0    0    0 ] [      0      0      0 ] [ 0 ],drive [ 63 ] [ 0 ] [ 1633 1881 1905 ] [   24   28    4 ] [  13201   5252   8155 ] [ 0 ],1.10,1.30,1.30,1.10,98.30,72.01,0.00,0.00,0.00,0.00,0.00,0.00,0.00,0.00,0.00,0.00,0.00,0.00,0.00,0.00,0.00,0
0.444855,76,65,403,0,DRIVE [ 64 ] [ 1 ] [ 1599 1882 1905 ] [    0    0    0 ] [      0      0      0 ] [ 0 ],drive [ 63 ] [ 0 ] [ 1616 1881 1905 ] [   36   29    3 ] [  13201   5252   8155 ] [ 0 ],1.10,1.30,1.30,1.10,99.16,71.83,0.00,0.00,0.00,0.00,0.00,0.00,0.00,0.00,0.00,0.00,0.00,0.00,0.00,0.00,0.00,0
0.457863,77,65,399,0,DRIVE [ 64 ] [ 1 ] [ 1583 1883 1905 ] [    0    0    0 ] [      0      0      0 ] [ 0 ],drive [ 64 ] [ 0 ] [ 1599 1882 1905 ] [   36   29    3 ] [  13201   5252   8155 ] [ 0 ],1.10,1.30,1.30,1.10,100.02,71.48,0.00,0.00,0.00,0.00,0.00,0.00,0.00,0.00,0.00,0.00,0.00,0.00,0.00,0.00,0.00,0
0.470614,78,65,396,0,DRIVE [ 65 ] [ 1 ] [ 1565 1884 1905 ] [    0    0    0 ] [      0      0      0 ] [ 0 ],drive [ 64 ] [ 0 ] [ 1583 1883 1905 ] [   36   29    3 ] [  13201   5252   8155 ] [ 0 ],1.10,1.30,1.30,1.10,101.23,71.54,0.00,0.00,0.00,0.00,0.00,0.00,0.00,0.00,0.00,0.00,0.00,0.00,0.00,0.00,0.00,0
0.483253,79,65,393,0,DRIVE [ 65 ] [ 1 ] [ 1548 1885 1905 ] [    0    0    0 ] [      0      0      0 ] [ 0 ],drive [ 65 ] [ 0 ] [ 1565 1884 1905 ] [   36   29    3 ] [  13292   5252   8152 ] [ 0 ],1.10,1.30,1.30,1.10,102.46,71.79,0.00,0.00,0.00,0.00,0.00,0.00,0.00,0.00,0.00,0.00,0.00,0.00,0.00,0.00,0.00,0
0.495706,80,66,391,0,DRIVE [ 66 ] [ 1 ] [ 1530 1885 1905 ] [    0    0    0 ] [      0      0      0 ] [ 0 ],drive [ 65 ] [ 0 ] [ 1548 1885 1905 ] [   32   29    5 ] [  13292   5252   8152 ] [ 0 ],1.10,1.30,1.30,1.10,104.12,72.31,0.00,0.00,0.00,0.00,0.00,0.00,0.00,0.00,0.00,0.00,0.00,0.00,0.00,0.00,0.00,0
0.508756,81,66,388,0,DRIVE [ 66 ] [ 1 ] [ 1511 1885 1904 ] [    0    0    0 ] [      0      0      0 ] [ 0 ],drive [ 66 ] [ 0 ] [ 1530 1885 1905 ] [   32   29    5 ] [  13292   5252   8152 ] [ 0 ],1.10,1.30,1.30,1.10,105.55,72.75,0.00,0.00,0.00,0.00,0.00,0.00,0.00,0.00,0.00,0.00,0.00,0.00,0.00,0.00,0.00,0
0.521475,82,66,383,0,DRIVE [ 67 ] [ 1 ] [ 1491 1885 1903 ] [    0    0    0 ] [      0      0      0 ] [ 0 ],drive [ 66 ] [ 0 ] [ 1511 1885 1904 ] [   32   29    5 ] [  13292   5252   8152 ] [ 0 ],1.10,1.30,1.30,1.10,106.85,73.05,0.00,0.00,0.00,0.00,0.00,0.00,0.00,0.00,0.00,0.00,0.00,0.00,0.00,0.00,0.00,0
0.534205,84,67,380,0,DRIVE [ 67 ] [ 1 ] [ 1470 1885 1902 ] [    0    0    0 ] [      0      0      0 ] [ 0 ],drive [ 67 ] [ 0 ] [ 1491 1885 1903 ] [   32   29    5 ] [  13350   5252   8149 ] [ 0 ],1.10,1.30,1.30,1.10,108.73,73.50,0.00,0.00,0.00,0.00,0.00,0.00,0.00,0.00,0.00,0.00,0.00,0.00,0.00,0.00,0.00,0
0.547002,85,67,377,0,DRIVE [ 68 ] [ 1 ] [ 1448 1885 1901 ] [    0    0    0 ] [      0      0      0 ] [ 0 ],drive [ 67 ] [ 0 ] [ 1470 1885 1902 ] [   53   25    7 ] [  13350   5252   8149 ] [ 0 ],1.10,1.30,1.30,1.10,110.83,74.05,0.00,0.00,0.00,0.00,0.00,0.00,0.00,0.00,0.00,0.00,0.00,0.00,0.00,0.00,0.00,0
0.55925,87,68,372,0,DRIVE [ 68 ] [ 1 ] [ 1425 1885 1899 ] [    0    0    0 ] [      0      0      0 ] [ 0 ],drive [ 68 ] [ 0 ] [ 1448 1885 1901 ] [   53   25    7 ] [  13350   5252   8149 ] [ 0 ],1.10,1.30,1.30,1.10,112.64,74.29,0.00,0.00,0.00,0.00,0.00,0.00,0.00,0.00,0.00,0.00,0.00,0.00,0.00,0.00,0.00,0
0.57208,88,68,369,0,DRIVE [ 69 ] [ 1 ] [ 1402 1885 1897 ] [    0    0    0 ] [      0      0      0 ] [ 0 ],drive [ 68 ] [ 0 ] [ 1425 1885 1899 ] [   53   25    7 ] [  13350   5252   8149 ] [ 0 ],1.10,1.30,1.30,1.10,114.97,74.62,0.00,0.00,0.00,0.00,0.00,0.00,0.00,0.00,0.00,0.00,0.00,0.00,0.00,0.00,0.00,0
0.584764,91,68,365,0,DRIVE [ 69 ] [ 1 ] [ 1373 1885 1894 ] [    0    0    0 ] [      0      0      0 ] [ 0 ],drive [ 69 ] [ 0 ] [ 1402 1885 1897 ] [   53   25    7 ] [  13430   5234   8144 ] [ 0 ],1.10,1.30,1.30,1.10,118.71,75.18,0.00,0.00,0.00,0.00,0.00,0.00,0.00,0.00,0.00,0.00,0.00,0.00,0.00,0.00,0.00,0
0.597448,94,69,360,0,DRIVE [ 70 ] [ 1 ] [ 1344 1885 1890 ] [    0    0    0 ] [      0      0      0 ] [ 0 ],drive [ 69 ] [ 0 ] [ 1373 1885 1894 ] [   43   16   10 ] [  13430   5234   8144 ] [ 0 ],1.10,1.30,1.30,1.10,121.81,75.42,0.00,0.00,0.00,0.00,0.00,0.00,0.00,0.00,0.00,0.00,0.00,0.00,0.00,0.00,0.00,0
0.609359,96,69,355,0,DRIVE [ 70 ] [ 1 ] [ 1314 1885 1887 ] [    0    0    0 ] [      0      0      0 ] [ 0 ],drive [ 70 ] [ 0 ] [ 1344 1885 1890 ] [   43   16   10 ] [  13430   5234   8144 ] [ 0 ],1.10,1.30,1.30,1.10,125.05,75.72,0.00,0.00,0.00,0.00,0.00,0.00,0.00,0.00,0.00,0.00,0.00,0.00,0.00,0.00,0.00,0
0.622023,99,69,351,0,DRIVE [ 71 ] [ 1 ] [ 1285 1885 1883 ] [    0    0    0 ] [      0      0      0 ] [ 0 ],drive [ 70 ] [ 0 ] [ 1314 1885 1887 ] [   43   16   10 ] [  13430   5234   8144 ] [ 0 ],1.10,1.30,1.30,1.10,128.41,75.97,0.00,0.00,0.00,0.00,0.00,0.00,0.00,0.00,0.00,0.00,0.00,0.00,0.00,0.00,0.00,0
0.634507,101,69,347,0,DRIVE [ 71 ] [ 1 ] [ 1255 1885 1878 ] [    0    0    0 ] [      0      0      0 ] [ 0 ],drive [ 71 ] [ 0 ] [ 1285 1885 1883 ] [   43   16   10 ] [  13750   5060   8141 ] [ 0 ],1.10,1.30,1.30,1.10,131.80,76.06,0.00,0.00,0.00,0.00,0.00,0.00,0.00,0.00,0.00,0.00,0.00,0.00,0.00,0.00,0.00,0
0.64682,104,69,344,0,DRIVE [ 72 ] [ 1 ] [ 1226 1885 1874 ] [    0    0    0 ] [      0      0      0 ] [ 0 ],drive [ 71 ] [ 0 ] [ 1255 1885 1878 ] [   80   12   13 ] [  13750   5060   8141 ] [ 0 ],1.10,1.30,1.30,1.10,134.82,76.10,0.00,0.00,0.00,0.00,0.00,0.00,0.00,0.00,0.00,0.00,0.00,0.00,0.00,0.00,0.00,0
0.659317,105,69,340,0,DRIVE [ 72 ] [ 1 ] [ 1197 1885 1870 ] [    0    0    0 ] [      0      0      0 ] [ 0 ],drive [ 72 ] [ 0 ] [ 1226 1885 1874 ] [   80   12   13 ] [  13750   5060   8141 ] [ 0 ],1.10,1.30,1.30,1.10,136.94,76.02,0.00,0.00,0.00,0.00,0.00,0.00,0.00,0.00,0.00,0.00,0.00,0.00,0.00,0.00,0.00,0
0.671918,106,69,335,0,DRIVE [ 73 ] [ 1 ] [ 1170 1885 1867 ] [    0    0    0 ] [      0      0      0 ] [ 0 ],drive [ 72 ] [ 0 ] [ 1197 1885 1870 ] [   80   12   13 ] [  13750   5060   8141 ] [ 0 ],1.10,1.30,1.30,1.10,138.35,76.03,0.00,0.00,0.00,0.00,0.00,0.00,0.00,0.00,0.00,0.00,0.00,0.00,0.00,0.00,0.00,0
0.684696,107,69,331,0,DRIVE [ 73 ] [ 1 ] [ 1143 1885 1863 ] [    0    0    0 ] [      0      0      0 ] [ 0 ],drive [ 73 ] [ 0 ] [ 1170 1885 1867 ] [   80   12   13 ] [  14305   4811   8070 ] [ 0 ],1.10,1.30,1.30,1.10,139.71,75.77,0.00,0.00,0.00,0.00,0.00,0.00,0.00,0.00,0.00,0.00,0.00,0.00,0.00,0.00,0.00,0
0.697276,108,68,327,0,DRIVE [ 74 ] [ 1 ] [ 1118 1885 1859 ] [    0    0    0 ] [      0      0      0 ] [ 0 ],drive [ 73 ] [ 0 ] [ 1143 1885 1863 ] [   83   20   19 ] [  14305   4811   8070 ] [ 0 ],1.10,1.30,1.30,1.10,140.56,75.13,0.00,0.00,0.00,0.00,0.00,0.00,0.00,0.00,0.00,0.00,0.00,0.00,0.00,0.00,0.00,0
0.709185,109,68,325,0,DRIVE [ 74 ] [ 1 ] [ 1095 1885 1855 ] [    0    0    0 ] [      0      0      0 ] [ 0 ],drive [ 74 ] [ 0 ] [ 1118 1885 1859 ] [   83   20   19 ] [  14305   4811   8070 ] [ 0 ],1.10,1.30,1.30,1.10,141.95,74.60,0.00,0.00,0.00,0.00,0.00,0.00,0.00,0.00,0.00,0.00,0.00,0.00,0.00,0.00,0.00,0
0.721721,110,67,321,0,DRIVE [ 75 ] [ 1 ] [ 1073 1885 1850 ] [    0    0    0 ] [      0      0      0 ] [ 0 ],drive [ 74 ] [ 0 ] [ 1095 1885 1855 ] [   83   20   19 ] [  14305   4811   8070 ] [ 0 ],1.10,1.30,1.30,1.10,142.58,73.50,0.00,0.00,0.00,0.00,0.00,0.00,0.00,0.00,0.00,0.00,0.00,0.00,0.00,0.00,0.00,0
0.734184,110,66,317,0,DRIVE [ 75 ] [ 1 ] [ 1051 1885 1845 ] [    0    0    0 ] [      0      0      0 ] [ 0 ],drive [ 75 ] [ 0 ] [ 1073 1885 1850 ] [   83   20   19 ] [  14744   4776   8005 ] [ 0 ],1.10,1.30,1.30,1.10,143.12,72.29,0.00,0.00,0.00,0.00,0.00,0.00,0.00,0.00,0.00,0.00,0.00,0.00,0.00,0.00,0.00,0
0.746528,111,65,314,0,DRIVE [ 76 ] [ 1 ] [ 1030 1885 1840 ] [    0    0    0 ] [      0      0      0 ] [ 0 ],drive [ 75 ] [ 0 ] [ 1051 1885 1845 ] [   80   15   13 ] [  14744   4776   8005 ] [ 0 ],1.10,1.30,1.30,1.10,144.21,71.23,0.00,0.00,0.00,0.00,0.00,0.00,0.00,0.00,0.00,0.00,0.00,0.00,0.00,0.00,0.00,0
0.75839,112,64,312,0,DRIVE [ 76 ] [ 1 ] [ 1025 1885 1833 ] [    0    0    0 ] [      0      0      0 ] [ 0 ],drive [ 76 ] [ 0 ] [ 1030 1885 1840 ] [   80   15   13 ] [  14744   4776   8005 ] [ 0 ],1.10,1.30,1.30,1.10,145.44,69.93,0.00,0.00,0.00,0.00,0.00,0.00,0.00,0.00,0.00,0.00,0.00,0.00,0.00,0.00,0.00,0
0.772325,113,62,308,0,DRIVE [ 77 ] [ 1 ] [ 1025 1885 1826 ] [    0    0    0 ] [      0      0      0 ] [ 0 ],drive [ 76 ] [ 0 ] [ 1025 1885 1833 ] [   80   15   13 ] [  14744   4776   8005 ] [ 0 ],1.10,1.30,1.30,1.10,146.32,68.20,0.00,0.00,0.00,0.00,0.00,0.00,0.00,0.00,0.00,0.00,0.00,0.00,0.00,0.00,0.00,0
0.784738,113,60,305,0,DRIVE [ 77 ] [ 1 ] [ 1025 1885 1817 ] [    0    0    0 ] [      0      0      0 ] [ 0 ],drive [ 77 ] [ 0 ] [ 1025 1885 1826 ] [   80   15   13 ] [  15067   4774   7860 ] [ 0 ],1.10,1.30,1.30,1.10,147.25,66.28,0.00,0.00,0.00,0.00,0.00,0.00,0.00,0.00,0.00,0.00,0.00,0.00,0.00,0.00,0.00,0
0.796874,114,58,303,0,DRIVE [ 78 ] [ 1 ] [ 1025 1885 1809 ] [    0    0    0 ] [      0      0      0 ] [ 0 ],drive [ 77 ] [ 0 ] [ 1025 1885 1817 ] [   88    4   11 ] [  15067   4774   7860 ] [ 0 ],1.10,1.30,1.30,1.10,147.76,64.33,0.00,0.00,0.00,0.00,0.00,0.00,0.00,0.00,0.00,0.00,0.00,0.00,0.00,0.00,0.00,0
0.808634,114,57,300,0,DRIVE [ 78 ] [ 1 ] [ 1025 1885 1802 ] [    0    0    0 ] [      0      0      0 ] [ 0 ],drive [ 78 ] [ 0 ] [ 1025 1885 1809 ] [   88    4   11 ] [  15067   4774   7860 ] [ 0 ],1.10,1.30,1.30,1.10,147.75,62.40,0.00,0.00,0.00,0.00,0.00,0.00,0.00,0.00,0.00,0.00,0.00,0.00,0.00,0.00,0.00,0
0.820986,113,55,296,0,DRIVE [ 79 ] [ 1 ] [ 1025 1885 1796 ] [    0    0    0 ] [      0      0      0 ] [ 0 ],drive [ 78 ] [ 0 ] [ 1025 1885 1802 ] [   88    4   11 ] [  15067   4774   7860 ] [ 0 ],1.10,1.30,1.30,1.10,146.96,60.64,0.00,0.00,0.00,0.00,0.00,0.00,0.00,0.00,0.00,0.00,0.00,0.00,0.00,0.00,0.00,0
0.833257,112,54,293,0,DRIVE [ 79 ] [ 1 ] [ 1025 1885 1792 ] [    0    0    0 ] [      0      0      0 ] [ 0 ],drive [ 79 ] [ 0 ] [ 1025 1885 1796 ] [   88    4   11 ] [  15488   4534   7806 ] [ 0 ],1.10,1.30,1.30,1.10,145.72,59.22,0.00,0.00,0.00,0.00,0.00,0.00,0.00,0.00,0.00,0.00,0.00,0.00,0.00,0.00,0.00,0
0.844932,111,53,291,0,DRIVE [ 80 ] [ 1 ] [ 1025 1885 1790 ] [    0    0    0 ] [      0      0      0 ] [ 0 ],drive [ 79 ] [ 0 ] [ 1025 1885 1792 ] [   87    7   20 ] [  15488   4534   7806 ] [ 0 ],1.10,1.30,1.30,1.10,143.76,58.12,0.00,0.00,0.00,0.00,0.00,0.00,0.00,0.00,0.00,0.00,0.00,0.00,0.00,0.00,0.00,0
0.857179,109,52,288,0,DRIVE [ 80 ] [ 1 ] [ 1025 1885 1790 ] [    0    0    0 ] [      0      0      0 ] [ 0 ],drive [ 80 ] [ 0 ] [ 1025 1885 1790 ] [   87    7   20 ] [  15488   4534   7806 ] [ 0 ],1.10,1.30,1.30,1.10,141.45,57.46,0.00,0.00,0.00,0.00,0.00,0.00,0.00,0.00,0.00,0.00,0.00,0.00,0.00,0.00,0.00,0
0.869248,107,52,286,0,DRIVE [ 81 ] [ 1 ] [ 1025 1885 1791 ] [    0    0    0 ] [      0      0      0 ] [ 0 ],drive [ 80 ] [ 0 ] [ 1025 1885 1790 ] [   87    7   20 ] [  15488   4534   7806 ] [ 0 ],1.10,1.30,1.30,1.10,138.76,57.08,0.00,0.00,0.00,0.00,0.00,0.00,0.00,0.00,0.00,0.00,0.00,0.00,0.00,0.00,0.00,0
0.881229,105,52,283,0,DRIVE [ 81 ] [ 1 ] [ 1025 1885 1793 ] [    0    0    0 ] [      0      0      0 ] [ 0 ],drive [ 81 ] [ 0 ] [ 1025 1885 1791 ] [   87    7   20 ] [  15585   4270   7807 ] [ 0 ],1.10,1.30,1.30,1.10,136.15,56.79,0.00,0.00,0.00,0.00,0.00,0.00,0.00,0.00,0.00,0.00,0.00,0.00,-0.00,-0.00,0.00,0
0.892855,103,51,281,0,DRIVE [ 82 ] [ 1 ] [ 1025 1885 1795 ] [    0    0    0 ] [      0      0      0 ] [ 0 ],drive [ 81 ] [ 0 ] [ 1025 1885 1793 ] [   93   24   22 ] [  15585   4270   7807 ] [ 0 ],1.10,1.30,1.30,1.10,133.56,56.56,0.00,0.00,0.00,0.00,0.00,0.00,0.00,0.00,0.00,0.00,0.00,0.00,-0.00,-0.00,0.00,0
0.90518,101,51,278,0,DRIVE [ 82 ] [ 1 ] [ 1025 1885 1796 ] [    0    0    0 ] [      0      0      0 ] [ 0 ],drive [ 82 ] [ 0 ] [ 1025 1885 1795 ] [   93   24   22 ] [  15585   4270   7807 ] [ 0 ],1.10,1.30,1.30,1.10,131.27,56.15,0.00,0.00,0.00,0.00,0.00,0.00,0.00,0.00,0.00,0.00,0.00,0.00,-0.00,-0.00,0.00,0
0.917187,99,51,276,0,DRIVE [ 83 ] [ 1 ] [ 1025 1885 1796 ] [    0    0    0 ] [      0      0      0 ] [ 0 ],drive [ 82 ] [ 0 ] [ 1025 1885 1796 ] [   93   24   22 ] [  15585   4270   7807 ] [ 0 ],1.10,1.30,1.30,1.10,129.20,55.57,0.00,0.00,0.00,0.00,0.00,0.00,0.00,0.00,0.00,0.00,0.00,0.00,-0.00,-0.00,0.00,0
0.929302,97,49,272,0,DRIVE [ 83 ] [ 1 ] [ 1025 1885 1795 ] [    0    0    0 ] [      0      0      0 ] [ 0 ],drive [ 83 ] [ 0 ] [ 1025 1885 1796 ] [   93   24   22 ] [  15645   4214   7769 ] [ 0 ],1.10,1.30,1.30,1.10,126.55,54.28,0.00,0.00,0.00,0.00,0.00,0.00,0.00,0.00,0.00,0.00,0.00,0.00,-0.00,-0.00,0.00,0
0.94083,96,48,270,0,DRIVE [ 84 ] [ 1 ] [ 1025 1885 1793 ] [    0    0    0 ] [      0      0      0 ] [ 0 ],drive [ 83 ] [ 0 ] [ 1025 1885 1795 ] [   90   16   13 ] [  15645   4214   7769 ] [ 0 ],1.10,1.30,1.30,1.10,124.62,53.08,0.00,0.00,0.00,0.00,0.00,0.00,0.00,0.00,0.00,0.00,0.00,0.00,-0.00,-0.00,0.00,0
0.952771,94,47,267,0,DRIVE [ 84 ] [ 1 ] [ 1025 1885 1790 ] [    0    0    0 ] [      0      0      0 ] [ 0 ],drive [ 84 ] [ 0 ] [ 1025 1885 1793 ] [   90   16   13 ] [  15645   4214   7769 ] [ 0 ],1.10,1.30,1.30,1.10,122.26,51.42,0.00,0.00,0.00,0.00,0.00,0.00,0.00,0.00,0.00,0.00,0.00,0.00,-0.00,-0.00,0.00,0
0.964604,92,45,265,0,DRIVE [ 85 ] [ 1 ] [ 1025 1885 1787 ] [    0    0    0 ] [      0      0      0 ] [ 0 ],drive [ 84 ] [ 0 ] [ 1025 1885 1790 ] [   90   16   13 ] [  15645   4214   7769 ] [ 0 ],1.10,1.30,1.30,1.10,119.74,49.49,0.00,0.00,0.00,0.00,0.00,0.00,0.00,0.00,0.00,0.00,0.00,0.00,-0.00,-0.00,0.00,0
0.975935,90,43,264,0,DRIVE [ 85 ] [ 1 ] [ 1025 1885 1784 ] [    0    0    0 ] [      0      0      0 ] [ 0 ],drive [ 85 ] [ 0 ] [ 1025 1885 1787 ] [   90   16   13 ] [  15938   4175   7616 ] [ 0 ],1.10,1.30,1.30,1.10,116.98,47.42,0.00,0.00,0.00,0.00,0.00,0.00,0.00,0.00,0.00,0.00,0.00,0.00,-0.00,-0.00,0.00,0
0.988,88,41,262,0,DRIVE [ 86 ] [ 1 ] [ 1025 1885 1783 ] [    0    0    0 ] [      0      0      0 ] [ 0 ],drive [ 85 ] [ 0 ] [ 1025 1885 1784 ] [   90   15   12 ] [  15938   4175   7616 ] [ 0 ],1.10,1.30,1.30,1.10,113.91,45.48,0.00,0.00,0.00,0.00,0.00,0.00,0.00,0.00,0.00,0.00,0.00,0.00,-0.00,-0.00,0.00,0
1.00013,85,39,260,0,DRIVE [ 86 ] [ 1 ] [ 1025 1885 1782 ] [    0    0    0 ] [      0      0      0 ] [ 0 ],drive [ 86 ] [ 0 ] [ 1025 1885 1783 ] [   90   15   12 ] [  15938   4175   7616 ] [ 0 ],1.10,1.30,1.30,1.10,110.10,43.32,0.00,0.00,0.00,0.00,0.00,0.00,0.00,0.00,0.00,0.00,0.00,0.00,-0.00,-0.00,0.00,0
1.01176,82,38,258,0,DRIVE [ 87 ] [ 1 ] [ 1025 1885 1782 ] [    0    0    0 ] [      0      0      0 ] [ 0 ],drive [ 86 ] [ 0 ] [ 1025 1885 1782 ] [   90   15   12 ] [  15938   4175   7616 ] [ 0 ],1.10,1.30,1.30,1.10,106.25,41.43,0.00,0.00,0.00,0.00,0.00,0.00,0.00,0.00,0.00,0.00,0.00,0.00,-0.00,-0.00,0.00,0
1.02322,78,36,256,0,DRIVE [ 87 ] [ 1 ] [ 1025 1885 1783 ] [    0    0    0 ] [      0      0      0 ] [ 0 ],drive [ 87 ] [ 0 ] [ 1025 1885 1782 ] [   90   15   12 ] [  16115   3996   7575 ] [ 0 ],1.10,1.30,1.30,1.10,101.88,39.45,0.00,0.00,0.00,0.00,0.00,0.00,0.00,0.00,0.00,0.00,0.00,0.00,-0.00,-0.00,0.00,0
1.03506,75,34,254,0,DRIVE [ 88 ] [ 1 ] [ 1025 1885 1786 ] [    0    0    0 ] [      0      0      0 ] [ 0 ],drive [ 87 ] [ 0 ] [ 1025 1885 1783 ] [   90   15   12 ] [  16115   3996   7575 ] [ 0 ],1.10,1.30,1.30,1.10,97.57,37.81,0.00,0.00,0.00,0.00,0.00,0.00,0.00,0.00,0.00,0.00,0.00,0.00,-0.00,-0.00,0.00,0
1.04627,72,33,252,0,DRIVE [ 88 ] [ 1 ] [ 1025 1885 1789 ] [    0    0    0 ] [      0      0      0 ] [ 0 ],drive [ 88 ] [ 0 ] [ 1025 1885 1786 ] [   83   22   23 ] [  16115   3996   7575 ] [ 0 ],1.10,1.30,1.30,1.10,93.12,36.34,0.00,0.00,0.00,0.00,0.00,0.00,0.00,0.00,0.00,0.00,0.00,0.00,-0.00,-0.00,0.00,0
1.05801,68,32,250,0,DRIVE [ 89 ] [ 1 ] [ 1025 1885 1795 ] [    0    0    0 ] [      0      0      0 ] [ 0 ],drive [ 88 ] [ 0 ] [ 1025 1885 1789 ] [   83   22   23 ] [  16115   3996   7575 ] [ 0 ],1.10,1.30,1.30,1.10,88.59,35.04,0.00,0.00,0.00,0.00,0.00,0.00,0.00,0.00,0.00,0.00,0.00,0.00,-0.00,-0.00,0.00,0
1.06948,64,31,248,0,DRIVE [ 89 ] [ 1 ] [ 1025 1885 1801 ] [    0    0    0 ] [      0      0      0 ] [ 0 ],drive [ 89 ] [ 0 ] [ 1025 1885 1795 ] [   83   22   23 ] [  16115   3996   7575 ] [ 0 ],1.10,1.30,1.30,1.10,83.61,33.70,0.00,0.00,0.00,0.00,0.00,0.00,0.00,0.00,0.00,0.00,0.00,0.00,-0.00,-0.00,0.00,0
1.08104,60,30,247,0,DRIVE [ 90 ] [ 1 ] [ 1041 1885 1809 ] [    0    0    0 ] [      0      0      0 ] [ 0 ],drive [ 89 ] [ 0 ] [ 1025 1885 1801 ] [   83   22   23 ] [  16133   3990   7544 ] [ 0 ],1.10,1.30,1.30,1.10,78.64,32.52,0.00,0.00,0.00,0.00,0.00,0.00,0.00,0.00,0.00,0.00,0.00,0.00,-0.00,-0.00,0.00,0
1.09203,56,28,244,0,DRIVE [ 90 ] [ 1 ] [ 1071 1885 1817 ] [    0    0    0 ] [      0      0      0 ] [ 0 ],drive [ 90 ] [ 0 ] [ 1041 1885 1809 ] [   84   22   24 ] [  16133   3990   7544 ] [ 0 ],1.10,1.30,1.30,1.10,73.30,31.27,0.00,0.00,0.00,0.00,0.00,0.00,0.00,0.00,0.00,0.00,0.00,0.00,-0.00,-0.00,0.00,0
1.10376,52,27,242,0,DRIVE [ 91 ] [ 1 ] [ 1108 1885 1827 ] [    0    0    0 ] [      0      0      0 ] [ 0 ],drive [ 90 ] [ 0 ] [ 1071 1885 1817 ] [   84   22   24 ] [  16133   3990   7544 ] [ 0 ],1.10,1.30,1.30,1.10,68.13,30.05,0.00,0.00,0.00,0.00,0.00,0.00,0.00,0.00,0.00,0.00,0.00,0.00,-0.00,-0.00,0.00,0
1.11536,48,26,240,0,DRIVE [ 91 ] [ 1 ] [ 1148 1885 1836 ] [    0    0    0 ] [      0      0      0 ] [ 0 ],drive [ 91 ] [ 0 ] [ 1108 1885 1827 ] [   84   22   24 ] [  16133   3990   7544 ] [ 0 ],1.10,1.30,1.30,1.10,63.05,28.86,0.00,0.00,0.00,0.00,0.00,0.00,0.00,0.00,0.00,0.00,0.00,0.00,-0.00,-0.00,0.00,0
1.12646,45,25,238,0,DRIVE [ 92 ] [ 1 ] [ 1189 1885 1847 ] [    0    0    0 ] [      0      0      0 ] [ 0 ],drive [ 91 ] [ 0 ] [ 1148 1885 1836 ] [   84   22   24 ] [  16140   3989   7451 ] [ 0 ],1.10,1.30,1.30,1.10,58.07,27.78,0.00,0.00,0.00,0.00,0.00,0.00,0.00,0.00,0.00,0.00,0.00,0.00,-0.00,-0.00,0.00,0
1.13819,41,24,236,0,DRIVE [ 92 ] [ 1 ] [ 1231 1885 1858 ] [    0    0    0 ] [      0      0      0 ] [ 0 ],drive [ 92 ] [ 0 ] [ 1189 1885 1847 ] [   72   21   23 ] [  16140   3989   7451 ] [ 0 ],1.10,1.30,1.30,1.10,52.89,26.78,0.00,0.00,0.00,0.00,0.00,0.00,0.00,0.00,0.00,0.00,0.00,0.00,-0.00,-0.00,0.00,0
1.14951,37,23,234,0,DRIVE [ 93 ] [ 1 ] [ 1274 1885 1870 ] [    0    0    0 ] [      0      0      0 ] [ 0 ],drive [ 92 ] [ 0 ] [ 1231 1885 1858 ] [   72   21   23 ] [  16140   3989   7451 ] [ 0 ],1.10,1.30,1.30,1.10,47.53,25.75,0.00,0.00,0.00,0.00,0.00,0.00,0.00,0.00,0.00,0.00,0.00,0.00,-0.00,-0.00,0.00,0
1.1608,32,23,233,0,DRIVE [ 93 ] [ 1 ] [ 1318 1885 1884 ] [    0    0    0 ] [      0      0      0 ] [ 0 ],drive [ 93 ] [ 0 ] [ 1274 1885 1870 ] [   72   21   23 ] [  16140   3989   7451 ] [ 0 ],1.10,1.30,1.30,1.10,42.16,24.96,0.00,0.00,0.00,0.00,0.00,0.00,0.00,0.00,0.00,0.00,0.00,0.00,-0.00,-0.00,0.00,0
1.17214,28,22,231,0,DRIVE [ 94 ] [ 1 ] [ 1360 1885 1899 ] [    0    0    0 ] [      0      0      0 ] [ 0 ],drive [ 93 ] [ 0 ] [ 1318 1885 1884 ] [   72   21   23 ] [  16133   3985   7409 ] [ 0 ],1.10,1.30,1.30,1.10,36.61,24.40,0.00,0.00,0.00,0.00,0.00,0.00,0.00,0.00,0.00,0.00,0.00,0.00,-0.00,-0.00,0.00,0
1.18337,24,22,229,0,DRIVE [ 94 ] [ 1 ] [ 1423 1873 1899 ] [    0    0    0 ] [      0      0      0 ] [ 0 ],drive [ 94 ] [ 0 ] [ 1360 1885 1899 ] [   72   21   23 ] [  16133   3985   7409 ] [ 0 ],1.10,1.30,1.30,1.10,30.91,23.84,0.00,0.00,0.00,0.00,0.00,0.00,0.00,0.00,0.00,0.00,0.00,0.00,-0.00,-0.00,0.00,0
1.1953,19,21,228,0,DRIVE [ 95 ] [ 1 ] [ 1497 1853 1899 ] [    0    0    0 ] [      0      0      0 ] [ 0 ],drive [ 94 ] [ 0 ] [ 1423 1873 1899 ] [   57   20   17 ] [  16133   3985   7409 ] [ 0 ],1.10,1.30,1.30,1.10,25.23,23.38,0.00,0.00,0.00,0.00,0.00,0.00,0.00,0.00,0.00,0.00,0.00,0.00,-0.00,-0.00,0.00,0
1.20627,15,21,226,0,DRIVE [ 95 ] [ 1 ] [ 1568 1833 1899 ] [    0    0    0 ] [      0      0      0 ] [ 0 ],drive [ 95 ] [ 0 ] [ 1497 1853 1899 ] [   57   20   17 ] [  16133   3985   7409 ] [ 0 ],1.10,1.30,1.30,1.10,19.55,22.94,0.00,0.00,0.00,0.00,0.00,0.00,0.00,0.00,0.00,0.00,0.00,0.00,-0.00,-0.00,0.00,0
1.21773,11,20,225,0,DRIVE [ 96 ] [ 1 ] [ 1634 1812 1899 ] [    0    0    0 ] [      0      0      0 ] [ 0 ],drive [ 95 ] [ 0 ] [ 1568 1833 1899 ] [   57   20   17 ] [  16133   3985   7409 ] [ 0 ],1.10,1.30,1.30,1.10,13.97,22.50,0.00,0.00,0.00,0.00,0.00,0.00,0.00,0.00,0.00,0.00,0.00,0.00,-0.00,-0.00,0.00,0
1.22888,6,20,223,0,DRIVE [ 96 ] [ 1 ] [ 1692 1789 1899 ] [    0    0    0 ] [      0      0      0 ] [ 0 ],drive [ 96 ] [ 0 ] [ 1634 1812 1899 ] [   57   20   17 ] [  16102   3984   7245 ] [ 0 ],1.10,1.30,1.30,1.10,8.43,21.99,0.00,0.00,0.00,0.00,0.00,0.00,0.00,0.00,0.00,0.00,0.00,0.00,-0.00,-0.00,0.00,0
1.24142,2,20,222,0,DRIVE [ 97 ] [ 1 ] [ 1742 1761 1899 ] [    0    0    0 ] [      0      0      0 ] [ 0 ],drive [ 96 ] [ 0 ] [ 1692 1789 1899 ] [   24   26    8 ] [  16102   3984   7245 ] [ 0 ],1.10,1.30,1.30,1.10,2.85,21.53,0.00,0.00,0.00,0.00,0.00,0.00,0.00,0.00,0.00,0.00,0.00,0.00,-0.00,-0.00,0.00,0
1.25293,-2,19,220,0,DRIVE [ 97 ] [ 1 ] [ 1779 1726 1899 ] [    0    0    0 ] [      0      0      0 ] [ 0 ],drive [ 97 ] [ 0 ] [ 1742 1761 1899 ] [   24   26    8 ] [  16102   3984   7245 ] [ 0 ],1.10,1.30,1.30,1.10,-2.33,21.27,0.00,0.00,0.00,0.00,0.00,0.00,0.00,0.00,0.00,0.00,0.00,0.00,0.00,-0.00,0.00,0
1.26438,-6,19,219,0,DRIVE [ 98 ] [ 1 ] [ 1806 1685 1899 ] [    0    0    0 ] [      0      0      0 ] [ 0 ],drive [ 97 ] [ 0 ] [ 1779 1726 1899 ] [   24   26    8 ] [  16102   3984   7245 ] [ 0 ],1.10,1.30,1.30,1.10,-7.10,21.22,0.00,0.00,0.00,0.00,0.00,0.00,0.00,0.00,0.00,0.00,0.00,0.00,0.00,0.00,0.00,0
1.27517,-11,20,217,0,DRIVE [ 98 ] [ 1 ] [ 1826 1634 1899 ] [    0    0    0 ] [      0      0      0 ] [ 0 ],drive [ 98 ] [ 0 ] [ 1806 1685 1899 ] [   24   26    8 ] [  15621   3985   7256 ] [ 0 ],1.10,1.30,1.30,1.10,-11.73,21.46,0.00,0.00,0.00,0.00,0.00,0.00,0.00,0.00,0.00,0.00,0.00,0.00,0.00,0.00,0.00,0
1.28658,-15,20,216,0,DRIVE [ 99 ] [ 1 ] [ 1843 1576 1899 ] [    0    0    0 ] [      0      0      0 ] [ 0 ],drive [ 98 ] [ 0 ] [ 1826 1634 1899 ] [   14   40    1 ] [  15621   3985   7256 ] [ 0 ],1.10,1.30,1.30,1.10,-16.31,22.04,0.00,0.00,0.00,0.00,0.00,0.00,0.00,0.00,0.00,0.00,0.00,0.00,0.00,0.00,0.00,0
1.29767,-19,21,214,0,DRIVE [ 99 ] [ 1 ] [ 1857 1513 1899 ] [    0    0    0 ] [      0      0      0 ] [ 0 ],drive [ 99 ] [ 0 ] [ 1843 1576 1899 ] [   14   40    1 ] [  15621   3985   7256 ] [ 0 ],1.10,1.30,1.30,1.10,-20.74,22.81,0.00,0.00,0.00,0.00,0.00,0.00,0.00,0.00,0.00,0.00,0.00,0.00,0.00,0.00,0.00,0
1.3087,-23,22,212,0,DRIVE [ 00 ] [ 1 ] [ 1869 1448 1899 ] [    0    0    0 ] [      0      0      0 ] [ 0 ],drive [ 99 ] [ 0 ] [ 1857 1513 1899 ] [   14   40    1 ] [  15621   3985   7256 ] [ 0 ],1.10,1.30,1.30,1.10,-25.04,23.76,0.00,0.00,0.00,0.00,0.00,0.00,0.00,0.00,0.00,0.00,0.00,0.00,0.00,0.00,0.00,0
1.31984,-27,23,210,0,DRIVE [ 00 ] [ 1 ] [ 1879 1382 1899 ] [    0    0    0 ] [      0      0      0 ] [ 0 ],drive [ 00 ] [ 0 ] [ 1869 1448 1899 ] [   14   40    1 ] [  15621   3985   7256 ] [ 0 ],1.10,1.30,1.30,1.10,-29.16,24.85,0.00,0.00,0.00,0.00,0.00,0.00,0.00,0.00,0.00,0.00,0.00,0.00,0.00,0.00,0.00,0
1.33112,-30,24,209,0,DRIVE [ 01 ] [ 1 ] [ 1889 1317 1899 ] [    0    0    0 ] [      0      0      0 ] [ 0 ],drive [ 00 ] [ 0 ] [ 1879 1382 1899 ] [   14   40    1 ] [  14830   4061   7295 ] [ 0 ],1.10,1.30,1.30,1.10,-33.17,26.00,0.00,0.00,0.00,0.00,0.00,0.00,0.00,0.00,0.00,0.00,0.00,0.00,0.00,0.00,0.00,0
1.34184,-34,25,207,0,DRIVE [ 01 ] [ 1 ] [ 1898 1254 1899 ] [    0    0    0 ] [      0      0      0 ] [ 0 ],drive [ 01 ] [ 0 ] [ 1889 1317 1899 ] [    3   68   25 ] [  14830   4061   7295 ] [ 0 ],1.10,1.30,1.30,1.10,-36.86,26.99,0.00,0.00,0.00,0.00,0.00,0.00,0.00,0.00,0.00,0.00,0.00,0.00,0.00,0.00,0.00,0
1.35458,-37,25,205,0,DRIVE [ 02 ] [ 1 ] [ 1898 1199 1903 ] [    0    0    0 ] [      0      0      0 ] [ 0 ],drive [ 01 ] [ 0 ] [ 1898 1254 1899 ] [    3   68   25 ] [  14830   4061   7295 ] [ 0 ],1.10,1.30,1.30,1.10,-40.36,27.90,0.00,0.00,0.00,0.00,0.00,0.00,0.00,0.00,0.00,0.00,0.00,0.00,0.00,0.00,0.00,0
1.36573,-40,26,204,0,DRIVE [ 02 ] [ 1 ] [ 1898 1161 1894 ] [    0    0    0 ] [      0      0      0 ] [ 0 ],drive [ 02 ] [ 0 ] [ 1898 1199 1903 ] [    3   68   25 ] [  14830   4061   7295 ] [ 0 ],1.10,1.30,1.30,1.10,-43.64,28.53,0.00,0.00,0.00,0.00,0.00,-0.00,0.00,0.00,0.00,0.00,0.00,0.00,0.00,0.00,0.00,0
1.37678,-43,26,202,0,DRIVE [ 03 ] [ 1 ] [ 1898 1127 1885 ] [    0    0    0 ] [      0      0      0 ] [ 0 ],drive [ 02 ] [ 0 ] [ 1898 1161 1894 ] [    3   68   25 ] [  14446   4595   7304 ] [ 0 ],1.10,1.30,1.30,1.10,-46.76,28.89,0.00,0.00,0.00,0.00,0.00,-0.00,0.00,0.00,0.00,0.00,0.00,0.00,0.00,0.00,0.00,0
1.39009,-45,26,200,0,DRIVE [ 03 ] [ 1 ] [ 1898 1095 1874 ] [    0    0    0 ] [      0      0      0 ] [ 0 ],drive [ 03 ] [ 0 ] [ 1898 1127 1885 ] [   26   67   26 ] [  14446   4595   7304 ] [ 0 ],1.10,1.30,1.30,1.10,-49.78,29.04,0.00,0.00,0.00,0.00,0.00,-0.00,0.00,0.00,0.00,0.00,0.00,0.00,0.00,0.00,0.00,0
1.40134,-48,27,199,0,DRIVE [ 04 ] [ 1 ] [ 1898 1065 1863 ] [    0    0    0 ] [      0      0      0 ] [ 0 ],drive [ 03 ] [ 0 ] [ 1898 1095 1874 ] [   26   67   26 ] [  14446   4595   7304 ] [ 0 ],1.10,1.30,1.30,1.10,-52.76,29.18,0.00,0.00,0.00,0.00,0.00,-0.00,0.00,0.00,0.00,0.00,0.00,0.00,0.00,0.00,0.00,0
1.41293,-50,27,197,0,DRIVE [ 04 ] [ 1 ] [ 1898 1035 1853 ] [    0    0    0 ] [      0      0      0 ] [ 0 ],drive [ 04 ] [ 0 ] [ 1898 1065 1863 ] [   26   67   26 ] [  14446   4595   7304 ] [ 0 ],1.10,1.30,1.30,1.10,-55.40,29.25,0.00,0.00,0.00,0.00,0.00,-0.00,0.00,0.00,0.00,0.00,0.00,0.00,0.00,0.00,0.00,0
1.42363,-53,27,196,0,DRIVE [ 05 ] [ 1 ] [ 1898 1025 1844 ] [    0    0    0 ] [      0      0      0 ] [ 0 ],drive [ 04 ] [ 0 ] [ 1898 1035 1853 ] [   26   67   26 ] [  14162   4992   7389 ] [ 0 ],1.10,1.30,1.30,1.10,-57.91,29.30,0.00,0.00,0.00,0.00,0.00,-0.00,0.00,0.00,0.00,0.00,0.00,0.00,0.00,0.00,0.00,0
1.43483,-55,27,195,0,DRIVE [ 05 ] [ 1 ] [ 1898 1025 1835 ] [    0    0    0 ] [      0      0      0 ] [ 0 ],drive [ 05 ] [ 0 ] [ 1898 1025 1844 ] [   26   67   26 ] [  14162   4992   7389 ] [ 0 ],1.10,1.30,1.30,1.10,-60.41,29.58,0.00,0.00,0.00,0.00,0.00,-0.00,0.00,0.00,0.00,0.00,0.00,0.00,0.00,0.00,0.00,0
1.44564,-57,27,193,0,DRIVE [ 06 ] [ 1 ] [ 1898 1025 1828 ] [    0    0    0 ] [      0      0      0 ] [ 0 ],drive [ 05 ] [ 0 ] [ 1898 1025 1835 ] [    2  106    6 ] [  14162   4992   7389 ] [ 0 ],1.10,1.30,1.30,1.10,-63.11,30.09,0.00,0.00,0.00,0.00,0.00,-0.00,0.00,0.00,0.00,0.00,0.00,0.00,0.00,0.00,0.00,0
1.45694,-59,28,192,0,DRIVE [ 06 ] [ 1 ] [ 1898 1025 1821 ] [    0    0    0 ] [      0      0      0 ] [ 0 ],drive [ 06 ] [ 0 ] [ 1898 1025 1828 ] [    2  106    6 ] [  14162   4992   7389 ] [ 0 ],1.10,1.30,1.30,1.10,-65.33,30.48,0.00,0.00,0.00,0.00,0.00,-0.00,0.00,0.00,0.00,0.00,0.00,0.00,0.00,0.00,0.00,0
1.46817,-61,28,190,0,DRIVE [ 07 ] [ 1 ] [ 1898 1025 1815 ] [    0    0    0 ] [      0      0      0 ] [ 0 ],drive [ 06 ] [ 0 ] [ 1898 1025 1821 ] [    2  106    6 ] [  14162   4992   7389 ] [ 0 ],1.10,1.30,1.30,1.10,-66.88,30.64,0.00,0.00,0.00,0.00,0.00,-0.00,0.00,0.00,0.00,0.00,0.00,0.00,0.00,0.00,0.00,0
1.47918,-62,28,189,0,DRIVE [ 07 ] [ 1 ] [ 1898 1025 1811 ] [    0    0    0 ] [      0      0      0 ] [ 0 ],drive [ 07 ] [ 0 ] [ 1898 1025 1815 ] [    2  106    6 ] [  13935   5430   7389 ] [ 0 ],1.10,1.30,1.30,1.10,-68.04,30.77,0.00,0.00,0.00,0.00,0.00,-0.00,0.00,0.00,0.00,0.00,0.00,0.00,0.00,0.00,0.00,0
1.48972,-63,28,188,0,DRIVE [ 08 ] [ 1 ] [ 1898 1025 1808 ] [    0    0    0 ] [      0      0      0 ] [ 0 ],drive [ 07 ] [ 0 ] [ 1898 1025 1811 ] [   28   95   12 ] [  13935   5430   7389 ] [ 0 ],1.10,1.30,1.30,1.10,-69.14,31.10,0.00,0.00,0.00,0.00,0.00,-0.00,0.00,0.00,0.00,0.00,0.00,0.00,0.00,0.00,0.00,0
1.5009,-64,29,187,0,DRIVE [ 08 ] [ 1 ] [ 1898 1025 1807 ] [    0    0    0 ] [      0      0      0 ] [ 0 ],drive [ 08 ] [ 0 ] [ 1898 1025 1808 ] [   28   95   12 ] [  13935   5430   7389 ] [ 0 ],1.10,1.30,1.30,1.10,-69.93,31.50,0.00,0.00,0.00,0.00,0.00,-0.00,0.00,0.00,0.00,0.00,0.00,0.00,0.00,0.00,0.00,0
1.51144,-64,29,186,0,DRIVE [ 09 ] [ 1 ] [ 1898 1025 1807 ] [    0    0    0 ] [      0      0      0 ] [ 0 ],drive [ 08 ] [ 0 ] [ 1898 1025 1807 ] [   28   95   12 ] [  13935   5430   7389 ] [ 0 ],1.10,1.30,1.30,1.10,-70.40,32.00,0.00,0.00,0.00,0.00,0.00,-0.00,0.00,0.00,0.00,0.00,0.00,0.00,0.00,0.00,0.00,0
1.52256,-64,30,185,0,DRIVE [ 09 ] [ 1 ] [ 1898 1025 1809 ] [    0    0    0 ] [      0      0      0 ] [ 0 ],drive [ 09 ] [ 0 ] [ 1898 1025 1807 ] [   28   95   12 ] [  13812   5550   7500 ] [ 0 ],1.10,1.30,1.30,1.10,-70.74,32.62,0.00,0.00,0.00,0.00,0.00,-0.00,0.00,0.00,0.00,0.00,0.00,0.00,0.00,0.00,0.00,0
1.53358,-64,30,183,0,DRIVE [ 10 ] [ 1 ] [ 1898 1025 1813 ] [    0    0    0 ] [      0      0      0 ] [ 0 ],drive [ 09 ] [ 0 ] [ 1898 1025 1809 ] [   28   95   12 ] [  13812   5550   7500 ] [ 0 ],1.10,1.30,1.30,1.10,-70.89,33.48,0.00,0.00,0.00,0.00,0.00,-0.00,0.00,0.00,0.00,0.00,0.00,0.00,0.00,0.00,0.00,0
1.54445,-64,31,181,0,DRIVE [ 10 ] [ 1 ] [ 1898 1025 1819 ] [    0    0    0 ] [      0      0      0 ] [ 0 ],drive [ 10 ] [ 0 ] [ 1898 1025 1813 ] [   20  100   32 ] [  13812   5550   7500 ] [ 0 ],1.10,1.30,1.30,1.10,-70.61,34.45,0.00,0.00,0.00,0.00,0.00,-0.00,0.00,0.00,0.00,0.00,0.00,0.00,0.00,0.00,0.00,0
1.55509,-64,32,179,0,DRIVE [ 11 ] [ 1 ] [ 1898 1025 1825 ] [    0    0    0 ] [      0      0      0 ] [ 0 ],drive [ 10 ] [ 0 ] [ 1898 1025 1819 ] [   20  100   32 ] [  13812   5550   7500 ] [ 0 ],1.10,1.30,1.30,1.10,-70.21,35.43,0.00,0.00,0.00,0.00,0.00,-0.00,0.00,0.00,0.00,0.00,0.00,0.00,0.00,0.00,0.00,0
1.56607,-63,33,177,0,DRIVE [ 11 ] [ 1 ] [ 1898 1025 1832 ] [    0    0    0 ] [      0      0      0 ] [ 0 ],drive [ 11 ] [ 0 ] [ 1898 1025 1825 ] [   20  100   32 ] [  13812   5550   7500 ] [ 0 ],1.10,1.30,1.30,1.10,-69.55,36.33,0.00,0.00,0.00,0.00,0.00,-0.00,0.00,0.00,0.00,0.00,0.00,0.00,0.00,0.00,0.00,0
1.57632,-62,34,176,0,DRIVE [ 12 ] [ 1 ] [ 1898 1025 1841 ] [    0    0    0 ] [      0      0      0 ] [ 0 ],drive [ 11 ] [ 0 ] [ 1898 1025 1832 ] [   20  100   32 ] [  13496   5727   7582 ] [ 0 ],1.10,1.30,1.30,1.10,-68.61,37.19,0.00,0.00,0.00,0.00,0.00,-0.00,0.00,0.00,0.00,0.00,0.00,0.00,0.00,0.00,0.00,0
1.58719,-61,35,174,0,DRIVE [ 12 ] [ 1 ] [ 1898 1025 1851 ] [    0    0    0 ] [      0      0      0 ] [ 0 ],drive [ 12 ] [ 0 ] [ 1898 1025 1841 ] [   23   92   11 ] [  13496   5727   7582 ] [ 0 ],1.10,1.30,1.30,1.10,-67.35,38.06,0.00,0.00,0.00,0.00,0.00,-0.00,0.00,0.00,0.00,0.00,0.00,0.00,0.00,0.00,0.00,0
1.598,-60,35,172,0,DRIVE [ 13 ] [ 1 ] [ 1898 1025 1861 ] [    0    0    0 ] [      0      0      0 ] [ 0 ],drive [ 12 ] [ 0 ] [ 1898 1025 1851 ] [   23   92   11 ] [  13496   5727   7582 ] [ 0 ],1.10,1.30,1.30,1.10,-65.66,38.67,0.00,0.00,0.00,0.00,0.00,-0.00,0.00,0.00,0.00,0.00,0.00,0.00,0.00,0.00,0.00,0
1.60817,-58,36,172,0,DRIVE [ 13 ] [ 1 ] [ 1898 1025 1871 ] [    0    0    0 ] [      0      0      0 ] [ 0 ],drive [ 13 ] [ 0 ] [ 1898 1025 1861 ] [   23   92   11 ] [  13496   5727   7582 ] [ 0 ],1.10,1.30,1.30,1.10,-64.05,39.29,0.00,0.00,0.00,0.00,0.00,-0.00,0.00,0.00,0.00,0.00,0.00,0.00,0.00,0.00,0.00,0
1.61879,-57,36,171,0,DRIVE [ 14 ] [ 1 ] [ 1898 1025 1881 ] [    0    0    0 ] [      0      0      0 ] [ 0 ],drive [ 13 ] [ 0 ] [ 1898 1025 1871 ] [   23   92   11 ] [  13496   5727   7582 ] [ 0 ],1.10,1.30,1.30,1.10,-62.35,39.80,0.00,0.00,0.00,0.00,0.00,-0.00,0.00,0.00,0.00,0.00,0.00,0.00,0.00,0.00,0.00,0
1.62931,-55,36,169,0,DRIVE [ 14 ] [ 1 ] [ 1898 1025 1891 ] [    0    0    0 ] [      0      0      0 ] [ 0 ],drive [ 14 ] [ 0 ] [ 1898 1025 1881 ] [   23   92   11 ] [  13374   5926   7582 ] [ 0 ],1.10,1.30,1.30,1.10,-60.41,40.11,0.00,0.00,0.00,0.00,0.00,-0.00,0.00,0.00,0.00,0.00,0.00,0.00,0.00,0.00,0.00,0
1.63939,-53,36,168,0,DRIVE [ 15 ] [ 1 ] [ 1898 1025 1901 ] [    0    0    0 ] [      0      0      0 ] [ 0 ],drive [ 14 ] [ 0 ] [ 1898 1025 1891 ] [   21   83    7 ] [  13374   5926   7582 ] [ 0 ],1.10,1.30,1.30,1.10,-58.25,40.13,0.00,0.00,0.00,0.00,0.00,-0.00,0.00,0.00,0.00,0.00,0.00,0.00,0.00,0.00,0.00,0
1.65002,-51,37,166,0,DRIVE [ 15 ] [ 1 ] [ 1899 1025 1901 ] [    0    0    0 ] [      0      0      0 ] [ 0 ],drive [ 15 ] [ 0 ] [ 1898 1025 1901 ] [   21   83    7 ] [  13374   5926   7582 ] [ 0 ],1.10,1.30,1.30,1.10,-56.06,40.17,0.00,0.00,0.00,0.00,0.00,-0.00,0.00,0.00,0.00,0.00,0.00,0.00,0.00,0.00,0.00,0
1.6607,-49,36,164,0,DRIVE [ 16 ] [ 1 ] [ 1888 1025 1901 ] [    0    0    0 ] [      0      0      0 ] [ 0 ],drive [ 15 ] [ 0 ] [ 1899 1025 1901 ] [   21   83    7 ] [  13374   5926   7582 ] [ 0 ],1.10,1.30,1.30,1.10,-53.75,40.11,0.00,0.00,0.00,0.00,0.00,-0.00,0.00,0.00,0.00,0.00,0.00,0.00,0.00,0.00,0.00,0
1.67071,-47,36,163,0,DRIVE [ 16 ] [ 1 ] [ 1876 1025 1901 ] [    0    0    0 ] [      0      0      0 ] [ 0 ],drive [ 16 ] [ 0 ] [ 1888 1025 1901 ] [   21   83    7 ] [  13330   6046   7579 ] [ 0 ],1.10,1.30,1.30,1.10,-51.40,39.99,0.00,0.00,0.00,0.00,0.00,-0.00,0.00,0.00,0.00,0.00,0.00,0.00,0.00,0.00,0.00,0
1.68108,-45,36,161,0,DRIVE [ 17 ] [ 1 ] [ 1865 1025 1901 ] [    0    0    0 ] [      0      0      0 ] [ 0 ],drive [ 16 ] [ 0 ] [ 1876 1025 1901 ] [   21   83    7 ] [  13330   6046   7579 ] [ 0 ],1.10,1.30,1.30,1.10,-49.11,39.90,0.00,0.00,0.00,0.00,0.00,-0.00,0.00,0.00,0.00,0.00,0.00,0.00,0.00,0.00,0.00,0
1.69075,-43,36,160,0,DRIVE [ 17 ] [ 1 ] [ 1853 1025 1901 ] [    0    0    0 ] [      0      0      0 ] [ 0 ],drive [ 17 ] [ 0 ] [ 1865 1025 1901 ] [   23   81    7 ] [  13330   6046   7579 ] [ 0 ],1.10,1.30,1.30,1.10,-46.82,39.83,0.00,0.00,0.00,0.00,0.00,-0.00,0.00,0.00,0.00,0.00,0.00,0.00,0.00,0.00,0.00,0
1.7011,-40,36,158,0,DRIVE [ 18 ] [ 1 ] [ 1841 1025 1901 ] [    0    0    0 ] [      0      0      0 ] [ 0 ],drive [ 17 ] [ 0 ] [ 1853 1025 1901 ] [   23   81    7 ] [  13330   6046   7579 ] [ 0 ],1.10,1.30,1.30,1.10,-44.36,39.62,0.00,0.00,0.00,0.00,0.00,-0.00,0.00,0.00,0.00,0.00,0.00,0.00,0.00,-0.00,0.00,0
1.71084,-38,36,157,0,DRIVE [ 18 ] [ 1 ] [ 1827 1025 1901 ] [    0    0    0 ] [      0      0      0 ] [ 0 ],drive [ 18 ] [ 0 ] [ 1841 1025 1901 ] [   23   81    7 ] [  13330   6046   7579 ] [ 0 ],1.10,1.30,1.30,1.10,-41.76,39.45,0.00,0.00,0.00,0.00,0.00,-0.00,0.00,0.00,0.00,0.00,0.00,0.00,0.00,-0.00,0.00,0
1.72116,-36,36,155,0,DRIVE [ 19 ] [ 1 ] [ 1813 1025 1901 ] [    0    0    0 ] [      0      0      0 ] [ 0 ],drive [ 18 ] [ 0 ] [ 1827 1025 1901 ] [   23   81    7 ] [  13333   6212   7575 ] [ 0 ],1.10,1.30,1.30,1.10,-39.07,39.27,0.00,0.00,0.00,0.00,0.00,-0.00,0.00,0.00,0.00,0.00,0.00,0.00,0.00,-0.00,0.00,0
1.73125,-33,36,153,0,DRIVE [ 19 ] [ 1 ] [ 1797 1025 1901 ] [    0    0    0 ] [      0      0      0 ] [ 0 ],drive [ 19 ] [ 0 ] [ 1813 1025 1901 ] [   23   81    7 ] [  13333   6212   7575 ] [ 0 ],1.10,1.30,1.30,1.10,-36.27,39.06,0.00,0.00,0.00,0.00,0.00,-0.00,0.00,0.00,0.00,0.00,0.00,0.00,0.00,-0.00,0.00,0
1.74215,-30,35,152,0,DRIVE [ 20 ] [ 1 ] [ 1781 1052 1901 ] [    0    0    0 ] [      0      0      0 ] [ 0 ],drive [ 19 ] [ 0 ] [ 1797 1025 1901 ] [   27   87    9 ] [  13333   6212   7575 ] [ 0 ],1.10,1.30,1.30,1.10,-33.45,38.89,0.00,0.00,0.00,0.00,0.00,-0.00,0.00,0.00,0.00,0.00,0.00,0.00,0.00,-0.00,0.00,0
1.75436,-28,35,150,0,DRIVE [ 20 ] [ 1 ] [ 1764 1091 1901 ] [    0    0    0 ] [      0      0      0 ] [ 0 ],drive [ 20 ] [ 0 ] [ 1781 1052 1901 ] [   27   87    9 ] [  13333   6212   7575 ] [ 0 ],1.10,1.30,1.30,1.10,-30.63,38.73,0.00,0.00,0.00,0.00,0.00,-0.00,0.00,0.00,0.00,0.00,0.00,0.00,0.00,-0.00,0.00,0
1.76626,-25,35,148,0,DRIVE [ 21 ] [ 1 ] [ 1746 1129 1901 ] [    0    0    0 ] [      0      0      0 ] [ 0 ],drive [ 20 ] [ 0 ] [ 1764 1091 1901 ] [   27   87    9 ] [  13333   6212   7575 ] [ 0 ],1.10,1.30,1.30,1.10,-27.91,38.59,0.00,0.00,0.00,0.00,0.00,-0.00,0.00,0.00,0.00,0.00,0.00,0.00,0.00,-0.00,0.00,0
1.77589,-23,35,146,0,DRIVE [ 21 ] [ 1 ] [ 1729 1165 1901 ] [    0    0    0 ] [      0      0      0 ] [ 0 ],drive [ 21 ] [ 0 ] [ 1746 1129 1901 ] [   27   87    9 ] [  13344   6240   7573 ] [ 0 ],1.10,1.30,1.30,1.10,-25.33,38.54,0.00,0.00,0.00,0.00,0.00,-0.00,0.00,0.00,0.00,0.00,0.00,0.00,0.00,-0.00,0.00,0
1.78714,-21,35,144,0,DRIVE [ 22 ] [ 1 ] [ 1711 1198 1901 ] [    0    0    0 ] [      0      0      0 ] [ 0 ],drive [ 21 ] [ 0 ] [ 1729 1165 1901 ] [   27   78    9 ] [  13344   6240   7573 ] [ 0 ],1.10,1.30,1.30,1.10,-22.79,38.31,0.00,0.00,0.00,0.00,0.00,-0.00,0.00,0.00,0.00,0.00,0.00,0.00,0.00,-0.00,0.00,0
1.798,-18,35,142,0,DRIVE [ 22 ] [ 1 ] [ 1693 1231 1901 ] [    0    0    0 ] [      0      0      0 ] [ 0 ],drive [ 22 ] [ 0 ] [ 1711 1198 1901 ] [   27   78    9 ] [  13344   6240   7573 ] [ 0 ],1.10,1.30,1.30,1.10,-20.31,38.13,0.00,0.00,0.00,0.00,0.00,-0.00,0.00,0.00,0.00,0.00,0.00,0.00,0.00,-0.00,0.00,0
1.81076,-16,34,140,0,DRIVE [ 23 ] [ 1 ] [ 1675 1261 1901 ] [    0    0    0 ] [      0      0      0 ] [ 0 ],drive [ 22 ] [ 0 ] [ 1693 1231 1901 ] [   27   78    9 ] [  13344   6240   7573 ] [ 0 ],1.10,1.30,1.30,1.10,-17.91,37.92,0.00,0.00,0.00,0.00,0.00,-0.00,0.00,0.00,0.00,0.00,0.00,0.00,0.00,-0.00,0.00,0
1.82223,-14,34,138,0,DRIVE [ 23 ] [ 1 ] [ 1655 1292 1901 ] [    0    0    0 ] [      0      0      0 ] [ 0 ],drive [ 23 ] [ 0 ] [ 1675 1261 1901 ] [   27   78    9 ] [  13393   6233   7571 ] [ 0 ],1.10,1.30,1.30,1.10,-15.55,37.76,0.00,0.00,0.00,0.00,0.00,-0.00,0.00,0.00,0.00,0.00,0.00,0.00,0.00,-0.00,0.00,0
1.83433,-12,34,136,0,DRIVE [ 24 ] [ 1 ] [ 1635 1320 1901 ] [    0    0    0 ] [      0      0      0 ] [ 0 ],drive [ 23 ] [ 0 ] [ 1655 1292 1901 ] [   27   78    9 ] [  13393   6233   7571 ] [ 0 ],1.10,1.30,1.30,1.10,-13.24,37.55,0.00,0.00,0.00,0.00,0.00,-0.00,0.00,0.00,0.00,0.00,0.00,0.00,0.00,-0.00,0.00,0
1.84375,-10,34,134,0,DRIVE [ 24 ] [ 1 ] [ 1615 1347 1901 ] [    0    0    0 ] [      0      0      0 ] [ 0 ],drive [ 24 ] [ 0 ] [ 1635 1320 1901 ] [   27   63   11 ] [  13393   6233   7571 ] [ 0 ],1.10,1.30,1.30,1.10,-11.02,37.40,0.00,0.00,0.00,0.00,0.00,-0.00,0.00,0.00,0.00,0.00,0.00,0.00,0.00,-0.00,0.00,0
1.85433,-8,34,132,0,DRIVE [ 25 ] [ 1 ] [ 1595 1371 1901 ] [    0    0    0 ] [      0      0      0 ] [ 0 ],drive [ 24 ] [ 0 ] [ 1615 1347 1901 ] [   27   63   11 ] [  13393   6233   7571 ] [ 0 ],1.10,1.30,1.30,1.10,-8.95,37.14,0.00,0.00,0.00,0.00,0.00,-0.00,0.00,0.00,0.00,0.00,0.00,0.00,0.00,-0.00,0.00,0
1.86622,-6,34,130,0,DRIVE [ 25 ] [ 1 ] [ 1574 1395 1901 ] [    0    0    0 ] [      0      0      0 ] [ 0 ],drive [ 25 ] [ 0 ] [ 1595 1371 1901 ] [   27   63   11 ] [  13393   6233   7571 ] [ 0 ],1.10,1.30,1.30,1.10,-6.88,36.86,0.00,0.00,0.00,0.00,0.00,-0.00,0.00,0.00,0.00,0.00,0.00,0.00,0.00,-0.00,0.00,0
1.87831,-4,33,129,0,DRIVE [ 26 ] [ 1 ] [ 1553 1418 1901 ] [    0    0    0 ] [      0      0      0 ] [ 0 ],drive [ 25 ] [ 0 ] [ 1574 1395 1901 ] [   27   63   11 ] [  13456   6224   7569 ] [ 0 ],1.10,1.30,1.30,1.10,-4.89,36.57,0.00,0.00,0.00,0.00,0.00,-0.00,0.00,0.00,0.00,0.00,0.00,0.00,0.00,-0.00,0.00,0
1.88999,-3,33,127,0,DRIVE [ 26 ] [ 1 ] [ 1533 1440 1901 ] [    0    0    0 ] [      0      0      0 ] [ 0 ],drive [ 26 ] [ 0 ] [ 1553 1418 1901 ] [   49   54   15 ] [  13456   6224   7569 ] [ 0 ],1.10,1.30,1.30,1.10,-3.07,36.16,0.00,0.00,0.00,0.00,0.00,-0.00,0.00,0.00,0.00,0.00,0.00,0.00,0.00,-0.00,0.00,0
1.9,-1,32,125,0,DRIVE [ 27 ] [ 1 ] [ 1514 1460 1901 ] [    0    0    0 ] [      0      0      0 ] [ 0 ],drive [ 26 ] [ 0 ] [ 1533 1440 1901 ] [   49   54   15 ] [  13456   6224   7569 ] [ 0 ],1.10,1.30,1.30,1.10,-1.38,35.67,0.00,0.00,0.00,0.00,0.00,-0.00,0.00,0.00,0.00,0.00,0.00,0.00,0.00,-0.00,0.00,0
1.90979,0,32,123,0,DRIVE [ 27 ] [ 1 ] [ 1496 1481 1901 ] [    0    0    0 ] [      0      0      0 ] [ 0 ],drive [ 27 ] [ 0 ] [ 1514 1460 1901 ] [   49   54   15 ] [  13456   6224   7569 ] [ 0 ],1.10,1.30,1.30,1.10,0.21,35.13,0.00,0.00,0.00,0.00,0.00,-0.00,0.00,0.00,0.00,0.00,0.00,0.00,-0.00,-0.00,0.00,0
1.92222,1,31,122,0,DRIVE [ 28 ] [ 1 ] [ 1477 1503 1901 ] [    0    0    0 ] [      0      0      0 ] [ 0 ],drive [ 27 ] [ 0 ] [ 1496 1481 1901 ] [   49   54   15 ] [  13456   6224   7569 ] [ 0 ],1.10,1.30,1.30,1.10,1.89,34.44,0.00,0.00,0.00,0.00,0.00,-0.00,0.00,0.00,0.00,0.00,0.00,0.00,-0.00,-0.00,0.00,0
1.93516,3,31,120,0,DRIVE [ 28 ] [ 1 ] [ 1459 1526 1901 ] [    0    0    0 ] [      0      0      0 ] [ 0 ],drive [ 28 ] [ 0 ] [ 1477 1503 1901 ] [   49   54   15 ] [  13740   6190   7513 ] [ 0 ],1.10,1.30,1.30,1.10,3.51,33.68,0.00,0.00,0.00,0.00,0.00,-0.00,0.00,0.00,0.00,0.00,0.00,0.00,-0.00,-0.00,0.00,0
1.94618,4,30,119,0,DRIVE [ 29 ] [ 1 ] [ 1443 1548 1901 ] [    0    0    0 ] [      0      0      0 ] [ 0 ],drive [ 28 ] [ 0 ] [ 1459 1526 1901 ] [   65   64    6 ] [  13740   6190   7513 ] [ 0 ],1.10,1.30,1.30,1.10,4.98,32.78,0.00,0.00,0.00,0.00,0.00,-0.00,0.00,0.00,0.00,0.00,0.00,0.00,-0.00,-0.00,0.00,0
1.95786,5,29,117,0,DRIVE [ 29 ] [ 1 ] [ 1431 1569 1901 ] [    0    0    0 ] [      0      0      0 ] [ 0 ],drive [ 29 ] [ 0 ] [ 1443 1548 1901 ] [   65   64    6 ] [  13740   6190   7513 ] [ 0 ],1.10,1.30,1.30,1.10,6.21,31.82,0.00,0.00,0.00,0.00,0.00,-0.00,0.00,0.00,0.00,0.00,0.00,0.00,-0.00,-0.00,0.00,0
1.96773,6,28,116,0,DRIVE [ 30 ] [ 1 ] [ 1420 1587 1901 ] [    0    0    0 ] [      0      0      0 ] [ 0 ],drive [ 29 ] [ 0 ] [ 1431 1569 1901 ] [   65   64    6 ] [  13740   6190   7513 ] [ 0 ],1.10,1.30,1.30,1.10,7.24,30.86,0.00,0.00,0.00,0.00,0.00,-0.00,0.00,0.00,0.00,0.00,0.00,0.00,-0.00,-0.00,0.00,0
1.97795,6,27,114,0,DRIVE [ 30 ] [ 1 ] [ 1411 1603 1901 ] [    0    0    0 ] [      0      0      0 ] [ 0 ],drive [ 30 ] [ 0 ] [ 1420 1587 1901 ] [   65   64    6 ] [  14218   6065   7381 ] [ 0 ],1.10,1.30,1.30,1.10,8.09,29.92,0.00,0.00,0.00,0.00,0.00,-0.00,0.00,0.00,0.00,0.00,0.00,0.00,-0.00,-0.00,0.00,0
1.9901,7,26,113,0,DRIVE [ 31 ] [ 1 ] [ 1402 1618 1901 ] [    0    0    0 ] [      0      0      0 ] [ 0 ],drive [ 30 ] [ 0 ] [ 1411 1603 1901 ] [   66   36   10 ] [  14218   6065   7381 ] [ 0 ],1.10,1.30,1.30,1.10,8.84,29.04,0.00,0.00,0.00,0.00,0.00,-0.00,0.00,0.00,0.00,0.00,0.00,0.00,-0.00,-0.00,0.00,0
2.00224,7,26,112,0,DRIVE [ 31 ] [ 1 ] [ 1392 1631 1901 ] [    0    0    0 ] [      0      0      0 ] [ 0 ],drive [ 31 ] [ 0 ] [ 1402 1618 1901 ] [   66   36   10 ] [  14218   6065   7381 ] [ 0 ],1.10,1.30,1.30,1.10,9.52,28.29,0.00,0.00,0.00,0.00,0.00,-0.00,0.00,0.00,0.00,0.00,0.00,0.00,-0.00,-0.00,0.00,0
2.01406,8,25,110,0,DRIVE [ 32 ] [ 1 ] [ 1384 1640 1901 ] [    0    0    0 ] [      0      0      0 ] [ 0 ],drive [ 31 ] [ 0 ] [ 1392 1631 1901 ] [   66   36   10 ] [  14218   6065   7381 ] [ 0 ],1.10,1.30,1.30,1.10,10.03,27.67,0.00,0.00,0.00,0.00,0.00,-0.00,0.00,0.00,0.00,0.00,0.00,0.00,-0.00,-0.00,0.00,0
2.02583,8,25,109,0,DRIVE [ 32 ] [ 1 ] [ 1375 1648 1901 ] [    0    0    0 ] [      0      0      0 ] [ 0 ],drive [ 32 ] [ 0 ] [ 1384 1640 1901 ] [   66   36   10 ] [  14444   5851   7361 ] [ 0 ],1.10,1.30,1.30,1.10,10.44,27.17,0.00,0.00,0.00,0.00,0.00,-0.00,0.00,0.00,0.00,0.00,0.00,0.00,-0.00,-0.00,0.00,0
2.03579,8,24,107,0,DRIVE [ 33 ] [ 1 ] [ 1368 1653 1901 ] [    0    0    0 ] [      0      0      0 ] [ 0 ],drive [ 32 ] [ 0 ] [ 1375 1648 1901 ] [   63   30    9 ] [  14444   5851   7361 ] [ 0 ],1.10,1.30,1.30,1.10,10.72,26.74,0.00,0.00,0.00,0.00,0.00,-0.00,0.00,0.00,0.00,0.00,0.00,0.00,-0.00,-0.00,0.00,0
2.04578,8,24,106,0,DRIVE [ 33 ] [ 1 ] [ 1364 1657 1901 ] [    0    0    0 ] [      0      0      0 ] [ 0 ],drive [ 33 ] [ 0 ] [ 1368 1653 1901 ] [   63   30    9 ] [  14444   5851   7361 ] [ 0 ],1.10,1.30,1.30,1.10,10.88,26.36,0.00,0.00,0.00,0.00,0.00,-0.00,0.00,0.00,0.00,0.00,0.00,0.00,-0.00,-0.00,0.00,0
2.05818,8,24,105,0,DRIVE [ 34 ] [ 1 ] [ 1361 1660 1901 ] [    0    0    0 ] [      0      0      0 ] [ 0 ],drive [ 33 ] [ 0 ] [ 1364 1657 1901 ] [   63   30    9 ] [  14444   5851   7361 ] [ 0 ],1.10,1.30,1.30,1.10,10.93,25.96,0.00,0.00,0.00,0.00,0.00,-0.00,0.00,0.00,0.00,0.00,0.00,0.00,-0.00,-0.00,0.00,0
2.07018,8,23,104,0,DRIVE [ 34 ] [ 1 ] [ 1362 1662 1901 ] [    0    0    0 ] [      0      0      0 ] [ 0 ],drive [ 34 ] [ 0 ] [ 1361 1660 1901 ] [   63   30    9 ] [  14444   5851   7361 ] [ 0 ],1.10,1.30,1.30,1.10,10.82,25.53,0.00,0.00,0.00,0.00,0.00,-0.00,0.00,0.00,0.00,0.00,0.00,0.00,-0.00,-0.00,0.00,0
2.08212,8,23,103,0,DRIVE [ 35 ] [ 1 ] [ 1369 1663 1901 ] [    0    0    0 ] [      0      0      0 ] [ 0 ],drive [ 34 ] [ 0 ] [ 1362 1662 1901 ] [   63   30    9 ] [  14558   5681   7361 ] [ 0 ],1.10,1.30,1.30,1.10,10.53,25.00,0.00,0.00,0.00,0.00,0.00,-0.00,0.00,0.00,0.00,0.00,0.00,0.00,-0.00,-0.00,0.00,0
2.09248,8,22,101,0,DRIVE [ 35 ] [ 1 ] [ 1382 1663 1901 ] [    0    0    0 ] [      0      0      0 ] [ 0 ],drive [ 35 ] [ 0 ] [ 1369 1663 1901 ] [   63   25   13 ] [  14558   5681   7361 ] [ 0 ],1.10,1.30,1.30,1.10,9.98,24.39,0.00,0.00,0.00,0.00,0.00,-0.00,0.00,0.00,0.00,0.00,0.00,0.00,-0.00,-0.00,0.00,0
2.10181,7,22,100,0,DRIVE [ 36 ] [ 1 ] [ 1403 1660 1901 ] [    0    0    0 ] [      0      0      0 ] [ 0 ],drive [ 35 ] [ 0 ] [ 1382 1663 1901 ] [   63   25   13 ] [  14558   5681   7361 ] [ 0 ],1.10,1.30,1.30,1.10,9.09,23.72,0.00,0.00,0.00,0.00,0.00,-0.00,0.00,0.00,0.00,0.00,0.00,0.00,-0.00,-0.00,0.00,0
2.11377,6,21,99,0,DRIVE [ 36 ] [ 1 ] [ 1432 1653 1901 ] [    0    0    0 ] [      0      0      0 ] [ 0 ],drive [ 36 ] [ 0 ] [ 1403 1660 1901 ] [   63   25   13 ] [  14558   5681   7361 ] [ 0 ],1.10,1.30,1.30,1.10,7.88,23.06,0.00,0.00,0.00,0.00,0.00,-0.00,0.00,0.00,0.00,0.00,0.00,0.00,-0.00,-0.00,0.00,0
2.12611,5,20,98,0,DRIVE [ 37 ] [ 1 ] [ 1465 1646 1901 ] [    0    0    0 ] [      0      0      0 ] [ 0 ],drive [ 36 ] [ 0 ] [ 1432 1653 1901 ] [   63   25   13 ] [  14901   5471   7281 ] [ 0 ],1.10,1.30,1.30,1.10,6.52,22.28,0.00,0.00,0.00,0.00,0.00,-0.00,0.00,0.00,0.00,0.00,0.00,0.00,-0.00,-0.00,0.00,0
2.13789,4,19,97,0,DRIVE [ 37 ] [ 1 ] [ 1499 1638 1901 ] [    0    0    0 ] [      0      0      0 ] [ 0 ],drive [ 37 ] [ 0 ] [ 1465 1646 1901 ] [   59   38   13 ] [  14901   5471   7281 ] [ 0 ],1.10,1.30,1.30,1.10,5.13,21.45,0.00,0.00,0.00,0.00,0.00,-0.00,0.00,0.00,0.00,0.00,0.00,0.00,-0.00,-0.00,0.00,0
2.15018,3,19,96,0,DRIVE [ 38 ] [ 1 ] [ 1531 1632 1901 ] [    0    0    0 ] [      0      0      0 ] [ 0 ],drive [ 37 ] [ 0 ] [ 1499 1638 1901 ] [   59   38   13 ] [  14901   5471   7281 ] [ 0 ],1.10,1.30,1.30,1.10,3.87,20.54,0.00,0.00,0.00,0.00,0.00,-0.00,0.00,0.00,0.00,0.00,0.00,0.00,-0.00,-0.00,0.00,0
2.16009,2,18,95,0,DRIVE [ 38 ] [ 1 ] [ 1560 1628 1901 ] [    0    0    0 ] [      0      0      0 ] [ 0 ],drive [ 38 ] [ 0 ] [ 1531 1632 1901 ] [   59   38   13 ] [  14901   5471   7281 ] [ 0 ],1.10,1.30,1.30,1.10,2.78,19.67,0.00,0.00,0.00,0.00,0.00,-0.00,0.00,0.00,0.00,0.00,0.00,0.00,-0.00,-0.00,0.00,0
2.1699,1,17,94,0,DRIVE [ 39 ] [ 1 ] [ 1587 1626 1901 ] [    0    0    0 ] [      0      0      0 ] [ 0 ],drive [ 38 ] [ 0 ] [ 1560 1628 1901 ] [   59   38   13 ] [  14896   5455   7237 ] [ 0 ],1.10,1.30,1.30,1.10,1.85,18.73,0.00,0.00,0.00,0.00,0.00,-0.00,0.00,0.00,0.00,0.00,0.00,0.00,-0.00,-0.00,0.00,0
2.18194,1,16,93,0,DRIVE [ 39 ] [ 1 ] [ 1613 1625 1901 ] [    0    0    0 ] [      0      0      0 ] [ 0 ],drive [ 39 ] [ 0 ] [ 1587 1626 1901 ] [   59   38   13 ] [  14896   5455   7237 ] [ 0 ],1.10,1.30,1.30,1.10,1.00,17.79,0.00,0.00,0.00,0.00,0.00,-0.00,0.00,0.00,0.00,0.00,0.00,0.00,-0.00,-0.00,0.00,0
2.19396,0,15,93,0,DRIVE [ 40 ] [ 1 ] [ 1639 1624 1901 ] [    0    0    0 ] [      0      0      0 ] [ 0 ],drive [ 39 ] [ 0 ] [ 1613 1625 1901 ] [   38   40   14 ] [  14896   5455   7237 ] [ 0 ],1.10,1.30,1.30,1.10,0.16,16.81,0.00,0.00,0.00,0.00,0.00,-0.00,0.00,0.00,0.00,0.00,0.00,0.00,-0.00,-0.00,0.00,0
2.20615,-1,14,92,0,DRIVE [ 40 ] [ 1 ] [ 1665 1624 1901 ] [    0    0    0 ] [      0      0      0 ] [ 0 ],drive [ 40 ] [ 0 ] [ 1639 1624 1901 ] [   38   40   14 ] [  14896   5455   7237 ] [ 0 ],1.10,1.30,1.30,1.10,-0.61,15.80,0.00,0.00,0.00,0.00,0.00,-0.00,0.00,0.00,0.00,0.00,0.00,0.00,0.00,-0.00,0.00,0
2.21806,-1,13,91,0,DRIVE [ 41 ] [ 1 ] [ 1691 1624 1901 ] [    0    0    0 ] [      0      0      0 ] [ 0 ],drive [ 40 ] [ 0 ] [ 1665 1624 1901 ] [   38   40   14 ] [  14896   5455   7237 ] [ 0 ],1.10,1.30,1.30,1.10,-1.39,14.77,0.00,0.00,0.00,0.00,0.00,-0.00,0.00,0.00,0.00,0.00,0.00,0.00,0.00,-0.00,0.00,0
2.22764,-2,12,90,0,DRIVE [ 41 ] [ 1 ] [ 1718 1623 1901 ] [    0    0    0 ] [      0      0      0 ] [ 0 ],drive [ 41 ] [ 0 ] [ 1691 1624 1901 ] [   38   40   14 ] [  14874   5455   7234 ] [ 0 ],1.10,1.30,1.30,1.10,-2.19,13.72,0.00,0.00,0.00,0.00,0.00,-0.00,0.00,0.00,0.00,0.00,0.00,0.00,0.00,-0.00,0.00,0
2.2378,-3,12,89,0,DRIVE [ 42 ] [ 1 ] [ 1744 1621 1901 ] [    0    0    0 ] [      0      0      0 ] [ 0 ],drive [ 41 ] [ 0 ] [ 1718 1623 1901 ] [   19   41   16 ] [  14874   5455   7234 ] [ 0 ],1.10,1.30,1.30,1.10,-2.97,12.65,0.00,0.00,0.00,0.00,0.00,-0.00,0.00,0.00,0.00,0.00,0.00,0.00,0.00,-0.00,0.00,0
2.25016,-3,11,88,0,DRIVE [ 42 ] [ 1 ] [ 1770 1619 1901 ] [    0    0    0 ] [      0      0      0 ] [ 0 ],drive [ 42 ] [ 0 ] [ 1744 1621 1901 ] [   19   41   16 ] [  14874   5455   7234 ] [ 0 ],1.10,1.30,1.30,1.10,-3.72,11.56,0.00,0.00,0.00,0.00,0.00,-0.00,0.00,0.00,0.00,0.00,0.00,0.00,0.00,-0.00,0.00,0
2.26228,-4,10,88,0,DRIVE [ 43 ] [ 1 ] [ 1794 1617 1901 ] [    0    0    0 ] [      0      0      0 ] [ 0 ],drive [ 42 ] [ 0 ] [ 1770 1619 1901 ] [   19   41   16 ] [  14874   5455   7234 ] [ 0 ],1.10,1.30,1.30,1.10,-4.38,10.47,0.00,0.00,0.00,0.00,0.00,-0.00,0.00,0.00,0.00,0.00,0.00,0.00,0.00,-0.00,0.00,0
2.27399,-5,9,87,0,DRIVE [ 43 ] [ 1 ] [ 1817 1616 1901 ] [    0    0    0 ] [      0      0      0 ] [ 0 ],drive [ 43 ] [ 0 ] [ 1794 1617 1901 ] [   19   41   16 ] [  14775   5455   7233 ] [ 0 ],1.10,1.30,1.30,1.10,-4.95,9.42,0.00,0.00,0.00,0.00,0.00,-0.00,0.00,0.00,0.00,0.00,0.00,0.00,0.00,-0.00,0.00,0
2.28401,-5,8,86,0,DRIVE [ 44 ] [ 1 ] [ 1838 1613 1901 ] [    0    0    0 ] [      0      0      0 ] [ 0 ],drive [ 43 ] [ 0 ] [ 1817 1616 1901 ] [   19   41   16 ] [  14775   5455   7233 ] [ 0 ],1.10,1.30,1.30,1.10,-5.45,8.37,0.00,0.00,0.00,0.00,0.00,-0.00,0.00,0.00,0.00,0.00,0.00,0.00,0.00,-0.00,0.00,0
2.29405,-5,7,85,0,DRIVE [ 44 ] [ 1 ] [ 1858 1610 1901 ] [    0    0    0 ] [      0      0      0 ] [ 0 ],drive [ 44 ] [ 0 ] [ 1838 1613 1901 ] [   24   42   15 ] [  14775   5455   7233 ] [ 0 ],1.10,1.30,1.30,1.10,-5.89,7.31,0.00,0.00,0.00,0.00,0.00,-0.00,0.00,0.00,0.00,0.00,0.00,0.00,0.00,-0.00,0.00,0
2.30598,-6,6,84,0,DRIVE [ 45 ] [ 1 ] [ 1878 1604 1901 ] [    0    0    0 ] [      0      0      0 ] [ 0 ],drive [ 44 ] [ 0 ] [ 1858 1610 1901 ] [   24   42   15 ] [  14775   5455   7233 ] [ 0 ],1.10,1.30,1.30,1.10,-6.32,6.24,0.00,0.00,0.00,0.00,0.00,-0.00,0.00,0.00,0.00,0.00,0.00,0.00,0.00,-0.00,0.00,0
2.31813,-6,5,84,0,DRIVE [ 45 ] [ 1 ] [ 1899 1595 1901 ] [    0    0    0 ] [      0      0      0 ] [ 0 ],drive [ 45 ] [ 0 ] [ 1878 1604 1901 ] [   24   42   15 ] [  14775   5455   7233 ] [ 0 ],1.10,1.30,1.30,1.10,-6.74,5.17,0.00,0.00,0.00,0.00,0.00,-0.00,0.00,0.00,0.00,0.00,0.00,0.00,0.00,-0.00,0.00,0
2.33,-7,4,83,0,DRIVE [ 46 ] [ 1 ] [ 1899 1607 1893 ] [    0    0    0 ] [      0      0      0 ] [ 0 ],drive [ 45 ] [ 0 ] [ 1899 1595 1901 ] [   24   42   15 ] [  14569   5455   7236 ] [ 0 ],1.10,1.30,1.30,1.10,-7.16,4.09,0.00,0.00,0.00,0.00,0.00,-0.00,0.00,0.00,0.00,0.00,0.00,0.00,0.00,-0.00,0.00,0
2.3418,-7,3,82,0,DRIVE [ 46 ] [ 1 ] [ 1899 1627 1875 ] [    0    0    0 ] [      0      0      0 ] [ 0 ],drive [ 46 ] [ 0 ] [ 1899 1607 1893 ] [   15   42   13 ] [  14569   5455   7236 ] [ 0 ],1.10,1.30,1.30,1.10,-7.51,3.03,0.00,0.00,0.00,0.00,0.00,-0.00,0.00,0.00,0.00,0.00,0.00,0.00,0.00,-0.00,0.00,0
2.35207,-7,2,82,0,DRIVE [ 47 ] [ 1 ] [ 1899 1643 1857 ] [    0    0    0 ] [      0      0      0 ] [ 0 ],drive [ 46 ] [ 0 ] [ 1899 1627 1875 ] [   15   42   13 ] [  14569   5455   7236 ] [ 0 ],1.10,1.30,1.30,1.10,-7.83,1.99,0.00,0.00,0.00,0.00,0.00,-0.00,0.00,0.00,0.00,0.00,0.00,0.00,0.00,0.00,0.00,0
2.3624,-7,1,81,0,DRIVE [ 47 ] [ 1 ] [ 1899 1656 1840 ] [    0    0    0 ] [      0      0      0 ] [ 0 ],drive [ 47 ] [ 0 ] [ 1899 1643 1857 ] [   15   42   13 ] [  14569   5455   7236 ] [ 0 ],1.10,1.30,1.30,1.10,-8.07,1.01,0.00,0.00,0.00,0.00,0.00,-0.00,0.00,0.00,0.00,0.00,0.00,0.00,0.00,0.00,0.00,0
2.37387,-8,0,80,0,DRIVE [ 48 ] [ 1 ] [ 1899 1667 1822 ] [    0    0    0 ] [      0      0      0 ] [ 0 ],drive [ 47 ] [ 0 ] [ 1899 1656 1840 ] [   15   42   13 ] [  14196   5455   7257 ] [ 0 ],1.10,1.30,1.30,1.10,-8.26,0.08,0.00,0.00,0.00,0.00,0.00,-0.00,0.00,0.00,0.00,0.00,0.00,0.00,0.00,0.00,0.00,0
2.38608,-8,-1,79,0,DRIVE [ 48 ] [ 1 ] [ 1899 1677 1802 ] [    0    0    0 ] [      0      0      0 ] [ 0 ],drive [ 48 ] [ 0 ] [ 1899 1667 1822 ] [   15   42   13 ] [  14196   5455   7257 ] [ 0 ],1.10,1.30,1.30,1.10,-8.40,-0.98,0.00,0.00,0.00,0.00,0.00,-0.00,0.00,0.00,0.00,0.00,0.00,0.00,0.00,0.00,0.00,0
2.39794,-8,-2,79,0,DRIVE [ 49 ] [ 1 ] [ 1899 1686 1779 ] [    0    0    0 ] [      0      0      0 ] [ 0 ],drive [ 48 ] [ 0 ] [ 1899 1677 1802 ] [   29   37    8 ] [  14196   5455   7257 ] [ 0 ],1.10,1.30,1.30,1.10,-8.52,-2.05,0.00,0.00,0.00,0.00,0.00,-0.00,0.00,0.00,0.00,0.00,0.00,0.00,0.00,0.00,0.00,0
2.40992,-8,-2,78,0,DRIVE [ 49 ] [ 1 ] [ 1899 1692 1755 ] [    0    0    0 ] [      0      0      0 ] [ 0 ],drive [ 49 ] [ 0 ] [ 1899 1686 1779 ] [   29   37    8 ] [  14196   5455   7257 ] [ 0 ],1.10,1.30,1.30,1.10,-8.64,-3.11,0.00,0.00,0.00,0.00,0.00,-0.00,0.00,0.00,0.00,0.00,0.00,0.00,0.00,0.00,0.00,0
2.42038,-8,-3,78,0,DRIVE [ 50 ] [ 1 ] [ 1899 1696 1730 ] [    0    0    0 ] [      0      0      0 ] [ 0 ],drive [ 49 ] [ 0 ] [ 1899 1692 1755 ] [   29   37    8 ] [  14097   5444   7360 ] [ 0 ],1.10,1.30,1.30,1.10,-8.76,-4.13,0.00,0.00,0.00,0.00,0.00,-0.00,0.00,0.00,0.00,0.00,0.00,0.00,0.00,0.00,0.00,0
2.43058,-8,-4,77,0,DRIVE [ 50 ] [ 1 ] [ 1899 1697 1706 ] [    0    0    0 ] [      0      0      0 ] [ 0 ],drive [ 50 ] [ 0 ] [ 1899 1696 1730 ] [   29   37    8 ] [  14097   5444   7360 ] [ 0 ],1.10,1.30,1.30,1.10,-8.92,-5.01,0.00,0.00,0.00,0.00,0.00,-0.00,0.00,0.00,0.00,0.00,0.00,0.00,0.00,0.00,0.00,0
2.44185,-8,-4,76,0,DRIVE [ 51 ] [ 1 ] [ 1899 1696 1684 ] [    0    0    0 ] [      0      0      0 ] [ 0 ],drive [ 50 ] [ 0 ] [ 1899 1697 1706 ] [    4   28   37 ] [  14097   5444   7360 ] [ 0 ],1.10,1.30,1.30,1.10,-9.07,-5.76,0.00,0.00,0.00,0.00,0.00,-0.00,0.00,0.00,0.00,0.00,0.00,0.00,0.00,0.00,0.00,0
2.45411,-8,-5,76,0,DRIVE [ 51 ] [ 1 ] [ 1899 1693 1666 ] [    0    0    0 ] [      0      0      0 ] [ 0 ],drive [ 51 ] [ 0 ] [ 1899 1696 1684 ] [    4   28   37 ] [  14097   5444   7360 ] [ 0 ],1.10,1.30,1.30,1.10,-9.24,-6.34,0.00,0.00,0.00,0.00,0.00,-0.00,0.00,0.00,0.00,0.00,0.00,0.00,0.00,0.00,0.00,0
2.46599,-9,-5,75,0,DRIVE [ 52 ] [ 1 ] [ 1899 1690 1654 ] [    0    0    0 ] [      0      0      0 ] [ 0 ],drive [ 51 ] [ 0 ] [ 1899 1693 1666 ] [    4   28   37 ] [  14097   5444   7360 ] [ 0 ],1.10,1.30,1.30,1.10,-9.39,-6.66,0.00,0.00,0.00,0.00,0.00,-0.00,0.00,0.00,0.00,0.00,0.00,0.00,0.00,0.00,0.00,0
2.47742,-9,-5,74,0,DRIVE [ 52 ] [ 1 ] [ 1899 1685 1648 ] [    0    0    0 ] [      0      0      0 ] [ 0 ],drive [ 52 ] [ 0 ] [ 1899 1690 1654 ] [    4   28   37 ] [  13936   5230   7619 ] [ 0 ],1.10,1.30,1.30,1.10,-9.51,-6.76,0.00,0.00,0.00,0.00,0.00,-0.00,0.00,0.00,0.00,0.00,0.00,0.00,0.00,0.00,0.00,0
2.48864,-9,-5,74,0,DRIVE [ 53 ] [ 1 ] [ 1899 1683 1647 ] [    0    0    0 ] [      0      0      0 ] [ 0 ],drive [ 52 ] [ 0 ] [ 1899 1685 1648 ] [    5   22   27 ] [  13936   5230   7619 ] [ 0 ],1.10,1.30,1.30,1.10,-9.53,-6.71,0.00,0.00,0.00,0.00,0.00,-0.00,0.00,0.00,0.00,0.00,0.00,0.00,0.00,0.00,0.00,0
2.4988,-9,-5,73,0,DRIVE [ 53 ] [ 1 ] [ 1899 1683 1647 ] [    0    0    0 ] [      0      0      0 ] [ 0 ],drive [ 53 ] [ 0 ] [ 1899 1683 1647 ] [    5   22   27 ] [  13936   5230   7619 ] [ 0 ],1.10,1.30,1.30,1.10,-9.46,-6.66,0.00,0.00,0.00,0.00,0.00,-0.00,0.00,0.00,0.00,0.00,0.00,0.00,0.00,0.00,0.00,0
2.51028,-8,-5,72,0,DRIVE [ 54 ] [ 1 ] [ 1899 1685 1644 ] [    0    0    0 ] [      0      0      0 ] [ 0 ],drive [ 53 ] [ 0 ] [ 1899 1683 1647 ] [    5   22   27 ] [  13936   5230   7619 ] [ 0 ],1.10,1.30,1.30,1.10,-9.30,-6.71,0.00,0.00,0.00,0.00,0.00,-0.00,0.00,0.00,0.00,0.00,0.00,0.00,0.00,0.00,0.00,0
2.5222,-8,-5,72,0,DRIVE [ 54 ] [ 1 ] [ 1899 1689 1641 ] [    0    0    0 ] [      0      0      0 ] [ 0 ],drive [ 54 ] [ 0 ] [ 1899 1685 1644 ] [    5   22   27 ] [  13793   5211   7790 ] [ 0 ],1.10,1.30,1.30,1.10,-9.10,-6.82,0.00,0.00,0.00,0.00,0.00,-0.00,0.00,0.00,0.00,0.00,0.00,0.00,0.00,0.00,0.00,0
2.53446,-8,-5,71,0,DRIVE [ 55 ] [ 1 ] [ 1899 1694 1635 ] [    0    0    0 ] [      0      0      0 ] [ 0 ],drive [ 54 ] [ 0 ] [ 1899 1689 1641 ] [    5   22   27 ] [  13793   5211   7790 ] [ 0 ],1.10,1.30,1.30,1.10,-8.88,-7.00,0.00,0.00,0.00,0.00,0.00,-0.00,0.00,0.00,0.00,0.00,0.00,0.00,0.00,0.00,0.00,0
2.54435,-8,-6,71,0,DRIVE [ 55 ] [ 1 ] [ 1899 1698 1627 ] [    0    0    0 ] [      0      0      0 ] [ 0 ],drive [ 55 ] [ 0 ] [ 1899 1694 1635 ] [   22   22   40 ] [  13793   5211   7790 ] [ 0 ],1.10,1.30,1.30,1.10,-8.68,-7.24,0.00,0.00,0.00,0.00,0.00,-0.00,0.00,0.00,0.00,0.00,0.00,0.00,0.00,0.00,0.00,0
2.55419,-8,-6,70,0,DRIVE [ 56 ] [ 1 ] [ 1899 1703 1619 ] [    0    0    0 ] [      0      0      0 ] [ 0 ],drive [ 55 ] [ 0 ] [ 1899 1698 1627 ] [   22   22   40 ] [  13793   5211   7790 ] [ 0 ],1.10,1.30,1.30,1.10,-8.47,-7.49,0.00,0.00,0.00,0.00,0.00,-0.00,0.00,0.00,0.00,0.00,0.00,0.00,0.00,0.00,0.00,0
2.56636,-8,-6,70,0,DRIVE [ 56 ] [ 1 ] [ 1899 1708 1610 ] [    0    0    0 ] [      0      0      0 ] [ 0 ],drive [ 56 ] [ 0 ] [ 1899 1703 1619 ] [   22   22   40 ] [  13793   5211   7790 ] [ 0 ],1.10,1.30,1.30,1.10,-8.26,-7.74,0.00,0.00,0.00,0.00,0.00,-0.00,0.00,0.00,0.00,0.00,0.00,0.00,0.00,0.00,0.00,0
2.57797,-7,-6,69,0,DRIVE [ 57 ] [ 1 ] [ 1899 1712 1602 ] [    0    0    0 ] [      0      0      0 ] [ 0 ],drive [ 56 ] [ 0 ] [ 1899 1708 1610 ] [   22   22   40 ] [  13778   5211   7812 ] [ 0 ],1.10,1.30,1.30,1.10,-8.05,-7.95,0.00,0.00,0.00,0.00,0.00,-0.00,0.00,0.00,0.00,0.00,0.00,0.00,0.00,0.00,0.00,0
2.59026,-7,-6,69,0,DRIVE [ 57 ] [ 1 ] [ 1899 1716 1596 ] [    0    0    0 ] [      0      0      0 ] [ 0 ],drive [ 57 ] [ 0 ] [ 1899 1712 1602 ] [    6   21   27 ] [  13778   5211   7812 ] [ 0 ],1.10,1.30,1.30,1.10,-7.84,-8.10,0.00,0.00,0.00,0.00,0.00,-0.00,0.00,0.00,0.00,0.00,0.00,0.00,0.00,0.00,0.00,0
2.60112,-7,-6,68,0,DRIVE [ 58 ] [ 1 ] [ 1899 1721 1591 ] [    0    0    0 ] [      0      0      0 ] [ 0 ],drive [ 57 ] [ 0 ] [ 1899 1716 1596 ] [    6   21   27 ] [  13778   5211   7812 ] [ 0 ],1.10,1.30,1.30,1.10,-7.58,-8.21,0.00,0.00,0.00,0.00,0.00,-0.00,0.00,0.00,0.00,0.00,0.00,0.00,0.00,0.00,0.00,0
2.61239,-7,-6,67,0,DRIVE [ 58 ] [ 1 ] [ 1899 1727 1588 ] [    0    0    0 ] [      0      0      0 ] [ 0 ],drive [ 58 ] [ 0 ] [ 1899 1721 1591 ] [    6   21   27 ] [  13778   5211   7812 ] [ 0 ],1.10,1.30,1.30,1.10,-7.32,-8.25,0.00,0.00,0.00,0.00,0.00,-0.00,0.00,0.00,0.00,0.00,0.00,0.00,0.00,0.00,0.00,0
2.6221,-6,-6,67,0,DRIVE [ 59 ] [ 1 ] [ 1899 1733 1588 ] [    0    0    0 ] [      0      0      0 ] [ 0 ],drive [ 58 ] [ 0 ] [ 1899 1727 1588 ] [    6   21   27 ] [  13687   5185   7875 ] [ 0 ],1.10,1.30,1.30,1.10,-7.01,-8.20,0.00,0.00,0.00,0.00,0.00,-0.00,0.00,0.00,0.00,0.00,0.00,0.00,0.00,0.00,0.00,0
2.63436,-6,-6,66,0,DRIVE [ 59 ] [ 1 ] [ 1899 1737 1594 ] [    0    0    0 ] [      0      0      0 ] [ 0 ],drive [ 59 ] [ 0 ] [ 1899 1733 1588 ] [    6   21   27 ] [  13687   5185   7875 ] [ 0 ],1.10,1.30,1.30,1.10,-6.74,-8.00,0.00,0.00,0.00,0.00,0.00,-0.00,0.00,0.00,0.00,0.00,0.00,0.00,0.00,0.00,0.00,0
2.64592,-6,-6,66,0,DRIVE [ 60 ] [ 1 ] [ 1899 1740 1606 ] [    0    0    0 ] [      0      0      0 ] [ 0 ],drive [ 59 ] [ 0 ] [ 1899 1737 1594 ] [   24   38   38 ] [  13687   5185   7875 ] [ 0 ],1.10,1.30,1.30,1.10,-6.52,-7.59,0.00,0.00,0.00,0.00,0.00,-0.00,0.00,0.00,0.00,0.00,0.00,0.00,0.00,0.00,0.00,0
2.65835,-6,-5,65,0,DRIVE [ 60 ] [ 1 ] [ 1899 1742 1620 ] [    0    0    0 ] [      0      0      0 ] [ 0 ],drive [ 60 ] [ 0 ] [ 1899 1740 1606 ] [   24   38   38 ] [  13687   5185   7875 ] [ 0 ],1.10,1.30,1.30,1.10,-6.35,-7.12,0.00,0.00,0.00,0.00,0.00,-0.00,0.00,0.00,0.00,0.00,0.00,0.00,0.00,0.00,0.00,0
2.66968,-6,-5,64,0,DRIVE [ 61 ] [ 1 ] [ 1899 1741 1638 ] [    0    0    0 ] [      0      0      0 ] [ 0 ],drive [ 60 ] [ 0 ] [ 1899 1742 1620 ] [   24   38   38 ] [  13687   5185   7875 ] [ 0 ],1.10,1.30,1.30,1.10,-6.24,-6.54,0.00,0.00,0.00,0.00,0.00,-0.00,0.00,0.00,0.00,0.00,0.00,0.00,0.00,0.00,0.00,0
2.67949,-6,-5,63,0,DRIVE [ 61 ] [ 1 ] [ 1899 1740 1657 ] [    0    0    0 ] [      0      0      0 ] [ 0 ],drive [ 61 ] [ 0 ] [ 1899 1741 1638 ] [   24   38   38 ] [  13604   5002   8047 ] [ 0 ],1.10,1.30,1.30,1.10,-6.15,-5.94,0.00,0.00,0.00,0.00,0.00,-0.00,0.00,0.00,0.00,0.00,0.00,0.00,0.00,0.00,0.00,0
2.69026,-5,-4,63,0,DRIVE [ 62 ] [ 1 ] [ 1899 1740 1675 ] [    0    0    0 ] [      0      0      0 ] [ 0 ],drive [ 61 ] [ 0 ] [ 1899 1740 1657 ] [   21   27   23 ] [  13604   5002   8047 ] [ 0 ],1.10,1.30,1.30,1.10,-6.00,-5.37,0.00,0.00,0.00,0.00,0.00,-0.00,0.00,0.00,0.00,0.00,0.00,0.00,0.00,0.00,0.00,0
2.7023,-5,-4,62,0,DRIVE [ 62 ] [ 1 ] [ 1899 1741 1692 ] [    0    0    0 ] [      0      0      0 ] [ 0 ],drive [ 62 ] [ 0 ] [ 1899 1740 1675 ] [   21   27   23 ] [  13604   5002   8047 ] [ 0 ],1.10,1.30,1.30,1.10,-5.82,-4.83,0.00,0.00,0.00,0.00,0.00,-0.00,0.00,0.00,0.00,0.00,0.00,0.00,0.00,0.00,0.00,0
2.71417,-5,-3,61,0,DRIVE [ 63 ] [ 1 ] [ 1899 1743 1710 ] [    0    0    0 ] [      0      0      0 ] [ 0 ],drive [ 62 ] [ 0 ] [ 1899 1741 1692 ] [   21   27   23 ] [  13604   5002   8047 ] [ 0 ],1.10,1.30,1.30,1.10,-5.62,-4.30,0.00,0.00,0.00,0.00,0.00,-0.00,0.00,0.00,0.00,0.00,0.00,0.00,0.00,0.00,0.00,0
2.72641,-5,-3,60,0,DRIVE [ 63 ] [ 1 ] [ 1899 1744 1727 ] [    0    0    0 ] [      0      0      0 ] [ 0 ],drive [ 63 ] [ 0 ] [ 1899 1743 1710 ] [   21   27   23 ] [  13490   4996   8044 ] [ 0 ],1.10,1.30,1.30,1.10,-5.41,-3.78,0.00,0.00,0.00,0.00,0.00,-0.00,0.00,0.00,0.00,0.00,0.00,0.00,0.00,0.00,0.00,0
2.73665,-5,-3,60,0,DRIVE [ 64 ] [ 1 ] [ 1899 1745 1744 ] [    0    0    0 ] [      0      0      0 ] [ 0 ],drive [ 63 ] [ 0 ] [ 1899 1744 1727 ] [    5   28   16 ] [  13490   4996   8044 ] [ 0 ],1.10,1.30,1.30,1.10,-5.21,-3.26,0.00,0.00,0.00,0.00,0.00,-0.00,0.00,0.00,0.00,0.00,0.00,0.00,0.00,0.00,0.00,0
2.74646,-5,-2,59,0,DRIVE [ 64 ] [ 1 ] [ 1899 1745 1761 ] [    0    0    0 ] [      0      0      0 ] [ 0 ],drive [ 64 ] [ 0 ] [ 1899 1745 1744 ] [    5   28   16 ] [  13490   4996   8044 ] [ 0 ],1.10,1.30,1.30,1.10,-5.03,-2.72,0.00,0.00,0.00,0.00,0.00,-0.00,0.00,0.00,0.00,0.00,0.00,0.00,0.00,0.00,0.00,0
2.75809,-4,-2,58,0,DRIVE [ 65 ] [ 1 ] [ 1899 1743 1780 ] [    0    0    0 ] [      0      0      0 ] [ 0 ],drive [ 64 ] [ 0 ] [ 1899 1745 1761 ] [    5   28   16 ] [  13490   4996   8044 ] [ 0 ],1.10,1.30,1.30,1.10,-4.86,-2.13,0.00,0.00,0.00,0.00,0.00,-0.00,0.00,0.00,0.00,0.00,0.00,0.00,0.00,0.00,0.00,0
2.77031,-4,-1,57,0,DRIVE [ 65 ] [ 1 ] [ 1899 1740 1800 ] [    0    0    0 ] [      0      0      0 ] [ 0 ],drive [ 65 ] [ 0 ] [ 1899 1743 1780 ] [    5   28   16 ] [  13490   4996   8044 ] [ 0 ],1.10,1.30,1.30,1.10,-4.68,-1.49,0.00,0.00,0.00,0.00,0.00,-0.00,0.00,0.00,0.00,0.00,0.00,0.00,0.00,0.00,0.00,0
2.78241,-4,-1,57,0,DRIVE [ 66 ] [ 1 ] [ 1899 1737 1820 ] [    0    0    0 ] [      0      0      0 ] [ 0 ],drive [ 65 ] [ 0 ] [ 1899 1740 1800 ] [    5   28   16 ] [  13489   4995   8038 ] [ 0 ],1.10,1.30,1.30,1.10,-4.44,-0.83,0.00,0.00,0.00,0.00,0.00,-0.00,0.00,0.00,0.00,0.00,0.00,0.00,0.00,0.00,0.00,0
2.7919,-4,0,56,0,DRIVE [ 66 ] [ 1 ] [ 1899 1732 1841 ] [    0    0    0 ] [      0      0      0 ] [ 0 ],drive [ 66 ] [ 0 ] [ 1899 1737 1820 ] [    5   27   13 ] [  13489   4995   8038 ] [ 0 ],1.10,1.30,1.30,1.10,-4.14,-0.14,0.00,0.00,0.00,0.00,0.00,-0.00,0.00,0.00,0.00,0.00,0.00,0.00,0.00,0.00,0.00,0
2.80298,-3,0,55,0,DRIVE [ 67 ] [ 1 ] [ 1899 1728 1859 ] [    0    0    0 ] [      0      0      0 ] [ 0 ],drive [ 66 ] [ 0 ] [ 1899 1732 1841 ] [    5   27   13 ] [  13489   4995   8038 ] [ 0 ],1.10,1.30,1.30,1.10,-3.81,0.45,0.00,0.00,0.00,0.00,0.00,-0.00,0.00,0.00,0.00,0.00,0.00,0.00,0.00,-0.00,0.00,0
2.81427,-3,1,55,0,DRIVE [ 67 ] [ 1 ] [ 1899 1720 1878 ] [    0    0    0 ] [      0      0      0 ] [ 0 ],drive [ 67 ] [ 0 ] [ 1899 1728 1859 ] [    5   27   13 ] [  13489   4995   8038 ] [ 0 ],1.10,1.30,1.30,1.10,-3.44,1.05,0.00,0.00,0.00,0.00,0.00,-0.00,0.00,0.00,0.00,0.00,0.00,0.00,0.00,-0.00,0.00,0
2.82599,-3,1,54,0,DRIVE [ 68 ] [ 1 ] [ 1899 1708 1895 ] [    0    0    0 ] [      0      0      0 ] [ 0 ],drive [ 67 ] [ 0 ] [ 1899 1720 1878 ] [    5   27   13 ] [  13488   4995   8024 ] [ 0 ],1.10,1.30,1.30,1.10,-3.05,1.64,0.00,0.00,0.00,0.00,0.00,-0.00,0.00,0.00,0.00,0.00,0.00,0.00,0.00,-0.00,0.00,0
2.8394,-2,2,54,0,DRIVE [ 68 ] [ 1 ] [ 1897 1705 1895 ] [    0    0    0 ] [      0      0      0 ] [ 0 ],drive [ 68 ] [ 0 ] [ 1899 1708 1895 ] [    5   30   18 ] [  13488   4995   8024 ] [ 0 ],1.10,1.30,1.30,1.10,-2.64,2.20,0.00,0.00,0.00,0.00,0.00,-0.00,0.00,0.00,0.00,0.00,0.00,0.00,0.00,0.00,0.00,0
2.85098,-2,2,53,0,DRIVE [ 69 ] [ 1 ] [ 1877 1718 1895 ] [    0    0    0 ] [      0      0      0 ] [ 0 ],drive [ 68 ] [ 0 ] [ 1897 1705 1895 ] [    5   30   18 ] [  13488   4995   8024 ] [ 0 ],1.10,1.30,1.30,1.10,-2.21,2.74,0.00,0.00,0.00,0.00,0.00,-0.00,0.00,0.00,0.00,0.00,0.00,0.00,0.00,0.00,0.00,0
2.86083,-2,3,52,0,DRIVE [ 69 ] [ 1 ] [ 1856 1727 1895 ] [    0    0    0 ] [      0      0      0 ] [ 0 ],drive [ 69 ] [ 0 ] [ 1877 1718 1895 ] [    5   30   18 ] [  13488   4995   8024 ] [ 0 ],1.10,1.30,1.30,1.10,-1.78,3.26,0.00,0.00,0.00,0.00,0.00,-0.00,0.00,0.00,0.00,0.00,0.00,0.00,0.00,0.00,0.00,0
2.8704,-1,3,52,0,DRIVE [ 70 ] [ 1 ] [ 1834 1732 1895 ] [    0    0    0 ] [      0      0      0 ] [ 0 ],drive [ 69 ] [ 0 ] [ 1856 1727 1895 ] [    5   30   18 ] [  13489   4995   7955 ] [ 0 ],1.10,1.30,1.30,1.10,-1.35,3.72,0.00,0.00,0.00,0.00,0.00,-0.00,0.00,0.00,0.00,0.00,0.00,0.00,0.00,0.00,0.00,0
2.88225,-1,4,51,0,DRIVE [ 70 ] [ 1 ] [ 1811 1736 1895 ] [    0    0    0 ] [      0      0      0 ] [ 0 ],drive [ 70 ] [ 0 ] [ 1834 1732 1895 ] [    5   30   18 ] [  13489   4995   7955 ] [ 0 ],1.10,1.30,1.30,1.10,-0.91,4.16,0.00,0.00,0.00,0.00,0.00,-0.00,0.00,0.00,0.00,0.00,0.00,0.00,0.00,0.00,0.00,0
2.89418,0,4,51,0,DRIVE [ 71 ] [ 1 ] [ 1786 1738 1895 ] [    0    0    0 ] [      0      0      0 ] [ 0 ],drive [ 70 ] [ 0 ] [ 1811 1736 1895 ] [    6   28    4 ] [  13489   4995   7955 ] [ 0 ],1.10,1.30,1.30,1.10,-0.46,4.60,0.00,0.00,0.00,0.00,0.00,-0.00,0.00,0.00,0.00,0.00,0.00,0.00,0.00,0.00,0.00,0
2.90601,0,5,50,0,DRIVE [ 71 ] [ 1 ] [ 1759 1737 1895 ] [    0    0    0 ] [      0      0      0 ] [ 0 ],drive [ 71 ] [ 0 ] [ 1786 1738 1895 ] [    6   28    4 ] [  13489   4995   7955 ] [ 0 ],1.10,1.30,1.30,1.10,-0.03,5.04,0.00,0.00,0.00,0.00,0.00,-0.00,0.00,0.00,0.00,0.00,0.00,0.00,0.00,0.00,0.00,0
2.91817,0,5,50,0,DRIVE [ 72 ] [ 1 ] [ 1730 1735 1895 ] [    0    0    0 ] [      0      0      0 ] [ 0 ],drive [ 71 ] [ 0 ] [ 1759 1737 1895 ] [    6   28    4 ] [  13489   4995   7955 ] [ 0 ],1.10,1.30,1.30,1.10,0.41,5.50,0.00,0.00,0.00,0.00,0.00,-0.00,0.00,0.00,0.00,0.00,0.00,0.00,0.00,0.00,0.00,0
2.92802,1,5,49,0,DRIVE [ 72 ] [ 1 ] [ 1702 1731 1895 ] [    0    0    0 ] [      0      0      0 ] [ 0 ],drive [ 72 ] [ 0 ] [ 1730 1735 1895 ] [    6   28    4 ] [  13504   4986   7926 ] [ 0 ],1.10,1.30,1.30,1.10,0.81,5.96,0.00,0.00,0.00,0.00,0.00,-0.00,0.00,0.00,0.00,0.00,0.00,0.00,0.00,0.00,0.00,0
2.938,1,6,49,1,DRIVE [ 73 ] [ 1 ] [ 1676 1726 1895 ] [    0    0    0 ] [      0      0      0 ] [ 0 ],drive [ 72 ] [ 0 ] [ 1702 1731 1895 ] [   26   33    7 ] [  13504   4986   7926 ] [ 0 ],1.10,1.30,1.30,1.10,1.13,6.37,0.00,0.00,0.00,0.00,0.00,-0.00,0.00,0.00,0.00,0.00,0.00,0.00,0.00,0.00,0.00,0
