timestamp,Xmm,Ymm,Zmm,TouchDetected,OutgoingPacket,IncomingPacket,GainPropAb, GainPropAd, GainPropFl, GainPropEx,PropA, PropB, PropC,GainIntegAb, GainIntegAd, GainIntegFl, GainIntegEx,IntegA, IntegB, IntegC,GainDerivAb, GainDerivAd, GainDerivFl, GainDerivEx,DerivA, DerivB, DerivC,Heading5
0.111349,85,-68,432,0,DRIVE [ 06 ] [ 1 ] [ 1901 1696 1899 ] [    0    0    0 ] [      0      0      0 ] [ 0 ],drive [ 06 ] [ 0 ] [ 1905 1696 1905 ] [   16   43   20 ] [  11070   2868   8944 ] [ 0 ],1.10,1.10,1.10,1.10,93.50,-74.66,0.00,0.00,0.00,0.00,0.00,0.00,0.00,0.00,0.00,0.00,0.00,0.00,0.00,0.00,0.00,0
0.123935,87,-68,438,0,DRIVE [ 07 ] [ 1 ] [ 1896 1696 1893 ] [    0    0    0 ] [      0      0      0 ] [ 0 ],drive [ 06 ] [ 0 ] [ 1901 1696 1899 ] [   21   43    2 ] [  11070   2868   8944 ] [ 0 ],1.10,1.10,1.10,1.10,96.24,-75.20,0.00,0.00,0.00,0.00,0.00,0.00,0.00,0.00,0.00,0.00,0.00,0.00,0.00,0.00,0.00,0
0.137065,86,-67,428,0,DRIVE [ 07 ] [ 1 ] [ 1892 1696 1887 ] [    0    0    0 ] [      0      0      0 ] [ 0 ],drive [ 07 ] [ 0 ] [ 1896 1696 1893 ] [   21   43    2 ] [  11070   2868   8944 ] [ 0 ],1.10,1.10,1.10,1.10,94.53,-73.36,0.00,0.00,0.00,0.00,0.00,0.00,0.00,0.00,0.00,0.00,0.00,0.00,-0.00,0.00,0.00,0
0.150075,86,-67,429,0,DRIVE [ 08 ] [ 1 ] [ 1888 1696 1881 ] [    0    0    0 ] [      0      0      0 ] [ 0 ],drive [ 07 ] [ 0 ] [ 1892 1696 1887 ] [   21   43    2 ] [  11070   2868   8942 ] [ 0 ],1.10,1.10,1.10,1.10,94.97,-73.25,0.00,0.00,0.00,0.00,0.00,0.00,0.00,0.00,0.00,0.00,0.00,0.00,0.00,0.00,0.00,0
0.162952,87,-66,430,0,DRIVE [ 08 ] [ 1 ] [ 1883 1696 1875 ] [    0    0    0 ] [      0      0      0 ] [ 0 ],drive [ 08 ] [ 0 ] [ 1888 1696 1881 ] [   21   43    2 ] [  11070   2868   8942 ] [ 0 ],1.10,1.10,1.10,1.10,95.22,-72.74,0.00,0.00,0.00,0.00,0.00,0.00,0.00,0.00,0.00,0.00,0.00,0.00,-0.00,0.00,0.00,0
0.175915,86,-65,427,0,DRIVE [ 09 ] [ 1 ] [ 1879 1696 1869 ] [    0    0    0 ] [      0      0      0 ] [ 0 ],drive [ 08 ] [ 0 ] [ 1883 1696 1875 ] [   22   44    5 ] [  11070   2868   8942 ] [ 0 ],1.10,1.10,1.10,1.10,94.74,-71.73,0.00,0.00,0.00,0.00,0.00,0.00,0.00,0.00,0.00,0.00,0.00,0.00,-0.00,0.00,0.00,0
0.18841,86,-65,425,0,DRIVE [ 09 ] [ 1 ] [ 1874 1696 1863 ] [    0    0    0 ] [      0      0      0 ] [ 0 ],drive [ 09 ] [ 0 ] [ 1879 1696 1869 ] [   22   44    5 ] [  11070   2868   8942 ] [ 0 ],1.10,1.10,1.10,1.10,94.45,-70.97,0.00,0.00,0.00,0.00,0.00,0.00,0.00,0.00,0.00,0.00,0.00,0.00,-0.00,0.00,0.00,0
0.201474,87,-65,427,0,DRIVE [ 10 ] [ 1 ] [ 1869 1696 1857 ] [    0    0    0 ] [      0      0      0 ] [ 0 ],drive [ 09 ] [ 0 ] [ 1874 1696 1863 ] [   22   44    5 ] [  11074   2868   8947 ] [ 0 ],1.10,1.10,1.10,1.10,95.19,-70.98,0.00,0.00,0.00,0.00,0.00,0.00,0.00,0.00,0.00,0.00,0.00,0.00,-0.00,0.00,0.00,0
0.214444,86,-64,425,0,DRIVE [ 10 ] [ 1 ] [ 1865 1696 1851 ] [    0    0    0 ] [      0      0      0 ] [ 0 ],drive [ 10 ] [ 0 ] [ 1869 1696 1857 ] [   22   44    5 ] [  11074   2868   8947 ] [ 0 ],1.10,1.10,1.10,1.10,95.13,-70.29,0.00,0.00,0.00,0.00,0.00,0.00,0.00,0.00,0.00,0.00,0.00,0.00,-0.00,0.00,0.00,0
0.227456,87,-63,424,0,DRIVE [ 11 ] [ 1 ] [ 1860 1696 1845 ] [    0    0    0 ] [      0      0      0 ] [ 0 ],drive [ 10 ] [ 0 ] [ 1865 1696 1851 ] [   22   44    5 ] [  11074   2868   8947 ] [ 0 ],1.10,1.10,1.10,1.10,95.29,-69.68,0.00,0.00,0.00,0.00,0.00,0.00,0.00,0.00,0.00,0.00,0.00,0.00,-0.00,0.00,0.00,0
0.24049,87,-63,426,0,DRIVE [ 11 ] [ 1 ] [ 1855 1696 1840 ] [    0    0    0 ] [      0      0      0 ] [ 0 ],drive [ 11 ] [ 0 ] [ 1860 1696 1845 ] [   22   44    5 ] [  11074   2868   8947 ] [ 0 ],1.10,1.10,1.10,1.10,96.17,-69.45,0.00,0.00,0.00,0.00,0.00,0.00,0.00,0.00,0.00,0.00,0.00,0.00,-0.00,0.00,0.00,0
0.253088,88,-63,426,0,DRIVE [ 12 ] [ 1 ] [ 1850 1696 1834 ] [    0    0    0 ] [      0      0      0 ] [ 0 ],drive [ 11 ] [ 0 ] [ 1855 1696 1840 ] [   22   44    5 ] [  11077   2868   8949 ] [ 0 ],1.10,1.10,1.10,1.10,96.91,-69.04,0.00,0.00,0.00,0.00,0.00,0.00,0.00,0.00,0.00,0.00,0.00,0.00,0.00,0.00,0.00,0
0.266135,89,-62,426,0,DRIVE [ 12 ] [ 1 ] [ 1845 1696 1828 ] [    0    0    0 ] [      0      0      0 ] [ 0 ],drive [ 12 ] [ 0 ] [ 1850 1696 1834 ] [   22   44    5 ] [  11077   2868   8949 ] [ 0 ],1.10,1.10,1.10,1.10,97.96,-68.71,0.00,0.00,0.00,0.00,0.00,0.00,0.00,0.00,0.00,0.00,0.00,0.00,0.00,0.00,0.00,0
0.27921,91,-62,427,0,DRIVE [ 13 ] [ 1 ] [ 1839 1696 1822 ] [    0    0    0 ] [      0      0      0 ] [ 0 ],drive [ 12 ] [ 0 ] [ 1845 1696 1828 ] [   22   44    5 ] [  11077   2868   8949 ] [ 0 ],1.10,1.10,1.10,1.10,99.58,-68.46,0.00,0.00,0.00,0.00,0.00,0.00,0.00,0.00,0.00,0.00,0.00,0.00,0.00,0.00,0.00,0
0.292038,92,-62,427,0,DRIVE [ 13 ] [ 1 ] [ 1833 1696 1816 ] [    0    0    0 ] [      0      0      0 ] [ 0 ],drive [ 13 ] [ 0 ] [ 1839 1696 1822 ] [   22   44    5 ] [  11077   2868   8949 ] [ 0 ],1.10,1.10,1.10,1.10,100.85,-67.81,0.00,0.00,0.00,0.00,0.00,0.00,0.00,0.00,0.00,0.00,0.00,0.00,0.00,0.00,0.00,0
0.305489,93,-60,424,0,DRIVE [ 14 ] [ 1 ] [ 1826 1696 1811 ] [    0    0    0 ] [      0      0      0 ] [ 0 ],drive [ 13 ] [ 0 ] [ 1833 1696 1816 ] [   22   44    5 ] [  11078   2868   8964 ] [ 0 ],1.10,1.10,1.10,1.10,102.37,-66.24,0.00,0.00,0.00,0.00,0.00,0.00,0.00,0.00,0.00,0.00,0.00,0.00,0.00,0.00,0.00,0
0.318186,94,-59,421,0,DRIVE [ 14 ] [ 1 ] [ 1818 1696 1805 ] [    0    0    0 ] [      0      0      0 ] [ 0 ],drive [ 14 ] [ 0 ] [ 1826 1696 1811 ] [   23   44   14 ] [  11078   2868   8964 ] [ 0 ],1.10,1.10,1.10,1.10,103.73,-64.58,0.00,0.00,0.00,0.00,0.00,0.00,0.00,0.00,0.00,0.00,0.00,0.00,0.00,0.00,0.00,0
0.331341,96,-57,418,0,DRIVE [ 15 ] [ 1 ] [ 1811 1696 1800 ] [    0    0    0 ] [      0      0      0 ] [ 0 ],drive [ 14 ] [ 0 ] [ 1818 1696 1805 ] [   23   44   14 ] [  11078   2868   8964 ] [ 0 ],1.10,1.10,1.10,1.10,105.09,-63.05,0.00,0.00,0.00,0.00,0.00,0.00,0.00,0.00,0.00,0.00,0.00,0.00,0.00,0.00,0.00,0
0.344037,98,-56,418,0,DRIVE [ 15 ] [ 1 ] [ 1803 1696 1794 ] [    0    0    0 ] [      0      0      0 ] [ 0 ],drive [ 15 ] [ 0 ] [ 1811 1696 1800 ] [   23   44   14 ] [  11078   2868   8964 ] [ 0 ],1.10,1.10,1.10,1.10,107.63,-61.97,0.00,0.00,0.00,0.00,0.00,0.00,0.00,0.00,0.00,0.00,0.00,0.00,0.00,0.00,0.00,0
0.357002,100,-55,417,0,DRIVE [ 16 ] [ 1 ] [ 1794 1696 1789 ] [    0    0    0 ] [      0      0      0 ] [ 0 ],drive [ 15 ] [ 0 ] [ 1803 1696 1794 ] [   23   44   14 ] [  11082   2868   9005 ] [ 0 ],1.10,1.10,1.10,1.10,109.67,-60.60,0.00,0.00,0.00,0.00,0.00,0.00,0.00,0.00,0.00,0.00,0.00,0.00,0.00,0.00,0.00,0
0.369529,103,-54,419,0,DRIVE [ 16 ] [ 1 ] [ 1784 1696 1784 ] [    0    0    0 ] [      0      0      0 ] [ 0 ],drive [ 16 ] [ 0 ] [ 1794 1696 1789 ] [   24   45   23 ] [  11082   2868   9005 ] [ 0 ],1.10,1.10,1.10,1.10,113.52,-59.50,0.00,0.00,0.00,0.00,0.00,0.00,0.00,0.00,0.00,0.00,0.00,0.00,0.00,0.00,0.00,0
0.382549,105,-53,417,0,DRIVE [ 17 ] [ 1 ] [ 1774 1696 1778 ] [    0    0    0 ] [      0      0      0 ] [ 0 ],drive [ 16 ] [ 0 ] [ 1784 1696 1784 ] [   24   45   23 ] [  11082   2868   9005 ] [ 0 ],1.10,1.10,1.10,1.10,115.71,-57.75,0.00,0.00,0.00,0.00,0.00,0.00,0.00,0.00,0.00,0.00,0.00,0.00,0.00,0.00,0.00,0
0.396367,108,-51,418,0,DRIVE [ 17 ] [ 1 ] [ 1764 1696 1773 ] [    0    0    0 ] [      0      0      0 ] [ 0 ],drive [ 17 ] [ 0 ] [ 1774 1696 1778 ] [   24   45   23 ] [  11082   2868   9005 ] [ 0 ],1.10,1.10,1.10,1.10,118.72,-56.50,0.00,0.00,0.00,0.00,0.00,0.00,0.00,0.00,0.00,0.00,0.00,0.00,0.00,0.00,0.00,0
0.40918,109,-50,415,0,DRIVE [ 18 ] [ 1 ] [ 1754 1696 1768 ] [    0    0    0 ] [      0      0      0 ] [ 0 ],drive [ 17 ] [ 0 ] [ 1764 1696 1773 ] [   24   45   23 ] [  11091   2868   9065 ] [ 0 ],1.10,1.10,1.10,1.10,120.27,-54.65,0.00,0.00,0.00,0.00,0.00,0.00,0.00,0.00,0.00,0.00,0.00,0.00,0.00,0.00,0.00,0
0.422496,111,-49,415,0,DRIVE [ 18 ] [ 1 ] [ 1743 1696 1763 ] [    0    0    0 ] [      0      0      0 ] [ 0 ],drive [ 18 ] [ 0 ] [ 1754 1696 1768 ] [   23   44   16 ] [  11091   2868   9065 ] [ 0 ],1.10,1.10,1.10,1.10,122.46,-53.44,0.00,0.00,0.00,0.00,0.00,0.00,0.00,0.00,0.00,0.00,0.00,0.00,0.00,0.00,0.00,0
0.4358,113,-48,414,0,DRIVE [ 19 ] [ 1 ] [ 1733 1696 1757 ] [    0    0    0 ] [      0      0      0 ] [ 0 ],drive [ 18 ] [ 0 ] [ 1743 1696 1763 ] [   23   44   16 ] [  11091   2868   9065 ] [ 0 ],1.10,1.10,1.10,1.10,124.17,-52.48,0.00,0.00,0.00,0.00,0.00,0.00,0.00,0.00,0.00,0.00,0.00,0.00,0.00,0.00,0.00,0
0.448633,115,-47,415,0,DRIVE [ 19 ] [ 1 ] [ 1723 1696 1750 ] [    0    0    0 ] [      0      0      0 ] [ 0 ],drive [ 19 ] [ 0 ] [ 1733 1696 1757 ] [   23   44   16 ] [  11091   2868   9065 ] [ 0 ],1.10,1.10,1.10,1.10,126.52,-52.16,0.00,0.00,0.00,0.00,0.00,0.00,0.00,0.00,0.00,0.00,0.00,0.00,0.00,0.00,0.00,0
0.461057,117,-47,418,0,DRIVE [ 20 ] [ 1 ] [ 1713 1696 1744 ] [    0    0    0 ] [      0      0      0 ] [ 0 ],drive [ 19 ] [ 0 ] [ 1723 1696 1750 ] [   23   44   16 ] [  11122   2869   9066 ] [ 0 ],1.10,1.10,1.10,1.10,129.22,-52.11,0.00,0.00,0.00,0.00,0.00,0.00,0.00,0.00,0.00,0.00,0.00,0.00,0.00,0.00,0.00,0
0.47365,118,-47,413,0,DRIVE [ 20 ] [ 1 ] [ 1703 1696 1738 ] [    0    0    0 ] [      0      0      0 ] [ 0 ],drive [ 20 ] [ 0 ] [ 1713 1696 1744 ] [   22   43   17 ] [  11122   2869   9066 ] [ 0 ],1.10,1.10,1.10,1.10,129.62,-51.32,0.00,0.00,0.00,0.00,0.00,0.00,0.00,0.00,0.00,0.00,0.00,0.00,0.00,0.00,0.00,0
0.486506,119,-47,412,0,DRIVE [ 21 ] [ 1 ] [ 1694 1696 1731 ] [    0    0    0 ] [      0      0      0 ] [ 0 ],drive [ 20 ] [ 0 ] [ 1703 1696 1738 ] [   22   43   17 ] [  11122   2869   9066 ] [ 0 ],1.10,1.10,1.10,1.10,130.81,-51.25,0.00,0.00,0.00,0.00,0.00,0.00,0.00,0.00,0.00,0.00,0.00,0.00,0.00,0.00,0.00,0
0.49945,120,-47,412,0,DRIVE [ 21 ] [ 1 ] [ 1684 1696 1725 ] [    0    0    0 ] [      0      0      0 ] [ 0 ],drive [ 21 ] [ 0 ] [ 1694 1696 1731 ] [   22   43   17 ] [  11122   2869   9066 ] [ 0 ],1.10,1.10,1.10,1.10,131.80,-51.24,0.00,0.00,0.00,0.00,0.00,0.00,0.00,0.00,0.00,0.00,0.00,0.00,0.00,0.00,0.00,0
0.512327,121,-47,412,0,DRIVE [ 22 ] [ 1 ] [ 1676 1696 1718 ] [    0    0    0 ] [      0      0      0 ] [ 0 ],drive [ 21 ] [ 0 ] [ 1684 1696 1725 ] [   22   43   17 ] [  11166   2868   9072 ] [ 0 ],1.10,1.10,1.10,1.10,132.90,-51.44,0.00,0.00,0.00,0.00,0.00,0.00,0.00,0.00,0.00,0.00,0.00,0.00,0.00,0.00,0.00,0
0.524871,121,-47,412,0,DRIVE [ 22 ] [ 1 ] [ 1667 1696 1712 ] [    0    0    0 ] [      0      0      0 ] [ 0 ],drive [ 22 ] [ 0 ] [ 1676 1696 1718 ] [   34   43   19 ] [  11166   2868   9072 ] [ 0 ],1.10,1.10,1.10,1.10,133.65,-51.43,0.00,0.00,0.00,0.00,0.00,0.00,0.00,0.00,0.00,0.00,0.00,0.00,0.00,0.00,0.00,0
0.537975,122,-47,411,0,DRIVE [ 23 ] [ 1 ] [ 1659 1696 1705 ] [    0    0    0 ] [      0      0      0 ] [ 0 ],drive [ 22 ] [ 0 ] [ 1667 1696 1712 ] [   34   43   19 ] [  11166   2868   9072 ] [ 0 ],1.10,1.10,1.10,1.10,133.97,-51.47,0.00,0.00,0.00,0.00,0.00,0.00,0.00,0.00,0.00,0.00,0.00,0.00,0.00,0.00,0.00,0
0.55088,122,-47,411,0,DRIVE [ 23 ] [ 1 ] [ 1650 1696 1698 ] [    0    0    0 ] [      0      0      0 ] [ 0 ],drive [ 23 ] [ 0 ] [ 1659 1696 1705 ] [   34   43   19 ] [  11391   2868   9072 ] [ 0 ],1.10,1.10,1.10,1.10,134.74,-51.78,0.00,0.00,0.00,0.00,0.00,0.00,0.00,0.00,0.00,0.00,0.00,0.00,0.00,0.00,0.00,0
0.563784,122,-47,409,0,DRIVE [ 24 ] [ 1 ] [ 1643 1696 1691 ] [    0    0    0 ] [      0      0      0 ] [ 0 ],drive [ 23 ] [ 0 ] [ 1650 1696 1698 ] [   34   43   19 ] [  11391   2868   9072 ] [ 0 ],1.10,1.10,1.10,1.10,134.39,-51.84,0.00,0.00,0.00,0.00,0.00,0.00,0.00,0.00,0.00,0.00,0.00,0.00,0.00,0.00,0.00,0
0.576508,121,-47,404,0,DRIVE [ 24 ] [ 1 ] [ 1634 1696 1685 ] [    0    0    0 ] [      0      0      0 ] [ 0 ],drive [ 24 ] [ 0 ] [ 1643 1696 1691 ] [   46   44   21 ] [  11391   2868   9072 ] [ 0 ],1.10,1.10,1.10,1.10,133.34,-51.37,0.00,0.00,0.00,0.00,0.00,0.00,0.00,0.00,0.00,0.00,0.00,0.00,0.00,0.00,0.00,0
0.589074,121,-46,401,0,DRIVE [ 25 ] [ 1 ] [ 1625 1696 1679 ] [    0    0    0 ] [      0      0      0 ] [ 0 ],drive [ 24 ] [ 0 ] [ 1634 1696 1685 ] [   46   44   21 ] [  11391   2868   9072 ] [ 0 ],1.10,1.10,1.10,1.10,133.12,-50.75,0.00,0.00,0.00,0.00,0.00,0.00,0.00,0.00,0.00,0.00,0.00,0.00,0.00,0.00,0.00,0
0.602108,122,-46,401,0,DRIVE [ 25 ] [ 1 ] [ 1615 1696 1673 ] [    0    0    0 ] [      0      0      0 ] [ 0 ],drive [ 25 ] [ 0 ] [ 1625 1696 1679 ] [   46   44   21 ] [  11508   2868   9075 ] [ 0 ],1.10,1.10,1.10,1.10,134.15,-50.37,0.00,0.00,0.00,0.00,0.00,0.00,0.00,0.00,0.00,0.00,0.00,0.00,0.00,0.00,0.00,0
0.614933,123,-45,399,0,DRIVE [ 26 ] [ 1 ] [ 1604 1696 1667 ] [    0    0    0 ] [      0      0      0 ] [ 0 ],drive [ 25 ] [ 0 ] [ 1615 1696 1673 ] [   46   44   26 ] [  11508   2868   9075 ] [ 0 ],1.10,1.10,1.10,1.10,134.79,-49.61,0.00,0.00,0.00,0.00,0.00,0.00,0.00,0.00,0.00,0.00,0.00,0.00,0.00,0.00,0.00,0
0.62791,124,-45,398,0,DRIVE [ 26 ] [ 1 ] [ 1593 1696 1661 ] [    0    0    0 ] [      0      0      0 ] [ 0 ],drive [ 26 ] [ 0 ] [ 1604 1696 1667 ] [   46   44   26 ] [  11508   2868   9075 ] [ 0 ],1.10,1.10,1.10,1.10,136.03,-49.00,0.00,0.00,0.00,0.00,0.00,0.00,0.00,0.00,0.00,0.00,0.00,0.00,0.00,0.00,0.00,0
0.640751,125,-44,397,0,DRIVE [ 27 ] [ 1 ] [ 1579 1696 1655 ] [    0    0    0 ] [      0      0      0 ] [ 0 ],drive [ 26 ] [ 0 ] [ 1593 1696 1661 ] [   46   44   26 ] [  11508   2868   9075 ] [ 0 ],1.10,1.10,1.10,1.10,137.65,-48.05,0.00,0.00,0.00,0.00,0.00,0.00,0.00,0.00,0.00,0.00,0.00,0.00,0.00,0.00,0.00,0
0.652999,127,-43,397,0,DRIVE [ 27 ] [ 1 ] [ 1564 1696 1649 ] [    0    0    0 ] [      0      0      0 ] [ 0 ],drive [ 27 ] [ 0 ] [ 1579 1696 1655 ] [   46   44   26 ] [  11528   2869   9085 ] [ 0 ],1.10,1.10,1.10,1.10,139.91,-47.12,0.00,0.00,0.00,0.00,0.00,0.00,0.00,0.00,0.00,0.00,0.00,0.00,0.00,0.00,0.00,0
0.665981,131,-42,397,0,DRIVE [ 28 ] [ 1 ] [ 1544 1696 1642 ] [    0    0    0 ] [      0      0      0 ] [ 0 ],drive [ 27 ] [ 0 ] [ 1564 1696 1649 ] [   34   44   33 ] [  11528   2869   9085 ] [ 0 ],1.10,1.10,1.10,1.10,144.19,-45.91,0.00,0.00,0.00,0.00,0.00,0.00,0.00,0.00,0.00,0.00,0.00,0.00,0.00,0.00,0.00,0
0.678828,135,-40,395,0,DRIVE [ 28 ] [ 1 ] [ 1522 1696 1634 ] [    0    0    0 ] [      0      0      0 ] [ 0 ],drive [ 28 ] [ 0 ] [ 1544 1696 1642 ] [   34   44   33 ] [  11528   2869   9085 ] [ 0 ],1.10,1.10,1.10,1.10,148.02,-44.51,0.00,0.00,0.00,0.00,0.00,0.00,0.00,0.00,0.00,0.00,0.00,0.00,0.00,0.00,0.00,0
0.691524,138,-39,393,0,DRIVE [ 29 ] [ 1 ] [ 1499 1696 1627 ] [    0    0    0 ] [      0      0      0 ] [ 0 ],drive [ 28 ] [ 0 ] [ 1522 1696 1634 ] [   34   44   33 ] [  11528   2869   9085 ] [ 0 ],1.10,1.10,1.10,1.10,151.26,-42.86,0.00,0.00,0.00,0.00,0.00,0.00,0.00,0.00,0.00,0.00,0.00,0.00,0.00,0.00,0.00,0
0.703853,141,-38,392,0,DRIVE [ 29 ] [ 1 ] [ 1476 1696 1620 ] [    0    0    0 ] [      0      0      0 ] [ 0 ],drive [ 29 ] [ 0 ] [ 1499 1696 1627 ] [   34   44   33 ] [  11587   2868   9186 ] [ 0 ],1.10,1.10,1.10,1.10,155.36,-41.39,0.00,0.00,0.00,0.00,0.00,0.00,0.00,0.00,0.00,0.00,0.00,0.00,0.00,0.00,0.00,0
0.716699,145,-36,391,0,DRIVE [ 30 ] [ 1 ] [ 1453 1696 1614 ] [    0    0    0 ] [      0      0      0 ] [ 0 ],drive [ 29 ] [ 0 ] [ 1476 1696 1620 ] [   52   45   26 ] [  11587   2868   9186 ] [ 0 ],1.10,1.10,1.10,1.10,158.97,-39.45,0.00,0.00,0.00,0.00,0.00,0.00,0.00,0.00,0.00,0.00,0.00,0.00,0.00,0.00,0.00,0
0.729589,147,-34,387,0,DRIVE [ 30 ] [ 1 ] [ 1428 1696 1608 ] [    0    0    0 ] [      0      0      0 ] [ 0 ],drive [ 30 ] [ 0 ] [ 1453 1696 1614 ] [   52   45   26 ] [  11587   2868   9186 ] [ 0 ],1.10,1.10,1.10,1.10,161.67,-37.13,0.00,0.00,0.00,0.00,0.00,0.00,0.00,0.00,0.00,0.00,0.00,0.00,0.00,0.00,0.00,0
0.74252,149,-31,385,0,DRIVE [ 31 ] [ 1 ] [ 1403 1696 1604 ] [    0    0    0 ] [      0      0      0 ] [ 0 ],drive [ 30 ] [ 0 ] [ 1428 1696 1608 ] [   52   45   26 ] [  11587   2868   9186 ] [ 0 ],1.10,1.10,1.10,1.10,164.43,-34.58,0.00,0.00,0.00,0.00,0.00,0.00,0.00,0.00,0.00,0.00,0.00,0.00,0.00,0.00,0.00,0
0.755639,153,-29,382,0,DRIVE [ 31 ] [ 1 ] [ 1373 1696 1598 ] [    0    0    0 ] [      0      0      0 ] [ 0 ],drive [ 31 ] [ 0 ] [ 1403 1696 1604 ] [   52   45   26 ] [  11754   2868   9188 ] [ 0 ],1.10,1.10,1.10,1.10,168.22,-32.00,0.00,0.00,0.00,0.00,0.00,0.00,0.00,0.00,0.00,0.00,0.00,0.00,0.00,0.00,0.00,0
0.768446,157,-27,381,0,DRIVE [ 32 ] [ 1 ] [ 1344 1696 1591 ] [    0    0    0 ] [      0      0      0 ] [ 0 ],drive [ 31 ] [ 0 ] [ 1373 1696 1598 ] [   69   44   29 ] [  11754   2868   9188 ] [ 0 ],1.10,1.10,1.10,1.10,172.25,-29.81,0.00,0.00,0.00,0.00,0.00,0.00,0.00,0.00,0.00,0.00,0.00,0.00,0.00,0.00,0.00,0
0.781313,159,-25,378,0,DRIVE [ 32 ] [ 1 ] [ 1317 1696 1585 ] [    0    0    0 ] [      0      0      0 ] [ 0 ],drive [ 32 ] [ 0 ] [ 1344 1696 1591 ] [   69   44   29 ] [  11754   2868   9188 ] [ 0 ],1.10,1.10,1.10,1.10,174.88,-27.78,0.00,0.00,0.00,0.00,0.00,0.00,0.00,0.00,0.00,0.00,0.00,0.00,0.00,0.00,0.00,0
0.793834,160,-23,373,0,DRIVE [ 33 ] [ 1 ] [ 1290 1696 1580 ] [    0    0    0 ] [      0      0      0 ] [ 0 ],drive [ 32 ] [ 0 ] [ 1317 1696 1585 ] [   69   44   29 ] [  11754   2868   9188 ] [ 0 ],1.10,1.10,1.10,1.10,176.44,-25.57,0.00,0.00,0.00,0.00,0.00,0.00,0.00,0.00,0.00,0.00,0.00,0.00,0.00,0.00,0.00,0
0.806595,163,-21,372,0,DRIVE [ 33 ] [ 1 ] [ 1265 1696 1575 ] [    0    0    0 ] [      0      0      0 ] [ 0 ],drive [ 33 ] [ 0 ] [ 1290 1696 1580 ] [   69   44   29 ] [  12147   2868   9185 ] [ 0 ],1.10,1.10,1.10,1.10,179.17,-23.54,0.00,0.00,0.00,0.00,0.00,0.00,0.00,0.00,0.00,0.00,0.00,0.00,0.00,0.00,0.00,0
0.819333,164,-19,370,0,DRIVE [ 34 ] [ 1 ] [ 1240 1696 1572 ] [    0    0    0 ] [      0      0      0 ] [ 0 ],drive [ 33 ] [ 0 ] [ 1265 1696 1575 ] [   85   45   31 ] [  12147   2868   9185 ] [ 0 ],1.10,1.10,1.10,1.10,180.48,-21.32,0.00,0.00,0.00,0.00,0.00,0.00,0.00,0.00,0.00,0.00,0.00,0.00,0.00,0.00,0.00,0
0.832272,165,-17,367,0,DRIVE [ 34 ] [ 1 ] [ 1215 1696 1570 ] [    0    0    0 ] [      0      0      0 ] [ 0 ],drive [ 34 ] [ 0 ] [ 1240 1696 1572 ] [   85   45   31 ] [  12147   2868   9185 ] [ 0 ],1.10,1.10,1.10,1.10,181.59,-18.80,0.00,0.00,0.00,0.00,0.00,0.00,0.00,0.00,0.00,0.00,0.00,0.00,0.00,0.00,0.00,0
0.845013,166,-14,365,0,DRIVE [ 35 ] [ 1 ] [ 1190 1696 1569 ] [    0    0    0 ] [      0      0      0 ] [ 0 ],drive [ 34 ] [ 0 ] [ 1215 1696 1570 ] [   85   45   31 ] [  12147   2868   9185 ] [ 0 ],1.10,1.10,1.10,1.10,182.59,-15.95,0.00,0.00,0.00,0.00,0.00,0.00,0.00,0.00,0.00,0.00,0.00,0.00,0.00,0.00,0.00,0
0.857274,167,-11,364,0,DRIVE [ 35 ] [ 1 ] [ 1162 1696 1571 ] [    0    0    0 ] [      0      0      0 ] [ 0 ],drive [ 35 ] [ 0 ] [ 1190 1696 1569 ] [   85   45   31 ] [  12606   2868   9183 ] [ 0 ],1.10,1.10,1.10,1.10,184.07,-12.04,0.00,0.00,0.00,0.00,0.00,0.00,0.00,0.00,0.00,0.00,0.00,0.00,0.00,0.00,0.00,0
0.870071,170,-8,367,0,DRIVE [ 36 ] [ 1 ] [ 1134 1696 1574 ] [    0    0    0 ] [      0      0      0 ] [ 0 ],drive [ 35 ] [ 0 ] [ 1162 1696 1571 ] [   86   46   33 ] [  12606   2868   9183 ] [ 0 ],1.10,1.10,1.10,1.10,187.50,-8.38,0.00,0.00,0.00,0.00,0.00,0.00,0.00,0.00,0.00,0.00,0.00,0.00,0.00,0.00,0.00,0
0.882805,173,-4,369,0,DRIVE [ 36 ] [ 1 ] [ 1107 1696 1577 ] [    0    0    0 ] [      0      0      0 ] [ 0 ],drive [ 36 ] [ 0 ] [ 1134 1696 1574 ] [   86   46   33 ] [  12606   2868   9183 ] [ 0 ],1.10,1.10,1.10,1.10,190.01,-4.70,0.00,0.00,0.00,0.00,0.00,0.00,0.00,0.00,0.00,0.00,0.00,0.00,0.00,0.00,0.00,0
0.895494,175,-1,371,0,DRIVE [ 37 ] [ 1 ] [ 1079 1696 1580 ] [    0    0    0 ] [      0      0      0 ] [ 0 ],drive [ 36 ] [ 0 ] [ 1107 1696 1577 ] [   86   46   33 ] [  12606   2868   9183 ] [ 0 ],1.10,1.10,1.10,1.10,192.82,-1.04,0.00,0.00,0.00,0.00,0.00,0.00,0.00,0.00,0.00,0.00,0.00,0.00,0.00,0.00,0.00,0
0.908474,178,2,373,0,DRIVE [ 37 ] [ 1 ] [ 1051 1696 1583 ] [    0    0    0 ] [      0      0      0 ] [ 0 ],drive [ 37 ] [ 0 ] [ 1079 1696 1580 ] [   86   46   33 ] [  12955   2866   9173 ] [ 0 ],1.10,1.10,1.10,1.10,195.40,2.63,0.00,0.00,0.00,0.00,0.00,0.00,0.00,0.00,0.00,0.00,0.00,0.00,0.00,0.00,0.00,0
0.920955,178,6,372,0,DRIVE [ 38 ] [ 1 ] [ 1025 1696 1586 ] [    0    0    0 ] [      0      0      0 ] [ 0 ],drive [ 37 ] [ 0 ] [ 1051 1696 1583 ] [  101   45   38 ] [  12955   2866   9173 ] [ 0 ],1.10,1.10,1.10,1.10,196.21,6.38,0.00,0.00,0.00,0.00,0.00,0.00,0.00,0.00,0.00,0.00,0.00,0.00,0.00,0.00,0.00,0
0.933875,179,9,371,0,DRIVE [ 38 ] [ 1 ] [ 1025 1696 1590 ] [    0    0    0 ] [      0      0      0 ] [ 0 ],drive [ 38 ] [ 0 ] [ 1025 1696 1586 ] [  101   45   38 ] [  12955   2866   9173 ] [ 0 ],1.10,1.10,1.10,1.10,197.30,10.21,0.00,0.00,0.00,0.00,0.00,0.00,0.00,0.00,0.00,0.00,0.00,0.00,0.00,0.00,0.00,0
0.946412,180,14,367,0,DRIVE [ 39 ] [ 1 ] [ 1025 1696 1598 ] [    0    0    0 ] [      0      0      0 ] [ 0 ],drive [ 38 ] [ 0 ] [ 1025 1696 1590 ] [  101   45   38 ] [  12955   2866   9173 ] [ 0 ],1.10,1.10,1.10,1.10,197.88,15.61,0.00,0.00,0.00,0.00,0.00,0.00,0.00,0.00,0.00,0.00,0.00,0.00,0.00,0.00,0.00,0
0.959102,180,19,362,0,DRIVE [ 39 ] [ 1 ] [ 1025 1696 1605 ] [    0    0    0 ] [      0      0      0 ] [ 0 ],drive [ 39 ] [ 0 ] [ 1025 1696 1598 ] [  101   45   38 ] [  13067   2866   9172 ] [ 0 ],1.10,1.10,1.10,1.10,197.75,20.72,0.00,0.00,0.00,0.00,0.00,0.00,0.00,0.00,0.00,0.00,0.00,0.00,0.00,0.00,0.00,0
0.972056,180,23,357,0,DRIVE [ 40 ] [ 1 ] [ 1025 1696 1611 ] [    0    0    0 ] [      0      0      0 ] [ 0 ],drive [ 39 ] [ 0 ] [ 1025 1696 1605 ] [   85   44   35 ] [  13067   2866   9172 ] [ 0 ],1.10,1.10,1.10,1.10,197.73,25.49,0.00,0.00,0.00,0.00,0.00,0.00,0.00,0.00,0.00,0.00,0.00,0.00,0.00,0.00,0.00,0
0.984048,182,28,356,0,DRIVE [ 40 ] [ 1 ] [ 1025 1696 1617 ] [    0    0    0 ] [      0      0      0 ] [ 0 ],drive [ 40 ] [ 0 ] [ 1025 1696 1611 ] [   85   44   35 ] [  13067   2866   9172 ] [ 0 ],1.10,1.10,1.10,1.10,199.86,30.41,0.00,0.00,0.00,0.00,0.00,0.00,0.00,0.00,0.00,0.00,0.00,0.00,0.00,0.00,0.00,0
0.996718,182,32,351,0,DRIVE [ 41 ] [ 1 ] [ 1025 1696 1623 ] [    0    0    0 ] [      0      0      0 ] [ 0 ],drive [ 40 ] [ 0 ] [ 1025 1696 1617 ] [   85   44   35 ] [  13067   2866   9172 ] [ 0 ],1.10,1.10,1.10,1.10,199.85,34.73,0.00,0.00,0.00,0.00,0.00,0.00,0.00,0.00,0.00,0.00,0.00,0.00,0.00,0.00,0.00,0
1.00918,184,36,351,0,DRIVE [ 41 ] [ 1 ] [ 1025 1696 1628 ] [    0    0    0 ] [      0      0      0 ] [ 0 ],drive [ 41 ] [ 0 ] [ 1025 1696 1623 ] [   85   44   35 ] [  13082   2864   9172 ] [ 0 ],1.10,1.10,1.10,1.10,202.58,39.17,0.00,0.00,0.00,0.00,0.00,0.00,0.00,0.00,0.00,0.00,0.00,0.00,0.00,0.00,0.00,0
1.022,185,39,347,0,DRIVE [ 42 ] [ 1 ] [ 1025 1696 1631 ] [    0    0    0 ] [      0      0      0 ] [ 0 ],drive [ 41 ] [ 0 ] [ 1025 1696 1628 ] [   92   44   34 ] [  13082   2864   9172 ] [ 0 ],1.10,1.10,1.10,1.10,203.70,42.78,0.00,0.00,0.00,0.00,0.00,0.00,0.00,0.00,0.00,0.00,0.00,0.00,0.00,0.00,0.00,0
1.03398,187,42,345,0,DRIVE [ 42 ] [ 1 ] [ 1025 1696 1633 ] [    0    0    0 ] [      0      0      0 ] [ 0 ],drive [ 42 ] [ 0 ] [ 1025 1696 1631 ] [   92   44   34 ] [  13082   2864   9172 ] [ 0 ],1.10,1.10,1.10,1.10,205.67,46.14,0.00,0.00,0.00,0.00,0.00,0.00,0.00,0.00,0.00,0.00,0.00,0.00,0.00,0.00,0.00,0
1.04692,188,45,343,0,DRIVE [ 43 ] [ 1 ] [ 1025 1696 1635 ] [    0    0    0 ] [      0      0      0 ] [ 0 ],drive [ 42 ] [ 0 ] [ 1025 1696 1633 ] [   92   44   34 ] [  13082   2864   9172 ] [ 0 ],1.10,1.10,1.10,1.10,207.20,49.06,0.00,0.00,0.00,0.00,0.00,0.00,0.00,0.00,0.00,0.00,0.00,0.00,0.00,0.00,0.00,0
1.05897,190,47,341,0,DRIVE [ 43 ] [ 1 ] [ 1025 1696 1636 ] [    0    0    0 ] [      0      0      0 ] [ 0 ],drive [ 43 ] [ 0 ] [ 1025 1696 1635 ] [   92   44   34 ] [  13281   2856   9157 ] [ 0 ],1.10,1.10,1.10,1.10,208.56,51.62,0.00,0.00,0.00,0.00,0.00,0.00,0.00,0.00,0.00,0.00,0.00,0.00,0.00,0.00,0.00,0
1.07166,190,49,338,0,DRIVE [ 44 ] [ 1 ] [ 1025 1696 1637 ] [    0    0    0 ] [      0      0      0 ] [ 0 ],drive [ 43 ] [ 0 ] [ 1025 1696 1636 ] [   95   39   50 ] [  13281   2856   9157 ] [ 0 ],1.10,1.10,1.10,1.10,209.18,53.96,0.00,0.00,0.00,0.00,0.00,0.00,0.00,0.00,0.00,0.00,0.00,0.00,0.00,0.00,0.00,0
1.0843,191,51,337,0,DRIVE [ 44 ] [ 1 ] [ 1025 1696 1637 ] [    0    0    0 ] [      0      0      0 ] [ 0 ],drive [ 44 ] [ 0 ] [ 1025 1696 1637 ] [   95   39   50 ] [  13281   2856   9157 ] [ 0 ],1.10,1.10,1.10,1.10,210.56,55.87,0.00,0.00,0.00,0.00,0.00,0.00,0.00,0.00,0.00,0.00,0.00,0.00,0.00,0.00,0.00,0
1.09749,192,52,335,0,DRIVE [ 45 ] [ 1 ] [ 1025 1696 1636 ] [    0    0    0 ] [      0      0      0 ] [ 0 ],drive [ 44 ] [ 0 ] [ 1025 1696 1637 ] [   95   39   50 ] [  13281   2856   9157 ] [ 0 ],1.10,1.10,1.10,1.10,210.76,56.84,0.00,0.00,0.00,0.00,0.00,0.00,0.00,0.00,0.00,0.00,0.00,0.00,0.00,0.00,0.00,0
1.11045,193,53,337,0,DRIVE [ 45 ] [ 1 ] [ 1025 1696 1636 ] [    0    0    0 ] [      0      0      0 ] [ 0 ],drive [ 45 ] [ 0 ] [ 1025 1696 1636 ] [   95   39   50 ] [  13535   2848   9031 ] [ 0 ],1.10,1.10,1.10,1.10,212.70,57.80,0.00,0.00,0.00,0.00,0.00,0.00,0.00,0.00,0.00,0.00,0.00,0.00,0.00,0.00,0.00,0
1.12288,193,53,336,0,DRIVE [ 46 ] [ 1 ] [ 1025 1696 1637 ] [    0    0    0 ] [      0      0      0 ] [ 0 ],drive [ 45 ] [ 0 ] [ 1025 1696 1636 ] [  103   38   45 ] [  13535   2848   9031 ] [ 0 ],1.10,1.10,1.10,1.10,212.11,57.99,0.00,0.00,0.00,0.00,0.00,0.00,0.00,0.00,0.00,0.00,0.00,0.00,0.00,0.00,0.00,0
1.13566,192,53,335,0,DRIVE [ 46 ] [ 1 ] [ 1025 1696 1639 ] [    0    0    0 ] [      0      0      0 ] [ 0 ],drive [ 46 ] [ 0 ] [ 1025 1696 1637 ] [  103   38   45 ] [  13535   2848   9031 ] [ 0 ],1.10,1.10,1.10,1.10,211.34,58.15,0.00,0.00,0.00,0.00,0.00,0.00,0.00,0.00,0.00,0.00,0.00,0.00,0.00,0.00,0.00,0
1.14843,193,54,337,0,DRIVE [ 47 ] [ 1 ] [ 1025 1696 1642 ] [    0    0    0 ] [      0      0      0 ] [ 0 ],drive [ 46 ] [ 0 ] [ 1025 1696 1639 ] [  103   38   45 ] [  13535   2848   9031 ] [ 0 ],1.10,1.10,1.10,1.10,211.78,58.96,0.00,0.00,0.00,0.00,0.00,0.00,0.00,0.00,0.00,0.00,0.00,0.00,0.00,0.00,0.00,0
1.16107,192,54,338,0,DRIVE [ 47 ] [ 1 ] [ 1025 1696 1645 ] [    0    0    0 ] [      0      0      0 ] [ 0 ],drive [ 47 ] [ 0 ] [ 1025 1696 1642 ] [  103   38   45 ] [  13653   2848   9023 ] [ 0 ],1.10,1.10,1.10,1.10,211.43,59.46,0.00,0.00,0.00,0.00,0.00,0.00,0.00,0.00,0.00,0.00,0.00,0.00,0.00,0.00,0.00,0
1.17361,191,54,339,0,DRIVE [ 48 ] [ 1 ] [ 1025 1696 1647 ] [    0    0    0 ] [      0      0      0 ] [ 0 ],drive [ 47 ] [ 0 ] [ 1025 1696 1645 ] [  102   38   51 ] [  13653   2848   9023 ] [ 0 ],1.10,1.10,1.10,1.10,210.42,59.42,0.00,0.00,0.00,0.00,0.00,0.00,0.00,0.00,0.00,0.00,0.00,0.00,0.00,0.00,0.00,0
1.18579,190,54,338,0,DRIVE [ 48 ] [ 1 ] [ 1025 1696 1649 ] [    0    0    0 ] [      0      0      0 ] [ 0 ],drive [ 48 ] [ 0 ] [ 1025 1696 1647 ] [  102   38   51 ] [  13653   2848   9023 ] [ 0 ],1.10,1.10,1.10,1.10,208.74,59.33,0.00,0.00,0.00,0.00,0.00,0.00,0.00,0.00,0.00,0.00,0.00,0.00,0.00,0.00,0.00,0
1.19848,189,54,339,0,DRIVE [ 49 ] [ 1 ] [ 1025 1696 1651 ] [    0    0    0 ] [      0      0      0 ] [ 0 ],drive [ 48 ] [ 0 ] [ 1025 1696 1649 ] [  102   38   51 ] [  13653   2848   9023 ] [ 0 ],1.10,1.10,1.10,1.10,207.58,59.18,0.00,0.00,0.00,0.00,0.00,0.00,0.00,0.00,0.00,0.00,0.00,0.00,0.00,0.00,0.00,0
1.21094,187,53,339,0,DRIVE [ 49 ] [ 1 ] [ 1025 1696 1652 ] [    0    0    0 ] [      0      0      0 ] [ 0 ],drive [ 49 ] [ 0 ] [ 1025 1696 1651 ] [  102   38   51 ] [  13753   2848   8922 ] [ 0 ],1.10,1.10,1.10,1.10,205.75,58.46,0.00,0.00,0.00,0.00,0.00,0.00,0.00,0.00,0.00,0.00,0.00,0.00,0.00,0.00,0.00,0
1.22341,185,52,337,0,DRIVE [ 50 ] [ 1 ] [ 1025 1696 1652 ] [    0    0    0 ] [      0      0      0 ] [ 0 ],drive [ 49 ] [ 0 ] [ 1025 1696 1652 ] [  105   38   36 ] [  13753   2848   8922 ] [ 0 ],1.10,1.10,1.10,1.10,202.96,57.04,0.00,0.00,0.00,0.00,0.00,0.00,0.00,0.00,0.00,0.00,0.00,0.00,0.00,0.00,0.00,0
1.23591,183,51,338,0,DRIVE [ 50 ] [ 1 ] [ 1025 1696 1651 ] [    0    0    0 ] [      0      0      0 ] [ 0 ],drive [ 50 ] [ 0 ] [ 1025 1696 1652 ] [  105   38   36 ] [  13753   2848   8922 ] [ 0 ],1.10,1.10,1.10,1.10,201.73,55.77,0.00,0.00,0.00,0.00,0.00,0.00,0.00,0.00,0.00,0.00,0.00,0.00,0.00,0.00,0.00,0
1.24853,182,50,339,0,DRIVE [ 51 ] [ 1 ] [ 1025 1696 1651 ] [    0    0    0 ] [      0      0      0 ] [ 0 ],drive [ 50 ] [ 0 ] [ 1025 1696 1651 ] [  105   38   36 ] [  13753   2848   8922 ] [ 0 ],1.10,1.10,1.10,1.10,199.73,54.47,0.00,0.00,0.00,0.00,0.00,0.00,0.00,0.00,0.00,0.00,0.00,0.00,0.00,0.00,0.00,0
1.26201,179,48,339,0,DRIVE [ 51 ] [ 1 ] [ 1025 1696 1651 ] [    0    0    0 ] [      0      0      0 ] [ 0 ],drive [ 51 ] [ 0 ] [ 1025 1696 1651 ] [  105   38   36 ] [  13968   2848   8914 ] [ 0 ],1.10,1.10,1.10,1.10,196.90,52.54,0.00,0.00,0.00,0.00,0.00,0.00,0.00,0.00,0.00,0.00,0.00,0.00,0.00,0.00,0.00,0
1.27524,176,46,340,0,DRIVE [ 52 ] [ 1 ] [ 1025 1696 1651 ] [    0    0    0 ] [      0      0      0 ] [ 0 ],drive [ 51 ] [ 0 ] [ 1025 1696 1651 ] [  100   38   46 ] [  13968   2848   8914 ] [ 0 ],1.10,1.10,1.10,1.10,194.14,50.67,0.00,0.00,0.00,0.00,0.00,0.00,0.00,0.00,0.00,0.00,0.00,0.00,0.00,0.00,0.00,0
1.28729,174,44,341,0,DRIVE [ 52 ] [ 1 ] [ 1025 1696 1650 ] [    0    0    0 ] [      0      0      0 ] [ 0 ],drive [ 52 ] [ 0 ] [ 1025 1696 1651 ] [  100   38   46 ] [  13968   2848   8914 ] [ 0 ],1.10,1.10,1.10,1.10,190.96,48.65,0.00,0.00,0.00,0.00,0.00,0.00,0.00,0.00,0.00,0.00,0.00,0.00,-0.00,-0.00,0.00,0
1.29997,171,43,341,0,DRIVE [ 53 ] [ 1 ] [ 1025 1696 1651 ] [    0    0    0 ] [      0      0      0 ] [ 0 ],drive [ 52 ] [ 0 ] [ 1025 1696 1650 ] [  100   38   46 ] [  14097   2832   8850 ] [ 0 ],1.10,1.10,1.10,1.10,187.74,46.80,0.00,0.00,0.00,0.00,0.00,0.00,0.00,0.00,0.00,0.00,0.00,0.00,-0.00,-0.00,0.00,0
1.31243,169,41,344,0,DRIVE [ 53 ] [ 1 ] [ 1025 1696 1651 ] [    0    0    0 ] [      0      0      0 ] [ 0 ],drive [ 53 ] [ 0 ] [ 1025 1696 1651 ] [  100   38   46 ] [  14097   2832   8850 ] [ 0 ],1.10,1.10,1.10,1.10,185.82,45.02,0.00,0.00,0.00,0.00,0.00,0.00,0.00,0.00,0.00,0.00,0.00,0.00,-0.00,-0.00,0.00,0
1.32487,167,39,348,0,DRIVE [ 54 ] [ 1 ] [ 1025 1696 1650 ] [    0    0    0 ] [      0      0      0 ] [ 0 ],drive [ 53 ] [ 0 ] [ 1025 1696 1651 ] [  108   24   28 ] [  14097   2832   8850 ] [ 0 ],1.10,1.10,1.10,1.10,184.01,42.80,0.00,0.00,0.00,0.00,0.00,0.00,0.00,0.00,0.00,0.00,0.00,0.00,-0.00,-0.00,0.00,0
1.3375,165,37,351,0,DRIVE [ 54 ] [ 1 ] [ 1025 1696 1647 ] [    0    0    0 ] [      0      0      0 ] [ 0 ],drive [ 54 ] [ 0 ] [ 1025 1696 1650 ] [  108   24   28 ] [  14097   2832   8850 ] [ 0 ],1.10,1.10,1.10,1.10,181.83,40.19,0.00,0.00,0.00,0.00,0.00,0.00,0.00,0.00,0.00,0.00,0.00,0.00,-0.00,-0.00,0.00,0
1.3501,163,34,353,0,DRIVE [ 55 ] [ 1 ] [ 1025 1696 1645 ] [    0    0    0 ] [      0      0      0 ] [ 0 ],drive [ 54 ] [ 0 ] [ 1025 1696 1647 ] [  108   24   28 ] [  14216   2830   8813 ] [ 0 ],1.10,1.10,1.10,1.10,178.98,37.29,0.00,0.00,0.00,0.00,0.00,0.00,0.00,0.00,0.00,0.00,0.00,0.00,-0.00,-0.00,0.00,0
1.36254,160,31,354,0,DRIVE [ 55 ] [ 1 ] [ 1025 1696 1642 ] [    0    0    0 ] [      0      0      0 ] [ 0 ],drive [ 55 ] [ 0 ] [ 1025 1696 1645 ] [  108   24   28 ] [  14216   2830   8813 ] [ 0 ],1.10,1.10,1.10,1.10,175.89,34.30,0.00,0.00,0.00,0.00,0.00,0.00,0.00,0.00,0.00,0.00,0.00,0.00,-0.00,-0.00,0.00,0
1.37499,157,28,355,0,DRIVE [ 56 ] [ 1 ] [ 1025 1696 1639 ] [    0    0    0 ] [      0      0      0 ] [ 0 ],drive [ 55 ] [ 0 ] [ 1025 1696 1642 ] [  104   25   37 ] [  14216   2830   8813 ] [ 0 ],1.10,1.10,1.10,1.10,172.44,31.13,0.00,0.00,0.00,0.00,0.00,0.00,0.00,0.00,0.00,0.00,0.00,0.00,-0.00,-0.00,0.00,0
1.38703,153,24,356,0,DRIVE [ 56 ] [ 1 ] [ 1025 1696 1633 ] [    0    0    0 ] [      0      0      0 ] [ 0 ],drive [ 56 ] [ 0 ] [ 1025 1696 1639 ] [  104   25   37 ] [  14216   2830   8813 ] [ 0 ],1.10,1.10,1.10,1.10,168.19,26.76,0.00,0.00,0.00,0.00,0.00,0.00,0.00,0.00,0.00,0.00,0.00,0.00,-0.00,-0.00,0.00,0
1.39974,151,21,360,0,DRIVE [ 57 ] [ 1 ] [ 1025 1696 1628 ] [    0    0    0 ] [      0      0      0 ] [ 0 ],drive [ 56 ] [ 0 ] [ 1025 1696 1633 ] [  104   25   37 ] [  14313   2830   8805 ] [ 0 ],1.10,1.10,1.10,1.10,165.68,22.87,0.00,0.00,0.00,0.00,0.00,0.00,0.00,0.00,0.00,0.00,0.00,0.00,-0.00,-0.00,0.00,0
1.41217,149,17,365,0,DRIVE [ 57 ] [ 1 ] [ 1025 1696 1622 ] [    0    0    0 ] [      0      0      0 ] [ 0 ],drive [ 57 ] [ 0 ] [ 1025 1696 1628 ] [  104   25   37 ] [  14313   2830   8805 ] [ 0 ],1.10,1.10,1.10,1.10,163.95,19.07,0.00,0.00,0.00,0.00,0.00,0.00,0.00,0.00,0.00,0.00,0.00,0.00,-0.00,-0.00,0.00,0
1.42468,148,14,370,0,DRIVE [ 58 ] [ 1 ] [ 1025 1696 1615 ] [    0    0    0 ] [      0      0      0 ] [ 0 ],drive [ 57 ] [ 0 ] [ 1025 1696 1622 ] [   87   25   43 ] [  14313   2830   8805 ] [ 0 ],1.10,1.10,1.10,1.10,162.57,14.97,0.00,0.00,0.00,0.00,0.00,0.00,0.00,0.00,0.00,0.00,0.00,0.00,-0.00,-0.00,0.00,0
1.43681,145,10,371,0,DRIVE [ 58 ] [ 1 ] [ 1025 1696 1607 ] [    0    0    0 ] [      0      0      0 ] [ 0 ],drive [ 58 ] [ 0 ] [ 1025 1696 1615 ] [   87   25   43 ] [  14313   2830   8805 ] [ 0 ],1.10,1.10,1.10,1.10,159.78,10.53,0.00,0.00,0.00,0.00,0.00,0.00,0.00,0.00,0.00,0.00,0.00,0.00,-0.00,-0.00,0.00,0
1.44945,143,6,373,0,DRIVE [ 59 ] [ 1 ] [ 1042 1696 1598 ] [    0    0    0 ] [      0      0      0 ] [ 0 ],drive [ 58 ] [ 0 ] [ 1025 1696 1607 ] [   87   25   43 ] [  14316   2829   8787 ] [ 0 ],1.10,1.10,1.10,1.10,157.29,6.08,0.00,0.00,0.00,0.00,0.00,0.00,0.00,0.00,0.00,0.00,0.00,0.00,-0.00,-0.00,0.00,0
1.46238,141,1,376,0,DRIVE [ 59 ] [ 1 ] [ 1074 1696 1588 ] [    0    0    0 ] [      0      0      0 ] [ 0 ],drive [ 59 ] [ 0 ] [ 1042 1696 1598 ] [   87   25   43 ] [  14316   2829   8787 ] [ 0 ],1.10,1.10,1.10,1.10,155.28,1.36,0.00,0.00,0.00,0.00,0.00,0.00,0.00,0.00,0.00,0.00,0.00,0.00,-0.00,-0.00,0.00,0
1.47552,139,-3,376,0,DRIVE [ 60 ] [ 1 ] [ 1104 1696 1578 ] [    0    0    0 ] [      0      0      0 ] [ 0 ],drive [ 59 ] [ 0 ] [ 1074 1696 1588 ] [   87   26   48 ] [  14316   2829   8787 ] [ 0 ],1.10,1.10,1.10,1.10,152.47,-3.35,0.00,0.00,0.00,0.00,0.00,0.00,0.00,0.00,0.00,0.00,0.00,0.00,-0.00,0.00,0.00,0
1.48905,136,-7,377,0,DRIVE [ 60 ] [ 1 ] [ 1133 1696 1567 ] [    0    0    0 ] [      0      0      0 ] [ 0 ],drive [ 60 ] [ 0 ] [ 1104 1696 1578 ] [   87   26   48 ] [  14316   2829   8787 ] [ 0 ],1.10,1.10,1.10,1.10,150.00,-8.17,0.00,0.00,0.00,0.00,0.00,0.00,0.00,0.00,0.00,0.00,0.00,0.00,-0.00,0.00,0.00,0
1.50118,134,-12,379,0,DRIVE [ 61 ] [ 1 ] [ 1162 1696 1556 ] [    0    0    0 ] [      0      0      0 ] [ 0 ],drive [ 60 ] [ 0 ] [ 1133 1696 1567 ] [   87   26   48 ] [  14314   2829   8788 ] [ 0 ],1.10,1.10,1.10,1.10,147.69,-12.91,0.00,0.00,0.00,0.00,0.00,0.00,0.00,0.00,0.00,0.00,0.00,0.00,-0.00,0.00,0.00,0
1.51402,130,-17,380,0,DRIVE [ 61 ] [ 1 ] [ 1200 1696 1542 ] [    0    0    0 ] [      0      0      0 ] [ 0 ],drive [ 61 ] [ 0 ] [ 1162 1696 1556 ] [   87   26   48 ] [  14314   2829   8788 ] [ 0 ],1.10,1.10,1.10,1.10,143.48,-18.82,0.00,0.00,0.00,0.00,0.00,0.00,0.00,0.00,0.00,0.00,0.00,0.00,-0.00,0.00,0.00,0
1.52635,127,-22,380,0,DRIVE [ 62 ] [ 1 ] [ 1237 1696 1530 ] [    0    0    0 ] [      0      0      0 ] [ 0 ],drive [ 61 ] [ 0 ] [ 1200 1696 1542 ] [   78   25   52 ] [  14314   2829   8788 ] [ 0 ],1.10,1.10,1.10,1.10,139.16,-24.37,0.00,0.00,0.00,0.00,0.00,0.00,0.00,0.00,0.00,0.00,0.00,0.00,-0.00,0.00,0.00,0
1.5392,123,-27,382,0,DRIVE [ 62 ] [ 1 ] [ 1272 1696 1519 ] [    0    0    0 ] [      0      0      0 ] [ 0 ],drive [ 62 ] [ 0 ] [ 1237 1696 1530 ] [   78   25   52 ] [  14314   2829   8788 ] [ 0 ],1.10,1.10,1.10,1.10,135.15,-29.67,0.00,0.00,0.00,0.00,0.00,0.00,0.00,0.00,0.00,0.00,0.00,0.00,-0.00,0.00,0.00,0
1.5519,119,-31,382,0,DRIVE [ 63 ] [ 1 ] [ 1305 1696 1507 ] [    0    0    0 ] [      0      0      0 ] [ 0 ],drive [ 62 ] [ 0 ] [ 1272 1696 1519 ] [   78   25   52 ] [  14308   2829   8796 ] [ 0 ],1.10,1.10,1.10,1.10,130.88,-34.60,0.00,0.00,0.00,0.00,0.00,0.00,0.00,0.00,0.00,0.00,0.00,0.00,-0.00,0.00,0.00,0
1.56458,115,-36,382,0,DRIVE [ 63 ] [ 1 ] [ 1336 1696 1497 ] [    0    0    0 ] [      0      0      0 ] [ 0 ],drive [ 63 ] [ 0 ] [ 1305 1696 1507 ] [   62   26   52 ] [  14308   2829   8796 ] [ 0 ],1.10,1.10,1.10,1.10,126.28,-39.12,0.00,0.00,0.00,0.00,0.00,0.00,0.00,0.00,0.00,0.00,0.00,0.00,-0.00,0.00,0.00,0
1.57717,111,-41,388,0,DRIVE [ 64 ] [ 1 ] [ 1376 1696 1483 ] [    0    0    0 ] [      0      0      0 ] [ 0 ],drive [ 63 ] [ 0 ] [ 1336 1696 1497 ] [   62   26   52 ] [  14308   2829   8796 ] [ 0 ],1.10,1.10,1.10,1.10,122.23,-45.63,0.00,0.00,0.00,0.00,0.00,0.00,0.00,0.00,0.00,0.00,0.00,0.00,-0.00,0.00,0.00,0
1.58925,107,-46,390,0,DRIVE [ 64 ] [ 1 ] [ 1410 1696 1470 ] [    0    0    0 ] [      0      0      0 ] [ 0 ],drive [ 64 ] [ 0 ] [ 1376 1696 1483 ] [   62   26   52 ] [  14308   2829   8796 ] [ 0 ],1.10,1.10,1.10,1.10,117.44,-51.08,0.00,0.00,0.00,0.00,0.00,0.00,0.00,0.00,0.00,0.00,0.00,0.00,-0.00,0.00,0.00,0
1.6023,103,-51,393,0,DRIVE [ 65 ] [ 1 ] [ 1442 1696 1456 ] [    0    0    0 ] [      0      0      0 ] [ 0 ],drive [ 64 ] [ 0 ] [ 1410 1696 1470 ] [   62   26   52 ] [  14296   2829   8801 ] [ 0 ],1.10,1.10,1.10,1.10,112.88,-56.35,0.00,0.00,0.00,0.00,0.00,0.00,0.00,0.00,0.00,0.00,0.00,0.00,-0.00,0.00,0.00,0
1.61519,99,-56,395,0,DRIVE [ 65 ] [ 1 ] [ 1471 1696 1442 ] [    0    0    0 ] [      0      0      0 ] [ 0 ],drive [ 65 ] [ 0 ] [ 1442 1696 1456 ] [   50   24   55 ] [  14296   2829   8801 ] [ 0 ],1.10,1.10,1.10,1.10,108.72,-61.46,0.00,0.00,0.00,0.00,0.00,0.00,0.00,0.00,0.00,0.00,0.00,0.00,-0.00,0.00,0.00,0
1.62788,95,-60,396,0,DRIVE [ 66 ] [ 1 ] [ 1497 1696 1428 ] [    0    0    0 ] [      0      0      0 ] [ 0 ],drive [ 65 ] [ 0 ] [ 1471 1696 1442 ] [   50   24   55 ] [  14296   2829   8801 ] [ 0 ],1.10,1.10,1.10,1.10,104.25,-66.07,0.00,0.00,0.00,0.00,0.00,0.00,0.00,0.00,0.00,0.00,0.00,0.00,-0.00,0.00,0.00,0
1.6407,91,-64,396,0,DRIVE [ 66 ] [ 1 ] [ 1520 1696 1413 ] [    0    0    0 ] [      0      0      0 ] [ 0 ],drive [ 66 ] [ 0 ] [ 1497 1696 1428 ] [   50   24   55 ] [  14296   2829   8801 ] [ 0 ],1.10,1.10,1.10,1.10,99.85,-70.26,0.00,0.00,0.00,0.00,0.00,0.00,0.00,0.00,0.00,0.00,0.00,0.00,-0.00,0.00,0.00,0
1.65306,87,-68,397,0,DRIVE [ 67 ] [ 1 ] [ 1542 1696 1398 ] [    0    0    0 ] [      0      0      0 ] [ 0 ],drive [ 66 ] [ 0 ] [ 1520 1696 1413 ] [   50   24   55 ] [  14261   2829   8838 ] [ 0 ],1.10,1.10,1.10,1.10,95.89,-74.46,0.00,0.00,0.00,0.00,0.00,0.00,0.00,0.00,0.00,0.00,0.00,0.00,-0.00,0.00,0.00,0
1.66604,84,-71,395,0,DRIVE [ 67 ] [ 1 ] [ 1560 1696 1382 ] [    0    0    0 ] [      0      0      0 ] [ 0 ],drive [ 67 ] [ 0 ] [ 1542 1696 1398 ] [   57   26   46 ] [  14261   2829   8838 ] [ 0 ],1.10,1.10,1.10,1.10,91.93,-78.04,0.00,0.00,0.00,0.00,0.00,0.00,0.00,0.00,0.00,0.00,0.00,0.00,0.00,0.00,0.00,0
1.67933,81,-75,398,0,DRIVE [ 68 ] [ 1 ] [ 1578 1696 1367 ] [    0    0    0 ] [      0      0      0 ] [ 0 ],drive [ 67 ] [ 0 ] [ 1560 1696 1382 ] [   57   26   46 ] [  14261   2829   8838 ] [ 0 ],1.10,1.10,1.10,1.10,88.87,-82.09,0.00,0.00,0.00,0.00,0.00,0.00,0.00,0.00,0.00,0.00,0.00,0.00,0.00,0.00,0.00,0
1.69229,79,-78,400,0,DRIVE [ 68 ] [ 1 ] [ 1592 1696 1351 ] [    0    0    0 ] [      0      0      0 ] [ 0 ],drive [ 68 ] [ 0 ] [ 1578 1696 1367 ] [   57   26   46 ] [  14261   2829   8838 ] [ 0 ],1.10,1.10,1.10,1.10,86.40,-86.06,0.00,0.00,0.00,0.00,0.00,0.00,0.00,0.00,0.00,0.00,0.00,0.00,0.00,0.00,0.00,0
1.70518,76,-81,399,0,DRIVE [ 69 ] [ 1 ] [ 1605 1696 1335 ] [    0    0    0 ] [      0      0      0 ] [ 0 ],drive [ 68 ] [ 0 ] [ 1592 1696 1351 ] [   57   26   46 ] [  14147   2829   8861 ] [ 0 ],1.10,1.10,1.10,1.10,83.35,-89.04,0.00,0.00,0.00,0.00,0.00,0.00,0.00,0.00,0.00,0.00,0.00,0.00,0.00,0.00,0.00,0
1.71773,73,-85,397,0,DRIVE [ 69 ] [ 1 ] [ 1618 1696 1312 ] [    0    0    0 ] [      0      0      0 ] [ 0 ],drive [ 69 ] [ 0 ] [ 1605 1696 1335 ] [   42   25   74 ] [  14147   2829   8861 ] [ 0 ],1.10,1.10,1.10,1.10,80.45,-93.11,0.00,0.00,0.00,0.00,0.00,0.00,0.00,0.00,0.00,0.00,0.00,0.00,0.00,0.00,0.00,0
1.73066,71,-88,398,0,DRIVE [ 70 ] [ 1 ] [ 1628 1696 1292 ] [    0    0    0 ] [      0      0      0 ] [ 0 ],drive [ 69 ] [ 0 ] [ 1618 1696 1312 ] [   42   25   74 ] [  14147   2829   8861 ] [ 0 ],1.10,1.10,1.10,1.10,78.21,-96.94,0.00,0.00,0.00,0.00,0.00,0.00,0.00,0.00,0.00,0.00,0.00,0.00,0.00,0.00,0.00,0
1.74345,69,-91,399,0,DRIVE [ 70 ] [ 1 ] [ 1637 1696 1274 ] [    0    0    0 ] [      0      0      0 ] [ 0 ],drive [ 70 ] [ 0 ] [ 1628 1696 1292 ] [   42   25   74 ] [  14147   2829   8861 ] [ 0 ],1.10,1.10,1.10,1.10,76.44,-100.50,0.00,0.00,0.00,0.00,0.00,0.00,0.00,0.00,0.00,0.00,0.00,0.00,0.00,0.00,0.00,0
1.75632,69,-95,405,0,DRIVE [ 71 ] [ 1 ] [ 1645 1696 1259 ] [    0    0    0 ] [      0      0      0 ] [ 0 ],drive [ 70 ] [ 0 ] [ 1637 1696 1274 ] [   42   25   74 ] [  13945   2829   8998 ] [ 0 ],1.10,1.10,1.10,1.10,75.95,-104.88,0.00,0.00,0.00,0.00,0.00,0.00,0.00,0.00,0.00,0.00,0.00,0.00,0.00,0.00,0.00,0
1.76911,67,-97,404,0,DRIVE [ 71 ] [ 1 ] [ 1652 1696 1248 ] [    0    0    0 ] [      0      0      0 ] [ 0 ],drive [ 71 ] [ 0 ] [ 1645 1696 1259 ] [   42   26   60 ] [  13945   2829   8998 ] [ 0 ],1.10,1.10,1.10,1.10,74.00,-106.48,0.00,0.00,0.00,0.00,0.00,0.00,0.00,0.00,0.00,0.00,0.00,0.00,0.00,0.00,0.00,0
1.78249,66,-99,404,0,DRIVE [ 72 ] [ 1 ] [ 1659 1696 1236 ] [    0    0    0 ] [      0      0      0 ] [ 0 ],drive [ 71 ] [ 0 ] [ 1652 1696 1248 ] [   42   26   60 ] [  13945   2829   8998 ] [ 0 ],1.10,1.10,1.10,1.10,72.16,-108.46,0.00,0.00,0.00,0.00,0.00,0.00,0.00,0.00,0.00,0.00,0.00,0.00,0.00,0.00,0.00,0
1.7965,65,-101,408,0,DRIVE [ 72 ] [ 1 ] [ 1666 1696 1227 ] [    0    0    0 ] [      0      0      0 ] [ 0 ],drive [ 72 ] [ 0 ] [ 1659 1696 1236 ] [   42   26   60 ] [  13945   2829   8998 ] [ 0 ],1.10,1.10,1.10,1.10,71.08,-111.05,0.00,0.00,0.00,0.00,0.00,0.00,0.00,0.00,0.00,0.00,0.00,0.00,0.00,0.00,0.00,0
1.80995,63,-102,409,0,DRIVE [ 73 ] [ 1 ] [ 1672 1696 1224 ] [    0    0    0 ] [      0      0      0 ] [ 0 ],drive [ 72 ] [ 0 ] [ 1666 1696 1227 ] [   42   26   60 ] [  13747   2829   9204 ] [ 0 ],1.10,1.10,1.10,1.10,69.71,-112.02,0.00,0.00,0.00,0.00,0.00,0.00,0.00,0.00,0.00,0.00,0.00,0.00,0.00,0.00,0.00,0
1.82326,62,-102,409,0,DRIVE [ 73 ] [ 1 ] [ 1677 1696 1222 ] [    0    0    0 ] [      0      0      0 ] [ 0 ],drive [ 73 ] [ 0 ] [ 1672 1696 1224 ] [   49   26   84 ] [  13747   2829   9204 ] [ 0 ],1.10,1.10,1.10,1.10,68.17,-112.17,0.00,0.00,0.00,0.00,0.00,0.00,0.00,0.00,0.00,0.00,0.00,0.00,0.00,0.00,0.00,0
1.83573,61,-102,413,0,DRIVE [ 74 ] [ 1 ] [ 1681 1696 1225 ] [    0    0    0 ] [      0      0      0 ] [ 0 ],drive [ 73 ] [ 0 ] [ 1677 1696 1222 ] [   49   26   84 ] [  13747   2829   9204 ] [ 0 ],1.10,1.10,1.10,1.10,67.56,-112.61,0.00,0.00,0.00,0.00,0.00,0.00,0.00,0.00,0.00,0.00,0.00,0.00,0.00,0.00,0.00,0
1.84893,60,-102,413,0,DRIVE [ 74 ] [ 1 ] [ 1686 1696 1230 ] [    0    0    0 ] [      0      0      0 ] [ 0 ],drive [ 74 ] [ 0 ] [ 1681 1696 1225 ] [   49   26   84 ] [  13747   2829   9204 ] [ 0 ],1.10,1.10,1.10,1.10,66.49,-112.03,0.00,0.00,0.00,0.00,0.00,0.00,0.00,0.00,0.00,0.00,0.00,0.00,0.00,0.00,0.00,0
1.86302,59,-100,411,0,DRIVE [ 75 ] [ 1 ] [ 1689 1696 1235 ] [    0    0    0 ] [      0      0      0 ] [ 0 ],drive [ 74 ] [ 0 ] [ 1686 1696 1230 ] [   49   26   84 ] [  13550   2829   9361 ] [ 0 ],1.10,1.10,1.10,1.10,65.00,-110.32,0.00,0.00,0.00,0.00,0.00,0.00,0.00,0.00,0.00,0.00,0.00,0.00,0.00,0.00,0.00,0
1.87643,59,-99,415,0,DRIVE [ 75 ] [ 1 ] [ 1691 1696 1251 ] [    0    0    0 ] [      0      0      0 ] [ 0 ],drive [ 75 ] [ 0 ] [ 1689 1696 1235 ] [   21   25   60 ] [  13550   2829   9361 ] [ 0 ],1.10,1.10,1.10,1.10,64.76,-108.67,0.00,0.00,0.00,0.00,0.00,0.00,0.00,0.00,0.00,0.00,0.00,0.00,0.00,0.00,0.00,0
1.88995,60,-98,425,0,DRIVE [ 76 ] [ 1 ] [ 1693 1696 1268 ] [    0    0    0 ] [      0      0      0 ] [ 0 ],drive [ 75 ] [ 0 ] [ 1691 1696 1251 ] [   21   25   60 ] [  13550   2829   9361 ] [ 0 ],1.10,1.10,1.10,1.10,65.72,-108.27,0.00,0.00,0.00,0.00,0.00,0.00,0.00,0.00,0.00,0.00,0.00,0.00,0.00,0.00,0.00,0
1.90732,60,-95,424,0,DRIVE [ 76 ] [ 1 ] [ 1693 1696 1286 ] [    0    0    0 ] [      0      0      0 ] [ 0 ],drive [ 76 ] [ 0 ] [ 1693 1696 1268 ] [   21   25   60 ] [  13473   2829   9421 ] [ 0 ],1.10,1.10,1.10,1.10,65.48,-104.87,0.00,0.00,0.00,0.00,0.00,0.00,0.00,0.00,0.00,0.00,0.00,0.00,0.00,0.00,0.00,0
1.92181,59,-92,422,0,DRIVE [ 77 ] [ 1 ] [ 1692 1696 1303 ] [    0    0    0 ] [      0      0      0 ] [ 0 ],drive [ 76 ] [ 0 ] [ 1693 1696 1286 ] [   33   26   57 ] [  13473   2829   9421 ] [ 0 ],1.10,1.10,1.10,1.10,65.05,-101.47,0.00,0.00,0.00,0.00,0.00,0.00,0.00,0.00,0.00,0.00,0.00,0.00,0.00,0.00,0.00,0
1.93471,59,-89,422,0,DRIVE [ 77 ] [ 1 ] [ 1691 1696 1320 ] [    0    0    0 ] [      0      0      0 ] [ 0 ],drive [ 77 ] [ 0 ] [ 1692 1696 1303 ] [   33   26   57 ] [  13473   2829   9421 ] [ 0 ],1.10,1.10,1.10,1.10,64.99,-98.25,0.00,0.00,0.00,0.00,0.00,0.00,0.00,0.00,0.00,0.00,0.00,0.00,0.00,0.00,0.00,0
1.94768,60,-87,425,0,DRIVE [ 78 ] [ 1 ] [ 1690 1696 1337 ] [    0    0    0 ] [      0      0      0 ] [ 0 ],drive [ 77 ] [ 0 ] [ 1691 1696 1320 ] [   33   26   57 ] [  13473   2829   9421 ] [ 0 ],1.10,1.10,1.10,1.10,65.55,-96.08,0.00,0.00,0.00,0.00,0.00,0.00,0.00,0.00,0.00,0.00,0.00,0.00,-0.00,0.00,0.00,0
1.96058,60,-84,425,0,DRIVE [ 78 ] [ 1 ] [ 1689 1696 1360 ] [    0    0    0 ] [      0      0      0 ] [ 0 ],drive [ 78 ] [ 0 ] [ 1690 1696 1337 ] [   33   26   57 ] [  13399   2829   9420 ] [ 0 ],1.10,1.10,1.10,1.10,65.68,-92.01,0.00,0.00,0.00,0.00,0.00,0.00,0.00,0.00,0.00,0.00,0.00,0.00,-0.00,0.00,0.00,0
1.97344,60,-80,428,0,DRIVE [ 79 ] [ 1 ] [ 1686 1696 1383 ] [    0    0    0 ] [      0      0      0 ] [ 0 ],drive [ 78 ] [ 0 ] [ 1689 1696 1360 ] [   39   26   51 ] [  13399   2829   9420 ] [ 0 ],1.10,1.10,1.10,1.10,66.31,-88.20,0.00,0.00,0.00,0.00,0.00,0.00,0.00,0.00,0.00,0.00,0.00,0.00,-0.00,0.00,0.00,0
1.98589,61,-75,429,0,DRIVE [ 79 ] [ 1 ] [ 1683 1696 1413 ] [    0    0    0 ] [      0      0      0 ] [ 0 ],drive [ 79 ] [ 0 ] [ 1686 1696 1383 ] [   39   26   51 ] [  13399   2829   9420 ] [ 0 ],1.10,1.10,1.10,1.10,66.88,-82.92,0.00,0.00,0.00,0.00,0.00,0.00,0.00,0.00,0.00,0.00,0.00,0.00,-0.00,0.00,0.00,0
1.9991,61,-71,430,0,DRIVE [ 80 ] [ 1 ] [ 1680 1696 1441 ] [    0    0    0 ] [      0      0      0 ] [ 0 ],drive [ 79 ] [ 0 ] [ 1683 1696 1413 ] [   39   26   51 ] [  13399   2829   9420 ] [ 0 ],1.10,1.10,1.10,1.10,67.41,-77.91,0.00,0.00,0.00,0.00,0.00,0.00,0.00,0.00,0.00,0.00,0.00,0.00,-0.00,0.00,0.00,0
2.01207,62,-67,432,0,DRIVE [ 80 ] [ 1 ] [ 1676 1696 1466 ] [    0    0    0 ] [      0      0      0 ] [ 0 ],drive [ 80 ] [ 0 ] [ 1680 1696 1441 ] [   39   26   51 ] [  13263   2829   9421 ] [ 0 ],1.10,1.10,1.10,1.10,68.01,-73.44,0.00,0.00,0.00,0.00,0.00,0.00,0.00,0.00,0.00,0.00,0.00,0.00,-0.00,0.00,0.00,0
2.02746,63,-63,435,0,DRIVE [ 81 ] [ 1 ] [ 1672 1696 1488 ] [    0    0    0 ] [      0      0      0 ] [ 0 ],drive [ 80 ] [ 0 ] [ 1676 1696 1466 ] [   31   24   43 ] [  13263   2829   9421 ] [ 0 ],1.10,1.10,1.10,1.10,69.08,-69.58,0.00,0.00,0.00,0.00,0.00,0.00,0.00,0.00,0.00,0.00,0.00,0.00,-0.00,0.00,0.00,0
2.04084,64,-60,437,0,DRIVE [ 81 ] [ 1 ] [ 1668 1696 1508 ] [    0    0    0 ] [      0      0      0 ] [ 0 ],drive [ 81 ] [ 0 ] [ 1672 1696 1488 ] [   31   24   43 ] [  13263   2829   9421 ] [ 0 ],1.10,1.10,1.10,1.10,69.97,-65.83,0.00,0.00,0.00,0.00,0.00,0.00,0.00,0.00,0.00,0.00,0.00,0.00,-0.00,0.00,0.00,0
2.05327,64,-56,438,0,DRIVE [ 82 ] [ 1 ] [ 1664 1696 1527 ] [    0    0    0 ] [      0      0      0 ] [ 0 ],drive [ 81 ] [ 0 ] [ 1668 1696 1508 ] [   31   24   43 ] [  13257   2828   9404 ] [ 0 ],1.10,1.10,1.10,1.10,70.37,-61.92,0.00,0.00,0.00,0.00,0.00,0.00,0.00,0.00,0.00,0.00,0.00,0.00,-0.00,0.00,0.00,0
2.06616,64,-53,437,0,DRIVE [ 82 ] [ 1 ] [ 1661 1696 1545 ] [    0    0    0 ] [      0      0      0 ] [ 0 ],drive [ 82 ] [ 0 ] [ 1664 1696 1527 ] [   31   23   38 ] [  13257   2828   9404 ] [ 0 ],1.10,1.10,1.10,1.10,70.55,-58.11,0.00,0.00,0.00,0.00,0.00,0.00,0.00,0.00,0.00,0.00,0.00,0.00,-0.00,0.00,0.00,0
2.08084,64,-49,435,0,DRIVE [ 83 ] [ 1 ] [ 1658 1696 1562 ] [    0    0    0 ] [      0      0      0 ] [ 0 ],drive [ 82 ] [ 0 ] [ 1661 1696 1545 ] [   31   23   38 ] [  13257   2828   9404 ] [ 0 ],1.10,1.10,1.10,1.10,70.47,-54.23,0.00,0.00,0.00,0.00,0.00,0.00,0.00,0.00,0.00,0.00,0.00,0.00,-0.00,0.00,0.00,0
2.09462,65,-46,437,0,DRIVE [ 83 ] [ 1 ] [ 1653 1696 1582 ] [    0    0    0 ] [      0      0      0 ] [ 0 ],drive [ 83 ] [ 0 ] [ 1658 1696 1562 ] [   31   23   38 ] [  13257   2828   9404 ] [ 0 ],1.10,1.10,1.10,1.10,70.97,-50.09,0.00,0.00,0.00,0.00,0.00,0.00,0.00,0.00,0.00,0.00,0.00,0.00,-0.00,0.00,0.00,0
2.10772,65,-42,439,0,DRIVE [ 84 ] [ 1 ] [ 1649 1696 1600 ] [    0    0    0 ] [      0      0      0 ] [ 0 ],drive [ 83 ] [ 0 ] [ 1653 1696 1582 ] [   31   23   38 ] [  13258   2828   9395 ] [ 0 ],1.10,1.10,1.10,1.10,71.29,-46.18,0.00,0.00,0.00,0.00,0.00,0.00,0.00,0.00,0.00,0.00,0.00,0.00,-0.00,0.00,0.00,0
2.12003,65,-39,439,0,DRIVE [ 84 ] [ 1 ] [ 1645 1696 1616 ] [    0    0    0 ] [      0      0      0 ] [ 0 ],drive [ 84 ] [ 0 ] [ 1649 1696 1600 ] [   31   25   41 ] [  13258   2828   9395 ] [ 0 ],1.10,1.10,1.10,1.10,71.40,-42.52,0.00,0.00,0.00,0.00,0.00,0.00,0.00,0.00,0.00,0.00,0.00,0.00,-0.00,0.00,0.00,0
2.13292,66,-36,441,0,DRIVE [ 85 ] [ 1 ] [ 1640 1696 1630 ] [    0    0    0 ] [      0      0      0 ] [ 0 ],drive [ 84 ] [ 0 ] [ 1645 1696 1616 ] [   31   25   41 ] [  13258   2828   9395 ] [ 0 ],1.10,1.10,1.10,1.10,72.11,-39.30,0.00,0.00,0.00,0.00,0.00,0.00,0.00,0.00,0.00,0.00,0.00,0.00,-0.00,0.00,0.00,0
2.14635,66,-32,440,0,DRIVE [ 85 ] [ 1 ] [ 1633 1696 1645 ] [    0    0    0 ] [      0      0      0 ] [ 0 ],drive [ 85 ] [ 0 ] [ 1640 1696 1630 ] [   31   25   41 ] [  13258   2828   9395 ] [ 0 ],1.10,1.10,1.10,1.10,72.55,-35.53,0.00,0.00,0.00,0.00,0.00,0.00,0.00,0.00,0.00,0.00,0.00,0.00,-0.00,0.00,0.00,0
2.15924,67,-30,443,0,DRIVE [ 86 ] [ 1 ] [ 1626 1696 1656 ] [    0    0    0 ] [      0      0      0 ] [ 0 ],drive [ 85 ] [ 0 ] [ 1633 1696 1645 ] [   31   25   41 ] [  13259   2828   9365 ] [ 0 ],1.10,1.10,1.10,1.10,73.63,-32.70,0.00,0.00,0.00,0.00,0.00,0.00,0.00,0.00,0.00,0.00,0.00,0.00,-0.00,0.00,0.00,0
2.17206,68,-27,446,0,DRIVE [ 86 ] [ 1 ] [ 1619 1696 1666 ] [    0    0    0 ] [      0      0      0 ] [ 0 ],drive [ 86 ] [ 0 ] [ 1626 1696 1656 ] [   34   24   48 ] [  13259   2828   9365 ] [ 0 ],1.10,1.10,1.10,1.10,75.09,-30.22,0.00,0.00,0.00,0.00,0.00,0.00,0.00,0.00,0.00,0.00,0.00,0.00,-0.00,0.00,0.00,0
2.18444,68,-25,444,0,DRIVE [ 87 ] [ 1 ] [ 1612 1696 1674 ] [    0    0    0 ] [      0      0      0 ] [ 0 ],drive [ 86 ] [ 0 ] [ 1619 1696 1666 ] [   34   24   48 ] [  13259   2828   9365 ] [ 0 ],1.10,1.10,1.10,1.10,75.27,-27.55,0.00,0.00,0.00,0.00,0.00,0.00,0.00,0.00,0.00,0.00,0.00,0.00,-0.00,0.00,0.00,0
2.19914,69,-23,441,0,DRIVE [ 87 ] [ 1 ] [ 1605 1696 1682 ] [    0    0    0 ] [      0      0      0 ] [ 0 ],drive [ 87 ] [ 0 ] [ 1612 1696 1674 ] [   34   24   48 ] [  13259   2828   9365 ] [ 0 ],1.10,1.10,1.10,1.10,75.50,-25.12,0.00,0.00,0.00,0.00,0.00,0.00,0.00,0.00,0.00,0.00,0.00,0.00,-0.00,0.00,0.00,0
2.21238,69,-21,439,0,DRIVE [ 88 ] [ 1 ] [ 1598 1696 1688 ] [    0    0    0 ] [      0      0      0 ] [ 0 ],drive [ 87 ] [ 0 ] [ 1605 1696 1682 ] [   34   24   48 ] [  13259   2828   9292 ] [ 0 ],1.10,1.10,1.10,1.10,75.88,-22.95,0.00,0.00,0.00,0.00,0.00,0.00,0.00,0.00,0.00,0.00,0.00,0.00,-0.00,0.00,0.00,0
2.22524,70,-19,438,0,DRIVE [ 88 ] [ 1 ] [ 1591 1696 1694 ] [    0    0    0 ] [      0      0      0 ] [ 0 ],drive [ 88 ] [ 0 ] [ 1598 1696 1688 ] [   33   25   30 ] [  13259   2828   9292 ] [ 0 ],1.10,1.10,1.10,1.10,76.49,-20.77,0.00,0.00,0.00,0.00,0.00,0.00,0.00,0.00,0.00,0.00,0.00,0.00,-0.00,0.00,0.00,0
2.23886,70,-17,436,0,DRIVE [ 89 ] [ 1 ] [ 1584 1696 1699 ] [    0    0    0 ] [      0      0      0 ] [ 0 ],drive [ 88 ] [ 0 ] [ 1591 1696 1694 ] [   33   25   30 ] [  13259   2828   9292 ] [ 0 ],1.10,1.10,1.10,1.10,76.81,-18.96,0.00,0.00,0.00,0.00,0.00,0.00,0.00,0.00,0.00,0.00,0.00,0.00,-0.00,0.00,0.00,0
2.25105,70,-16,437,0,DRIVE [ 89 ] [ 1 ] [ 1579 1696 1704 ] [    0    0    0 ] [      0      0      0 ] [ 0 ],drive [ 89 ] [ 0 ] [ 1584 1696 1699 ] [   33   25   30 ] [  13263   2828   9287 ] [ 0 ],1.10,1.10,1.10,1.10,77.52,-17.46,0.00,0.00,0.00,0.00,0.00,0.00,0.00,0.00,0.00,0.00,0.00,0.00,-0.00,0.00,0.00,0
2.26386,72,-15,441,0,DRIVE [ 90 ] [ 1 ] [ 1574 1696 1707 ] [    0    0    0 ] [      0      0      0 ] [ 0 ],drive [ 89 ] [ 0 ] [ 1579 1696 1704 ] [   33   25   30 ] [  13263   2828   9287 ] [ 0 ],1.10,1.10,1.10,1.10,78.76,-16.40,0.00,0.00,0.00,0.00,0.00,0.00,0.00,0.00,0.00,0.00,0.00,0.00,-0.00,0.00,0.00,0
2.27682,72,-14,440,0,DRIVE [ 90 ] [ 1 ] [ 1570 1696 1711 ] [    0    0    0 ] [      0      0      0 ] [ 0 ],drive [ 90 ] [ 0 ] [ 1574 1696 1707 ] [   34   25   27 ] [  13263   2828   9287 ] [ 0 ],1.10,1.10,1.10,1.10,78.98,-15.17,0.00,0.00,0.00,0.00,0.00,0.00,0.00,0.00,0.00,0.00,0.00,0.00,-0.00,0.00,0.00,0
2.28979,72,-12,441,0,DRIVE [ 91 ] [ 1 ] [ 1565 1696 1716 ] [    0    0    0 ] [      0      0      0 ] [ 0 ],drive [ 90 ] [ 0 ] [ 1570 1696 1711 ] [   34   25   27 ] [  13263   2828   9287 ] [ 0 ],1.10,1.10,1.10,1.10,79.43,-13.55,0.00,0.00,0.00,0.00,0.00,0.00,0.00,0.00,0.00,0.00,0.00,0.00,-0.00,0.00,0.00,0
2.3022,73,-11,444,0,DRIVE [ 91 ] [ 1 ] [ 1561 1696 1720 ] [    0    0    0 ] [      0      0      0 ] [ 0 ],drive [ 91 ] [ 0 ] [ 1565 1696 1716 ] [   34   25   27 ] [  13271   2828   9281 ] [ 0 ],1.10,1.10,1.10,1.10,80.08,-12.23,0.00,0.00,0.00,0.00,0.00,0.00,0.00,0.00,0.00,0.00,0.00,0.00,-0.00,0.00,0.00,0
2.31512,73,-10,442,0,DRIVE [ 92 ] [ 1 ] [ 1557 1696 1724 ] [    0    0    0 ] [      0      0      0 ] [ 0 ],drive [ 91 ] [ 0 ] [ 1561 1696 1720 ] [   32   25   36 ] [  13271   2828   9281 ] [ 0 ],1.10,1.10,1.10,1.10,79.87,-10.88,0.00,0.00,0.00,0.00,0.00,0.00,0.00,0.00,0.00,0.00,0.00,0.00,-0.00,0.00,0.00,0
2.32772,73,-9,444,0,DRIVE [ 92 ] [ 1 ] [ 1554 1696 1728 ] [    0    0    0 ] [      0      0      0 ] [ 0 ],drive [ 92 ] [ 0 ] [ 1557 1696 1724 ] [   32   25   36 ] [  13271   2828   9281 ] [ 0 ],1.10,1.10,1.10,1.10,80.25,-9.87,0.00,0.00,0.00,0.00,0.00,0.00,0.00,0.00,0.00,0.00,0.00,0.00,-0.00,0.00,0.00,0
2.34082,73,-8,443,0,DRIVE [ 93 ] [ 1 ] [ 1552 1696 1730 ] [    0    0    0 ] [      0      0      0 ] [ 0 ],drive [ 92 ] [ 0 ] [ 1554 1696 1728 ] [   32   25   36 ] [  13271   2828   9281 ] [ 0 ],1.10,1.10,1.10,1.10,80.18,-9.01,0.00,0.00,0.00,0.00,0.00,0.00,0.00,0.00,0.00,0.00,0.00,0.00,-0.00,0.00,0.00,0
2.35356,73,-8,444,0,DRIVE [ 93 ] [ 1 ] [ 1550 1696 1731 ] [    0    0    0 ] [      0      0      0 ] [ 0 ],drive [ 93 ] [ 0 ] [ 1552 1696 1730 ] [   32   25   36 ] [  13286   2828   9220 ] [ 0 ],1.10,1.10,1.10,1.10,80.39,-8.58,0.00,0.00,0.00,0.00,0.00,0.00,0.00,0.00,0.00,0.00,0.00,0.00,-0.00,0.00,0.00,0
2.36632,73,-7,440,0,DRIVE [ 94 ] [ 1 ] [ 1548 1696 1732 ] [    0    0    0 ] [      0      0      0 ] [ 0 ],drive [ 93 ] [ 0 ] [ 1550 1696 1731 ] [   34   25   24 ] [  13286   2828   9220 ] [ 0 ],1.10,1.10,1.10,1.10,79.97,-8.09,0.00,0.00,0.00,0.00,0.00,0.00,0.00,0.00,0.00,0.00,0.00,0.00,-0.00,0.00,0.00,0
2.37943,73,-7,443,0,DRIVE [ 94 ] [ 1 ] [ 1547 1696 1732 ] [    0    0    0 ] [      0      0      0 ] [ 0 ],drive [ 94 ] [ 0 ] [ 1548 1696 1732 ] [   34   25   24 ] [  13286   2828   9220 ] [ 0 ],1.10,1.10,1.10,1.10,80.77,-7.99,0.00,0.00,0.00,0.00,0.00,0.00,0.00,0.00,0.00,0.00,0.00,0.00,-0.00,0.00,0.00,0
2.39202,73,-7,438,0,DRIVE [ 95 ] [ 1 ] [ 1544 1696 1733 ] [    0    0    0 ] [      0      0      0 ] [ 0 ],drive [ 94 ] [ 0 ] [ 1547 1696 1732 ] [   34   25   24 ] [  13286   2828   9220 ] [ 0 ],1.10,1.10,1.10,1.10,80.24,-7.55,0.00,0.00,0.00,0.00,0.00,0.00,0.00,0.00,0.00,0.00,0.00,0.00,-0.00,0.00,0.00,0
2.40499,73,-7,438,0,DRIVE [ 95 ] [ 1 ] [ 1542 1696 1733 ] [    0    0    0 ] [      0      0      0 ] [ 0 ],drive [ 95 ] [ 0 ] [ 1544 1696 1733 ] [   34   25   24 ] [  13289   2828   9188 ] [ 0 ],1.10,1.10,1.10,1.10,80.46,-7.47,0.00,0.00,0.00,0.00,0.00,0.00,0.00,0.00,0.00,0.00,0.00,0.00,-0.00,0.00,0.00,0
2.41782,74,-7,436,0,DRIVE [ 96 ] [ 1 ] [ 1539 1696 1731 ] [    0    0    0 ] [      0      0      0 ] [ 0 ],drive [ 95 ] [ 0 ] [ 1542 1696 1733 ] [   34   24   17 ] [  13289   2828   9188 ] [ 0 ],1.10,1.10,1.10,1.10,80.98,-7.38,0.00,0.00,0.00,0.00,0.00,0.00,0.00,0.00,0.00,0.00,0.00,0.00,0.00,0.00,0.00,0
2.43062,74,-7,434,0,DRIVE [ 96 ] [ 1 ] [ 1536 1696 1730 ] [    0    0    0 ] [      0      0      0 ] [ 0 ],drive [ 96 ] [ 0 ] [ 1539 1696 1731 ] [   34   24   17 ] [  13289   2828   9188 ] [ 0 ],1.10,1.10,1.10,1.10,81.14,-7.55,0.00,0.00,0.00,0.00,0.00,0.00,0.00,0.00,0.00,0.00,0.00,0.00,0.00,0.00,0.00,0
2.44341,74,-7,434,0,DRIVE [ 97 ] [ 1 ] [ 1534 1696 1728 ] [    0    0    0 ] [      0      0      0 ] [ 0 ],drive [ 96 ] [ 0 ] [ 1536 1696 1730 ] [   34   24   17 ] [  13289   2828   9188 ] [ 0 ],1.10,1.10,1.10,1.10,81.68,-7.82,0.00,0.00,0.00,0.00,0.00,0.00,0.00,0.00,0.00,0.00,0.00,0.00,0.00,0.00,0.00,0
2.4562,74,-7,433,0,DRIVE [ 97 ] [ 1 ] [ 1533 1696 1726 ] [    0    0    0 ] [      0      0      0 ] [ 0 ],drive [ 97 ] [ 0 ] [ 1534 1696 1728 ] [   34   24   17 ] [  13292   2828   9179 ] [ 0 ],1.10,1.10,1.10,1.10,81.86,-8.04,0.00,0.00,0.00,0.00,0.00,0.00,0.00,0.00,0.00,0.00,0.00,0.00,0.00,0.00,0.00,0
2.46949,75,-8,438,0,DRIVE [ 98 ] [ 1 ] [ 1534 1696 1725 ] [    0    0    0 ] [      0      0      0 ] [ 0 ],drive [ 97 ] [ 0 ] [ 1533 1696 1726 ] [   36   25   19 ] [  13292   2828   9179 ] [ 0 ],1.10,1.10,1.10,1.10,83.04,-8.56,0.00,0.00,0.00,0.00,0.00,0.00,0.00,0.00,0.00,0.00,0.00,0.00,0.00,0.00,0.00,0
2.48284,75,-8,435,0,DRIVE [ 98 ] [ 1 ] [ 1537 1696 1722 ] [    0    0    0 ] [      0      0      0 ] [ 0 ],drive [ 98 ] [ 0 ] [ 1534 1696 1725 ] [   36   25   19 ] [  13292   2828   9179 ] [ 0 ],1.10,1.10,1.10,1.10,82.13,-9.33,0.00,0.00,0.00,0.00,0.00,0.00,0.00,0.00,0.00,0.00,0.00,0.00,0.00,0.00,0.00,0
2.49558,74,-9,432,0,DRIVE [ 99 ] [ 1 ] [ 1541 1696 1721 ] [    0    0    0 ] [      0      0      0 ] [ 0 ],drive [ 98 ] [ 0 ] [ 1537 1696 1722 ] [   36   25   19 ] [  13292   2828   9179 ] [ 0 ],1.10,1.10,1.10,1.10,81.29,-10.00,0.00,0.00,0.00,0.00,0.00,0.00,0.00,0.00,0.00,0.00,0.00,0.00,0.00,0.00,0.00,0
2.50858,73,-10,432,0,DRIVE [ 99 ] [ 1 ] [ 1545 1696 1719 ] [    0    0    0 ] [      0      0      0 ] [ 0 ],drive [ 99 ] [ 0 ] [ 1541 1696 1721 ] [   36   25   19 ] [  13308   2828   9177 ] [ 0 ],1.10,1.10,1.10,1.10,80.73,-10.75,0.00,0.00,0.00,0.00,0.00,0.00,0.00,0.00,0.00,0.00,0.00,0.00,-0.00,0.00,0.00,0
2.52125,73,-11,433,0,DRIVE [ 00 ] [ 1 ] [ 1551 1696 1717 ] [    0    0    0 ] [      0      0      0 ] [ 0 ],drive [ 99 ] [ 0 ] [ 1545 1696 1719 ] [   50   25   23 ] [  13308   2828   9177 ] [ 0 ],1.10,1.10,1.10,1.10,80.21,-11.93,0.00,0.00,0.00,0.00,0.00,0.00,0.00,0.00,0.00,0.00,0.00,0.00,-0.00,0.00,0.00,0
2.5357,72,-12,433,0,DRIVE [ 00 ] [ 1 ] [ 1557 1696 1714 ] [    0    0    0 ] [      0      0      0 ] [ 0 ],drive [ 00 ] [ 0 ] [ 1551 1696 1717 ] [   50   25   23 ] [  13308   2828   9177 ] [ 0 ],1.10,1.10,1.10,1.10,79.45,-13.03,0.00,0.00,0.00,0.00,0.00,0.00,0.00,0.00,0.00,0.00,0.00,0.00,-0.00,0.00,0.00,0
2.5508,72,-13,432,0,DRIVE [ 01 ] [ 1 ] [ 1562 1696 1710 ] [    0    0    0 ] [      0      0      0 ] [ 0 ],drive [ 00 ] [ 0 ] [ 1557 1696 1714 ] [   50   25   23 ] [  13308   2828   9177 ] [ 0 ],1.10,1.10,1.10,1.10,78.86,-14.31,0.00,0.00,0.00,0.00,0.00,0.00,0.00,0.00,0.00,0.00,0.00,0.00,-0.00,0.00,0.00,0
2.56588,71,-14,433,0,DRIVE [ 01 ] [ 1 ] [ 1569 1696 1707 ] [    0    0    0 ] [      0      0      0 ] [ 0 ],drive [ 01 ] [ 0 ] [ 1562 1696 1710 ] [   50   25   23 ] [  13318   2828   9175 ] [ 0 ],1.10,1.10,1.10,1.10,78.31,-15.81,0.00,0.00,0.00,0.00,0.00,0.00,0.00,0.00,0.00,0.00,0.00,0.00,-0.00,0.00,0.00,0
2.57905,71,-16,433,0,DRIVE [ 02 ] [ 1 ] [ 1575 1696 1703 ] [    0    0    0 ] [      0      0      0 ] [ 0 ],drive [ 01 ] [ 0 ] [ 1569 1696 1707 ] [   52   26   23 ] [  13318   2828   9175 ] [ 0 ],1.10,1.10,1.10,1.10,77.63,-17.11,0.00,0.00,0.00,0.00,0.00,0.00,0.00,0.00,0.00,0.00,0.00,0.00,-0.00,0.00,0.00,0
2.59139,70,-17,433,0,DRIVE [ 02 ] [ 1 ] [ 1581 1696 1699 ] [    0    0    0 ] [      0      0      0 ] [ 0 ],drive [ 02 ] [ 0 ] [ 1575 1696 1703 ] [   52   26   23 ] [  13318   2828   9175 ] [ 0 ],1.10,1.10,1.10,1.10,76.78,-18.53,0.00,0.00,0.00,0.00,0.00,0.00,0.00,0.00,0.00,0.00,0.00,0.00,-0.00,0.00,0.00,0
2.60451,69,-18,433,0,DRIVE [ 03 ] [ 1 ] [ 1589 1696 1695 ] [    0    0    0 ] [      0      0      0 ] [ 0 ],drive [ 02 ] [ 0 ] [ 1581 1696 1699 ] [   52   26   23 ] [  13317   2828   9176 ] [ 0 ],1.10,1.10,1.10,1.10,76.05,-20.13,0.00,0.00,0.00,0.00,0.00,0.00,0.00,0.00,0.00,0.00,0.00,0.00,-0.00,0.00,0.00,0
2.61747,69,-20,435,0,DRIVE [ 03 ] [ 1 ] [ 1595 1696 1691 ] [    0    0    0 ] [      0      0      0 ] [ 0 ],drive [ 03 ] [ 0 ] [ 1589 1696 1695 ] [   47   25   25 ] [  13317   2828   9176 ] [ 0 ],1.10,1.10,1.10,1.10,75.43,-21.83,0.00,0.00,0.00,0.00,0.00,0.00,0.00,0.00,0.00,0.00,0.00,0.00,-0.00,0.00,0.00,0
2.63055,67,-22,434,0,DRIVE [ 04 ] [ 1 ] [ 1605 1696 1685 ] [    0    0    0 ] [      0      0      0 ] [ 0 ],drive [ 03 ] [ 0 ] [ 1595 1696 1691 ] [   47   25   25 ] [  13317   2828   9176 ] [ 0 ],1.10,1.10,1.10,1.10,74.06,-24.00,0.00,0.00,0.00,0.00,0.00,0.00,0.00,0.00,0.00,0.00,0.00,0.00,-0.00,0.00,0.00,0
2.64368,66,-24,435,0,DRIVE [ 04 ] [ 1 ] [ 1614 1696 1679 ] [    0    0    0 ] [      0      0      0 ] [ 0 ],drive [ 04 ] [ 0 ] [ 1605 1696 1685 ] [   47   25   25 ] [  13317   2828   9176 ] [ 0 ],1.10,1.10,1.10,1.10,72.96,-26.11,0.00,0.00,0.00,0.00,0.00,0.00,0.00,0.00,0.00,0.00,0.00,0.00,-0.00,0.00,0.00,0
2.65626,65,-26,435,0,DRIVE [ 05 ] [ 1 ] [ 1622 1696 1673 ] [    0    0    0 ] [      0      0      0 ] [ 0 ],drive [ 04 ] [ 0 ] [ 1614 1696 1679 ] [   47   25   25 ] [  13317   2828   9176 ] [ 0 ],1.10,1.10,1.10,1.10,71.88,-28.12,0.00,0.00,0.00,0.00,0.00,0.00,0.00,0.00,0.00,0.00,0.00,0.00,-0.00,0.00,0.00,0
2.66956,65,-27,436,0,DRIVE [ 05 ] [ 1 ] [ 1630 1696 1667 ] [    0    0    0 ] [      0      0      0 ] [ 0 ],drive [ 05 ] [ 0 ] [ 1622 1696 1673 ] [   45   24   25 ] [  13317   2828   9176 ] [ 0 ],1.10,1.10,1.10,1.10,70.98,-30.16,0.00,0.00,0.00,0.00,0.00,0.00,0.00,0.00,0.00,0.00,0.00,0.00,-0.00,0.00,0.00,0
2.68297,63,-29,434,0,DRIVE [ 06 ] [ 1 ] [ 1636 1696 1661 ] [    0    0    0 ] [      0      0      0 ] [ 0 ],drive [ 05 ] [ 0 ] [ 1630 1696 1667 ] [   45   24   25 ] [  13317   2828   9176 ] [ 0 ],1.10,1.10,1.10,1.10,69.79,-31.86,0.00,0.00,0.00,0.00,0.00,0.00,0.00,0.00,0.00,0.00,0.00,0.00,-0.00,0.00,0.00,0
2.69613,64,-31,441,0,DRIVE [ 06 ] [ 1 ] [ 1642 1696 1654 ] [    0    0    0 ] [      0      0      0 ] [ 0 ],drive [ 06 ] [ 0 ] [ 1636 1696 1661 ] [   45   24   25 ] [  13317   2828   9176 ] [ 0 ],1.10,1.10,1.10,1.10,70.24,-34.34,0.00,0.00,0.00,0.00,0.00,0.00,0.00,0.00,0.00,0.00,0.00,0.00,-0.00,0.00,0.00,0
2.70912,63,-33,441,0,DRIVE [ 07 ] [ 1 ] [ 1646 1696 1648 ] [    0    0    0 ] [      0      0      0 ] [ 0 ],drive [ 06 ] [ 0 ] [ 1642 1696 1654 ] [   45   24   25 ] [  13316   2828   9176 ] [ 0 ],1.10,1.10,1.10,1.10,69.59,-35.89,0.00,0.00,0.00,0.00,0.00,0.00,0.00,0.00,0.00,0.00,0.00,0.00,-0.00,0.00,0.00,0
2.72149,63,-34,443,0,DRIVE [ 07 ] [ 1 ] [ 1650 1696 1642 ] [    0    0    0 ] [      0      0      0 ] [ 0 ],drive [ 07 ] [ 0 ] [ 1646 1696 1648 ] [   41   25   28 ] [  13316   2828   9176 ] [ 0 ],1.10,1.10,1.10,1.10,69.68,-37.60,0.00,0.00,0.00,0.00,0.00,0.00,0.00,0.00,0.00,0.00,0.00,0.00,0.00,0.00,0.00,0
2.7344,63,-36,444,0,DRIVE [ 08 ] [ 1 ] [ 1653 1696 1636 ] [    0    0    0 ] [      0      0      0 ] [ 0 ],drive [ 07 ] [ 0 ] [ 1650 1696 1642 ] [   41   25   28 ] [  13316   2828   9176 ] [ 0 ],1.10,1.10,1.10,1.10,69.31,-39.40,0.00,0.00,0.00,0.00,0.00,0.00,0.00,0.00,0.00,0.00,0.00,0.00,0.00,0.00,0.00,0
2.74733,63,-37,446,0,DRIVE [ 08 ] [ 1 ] [ 1656 1696 1631 ] [    0    0    0 ] [      0      0      0 ] [ 0 ],drive [ 08 ] [ 0 ] [ 1653 1696 1636 ] [   41   25   28 ] [  13316   2828   9176 ] [ 0 ],1.10,1.10,1.10,1.10,69.25,-40.80,0.00,0.00,0.00,0.00,0.00,0.00,0.00,0.00,0.00,0.00,0.00,0.00,0.00,0.00,0.00,0
2.76032,62,-38,443,1,DRIVE [ 09 ] [ 1 ] [ 1658 1696 1627 ] [    0    0    0 ] [      0      0      0 ] [ 0 ],drive [ 08 ] [ 0 ] [ 1656 1696 1631 ] [   41   25   28 ] [  13312   2828   9180 ] [ 0 ],1.10,1.10,1.10,1.10,68.73,-41.66,0.00,0.00,0.00,0.00,0.00,0.00,0.00,0.00,0.00,0.00,0.00,0.00,0.00,0.00,0.00,0
