timestamp,Xmm,Ymm,Zmm,TouchDetected,OutgoingPacket,IncomingPacket,GainPropAb, GainPropAd, GainPropFl, GainPropEx,PropA, PropB, PropC,GainIntegAb, GainIntegAd, GainIntegFl, GainIntegEx,IntegA, IntegB, IntegC,GainDerivAb, GainDerivAd, GainDerivFl, GainDerivEx,DerivA, DerivB, DerivC,Heading5
0.174673,81,7,499,0,DRIVE [ 37 ] [ 1 ] [ 1880 1885 1883 ] [    0    0    0 ] [      0      0      0 ] [ 0 ],drive [ 37 ] [ 0 ] [ 1632 1885 1885 ] [   76   64    0 ] [  15594  11150   9870 ] [ 2 ],1.00,1.00,1.00,1.00,80.64,6.88,0.00,0.00,0.00,0.00,0.00,0.00,0.00,0.00,0.00,0.00,0.00,0.00,0.00,0.00,0.00,0
0.187309,82,5,494,0,DRIVE [ 38 ] [ 1 ] [ 1875 1885 1882 ] [    0    0    0 ] [      0      0      0 ] [ 0 ],drive [ 37 ] [ 0 ] [ 1880 1885 1883 ] [   76   64    0 ] [  15594  11150   9870 ] [ 0 ],1.00,1.00,1.00,1.00,82.16,5.00,0.00,0.00,0.00,0.00,0.00,0.00,0.00,0.00,0.00,0.00,0.00,0.00,0.00,0.00,0.00,0
0.199787,84,5,492,0,DRIVE [ 38 ] [ 1 ] [ 1870 1885 1880 ] [    0    0    0 ] [      0      0      0 ] [ 0 ],drive [ 38 ] [ 0 ] [ 1875 1885 1882 ] [   76   64    0 ] [  15595  11172   9890 ] [ 0 ],1.00,1.00,1.00,1.00,83.85,4.90,0.00,0.00,0.00,0.00,0.00,0.00,0.00,0.00,0.00,0.00,0.00,0.00,0.00,0.00,0.00,0
0.213499,85,5,492,0,DRIVE [ 39 ] [ 1 ] [ 1865 1885 1878 ] [    0    0    0 ] [      0      0      0 ] [ 0 ],drive [ 38 ] [ 0 ] [ 1870 1885 1880 ] [   20   12   25 ] [  15595  11172   9890 ] [ 0 ],1.00,1.00,1.00,1.00,85.16,5.14,0.00,0.00,0.00,0.00,0.00,0.00,0.00,0.00,0.00,0.00,0.00,0.00,0.00,0.00,0.00,0
0.226794,87,5,491,0,DRIVE [ 39 ] [ 1 ] [ 1860 1885 1876 ] [    0    0    0 ] [      0      0      0 ] [ 0 ],drive [ 39 ] [ 0 ] [ 1865 1885 1878 ] [   20   12   25 ] [  15595  11172   9890 ] [ 0 ],1.00,1.00,1.00,1.00,87.25,5.00,0.00,0.00,0.00,0.00,0.00,0.00,0.00,0.00,0.00,0.00,0.00,0.00,0.00,0.00,0.00,0
0.239901,89,6,491,0,DRIVE [ 40 ] [ 1 ] [ 1854 1885 1874 ] [    0    0    0 ] [      0      0      0 ] [ 0 ],drive [ 39 ] [ 0 ] [ 1860 1885 1876 ] [   20   12   25 ] [  15595  11172   9890 ] [ 0 ],1.00,1.00,1.00,1.00,88.56,5.68,0.00,0.00,0.00,0.00,0.00,0.00,0.00,0.00,0.00,0.00,0.00,0.00,0.00,0.00,0.00,0
0.252752,90,6,488,0,DRIVE [ 40 ] [ 1 ] [ 1848 1885 1872 ] [    0    0    0 ] [      0      0      0 ] [ 0 ],drive [ 40 ] [ 0 ] [ 1854 1885 1874 ] [   20   12   25 ] [  15005  10541   9311 ] [ 0 ],1.00,1.00,1.00,1.00,90.17,5.85,0.00,0.00,0.00,0.00,0.00,0.00,0.00,0.00,0.00,0.00,0.00,0.00,0.00,0.00,0.00,0
0.265444,92,7,487,0,DRIVE [ 41 ] [ 1 ] [ 1841 1885 1871 ] [    0    0    0 ] [      0      0      0 ] [ 0 ],drive [ 40 ] [ 0 ] [ 1848 1885 1872 ] [   14    6    4 ] [  15005  10541   9311 ] [ 0 ],1.00,1.00,1.00,1.00,91.67,6.54,0.00,0.00,0.00,0.00,0.00,0.00,0.00,0.00,0.00,0.00,0.00,0.00,0.00,0.00,0.00,0
0.278989,94,6,483,0,DRIVE [ 41 ] [ 1 ] [ 1835 1885 1868 ] [    0    0    0 ] [      0      0      0 ] [ 0 ],drive [ 41 ] [ 0 ] [ 1841 1885 1871 ] [   14    6    4 ] [  15005  10541   9311 ] [ 0 ],1.00,1.00,1.00,1.00,94.03,6.32,0.00,0.00,0.00,0.00,0.00,0.00,0.00,0.00,0.00,0.00,0.00,0.00,0.00,0.00,0.00,0
0.292635,97,7,481,0,DRIVE [ 42 ] [ 1 ] [ 1827 1885 1866 ] [    0    0    0 ] [      0      0      0 ] [ 0 ],drive [ 41 ] [ 0 ] [ 1835 1885 1868 ] [   14    6    4 ] [  15005  10541   9311 ] [ 0 ],1.00,1.00,1.00,1.00,96.56,6.78,0.00,0.00,0.00,0.00,0.00,0.00,0.00,0.00,0.00,0.00,0.00,0.00,0.00,0.00,0.00,0
0.30568,98,8,478,0,DRIVE [ 42 ] [ 1 ] [ 1819 1885 1864 ] [    0    0    0 ] [      0      0      0 ] [ 0 ],drive [ 42 ] [ 0 ] [ 1827 1885 1866 ] [   14    6    4 ] [  15003  10538   9308 ] [ 0 ],1.00,1.00,1.00,1.00,98.46,7.83,0.00,0.00,0.00,0.00,0.00,0.00,0.00,0.00,0.00,0.00,0.00,0.00,0.00,0.00,0.00,0
0.318208,99,9,470,0,DRIVE [ 43 ] [ 1 ] [ 1810 1885 1862 ] [    0    0    0 ] [      0      0      0 ] [ 0 ],drive [ 42 ] [ 0 ] [ 1819 1885 1864 ] [   16    8    5 ] [  15003  10538   9308 ] [ 0 ],1.00,1.00,1.00,1.00,99.07,9.39,0.00,0.00,0.00,0.00,0.00,0.00,0.00,0.00,0.00,0.00,0.00,0.00,0.00,0.00,0.00,0
0.331427,101,12,470,0,DRIVE [ 43 ] [ 1 ] [ 1802 1885 1860 ] [    0    0    0 ] [      0      0      0 ] [ 0 ],drive [ 43 ] [ 0 ] [ 1810 1885 1862 ] [   16    8    5 ] [  15003  10538   9308 ] [ 0 ],1.00,1.00,1.00,1.00,101.26,11.60,0.00,0.00,0.00,0.00,0.00,0.00,0.00,0.00,0.00,0.00,0.00,0.00,0.00,0.00,0.00,0
0.344631,102,14,464,0,DRIVE [ 44 ] [ 1 ] [ 1792 1885 1859 ] [    0    0    0 ] [      0      0      0 ] [ 0 ],drive [ 43 ] [ 0 ] [ 1802 1885 1860 ] [   16    8    5 ] [  15003  10524   9308 ] [ 0 ],1.00,1.00,1.00,1.00,102.08,13.80,0.00,0.00,0.00,0.00,0.00,0.00,0.00,0.00,0.00,0.00,0.00,0.00,0.00,0.00,0.00,0
0.358319,103,16,459,0,DRIVE [ 44 ] [ 1 ] [ 1781 1885 1858 ] [    0    0    0 ] [      0      0      0 ] [ 0 ],drive [ 44 ] [ 0 ] [ 1792 1885 1859 ] [   19   13    6 ] [  15003  10524   9308 ] [ 0 ],1.00,1.00,1.00,1.00,102.98,16.30,0.00,0.00,0.00,0.00,0.00,0.00,0.00,0.00,0.00,0.00,0.00,0.00,0.00,0.00,0.00,0
0.371646,104,20,452,0,DRIVE [ 45 ] [ 1 ] [ 1769 1885 1857 ] [    0    0    0 ] [      0      0      0 ] [ 0 ],drive [ 44 ] [ 0 ] [ 1781 1885 1858 ] [   19   13    6 ] [  15003  10524   9308 ] [ 0 ],1.00,1.00,1.00,1.00,104.03,19.78,0.00,0.00,0.00,0.00,0.00,0.00,0.00,0.00,0.00,0.00,0.00,0.00,0.00,0.00,0.00,0
0.384473,105,23,447,0,DRIVE [ 45 ] [ 1 ] [ 1756 1885 1856 ] [    0    0    0 ] [      0      0      0 ] [ 0 ],drive [ 45 ] [ 0 ] [ 1769 1885 1857 ] [   19   13    6 ] [  15003  10524   9308 ] [ 0 ],1.00,1.00,1.00,1.00,105.29,23.10,0.00,0.00,0.00,0.00,0.00,0.00,0.00,0.00,0.00,0.00,0.00,0.00,0.00,0.00,0.00,0
0.396868,106,26,440,0,DRIVE [ 46 ] [ 1 ] [ 1742 1885 1856 ] [    0    0    0 ] [      0      0      0 ] [ 0 ],drive [ 45 ] [ 0 ] [ 1756 1885 1856 ] [   19   13    6 ] [  15004  10472   9308 ] [ 0 ],1.00,1.00,1.00,1.00,106.11,25.87,0.00,0.00,0.00,0.00,0.00,0.00,0.00,0.00,0.00,0.00,0.00,0.00,0.00,0.00,0.00,0
0.41002,108,29,436,0,DRIVE [ 46 ] [ 1 ] [ 1729 1885 1855 ] [    0    0    0 ] [      0      0      0 ] [ 0 ],drive [ 46 ] [ 0 ] [ 1742 1885 1856 ] [   24    7    7 ] [  15004  10472   9308 ] [ 0 ],1.00,1.00,1.00,1.00,107.51,28.76,0.00,0.00,0.00,0.00,0.00,0.00,0.00,0.00,0.00,0.00,0.00,0.00,0.00,0.00,0.00,0
0.423115,108,31,429,0,DRIVE [ 47 ] [ 1 ] [ 1714 1885 1855 ] [    0    0    0 ] [      0      0      0 ] [ 0 ],drive [ 46 ] [ 0 ] [ 1729 1885 1855 ] [   24    7    7 ] [  15004  10472   9308 ] [ 0 ],1.00,1.00,1.00,1.00,108.03,31.32,0.00,0.00,0.00,0.00,0.00,0.00,0.00,0.00,0.00,0.00,0.00,0.00,0.00,0.00,0.00,0
0.436235,109,34,422,0,DRIVE [ 47 ] [ 1 ] [ 1699 1885 1854 ] [    0    0    0 ] [      0      0      0 ] [ 0 ],drive [ 47 ] [ 0 ] [ 1714 1885 1855 ] [   24    7    7 ] [  15004  10472   9308 ] [ 0 ],1.00,1.00,1.00,1.00,108.66,33.76,0.00,0.00,0.00,0.00,0.00,0.00,0.00,0.00,0.00,0.00,0.00,0.00,0.00,0.00,0.00,0
0.452017,110,36,417,0,DRIVE [ 48 ] [ 1 ] [ 1683 1885 1853 ] [    0    0    0 ] [      0      0      0 ] [ 0 ],drive [ 47 ] [ 0 ] [ 1699 1885 1854 ] [   24    7    7 ] [  15011  10404   9308 ] [ 0 ],1.00,1.00,1.00,1.00,110.04,36.30,0.00,0.00,0.00,0.00,0.00,0.00,0.00,0.00,0.00,0.00,0.00,0.00,0.00,0.00,0.00,0
0.464619,112,39,412,0,DRIVE [ 48 ] [ 1 ] [ 1662 1885 1853 ] [    0    0    0 ] [      0      0      0 ] [ 0 ],drive [ 48 ] [ 0 ] [ 1683 1885 1853 ] [   51   18    7 ] [  15011  10404   9308 ] [ 0 ],1.00,1.00,1.00,1.00,111.68,39.41,0.00,0.00,0.00,0.00,0.00,0.00,0.00,0.00,0.00,0.00,0.00,0.00,0.00,0.00,0.00,0
0.477559,113,42,405,0,DRIVE [ 49 ] [ 1 ] [ 1643 1885 1853 ] [    0    0    0 ] [      0      0      0 ] [ 0 ],drive [ 48 ] [ 0 ] [ 1662 1885 1853 ] [   51   18    7 ] [  15011  10404   9308 ] [ 0 ],1.00,1.00,1.00,1.00,112.79,41.83,0.00,0.00,0.00,0.00,0.00,0.00,0.00,0.00,0.00,0.00,0.00,0.00,0.00,0.00,0.00,0
0.490765,114,44,399,0,DRIVE [ 49 ] [ 1 ] [ 1624 1885 1852 ] [    0    0    0 ] [      0      0      0 ] [ 0 ],drive [ 49 ] [ 0 ] [ 1643 1885 1853 ] [   51   18    7 ] [  15011  10404   9308 ] [ 0 ],1.00,1.00,1.00,1.00,113.98,43.96,0.00,0.00,0.00,0.00,0.00,0.00,0.00,0.00,0.00,0.00,0.00,0.00,0.00,0.00,0.00,0
0.503741,116,46,396,0,DRIVE [ 50 ] [ 1 ] [ 1604 1885 1851 ] [    0    0    0 ] [      0      0      0 ] [ 0 ],drive [ 49 ] [ 0 ] [ 1624 1885 1852 ] [   51   18    7 ] [  15119  10369   9307 ] [ 0 ],1.00,1.00,1.00,1.00,115.85,46.10,0.00,0.00,0.00,0.00,0.00,0.00,0.00,0.00,0.00,0.00,0.00,0.00,0.00,0.00,0.00,0
0.516684,116,48,388,0,DRIVE [ 50 ] [ 1 ] [ 1583 1885 1851 ] [    0    0    0 ] [      0      0      0 ] [ 0 ],drive [ 50 ] [ 0 ] [ 1604 1885 1851 ] [   34    7    6 ] [  15119  10369   9307 ] [ 0 ],1.00,1.00,1.00,1.00,116.13,47.79,0.00,0.00,0.00,0.00,0.00,0.00,0.00,0.00,0.00,0.00,0.00,0.00,0.00,0.00,0.00,0
0.529226,116,49,382,0,DRIVE [ 51 ] [ 1 ] [ 1563 1885 1851 ] [    0    0    0 ] [      0      0      0 ] [ 0 ],drive [ 50 ] [ 0 ] [ 1583 1885 1851 ] [   34    7    6 ] [  15119  10369   9307 ] [ 0 ],1.00,1.00,1.00,1.00,116.35,49.43,0.00,0.00,0.00,0.00,0.00,0.00,0.00,0.00,0.00,0.00,0.00,0.00,0.00,0.00,0.00,0
0.542163,117,51,376,0,DRIVE [ 51 ] [ 1 ] [ 1543 1885 1851 ] [    0    0    0 ] [      0      0      0 ] [ 0 ],drive [ 51 ] [ 0 ] [ 1563 1885 1851 ] [   34    7    6 ] [  15119  10369   9307 ] [ 0 ],1.00,1.00,1.00,1.00,116.56,51.00,0.00,0.00,0.00,0.00,0.00,0.00,0.00,0.00,0.00,0.00,0.00,0.00,0.00,0.00,0.00,0
0.555241,116,52,369,0,DRIVE [ 52 ] [ 1 ] [ 1523 1885 1851 ] [    0    0    0 ] [      0      0      0 ] [ 0 ],drive [ 51 ] [ 0 ] [ 1543 1885 1851 ] [   34    7    6 ] [  15212  10048   9287 ] [ 0 ],1.00,1.00,1.00,1.00,115.99,52.36,0.00,0.00,0.00,0.00,0.00,0.00,0.00,0.00,0.00,0.00,0.00,0.00,0.00,0.00,0.00,0
0.568216,116,54,367,0,DRIVE [ 52 ] [ 1 ] [ 1503 1885 1852 ] [    0    0    0 ] [      0      0      0 ] [ 0 ],drive [ 52 ] [ 0 ] [ 1523 1885 1851 ] [   32   27   14 ] [  15212  10048   9287 ] [ 0 ],1.00,1.00,1.00,1.00,116.45,54.26,0.00,0.00,0.00,0.00,0.00,0.00,0.00,0.00,0.00,0.00,0.00,0.00,0.00,0.00,0.00,0
0.580964,116,56,364,0,DRIVE [ 53 ] [ 1 ] [ 1483 1885 1853 ] [    0    0    0 ] [      0      0      0 ] [ 0 ],drive [ 52 ] [ 0 ] [ 1503 1885 1852 ] [   32   27   14 ] [  15212  10048   9287 ] [ 0 ],1.00,1.00,1.00,1.00,116.16,56.24,0.00,0.00,0.00,0.00,0.00,0.00,0.00,0.00,0.00,0.00,0.00,0.00,0.00,0.00,0.00,0
0.593774,114,59,358,0,DRIVE [ 53 ] [ 1 ] [ 1461 1885 1856 ] [    0    0    0 ] [      0      0      0 ] [ 0 ],drive [ 53 ] [ 0 ] [ 1483 1885 1853 ] [   32   27   14 ] [  15453   9889   9249 ] [ 0 ],1.00,1.00,1.00,1.00,114.50,58.78,0.00,0.00,0.00,0.00,0.00,0.00,0.00,0.00,0.00,0.00,0.00,0.00,0.00,0.00,0.00,0
0.60636,113,61,352,0,DRIVE [ 54 ] [ 1 ] [ 1439 1885 1860 ] [    0    0    0 ] [      0      0      0 ] [ 0 ],drive [ 53 ] [ 0 ] [ 1461 1885 1856 ] [   32   27   14 ] [  15453   9889   9249 ] [ 0 ],1.00,1.00,1.00,1.00,112.71,61.03,0.00,0.00,0.00,0.00,0.00,0.00,0.00,0.00,0.00,0.00,0.00,0.00,0.00,0.00,0.00,0
0.619523,111,63,346,0,DRIVE [ 54 ] [ 1 ] [ 1416 1885 1863 ] [    0    0    0 ] [      0      0      0 ] [ 0 ],drive [ 54 ] [ 0 ] [ 1439 1885 1860 ] [   65   13   20 ] [  15453   9889   9249 ] [ 0 ],1.00,1.00,1.00,1.00,110.98,62.91,0.00,0.00,0.00,0.00,0.00,0.00,0.00,0.00,0.00,0.00,0.00,0.00,0.00,0.00,0.00,0
0.636662,110,64,341,0,DRIVE [ 55 ] [ 1 ] [ 1393 1885 1866 ] [    0    0    0 ] [      0      0      0 ] [ 0 ],drive [ 54 ] [ 0 ] [ 1416 1885 1863 ] [   65   13   20 ] [  15453   9889   9249 ] [ 0 ],1.00,1.00,1.00,1.00,109.87,64.36,0.00,0.00,0.00,0.00,0.00,0.00,0.00,0.00,0.00,0.00,0.00,0.00,0.00,0.00,0.00,0
0.649339,109,66,337,0,DRIVE [ 55 ] [ 1 ] [ 1367 1885 1868 ] [    0    0    0 ] [      0      0      0 ] [ 0 ],drive [ 55 ] [ 0 ] [ 1393 1885 1866 ] [   65   13   20 ] [  15623   9813   9215 ] [ 0 ],1.00,1.00,1.00,1.00,109.20,65.73,0.00,0.00,0.00,0.00,0.00,0.00,0.00,0.00,0.00,0.00,0.00,0.00,0.00,0.00,0.00,0
0.661684,108,67,333,0,DRIVE [ 56 ] [ 1 ] [ 1345 1885 1870 ] [    0    0    0 ] [      0      0      0 ] [ 0 ],drive [ 55 ] [ 0 ] [ 1367 1885 1868 ] [   62    6   16 ] [  15623   9813   9215 ] [ 0 ],1.00,1.00,1.00,1.00,108.17,66.81,0.00,0.00,0.00,0.00,0.00,0.00,0.00,0.00,0.00,0.00,0.00,0.00,0.00,0.00,0.00,0
0.67461,107,68,329,0,DRIVE [ 56 ] [ 1 ] [ 1323 1885 1872 ] [    0    0    0 ] [      0      0      0 ] [ 0 ],drive [ 56 ] [ 0 ] [ 1345 1885 1870 ] [   62    6   16 ] [  15623   9813   9215 ] [ 0 ],1.00,1.00,1.00,1.00,107.48,68.01,0.00,0.00,0.00,0.00,0.00,0.00,0.00,0.00,0.00,0.00,0.00,0.00,0.00,0.00,0.00,0
0.687119,106,70,323,0,DRIVE [ 57 ] [ 1 ] [ 1297 1885 1876 ] [    0    0    0 ] [      0      0      0 ] [ 0 ],drive [ 56 ] [ 0 ] [ 1323 1885 1872 ] [   62    6   16 ] [  15623   9813   9215 ] [ 0 ],1.00,1.00,1.00,1.00,106.12,69.55,0.00,0.00,0.00,0.00,0.00,0.00,0.00,0.00,0.00,0.00,0.00,0.00,0.00,0.00,0.00,0
0.699648,104,71,317,0,DRIVE [ 57 ] [ 1 ] [ 1271 1885 1880 ] [    0    0    0 ] [      0      0      0 ] [ 0 ],drive [ 57 ] [ 0 ] [ 1297 1885 1876 ] [   62    6   16 ] [  15842   9611   9127 ] [ 0 ],1.00,1.00,1.00,1.00,104.14,70.56,0.00,0.00,0.00,0.00,0.00,0.00,0.00,0.00,0.00,0.00,0.00,0.00,0.00,0.00,0.00,0
0.711678,102,71,311,0,DRIVE [ 58 ] [ 1 ] [ 1247 1885 1885 ] [    0    0    0 ] [      0      0      0 ] [ 0 ],drive [ 57 ] [ 0 ] [ 1271 1885 1880 ] [   72    6    7 ] [  15842   9611   9127 ] [ 0 ],1.00,1.00,1.00,1.00,102.30,71.49,0.00,0.00,0.00,0.00,0.00,0.00,0.00,0.00,0.00,0.00,0.00,0.00,0.00,0.00,0.00,0
0.724097,100,72,306,0,DRIVE [ 58 ] [ 1 ] [ 1233 1880 1885 ] [    0    0    0 ] [      0      0      0 ] [ 0 ],drive [ 58 ] [ 0 ] [ 1247 1885 1885 ] [   72    6    7 ] [  15842   9611   9127 ] [ 0 ],1.00,1.00,1.00,1.00,100.28,72.19,0.00,0.00,0.00,0.00,0.00,0.00,0.00,0.00,0.00,0.00,0.00,0.00,0.00,0.00,0.00,0
0.736571,98,73,301,0,DRIVE [ 59 ] [ 1 ] [ 1220 1876 1885 ] [    0    0    0 ] [      0      0      0 ] [ 0 ],drive [ 58 ] [ 0 ] [ 1233 1880 1885 ] [   72    6    7 ] [  15842   9611   9127 ] [ 0 ],1.00,1.00,1.00,1.00,98.35,72.76,0.00,0.00,0.00,0.00,0.00,0.00,0.00,0.00,0.00,0.00,0.00,0.00,0.00,0.00,0.00,0
0.748322,97,73,297,0,DRIVE [ 59 ] [ 1 ] [ 1208 1871 1885 ] [    0    0    0 ] [      0      0      0 ] [ 0 ],drive [ 59 ] [ 0 ] [ 1220 1876 1885 ] [   72    6    7 ] [  16224   9381   8991 ] [ 0 ],1.00,1.00,1.00,1.00,96.63,73.47,0.00,0.00,0.00,0.00,0.00,0.00,0.00,0.00,0.00,0.00,0.00,0.00,0.00,0.00,0.00,0
0.760489,94,74,293,0,DRIVE [ 60 ] [ 1 ] [ 1199 1866 1885 ] [    0    0    0 ] [      0      0      0 ] [ 0 ],drive [ 59 ] [ 0 ] [ 1208 1871 1885 ] [   66   24   15 ] [  16224   9381   8991 ] [ 0 ],1.00,1.00,1.00,1.00,94.43,73.63,0.00,0.00,0.00,0.00,0.00,0.00,0.00,0.00,0.00,0.00,0.00,0.00,0.00,0.00,0.00,0
0.772601,91,74,288,0,DRIVE [ 60 ] [ 1 ] [ 1193 1859 1885 ] [    0    0    0 ] [      0      0      0 ] [ 0 ],drive [ 60 ] [ 0 ] [ 1199 1866 1885 ] [   66   24   15 ] [  16224   9381   8991 ] [ 0 ],1.00,1.00,1.00,1.00,91.33,73.69,0.00,0.00,0.00,0.00,0.00,0.00,0.00,0.00,0.00,0.00,0.00,0.00,0.00,0.00,0.00,0
0.784642,89,74,283,0,DRIVE [ 61 ] [ 1 ] [ 1187 1853 1885 ] [    0    0    0 ] [      0      0      0 ] [ 0 ],drive [ 60 ] [ 0 ] [ 1193 1859 1885 ] [   66   24   15 ] [  16224   9381   8991 ] [ 0 ],1.00,1.00,1.00,1.00,88.72,73.81,0.00,0.00,0.00,0.00,0.00,0.00,0.00,0.00,0.00,0.00,0.00,0.00,0.00,0.00,0.00,0
0.796198,86,74,278,0,DRIVE [ 61 ] [ 1 ] [ 1181 1847 1885 ] [    0    0    0 ] [      0      0      0 ] [ 0 ],drive [ 61 ] [ 0 ] [ 1187 1853 1885 ] [   66   24   15 ] [  16587   9253   8898 ] [ 0 ],1.00,1.00,1.00,1.00,85.97,73.61,0.00,0.00,0.00,0.00,0.00,0.00,0.00,0.00,0.00,0.00,0.00,0.00,-0.00,-0.00,0.00,0
0.808514,83,73,274,0,DRIVE [ 62 ] [ 1 ] [ 1176 1842 1885 ] [    0    0    0 ] [      0      0      0 ] [ 0 ],drive [ 61 ] [ 0 ] [ 1181 1847 1885 ] [   68   10   19 ] [  16587   9253   8898 ] [ 0 ],1.00,1.00,1.00,1.00,83.37,73.26,0.00,0.00,0.00,0.00,0.00,0.00,0.00,0.00,0.00,0.00,0.00,0.00,-0.00,-0.00,0.00,0
0.820637,81,73,270,0,DRIVE [ 62 ] [ 1 ] [ 1171 1837 1885 ] [    0    0    0 ] [      0      0      0 ] [ 0 ],drive [ 62 ] [ 0 ] [ 1176 1842 1885 ] [   68   10   19 ] [  16587   9253   8898 ] [ 0 ],1.00,1.00,1.00,1.00,80.99,72.71,0.00,0.00,0.00,0.00,0.00,0.00,0.00,0.00,0.00,0.00,0.00,0.00,-0.00,-0.00,0.00,0
0.83261,79,72,266,0,DRIVE [ 63 ] [ 1 ] [ 1168 1832 1885 ] [    0    0    0 ] [      0      0      0 ] [ 0 ],drive [ 62 ] [ 0 ] [ 1171 1837 1885 ] [   68   10   19 ] [  16587   9253   8898 ] [ 0 ],1.00,1.00,1.00,1.00,78.55,71.90,0.00,0.00,0.00,0.00,0.00,0.00,0.00,0.00,0.00,0.00,0.00,0.00,-0.00,-0.00,0.00,0
0.844132,76,71,263,0,DRIVE [ 63 ] [ 1 ] [ 1166 1827 1885 ] [    0    0    0 ] [      0      0      0 ] [ 0 ],drive [ 63 ] [ 0 ] [ 1168 1832 1885 ] [   68   10   19 ] [  16722   9101   8721 ] [ 0 ],1.00,1.00,1.00,1.00,75.94,71.12,0.00,0.00,0.00,0.00,0.00,0.00,0.00,0.00,0.00,0.00,0.00,0.00,-0.00,-0.00,0.00,0
0.856038,73,70,260,0,DRIVE [ 64 ] [ 1 ] [ 1168 1822 1885 ] [    0    0    0 ] [      0      0      0 ] [ 0 ],drive [ 63 ] [ 0 ] [ 1166 1827 1885 ] [   68   10   19 ] [  16722   9101   8721 ] [ 0 ],1.00,1.00,1.00,1.00,73.46,70.39,0.00,0.00,0.00,0.00,0.00,0.00,0.00,0.00,0.00,0.00,0.00,0.00,-0.00,-0.00,0.00,0
0.867842,71,70,257,0,DRIVE [ 64 ] [ 1 ] [ 1169 1816 1885 ] [    0    0    0 ] [      0      0      0 ] [ 0 ],drive [ 64 ] [ 0 ] [ 1168 1822 1885 ] [   88   17    6 ] [  16722   9101   8721 ] [ 0 ],1.00,1.00,1.00,1.00,70.79,69.81,0.00,0.00,0.00,0.00,0.00,0.00,0.00,0.00,0.00,0.00,0.00,0.00,-0.00,-0.00,0.00,0
0.879185,68,69,253,0,DRIVE [ 65 ] [ 1 ] [ 1172 1809 1885 ] [    0    0    0 ] [      0      0      0 ] [ 0 ],drive [ 64 ] [ 0 ] [ 1169 1816 1885 ] [   88   17    6 ] [  16722   9101   8721 ] [ 0 ],1.00,1.00,1.00,1.00,67.88,69.29,0.00,0.00,0.00,0.00,0.00,0.00,0.00,0.00,0.00,0.00,0.00,0.00,-0.00,-0.00,0.00,0
0.891137,65,69,250,0,DRIVE [ 65 ] [ 1 ] [ 1178 1800 1885 ] [    0    0    0 ] [      0      0      0 ] [ 0 ],drive [ 65 ] [ 0 ] [ 1172 1809 1885 ] [   88   17    6 ] [  16722   9101   8721 ] [ 0 ],1.00,1.00,1.00,1.00,64.95,68.97,0.00,0.00,0.00,0.00,0.00,0.00,0.00,0.00,0.00,0.00,0.00,0.00,-0.00,-0.00,0.00,0
0.902726,62,69,247,0,DRIVE [ 66 ] [ 1 ] [ 1186 1791 1885 ] [    0    0    0 ] [      0      0      0 ] [ 0 ],drive [ 65 ] [ 0 ] [ 1178 1800 1885 ] [   88   17    6 ] [  16955   8854   8684 ] [ 0 ],1.00,1.00,1.00,1.00,61.78,68.56,0.00,0.00,0.00,0.00,0.00,0.00,0.00,0.00,0.00,0.00,0.00,0.00,-0.00,-0.00,0.00,0
0.914444,58,68,245,0,DRIVE [ 66 ] [ 1 ] [ 1197 1781 1885 ] [    0    0    0 ] [      0      0      0 ] [ 0 ],drive [ 66 ] [ 0 ] [ 1186 1791 1885 ] [   82   11    3 ] [  16955   8854   8684 ] [ 0 ],1.00,1.00,1.00,1.00,58.42,68.15,0.00,0.00,0.00,0.00,0.00,0.00,0.00,0.00,0.00,0.00,0.00,0.00,-0.00,-0.00,0.00,0
0.925484,55,67,241,0,DRIVE [ 67 ] [ 1 ] [ 1209 1771 1885 ] [    0    0    0 ] [      0      0      0 ] [ 0 ],drive [ 66 ] [ 0 ] [ 1197 1781 1885 ] [   82   11    3 ] [  16955   8854   8684 ] [ 0 ],1.00,1.00,1.00,1.00,54.80,67.41,0.00,0.00,0.00,0.00,0.00,0.00,0.00,0.00,0.00,0.00,0.00,0.00,-0.00,-0.00,0.00,0
0.937137,51,67,238,0,DRIVE [ 67 ] [ 1 ] [ 1222 1761 1885 ] [    0    0    0 ] [      0      0      0 ] [ 0 ],drive [ 67 ] [ 0 ] [ 1209 1771 1885 ] [   82   11    3 ] [  16955   8854   8684 ] [ 0 ],1.00,1.00,1.00,1.00,51.41,66.58,0.00,0.00,0.00,0.00,0.00,0.00,0.00,0.00,0.00,0.00,0.00,0.00,-0.00,-0.00,0.00,0
0.94842,48,66,235,0,DRIVE [ 68 ] [ 1 ] [ 1234 1752 1885 ] [    0    0    0 ] [      0      0      0 ] [ 0 ],drive [ 67 ] [ 0 ] [ 1222 1761 1885 ] [   82   11    3 ] [  17059   8853   8542 ] [ 0 ],1.00,1.00,1.00,1.00,48.46,65.75,0.00,0.00,0.00,0.00,0.00,0.00,0.00,0.00,0.00,0.00,0.00,0.00,-0.00,-0.00,0.00,0
0.960052,45,64,232,0,DRIVE [ 68 ] [ 1 ] [ 1254 1744 1885 ] [    0    0    0 ] [      0      0      0 ] [ 0 ],drive [ 68 ] [ 0 ] [ 1234 1752 1885 ] [   75   15   14 ] [  17059   8853   8542 ] [ 0 ],1.00,1.00,1.00,1.00,44.78,64.11,0.00,0.00,0.00,0.00,0.00,0.00,0.00,0.00,0.00,0.00,0.00,0.00,-0.00,-0.00,0.00,0
0.97141,41,63,229,0,DRIVE [ 69 ] [ 1 ] [ 1273 1736 1885 ] [    0    0    0 ] [      0      0      0 ] [ 0 ],drive [ 68 ] [ 0 ] [ 1254 1744 1885 ] [   75   15   14 ] [  17059   8853   8542 ] [ 0 ],1.00,1.00,1.00,1.00,41.38,62.52,0.00,0.00,0.00,0.00,0.00,0.00,0.00,0.00,0.00,0.00,0.00,0.00,-0.00,-0.00,0.00,0
0.982644,38,61,227,0,DRIVE [ 69 ] [ 1 ] [ 1292 1728 1885 ] [    0    0    0 ] [      0      0      0 ] [ 0 ],drive [ 69 ] [ 0 ] [ 1273 1736 1885 ] [   75   15   14 ] [  17059   8853   8542 ] [ 0 ],1.00,1.00,1.00,1.00,38.13,61.08,0.00,0.00,0.00,0.00,0.00,0.00,0.00,0.00,0.00,0.00,0.00,0.00,-0.00,-0.00,0.00,0
0.99345,35,60,224,0,DRIVE [ 70 ] [ 1 ] [ 1312 1719 1885 ] [    0    0    0 ] [      0      0      0 ] [ 0 ],drive [ 69 ] [ 0 ] [ 1292 1728 1885 ] [   75   15   14 ] [  17059   8854   8516 ] [ 0 ],1.00,1.00,1.00,1.00,34.89,59.70,0.00,0.00,0.00,0.00,0.00,0.00,0.00,0.00,0.00,0.00,0.00,0.00,-0.00,-0.00,0.00,0
1.00459,32,58,222,0,DRIVE [ 70 ] [ 1 ] [ 1334 1709 1885 ] [    0    0    0 ] [      0      0      0 ] [ 0 ],drive [ 70 ] [ 0 ] [ 1312 1719 1885 ] [   75   15   14 ] [  17059   8854   8516 ] [ 0 ],1.00,1.00,1.00,1.00,31.57,58.47,0.00,0.00,0.00,0.00,0.00,0.00,0.00,0.00,0.00,0.00,0.00,0.00,-0.00,-0.00,0.00,0
1.01521,28,57,220,0,DRIVE [ 71 ] [ 1 ] [ 1358 1697 1885 ] [    0    0    0 ] [      0      0      0 ] [ 0 ],drive [ 70 ] [ 0 ] [ 1334 1709 1885 ] [   69   19   13 ] [  17059   8854   8516 ] [ 0 ],1.00,1.00,1.00,1.00,28.05,57.26,0.00,0.00,0.00,0.00,0.00,0.00,0.00,0.00,0.00,0.00,0.00,0.00,-0.00,-0.00,0.00,0
1.02673,24,56,218,0,DRIVE [ 71 ] [ 1 ] [ 1384 1684 1885 ] [    0    0    0 ] [      0      0      0 ] [ 0 ],drive [ 71 ] [ 0 ] [ 1358 1697 1885 ] [   69   19   13 ] [  17059   8854   8516 ] [ 0 ],1.00,1.00,1.00,1.00,24.43,56.13,0.00,0.00,0.00,0.00,0.00,0.00,0.00,0.00,0.00,0.00,0.00,0.00,-0.00,-0.00,0.00,0
1.03758,21,55,216,0,DRIVE [ 72 ] [ 1 ] [ 1413 1669 1885 ] [    0    0    0 ] [      0      0      0 ] [ 0 ],drive [ 71 ] [ 0 ] [ 1384 1684 1885 ] [   69   19   13 ] [  17059   8854   8516 ] [ 0 ],1.00,1.00,1.00,1.00,20.54,54.96,0.00,0.00,0.00,0.00,0.00,0.00,0.00,0.00,0.00,0.00,0.00,0.00,-0.00,-0.00,0.00,0
1.04848,16,54,213,0,DRIVE [ 72 ] [ 1 ] [ 1443 1652 1885 ] [    0    0    0 ] [      0      0      0 ] [ 0 ],drive [ 72 ] [ 0 ] [ 1413 1669 1885 ] [   69   19   13 ] [  17058   8856   8406 ] [ 0 ],1.00,1.00,1.00,1.00,16.45,53.79,0.00,0.00,0.00,0.00,0.00,0.00,0.00,0.00,0.00,0.00,0.00,0.00,-0.00,-0.00,0.00,0
1.0591,12,53,211,0,DRIVE [ 73 ] [ 1 ] [ 1475 1632 1885 ] [    0    0    0 ] [      0      0      0 ] [ 0 ],drive [ 72 ] [ 0 ] [ 1443 1652 1885 ] [   56   24    8 ] [  17058   8856   8406 ] [ 0 ],1.00,1.00,1.00,1.00,12.25,52.63,0.00,0.00,0.00,0.00,0.00,0.00,0.00,0.00,0.00,0.00,0.00,0.00,-0.00,-0.00,0.00,0
1.0701,8,51,209,0,DRIVE [ 73 ] [ 1 ] [ 1505 1610 1885 ] [    0    0    0 ] [      0      0      0 ] [ 0 ],drive [ 73 ] [ 0 ] [ 1475 1632 1885 ] [   56   24    8 ] [  17058   8856   8406 ] [ 0 ],1.00,1.00,1.00,1.00,8.06,51.48,0.00,0.00,0.00,0.00,0.00,0.00,0.00,0.00,0.00,0.00,0.00,0.00,-0.00,-0.00,0.00,0
1.08091,4,50,207,0,DRIVE [ 74 ] [ 1 ] [ 1534 1586 1885 ] [    0    0    0 ] [      0      0      0 ] [ 0 ],drive [ 73 ] [ 0 ] [ 1505 1610 1885 ] [   56   24    8 ] [  17058   8856   8406 ] [ 0 ],1.00,1.00,1.00,1.00,3.88,50.42,0.00,0.00,0.00,0.00,0.00,0.00,0.00,0.00,0.00,0.00,0.00,0.00,-0.00,-0.00,0.00,0
1.09218,0,49,204,0,DRIVE [ 74 ] [ 1 ] [ 1562 1558 1885 ] [    0    0    0 ] [      0      0      0 ] [ 0 ],drive [ 74 ] [ 0 ] [ 1534 1586 1885 ] [   56   24    8 ] [  17049   8866   8401 ] [ 0 ],1.00,1.00,1.00,1.00,-0.30,49.31,0.00,0.00,0.00,0.00,0.00,0.00,0.00,0.00,0.00,0.00,0.00,0.00,0.00,-0.00,0.00,0
1.10336,-5,48,202,0,DRIVE [ 75 ] [ 1 ] [ 1590 1526 1885 ] [    0    0    0 ] [      0      0      0 ] [ 0 ],drive [ 74 ] [ 0 ] [ 1562 1558 1885 ] [   56   24    8 ] [  17049   8866   8401 ] [ 0 ],1.00,1.00,1.00,1.00,-4.53,48.36,0.00,0.00,0.00,0.00,0.00,-0.00,0.00,0.00,0.00,0.00,0.00,0.00,0.00,-0.00,0.00,0
1.11432,-9,47,200,0,DRIVE [ 75 ] [ 1 ] [ 1617 1490 1885 ] [    0    0    0 ] [      0      0      0 ] [ 0 ],drive [ 75 ] [ 0 ] [ 1590 1526 1885 ] [   38   55    8 ] [  17049   8866   8401 ] [ 0 ],1.00,1.00,1.00,1.00,-8.78,47.40,0.00,0.00,0.00,0.00,0.00,-0.00,0.00,0.00,0.00,0.00,0.00,0.00,0.00,-0.00,0.00,0
1.12488,-13,46,198,0,DRIVE [ 76 ] [ 1 ] [ 1643 1450 1885 ] [    0    0    0 ] [      0      0      0 ] [ 0 ],drive [ 75 ] [ 0 ] [ 1617 1490 1885 ] [   38   55    8 ] [  17049   8866   8401 ] [ 0 ],1.00,1.00,1.00,1.00,-13.02,46.47,0.00,0.00,0.00,0.00,0.00,-0.00,0.00,0.00,0.00,0.00,0.00,0.00,0.00,0.00,0.00,0
1.1359,-17,46,196,0,DRIVE [ 76 ] [ 1 ] [ 1668 1406 1885 ] [    0    0    0 ] [      0      0      0 ] [ 0 ],drive [ 76 ] [ 0 ] [ 1643 1450 1885 ] [   38   55    8 ] [  17049   8866   8401 ] [ 0 ],1.00,1.00,1.00,1.00,-17.20,45.50,0.00,0.00,0.00,0.00,0.00,-0.00,0.00,0.00,0.00,0.00,0.00,0.00,0.00,0.00,0.00,0
1.14642,-21,44,194,0,DRIVE [ 77 ] [ 1 ] [ 1693 1360 1885 ] [    0    0    0 ] [      0      0      0 ] [ 0 ],drive [ 76 ] [ 0 ] [ 1668 1406 1885 ] [   38   55    8 ] [  17034   8981   8302 ] [ 0 ],1.00,1.00,1.00,1.00,-21.17,44.30,0.00,0.00,0.00,0.00,0.00,-0.00,0.00,0.00,0.00,0.00,0.00,0.00,0.00,0.00,0.00,0
1.15754,-25,43,191,0,DRIVE [ 77 ] [ 1 ] [ 1717 1310 1885 ] [    0    0    0 ] [      0      0      0 ] [ 0 ],drive [ 77 ] [ 0 ] [ 1693 1360 1885 ] [   30   69   15 ] [  17034   8981   8302 ] [ 0 ],1.00,1.00,1.00,1.00,-24.93,42.98,0.00,0.00,0.00,0.00,0.00,-0.00,0.00,0.00,0.00,0.00,0.00,0.00,0.00,0.00,0.00,0
1.16846,-29,42,189,0,DRIVE [ 78 ] [ 1 ] [ 1740 1260 1885 ] [    0    0    0 ] [      0      0      0 ] [ 0 ],drive [ 77 ] [ 0 ] [ 1717 1310 1885 ] [   30   69   15 ] [  17034   8981   8302 ] [ 0 ],1.00,1.00,1.00,1.00,-28.61,41.93,0.00,0.00,0.00,0.00,0.00,-0.00,0.00,0.00,0.00,0.00,0.00,0.00,0.00,0.00,0.00,0
1.17919,-32,41,187,0,DRIVE [ 78 ] [ 1 ] [ 1762 1211 1885 ] [    0    0    0 ] [      0      0      0 ] [ 0 ],drive [ 78 ] [ 0 ] [ 1740 1260 1885 ] [   30   69   15 ] [  17034   8981   8302 ] [ 0 ],1.00,1.00,1.00,1.00,-32.03,41.03,0.00,0.00,0.00,0.00,0.00,-0.00,0.00,0.00,0.00,0.00,0.00,0.00,0.00,0.00,0.00,0
1.19026,-35,40,184,0,DRIVE [ 79 ] [ 1 ] [ 1780 1164 1885 ] [    0    0    0 ] [      0      0      0 ] [ 0 ],drive [ 78 ] [ 0 ] [ 1762 1211 1885 ] [   30   69   15 ] [  17034   8981   8302 ] [ 0 ],1.00,1.00,1.00,1.00,-34.97,40.15,0.00,0.00,0.00,0.00,0.00,-0.00,0.00,0.00,0.00,0.00,0.00,0.00,0.00,0.00,0.00,0
1.20096,-38,40,182,0,DRIVE [ 79 ] [ 1 ] [ 1796 1121 1885 ] [    0    0    0 ] [      0      0      0 ] [ 0 ],drive [ 79 ] [ 0 ] [ 1780 1164 1885 ] [   30   69   15 ] [  16895   9287   8302 ] [ 0 ],1.00,1.00,1.00,1.00,-37.58,39.55,0.00,0.00,0.00,0.00,0.00,-0.00,0.00,0.00,0.00,0.00,0.00,0.00,0.00,0.00,0.00,0
1.21147,-40,39,180,0,DRIVE [ 80 ] [ 1 ] [ 1809 1083 1885 ] [    0    0    0 ] [      0      0      0 ] [ 0 ],drive [ 79 ] [ 0 ] [ 1796 1121 1885 ] [   32   72   16 ] [  16895   9287   8302 ] [ 0 ],1.00,1.00,1.00,1.00,-39.62,38.91,0.00,0.00,0.00,0.00,0.00,-0.00,0.00,0.00,0.00,0.00,0.00,0.00,0.00,0.00,0.00,0
1.22226,-41,38,178,0,DRIVE [ 80 ] [ 1 ] [ 1820 1050 1885 ] [    0    0    0 ] [      0      0      0 ] [ 0 ],drive [ 80 ] [ 0 ] [ 1809 1083 1885 ] [   32   72   16 ] [  16895   9287   8302 ] [ 0 ],1.00,1.00,1.00,1.00,-41.16,38.37,0.00,0.00,0.00,0.00,0.00,-0.00,0.00,0.00,0.00,0.00,0.00,0.00,0.00,0.00,0.00,0
1.23294,-42,38,175,0,DRIVE [ 81 ] [ 1 ] [ 1827 1025 1885 ] [    0    0    0 ] [      0      0      0 ] [ 0 ],drive [ 80 ] [ 0 ] [ 1820 1050 1885 ] [   32   72   16 ] [  16895   9287   8302 ] [ 0 ],1.00,1.00,1.00,1.00,-42.18,37.95,0.00,0.00,0.00,0.00,0.00,-0.00,0.00,0.00,0.00,0.00,0.00,0.00,0.00,0.00,0.00,0
1.24332,-43,38,173,0,DRIVE [ 81 ] [ 1 ] [ 1830 1025 1885 ] [    0    0    0 ] [      0      0      0 ] [ 0 ],drive [ 81 ] [ 0 ] [ 1827 1025 1885 ] [   32   72   16 ] [  16412  10022   8302 ] [ 0 ],1.00,1.00,1.00,1.00,-42.75,37.73,0.00,0.00,0.00,0.00,0.00,-0.00,0.00,0.00,0.00,0.00,0.00,0.00,0.00,0.00,0.00,0
1.25419,-43,38,171,0,DRIVE [ 82 ] [ 1 ] [ 1831 1025 1885 ] [    0    0    0 ] [      0      0      0 ] [ 0 ],drive [ 81 ] [ 0 ] [ 1830 1025 1885 ] [   32   72   16 ] [  16412  10022   8302 ] [ 0 ],1.00,1.00,1.00,1.00,-42.79,37.56,0.00,0.00,0.00,0.00,0.00,-0.00,0.00,0.00,0.00,0.00,0.00,0.00,0.00,0.00,0.00,0
1.26481,-43,38,169,0,DRIVE [ 82 ] [ 1 ] [ 1829 1025 1885 ] [    0    0    0 ] [      0      0      0 ] [ 0 ],drive [ 82 ] [ 0 ] [ 1831 1025 1885 ] [   31  100   15 ] [  16412  10022   8302 ] [ 0 ],1.00,1.00,1.00,1.00,-42.56,37.57,0.00,0.00,0.00,0.00,0.00,-0.00,0.00,0.00,0.00,0.00,0.00,0.00,0.00,0.00,0.00,0
1.2751,-42,38,167,0,DRIVE [ 83 ] [ 1 ] [ 1825 1025 1885 ] [    0    0    0 ] [      0      0      0 ] [ 0 ],drive [ 82 ] [ 0 ] [ 1829 1025 1885 ] [   31  100   15 ] [  16412  10022   8302 ] [ 0 ],1.00,1.00,1.00,1.00,-42.18,37.78,0.00,0.00,0.00,0.00,0.00,-0.00,0.00,0.00,0.00,0.00,0.00,0.00,0.00,0.00,0.00,0
1.28548,-42,38,165,0,DRIVE [ 83 ] [ 1 ] [ 1820 1025 1885 ] [    0    0    0 ] [      0      0      0 ] [ 0 ],drive [ 83 ] [ 0 ] [ 1825 1025 1885 ] [   31  100   15 ] [  16412  10022   8302 ] [ 0 ],1.00,1.00,1.00,1.00,-41.57,37.97,0.00,0.00,0.00,0.00,0.00,-0.00,0.00,0.00,0.00,0.00,0.00,0.00,0.00,0.00,0.00,0
1.29705,-41,38,163,0,DRIVE [ 84 ] [ 1 ] [ 1814 1025 1885 ] [    0    0    0 ] [      0      0      0 ] [ 0 ],drive [ 83 ] [ 0 ] [ 1820 1025 1885 ] [   31  100   15 ] [  15858  10603   8302 ] [ 0 ],1.00,1.00,1.00,1.00,-41.02,38.33,0.00,0.00,0.00,0.00,0.00,-0.00,0.00,0.00,0.00,0.00,0.00,0.00,0.00,0.00,0.00,0
1.30726,-40,39,161,0,DRIVE [ 84 ] [ 1 ] [ 1807 1025 1885 ] [    0    0    0 ] [      0      0      0 ] [ 0 ],drive [ 84 ] [ 0 ] [ 1814 1025 1885 ] [   19   83   15 ] [  15858  10603   8302 ] [ 0 ],1.00,1.00,1.00,1.00,-40.50,38.68,0.00,0.00,0.00,0.00,0.00,-0.00,0.00,0.00,0.00,0.00,0.00,0.00,0.00,0.00,0.00,0
1.31755,-40,39,159,0,DRIVE [ 85 ] [ 1 ] [ 1801 1025 1885 ] [    0    0    0 ] [      0      0      0 ] [ 0 ],drive [ 84 ] [ 0 ] [ 1807 1025 1885 ] [   19   83   15 ] [  15858  10603   8302 ] [ 0 ],1.00,1.00,1.00,1.00,-40.11,39.13,0.00,0.00,0.00,0.00,0.00,-0.00,0.00,0.00,0.00,0.00,0.00,0.00,0.00,0.00,0.00,0
1.32737,-40,40,156,0,DRIVE [ 85 ] [ 1 ] [ 1794 1025 1885 ] [    0    0    0 ] [      0      0      0 ] [ 0 ],drive [ 85 ] [ 0 ] [ 1801 1025 1885 ] [   19   83   15 ] [  15858  10603   8302 ] [ 0 ],1.00,1.00,1.00,1.00,-39.80,39.61,0.00,0.00,0.00,0.00,0.00,-0.00,0.00,0.00,0.00,0.00,0.00,0.00,0.00,0.00,0.00,0
1.33766,-39,40,154,0,DRIVE [ 86 ] [ 1 ] [ 1787 1025 1885 ] [    0    0    0 ] [      0      0      0 ] [ 0 ],drive [ 85 ] [ 0 ] [ 1794 1025 1885 ] [   19   83   15 ] [  15858  10603   8302 ] [ 0 ],1.00,1.00,1.00,1.00,-39.45,40.14,0.00,0.00,0.00,0.00,0.00,-0.00,0.00,0.00,0.00,0.00,0.00,0.00,0.00,0.00,0.00,0
1.34756,-39,41,151,0,DRIVE [ 86 ] [ 1 ] [ 1779 1025 1885 ] [    0    0    0 ] [      0      0      0 ] [ 0 ],drive [ 86 ] [ 0 ] [ 1787 1025 1885 ] [   19   83   15 ] [  15816  10686   8302 ] [ 0 ],1.00,1.00,1.00,1.00,-39.08,40.70,0.00,0.00,0.00,0.00,0.00,-0.00,0.00,0.00,0.00,0.00,0.00,0.00,0.00,0.00,0.00,0
1.35814,-38,41,149,0,DRIVE [ 87 ] [ 1 ] [ 1769 1025 1885 ] [    0    0    0 ] [      0      0      0 ] [ 0 ],drive [ 86 ] [ 0 ] [ 1779 1025 1885 ] [   27   96   16 ] [  15816  10686   8302 ] [ 0 ],1.00,1.00,1.00,1.00,-38.47,41.29,0.00,0.00,0.00,0.00,0.00,-0.00,0.00,0.00,0.00,0.00,0.00,0.00,0.00,0.00,0.00,0
1.36821,-38,42,147,0,DRIVE [ 87 ] [ 1 ] [ 1757 1025 1885 ] [    0    0    0 ] [      0      0      0 ] [ 0 ],drive [ 87 ] [ 0 ] [ 1769 1025 1885 ] [   27   96   16 ] [  15816  10686   8302 ] [ 0 ],1.00,1.00,1.00,1.00,-37.50,41.84,0.00,0.00,0.00,0.00,0.00,-0.00,0.00,0.00,0.00,0.00,0.00,0.00,0.00,0.00,0.00,0
1.37813,-36,42,145,0,DRIVE [ 88 ] [ 1 ] [ 1743 1025 1885 ] [    0    0    0 ] [      0      0      0 ] [ 0 ],drive [ 87 ] [ 0 ] [ 1757 1025 1885 ] [   27   96   16 ] [  15816  10686   8302 ] [ 0 ],1.00,1.00,1.00,1.00,-36.05,42.35,0.00,0.00,0.00,0.00,0.00,-0.00,0.00,0.00,0.00,0.00,0.00,0.00,0.00,0.00,0.00,0
1.3908,-34,43,144,0,DRIVE [ 88 ] [ 1 ] [ 1725 1025 1885 ] [    0    0    0 ] [      0      0      0 ] [ 0 ],drive [ 88 ] [ 0 ] [ 1743 1025 1885 ] [   27   96   16 ] [  15816  10686   8302 ] [ 0 ],1.00,1.00,1.00,1.00,-34.22,42.90,0.00,0.00,0.00,0.00,0.00,-0.00,0.00,0.00,0.00,0.00,0.00,0.00,0.00,0.00,0.00,0
1.40243,-32,43,142,0,DRIVE [ 89 ] [ 1 ] [ 1705 1025 1885 ] [    0    0    0 ] [      0      0      0 ] [ 0 ],drive [ 88 ] [ 0 ] [ 1725 1025 1885 ] [   27   96   16 ] [  15809  11045   8302 ] [ 0 ],1.00,1.00,1.00,1.00,-32.20,43.49,0.00,0.00,0.00,0.00,0.00,-0.00,0.00,0.00,0.00,0.00,0.00,0.00,0.00,0.00,0.00,0
1.41433,-30,44,140,0,DRIVE [ 89 ] [ 1 ] [ 1684 1025 1885 ] [    0    0    0 ] [      0      0      0 ] [ 0 ],drive [ 89 ] [ 0 ] [ 1705 1025 1885 ] [   25   88   15 ] [  15809  11045   8302 ] [ 0 ],1.00,1.00,1.00,1.00,-30.07,44.13,0.00,0.00,0.00,0.00,0.00,-0.00,0.00,0.00,0.00,0.00,0.00,0.00,0.00,0.00,0.00,0
1.42441,-28,45,138,0,DRIVE [ 90 ] [ 1 ] [ 1661 1042 1885 ] [    0    0    0 ] [      0      0      0 ] [ 0 ],drive [ 89 ] [ 0 ] [ 1684 1025 1885 ] [   25   88   15 ] [  15809  11045   8302 ] [ 0 ],1.00,1.00,1.00,1.00,-27.77,44.68,0.00,0.00,0.00,0.00,0.00,-0.00,0.00,0.00,0.00,0.00,0.00,0.00,0.00,0.00,0.00,0
1.43437,-25,45,136,0,DRIVE [ 90 ] [ 1 ] [ 1636 1066 1885 ] [    0    0    0 ] [      0      0      0 ] [ 0 ],drive [ 90 ] [ 0 ] [ 1661 1042 1885 ] [   25   88   15 ] [  15809  11045   8302 ] [ 0 ],1.00,1.00,1.00,1.00,-25.42,45.28,0.00,0.00,0.00,0.00,0.00,-0.00,0.00,0.00,0.00,0.00,0.00,0.00,0.00,0.00,0.00,0
1.44612,-23,46,134,0,DRIVE [ 91 ] [ 1 ] [ 1610 1090 1885 ] [    0    0    0 ] [      0      0      0 ] [ 0 ],drive [ 90 ] [ 0 ] [ 1636 1066 1885 ] [   25   88   15 ] [  15812  11125   8301 ] [ 0 ],1.00,1.00,1.00,1.00,-23.02,45.81,0.00,0.00,0.00,0.00,0.00,-0.00,0.00,0.00,0.00,0.00,0.00,0.00,0.00,0.00,0.00,0
1.4584,-21,46,132,0,DRIVE [ 91 ] [ 1 ] [ 1582 1115 1885 ] [    0    0    0 ] [      0      0      0 ] [ 0 ],drive [ 91 ] [ 0 ] [ 1610 1090 1885 ] [   42   78   13 ] [  15812  11125   8301 ] [ 0 ],1.00,1.00,1.00,1.00,-20.56,46.28,0.00,0.00,0.00,0.00,0.00,-0.00,0.00,0.00,0.00,0.00,0.00,0.00,0.00,0.00,0.00,0
1.47055,-18,47,130,0,DRIVE [ 92 ] [ 1 ] [ 1553 1140 1885 ] [    0    0    0 ] [      0      0      0 ] [ 0 ],drive [ 91 ] [ 0 ] [ 1582 1115 1885 ] [   42   78   13 ] [  15812  11125   8301 ] [ 0 ],1.00,1.00,1.00,1.00,-17.99,46.66,0.00,0.00,0.00,0.00,0.00,-0.00,0.00,0.00,0.00,0.00,0.00,0.00,0.00,0.00,0.00,0
1.48005,-15,47,128,0,DRIVE [ 92 ] [ 1 ] [ 1523 1167 1885 ] [    0    0    0 ] [      0      0      0 ] [ 0 ],drive [ 92 ] [ 0 ] [ 1553 1140 1885 ] [   42   78   13 ] [  15812  11125   8301 ] [ 0 ],1.00,1.00,1.00,1.00,-15.38,46.99,0.00,0.00,0.00,0.00,0.00,-0.00,0.00,0.00,0.00,0.00,0.00,0.00,0.00,0.00,0.00,0
1.49056,-13,47,126,0,DRIVE [ 93 ] [ 1 ] [ 1491 1193 1885 ] [    0    0    0 ] [      0      0      0 ] [ 0 ],drive [ 92 ] [ 0 ] [ 1523 1167 1885 ] [   42   78   13 ] [  15836  11151   8301 ] [ 0 ],1.00,1.00,1.00,1.00,-12.75,47.26,0.00,0.00,0.00,0.00,0.00,-0.00,0.00,0.00,0.00,0.00,0.00,0.00,0.00,0.00,0.00,0
1.50226,-10,48,124,0,DRIVE [ 93 ] [ 1 ] [ 1457 1219 1885 ] [    0    0    0 ] [      0      0      0 ] [ 0 ],drive [ 93 ] [ 0 ] [ 1491 1193 1885 ] [   42   78   13 ] [  15836  11151   8301 ] [ 0 ],1.00,1.00,1.00,1.00,-10.04,47.56,0.00,0.00,0.00,0.00,0.00,-0.00,0.00,0.00,0.00,0.00,0.00,0.00,0.00,0.00,0.00,0
1.51431,-7,48,122,0,DRIVE [ 94 ] [ 1 ] [ 1420 1245 1885 ] [    0    0    0 ] [      0      0      0 ] [ 0 ],drive [ 93 ] [ 0 ] [ 1457 1219 1885 ] [   48   95   14 ] [  15836  11151   8301 ] [ 0 ],1.00,1.00,1.00,1.00,-7.28,47.77,0.00,0.00,0.00,0.00,0.00,-0.00,0.00,0.00,0.00,0.00,0.00,0.00,0.00,0.00,0.00,0
1.52583,-4,48,120,0,DRIVE [ 94 ] [ 1 ] [ 1381 1273 1885 ] [    0    0    0 ] [      0      0      0 ] [ 0 ],drive [ 94 ] [ 0 ] [ 1420 1245 1885 ] [   48   95   14 ] [  15836  11151   8301 ] [ 0 ],1.00,1.00,1.00,1.00,-4.46,47.84,0.00,0.00,0.00,0.00,0.00,-0.00,0.00,0.00,0.00,0.00,0.00,0.00,0.00,0.00,0.00,0
1.53805,-2,48,118,0,DRIVE [ 95 ] [ 1 ] [ 1341 1300 1885 ] [    0    0    0 ] [      0      0      0 ] [ 0 ],drive [ 94 ] [ 0 ] [ 1381 1273 1885 ] [   48   95   14 ] [  15836  11151   8301 ] [ 0 ],1.00,1.00,1.00,1.00,-1.66,47.86,0.00,0.00,0.00,0.00,0.00,-0.00,0.00,0.00,0.00,0.00,0.00,0.00,0.00,0.00,0.00,0
1.54745,1,48,116,0,DRIVE [ 95 ] [ 1 ] [ 1299 1326 1885 ] [    0    0    0 ] [      0      0      0 ] [ 0 ],drive [ 95 ] [ 0 ] [ 1341 1300 1885 ] [   48   95   14 ] [  15947  11196   8299 ] [ 0 ],1.00,1.00,1.00,1.00,1.10,47.78,0.00,0.00,0.00,0.00,0.00,-0.00,0.00,0.00,0.00,0.00,0.00,0.00,0.00,0.00,0.00,0
1.55822,4,48,114,0,DRIVE [ 96 ] [ 1 ] [ 1258 1352 1885 ] [    0    0    0 ] [      0      0      0 ] [ 0 ],drive [ 95 ] [ 0 ] [ 1299 1326 1885 ] [   71   75    4 ] [  15947  11196   8299 ] [ 0 ],1.00,1.00,1.00,1.00,3.73,47.57,0.00,0.00,0.00,0.00,0.00,-0.00,0.00,0.00,0.00,0.00,0.00,0.00,0.00,0.00,0.00,0
1.56982,6,47,113,0,DRIVE [ 96 ] [ 1 ] [ 1216 1380 1885 ] [    0    0    0 ] [      0      0      0 ] [ 0 ],drive [ 96 ] [ 0 ] [ 1258 1352 1885 ] [   71   75    4 ] [  15947  11196   8299 ] [ 0 ],1.00,1.00,1.00,1.00,6.38,47.19,0.00,0.00,0.00,0.00,0.00,-0.00,0.00,0.00,0.00,0.00,0.00,0.00,0.00,0.00,0.00,0
1.58198,9,46,111,0,DRIVE [ 97 ] [ 1 ] [ 1174 1409 1885 ] [    0    0    0 ] [      0      0      0 ] [ 0 ],drive [ 96 ] [ 0 ] [ 1216 1380 1885 ] [   71   75    4 ] [  15947  11196   8299 ] [ 0 ],1.00,1.00,1.00,1.00,8.97,46.49,0.00,0.00,0.00,0.00,0.00,-0.00,0.00,0.00,0.00,0.00,0.00,0.00,0.00,0.00,0.00,0
1.59416,11,46,109,0,DRIVE [ 97 ] [ 1 ] [ 1132 1439 1885 ] [    0    0    0 ] [      0      0      0 ] [ 0 ],drive [ 97 ] [ 0 ] [ 1174 1409 1885 ] [   71   75    4 ] [  16305  11186   8080 ] [ 0 ],1.00,1.00,1.00,1.00,11.45,45.67,0.00,0.00,0.00,0.00,0.00,-0.00,0.00,0.00,0.00,0.00,0.00,0.00,0.00,0.00,0.00,0
1.60655,14,45,107,0,DRIVE [ 98 ] [ 1 ] [ 1090 1469 1885 ] [    0    0    0 ] [      0      0      0 ] [ 0 ],drive [ 97 ] [ 0 ] [ 1132 1439 1885 ] [   71   75    4 ] [  16305  11186   8080 ] [ 0 ],1.00,1.00,1.00,1.00,13.87,44.72,0.00,0.00,0.00,0.00,0.00,-0.00,0.00,0.00,0.00,0.00,0.00,0.00,0.00,0.00,0.00,0
1.61692,16,44,105,0,DRIVE [ 98 ] [ 1 ] [ 1045 1500 1885 ] [    0    0    0 ] [      0      0      0 ] [ 0 ],drive [ 98 ] [ 0 ] [ 1090 1469 1885 ] [   68   72   22 ] [  16305  11186   8080 ] [ 0 ],1.00,1.00,1.00,1.00,16.30,43.76,0.00,0.00,0.00,0.00,0.00,-0.00,0.00,0.00,0.00,0.00,0.00,0.00,0.00,0.00,0.00,0
1.62662,19,43,103,0,DRIVE [ 99 ] [ 1 ] [ 1025 1530 1885 ] [    0    0    0 ] [      0      0      0 ] [ 0 ],drive [ 98 ] [ 0 ] [ 1045 1500 1885 ] [   68   72   22 ] [  16305  11186   8080 ] [ 0 ],1.00,1.00,1.00,1.00,18.65,42.74,0.00,0.00,0.00,0.00,0.00,-0.00,0.00,0.00,0.00,0.00,0.00,0.00,0.00,0.00,0.00,0
1.63816,21,42,102,0,DRIVE [ 99 ] [ 1 ] [ 1025 1557 1885 ] [    0    0    0 ] [      0      0      0 ] [ 0 ],drive [ 99 ] [ 0 ] [ 1025 1530 1885 ] [   68   72   22 ] [  16305  11186   8080 ] [ 0 ],1.00,1.00,1.00,1.00,20.82,41.84,0.00,0.00,0.00,0.00,0.00,0.00,0.00,0.00,0.00,0.00,0.00,0.00,0.00,0.00,0.00,0
1.65079,23,41,100,0,DRIVE [ 00 ] [ 1 ] [ 1025 1580 1885 ] [    0    0    0 ] [      0      0      0 ] [ 0 ],drive [ 99 ] [ 0 ] [ 1025 1557 1885 ] [   68   72   22 ] [  16770  11063   7962 ] [ 0 ],1.00,1.00,1.00,1.00,22.85,41.14,0.00,0.00,0.00,0.00,0.00,0.00,0.00,0.00,0.00,0.00,0.00,0.00,0.00,0.00,0.00,0
1.66202,25,41,98,0,DRIVE [ 00 ] [ 1 ] [ 1025 1599 1885 ] [    0    0    0 ] [      0      0      0 ] [ 0 ],drive [ 00 ] [ 0 ] [ 1025 1580 1885 ] [   90   37   16 ] [  16770  11063   7962 ] [ 0 ],1.00,1.00,1.00,1.00,24.63,40.55,0.00,0.00,0.00,0.00,0.00,0.00,0.00,0.00,0.00,0.00,0.00,0.00,0.00,0.00,0.00,0
1.672,26,40,96,0,DRIVE [ 01 ] [ 1 ] [ 1025 1615 1885 ] [    0    0    0 ] [      0      0      0 ] [ 0 ],drive [ 00 ] [ 0 ] [ 1025 1599 1885 ] [   90   37   16 ] [  16770  11063   7962 ] [ 0 ],1.00,1.00,1.00,1.00,26.13,40.05,0.00,0.00,0.00,0.00,0.00,0.00,0.00,0.00,0.00,0.00,0.00,0.00,0.00,0.00,0.00,0
1.6832,27,40,94,0,DRIVE [ 01 ] [ 1 ] [ 1025 1629 1885 ] [    0    0    0 ] [      0      0      0 ] [ 0 ],drive [ 01 ] [ 0 ] [ 1025 1615 1885 ] [   90   37   16 ] [  16770  11063   7962 ] [ 0 ],1.00,1.00,1.00,1.00,27.44,39.59,0.00,0.00,0.00,0.00,0.00,0.00,0.00,0.00,0.00,0.00,0.00,0.00,0.00,0.00,0.00,0
1.69426,29,39,92,0,DRIVE [ 02 ] [ 1 ] [ 1025 1641 1885 ] [    0    0    0 ] [      0      0      0 ] [ 0 ],drive [ 01 ] [ 0 ] [ 1025 1629 1885 ] [   90   37   16 ] [  17067  10663   7962 ] [ 0 ],1.00,1.00,1.00,1.00,28.57,39.15,0.00,0.00,0.00,0.00,0.00,0.00,0.00,0.00,0.00,0.00,0.00,0.00,0.00,0.00,0.00,0
1.70629,29,39,90,0,DRIVE [ 02 ] [ 1 ] [ 1025 1652 1885 ] [    0    0    0 ] [      0      0      0 ] [ 0 ],drive [ 02 ] [ 0 ] [ 1025 1641 1885 ] [   92   36   14 ] [  17067  10663   7962 ] [ 0 ],1.00,1.00,1.00,1.00,29.49,38.72,0.00,0.00,0.00,0.00,0.00,0.00,0.00,0.00,0.00,0.00,0.00,0.00,0.00,0.00,0.00,0
1.71828,30,38,89,0,DRIVE [ 03 ] [ 1 ] [ 1025 1662 1885 ] [    0    0    0 ] [      0      0      0 ] [ 0 ],drive [ 02 ] [ 0 ] [ 1025 1652 1885 ] [   92   36   14 ] [  17067  10663   7962 ] [ 0 ],1.00,1.00,1.00,1.00,30.20,38.17,0.00,0.00,0.00,0.00,0.00,0.00,0.00,0.00,0.00,0.00,0.00,0.00,0.00,0.00,0.00,0
1.73003,31,38,87,0,DRIVE [ 03 ] [ 1 ] [ 1025 1671 1885 ] [    0    0    0 ] [      0      0      0 ] [ 0 ],drive [ 03 ] [ 0 ] [ 1025 1662 1885 ] [   92   36   14 ] [  17067  10663   7962 ] [ 0 ],1.00,1.00,1.00,1.00,30.79,37.65,0.00,0.00,0.00,0.00,0.00,0.00,0.00,0.00,0.00,0.00,0.00,0.00,0.00,0.00,0.00,0
1.74004,31,37,85,0,DRIVE [ 04 ] [ 1 ] [ 1025 1680 1885 ] [    0    0    0 ] [      0      0      0 ] [ 0 ],drive [ 03 ] [ 0 ] [ 1025 1671 1885 ] [   92   36   14 ] [  17269  10520   7946 ] [ 0 ],1.00,1.00,1.00,1.00,31.25,37.03,0.00,0.00,0.00,0.00,0.00,0.00,0.00,0.00,0.00,0.00,0.00,0.00,0.00,0.00,0.00,0
1.75028,32,36,84,0,DRIVE [ 04 ] [ 1 ] [ 1025 1688 1885 ] [    0    0    0 ] [      0      0      0 ] [ 0 ],drive [ 04 ] [ 0 ] [ 1025 1680 1885 ] [   92   36   14 ] [  17269  10520   7946 ] [ 0 ],1.00,1.00,1.00,1.00,31.58,36.45,0.00,0.00,0.00,0.00,0.00,0.00,0.00,0.00,0.00,0.00,0.00,0.00,0.00,0.00,0.00,0
1.76208,32,36,82,0,DRIVE [ 05 ] [ 1 ] [ 1025 1696 1885 ] [    0    0    0 ] [      0      0      0 ] [ 0 ],drive [ 04 ] [ 0 ] [ 1025 1688 1885 ] [   86   35   20 ] [  17269  10520   7946 ] [ 0 ],1.00,1.00,1.00,1.00,31.82,35.83,0.00,0.00,0.00,0.00,0.00,0.00,0.00,0.00,0.00,0.00,0.00,0.00,0.00,0.00,0.00,0
1.77436,32,35,81,0,DRIVE [ 05 ] [ 1 ] [ 1025 1705 1885 ] [    0    0    0 ] [      0      0      0 ] [ 0 ],drive [ 05 ] [ 0 ] [ 1025 1696 1885 ] [   86   35   20 ] [  17269  10520   7946 ] [ 0 ],1.00,1.00,1.00,1.00,32.03,35.16,0.00,0.00,0.00,0.00,0.00,0.00,0.00,0.00,0.00,0.00,0.00,0.00,0.00,0.00,0.00,0
1.78613,32,34,79,0,DRIVE [ 06 ] [ 1 ] [ 1025 1713 1885 ] [    0    0    0 ] [      0      0      0 ] [ 0 ],drive [ 05 ] [ 0 ] [ 1025 1705 1885 ] [   86   35   20 ] [  17269  10520   7946 ] [ 0 ],1.00,1.00,1.00,1.00,32.20,34.49,0.00,0.00,0.00,0.00,0.00,0.00,0.00,0.00,0.00,0.00,0.00,0.00,0.00,0.00,0.00,0
1.79801,32,34,78,0,DRIVE [ 06 ] [ 1 ] [ 1025 1721 1885 ] [    0    0    0 ] [      0      0      0 ] [ 0 ],drive [ 06 ] [ 0 ] [ 1025 1713 1885 ] [   86   35   20 ] [  17296  10497   7857 ] [ 0 ],1.00,1.00,1.00,1.00,32.28,33.84,0.00,0.00,0.00,0.00,0.00,0.00,0.00,0.00,0.00,0.00,0.00,0.00,0.00,0.00,0.00,0
1.80734,32,33,76,0,DRIVE [ 07 ] [ 1 ] [ 1025 1727 1885 ] [    0    0    0 ] [      0      0      0 ] [ 0 ],drive [ 06 ] [ 0 ] [ 1025 1721 1885 ] [   96   23   17 ] [  17296  10497   7857 ] [ 0 ],1.00,1.00,1.00,1.00,32.16,33.16,0.00,0.00,0.00,0.00,0.00,0.00,0.00,0.00,0.00,0.00,0.00,0.00,0.00,0.00,0.00,0
1.81799,32,32,75,0,DRIVE [ 07 ] [ 1 ] [ 1025 1730 1885 ] [    0    0    0 ] [      0      0      0 ] [ 0 ],drive [ 07 ] [ 0 ] [ 1025 1727 1885 ] [   96   23   17 ] [  17296  10497   7857 ] [ 0 ],1.00,1.00,1.00,1.00,31.77,32.46,0.00,0.00,0.00,0.00,0.00,0.00,0.00,0.00,0.00,0.00,0.00,0.00,0.00,0.00,0.00,0
1.82974,31,32,74,0,DRIVE [ 08 ] [ 1 ] [ 1025 1732 1885 ] [    0    0    0 ] [      0      0      0 ] [ 0 ],drive [ 07 ] [ 0 ] [ 1025 1730 1885 ] [   96   23   17 ] [  17296  10497   7857 ] [ 0 ],1.00,1.00,1.00,1.00,31.17,31.74,0.00,0.00,0.00,0.00,0.00,0.00,0.00,0.00,0.00,0.00,0.00,0.00,0.00,0.00,0.00,0
1.84198,30,31,72,0,DRIVE [ 08 ] [ 1 ] [ 1025 1731 1885 ] [    0    0    0 ] [      0      0      0 ] [ 0 ],drive [ 08 ] [ 0 ] [ 1025 1732 1885 ] [   96   23   17 ] [  17630  10180   7821 ] [ 0 ],1.00,1.00,1.00,1.00,30.38,31.08,0.00,0.00,0.00,0.00,0.00,0.00,0.00,0.00,0.00,0.00,0.00,0.00,0.00,0.00,0.00,0
1.85404,30,30,71,0,DRIVE [ 09 ] [ 1 ] [ 1025 1729 1885 ] [    0    0    0 ] [      0      0      0 ] [ 0 ],drive [ 08 ] [ 0 ] [ 1025 1731 1885 ] [   96   23   17 ] [  17630  10180   7821 ] [ 0 ],1.00,1.00,1.00,1.00,29.57,30.45,0.00,0.00,0.00,0.00,0.00,0.00,0.00,0.00,0.00,0.00,0.00,0.00,0.00,0.00,0.00,0
1.86422,29,30,70,0,DRIVE [ 09 ] [ 1 ] [ 1025 1729 1885 ] [    0    0    0 ] [      0      0      0 ] [ 0 ],drive [ 09 ] [ 0 ] [ 1025 1729 1885 ] [   91   35   26 ] [  17630  10180   7821 ] [ 0 ],1.00,1.00,1.00,1.00,28.89,29.79,0.00,0.00,0.00,0.00,0.00,0.00,0.00,0.00,0.00,0.00,0.00,0.00,0.00,0.00,0.00,0
1.87381,28,29,69,0,DRIVE [ 10 ] [ 1 ] [ 1025 1732 1885 ] [    0    0    0 ] [      0      0      0 ] [ 0 ],drive [ 09 ] [ 0 ] [ 1025 1729 1885 ] [   91   35   26 ] [  17630  10180   7821 ] [ 0 ],1.00,1.00,1.00,1.00,28.37,29.06,0.00,0.00,0.00,0.00,0.00,0.00,0.00,0.00,0.00,0.00,0.00,0.00,-0.00,-0.00,0.00,0
1.8863,28,28,67,0,DRIVE [ 10 ] [ 1 ] [ 1025 1736 1885 ] [    0    0    0 ] [      0      0      0 ] [ 0 ],drive [ 10 ] [ 0 ] [ 1025 1732 1885 ] [   91   35   26 ] [  17630  10180   7821 ] [ 0 ],1.00,1.00,1.00,1.00,27.95,28.35,0.00,0.00,0.00,0.00,0.00,0.00,0.00,0.00,0.00,0.00,0.00,0.00,-0.00,-0.00,0.00,0
1.89817,28,28,66,0,DRIVE [ 11 ] [ 1 ] [ 1025 1742 1885 ] [    0    0    0 ] [      0      0      0 ] [ 0 ],drive [ 10 ] [ 0 ] [ 1025 1736 1885 ] [   91   35   26 ] [  17631  10157   7745 ] [ 0 ],1.00,1.00,1.00,1.00,27.61,27.62,0.00,0.00,0.00,0.00,0.00,0.00,0.00,0.00,0.00,0.00,0.00,0.00,-0.00,-0.00,0.00,0
1.90992,27,27,65,0,DRIVE [ 11 ] [ 1 ] [ 1025 1749 1885 ] [    0    0    0 ] [      0      0      0 ] [ 0 ],drive [ 11 ] [ 0 ] [ 1025 1742 1885 ] [   99   35   20 ] [  17631  10157   7745 ] [ 0 ],1.00,1.00,1.00,1.00,27.35,26.88,0.00,0.00,0.00,0.00,0.00,0.00,0.00,0.00,0.00,0.00,0.00,0.00,-0.00,-0.00,0.00,0
1.922,27,26,64,0,DRIVE [ 12 ] [ 1 ] [ 1025 1758 1885 ] [    0    0    0 ] [      0      0      0 ] [ 0 ],drive [ 11 ] [ 0 ] [ 1025 1749 1885 ] [   99   35   20 ] [  17631  10157   7745 ] [ 0 ],1.00,1.00,1.00,1.00,27.16,26.12,0.00,0.00,0.00,0.00,0.00,0.00,0.00,0.00,0.00,0.00,0.00,0.00,-0.00,-0.00,0.00,0
1.93195,27,25,63,0,DRIVE [ 12 ] [ 1 ] [ 1025 1768 1885 ] [    0    0    0 ] [      0      0      0 ] [ 0 ],drive [ 12 ] [ 0 ] [ 1025 1758 1885 ] [   99   35   20 ] [  17631  10157   7745 ] [ 0 ],1.00,1.00,1.00,1.00,26.99,25.36,0.00,0.00,0.00,0.00,0.00,0.00,0.00,0.00,0.00,0.00,0.00,0.00,-0.00,-0.00,0.00,0
1.9416,27,25,62,0,DRIVE [ 13 ] [ 1 ] [ 1025 1778 1885 ] [    0    0    0 ] [      0      0      0 ] [ 0 ],drive [ 12 ] [ 0 ] [ 1025 1768 1885 ] [   99   35   20 ] [  17735  10148   7727 ] [ 0 ],1.00,1.00,1.00,1.00,26.78,24.56,0.00,0.00,0.00,0.00,0.00,0.00,0.00,0.00,0.00,0.00,0.00,0.00,-0.00,-0.00,0.00,0
1.95433,26,24,61,0,DRIVE [ 13 ] [ 1 ] [ 1025 1787 1885 ] [    0    0    0 ] [      0      0      0 ] [ 0 ],drive [ 13 ] [ 0 ] [ 1025 1778 1885 ] [   99   35   20 ] [  17735  10148   7727 ] [ 0 ],1.00,1.00,1.00,1.00,26.49,23.77,0.00,0.00,0.00,0.00,0.00,0.00,0.00,0.00,0.00,0.00,0.00,0.00,-0.00,-0.00,0.00,0
1.96602,26,23,59,0,DRIVE [ 14 ] [ 1 ] [ 1025 1795 1885 ] [    0    0    0 ] [      0      0      0 ] [ 0 ],drive [ 13 ] [ 0 ] [ 1025 1787 1885 ] [   96   16   13 ] [  17735  10148   7727 ] [ 0 ],1.00,1.00,1.00,1.00,26.11,23.01,0.00,0.00,0.00,0.00,0.00,0.00,0.00,0.00,0.00,0.00,0.00,0.00,-0.00,-0.00,0.00,0
1.97801,26,22,58,0,DRIVE [ 14 ] [ 1 ] [ 1025 1800 1885 ] [    0    0    0 ] [      0      0      0 ] [ 0 ],drive [ 14 ] [ 0 ] [ 1025 1795 1885 ] [   96   16   13 ] [  17735  10148   7727 ] [ 0 ],1.00,1.00,1.00,1.00,25.61,22.27,0.00,0.00,0.00,0.00,0.00,0.00,0.00,0.00,0.00,0.00,0.00,0.00,-0.00,-0.00,0.00,0
1.98837,25,22,57,0,DRIVE [ 15 ] [ 1 ] [ 1025 1802 1885 ] [    0    0    0 ] [      0      0      0 ] [ 0 ],drive [ 14 ] [ 0 ] [ 1025 1800 1885 ] [   96   16   13 ] [  17735  10148   7727 ] [ 0 ],1.00,1.00,1.00,1.00,24.98,21.65,0.00,0.00,0.00,0.00,0.00,0.00,0.00,0.00,0.00,0.00,0.00,0.00,-0.00,-0.00,0.00,0
1.99847,24,21,56,0,DRIVE [ 15 ] [ 1 ] [ 1025 1802 1885 ] [    0    0    0 ] [      0      0      0 ] [ 0 ],drive [ 15 ] [ 0 ] [ 1025 1802 1885 ] [   96   16   13 ] [  17869   9895   7632 ] [ 0 ],1.00,1.00,1.00,1.00,24.28,21.09,0.00,0.00,0.00,0.00,0.00,0.00,0.00,0.00,0.00,0.00,0.00,0.00,-0.00,-0.00,0.00,0
2.01024,24,21,55,0,DRIVE [ 16 ] [ 1 ] [ 1025 1800 1885 ] [    0    0    0 ] [      0      0      0 ] [ 0 ],drive [ 15 ] [ 0 ] [ 1025 1802 1885 ] [   89   29   21 ] [  17869   9895   7632 ] [ 0 ],1.00,1.00,1.00,1.00,23.50,20.57,0.00,0.00,0.00,0.00,0.00,0.00,0.00,0.00,0.00,0.00,0.00,0.00,-0.00,-0.00,0.00,0
2.02205,23,20,54,0,DRIVE [ 16 ] [ 1 ] [ 1025 1796 1885 ] [    0    0    0 ] [      0      0      0 ] [ 0 ],drive [ 16 ] [ 0 ] [ 1025 1800 1885 ] [   89   29   21 ] [  17869   9895   7632 ] [ 0 ],1.00,1.00,1.00,1.00,22.70,20.10,0.00,0.00,0.00,0.00,0.00,0.00,0.00,0.00,0.00,0.00,0.00,0.00,-0.00,-0.00,0.00,0
2.03411,22,20,53,0,DRIVE [ 17 ] [ 1 ] [ 1025 1789 1885 ] [    0    0    0 ] [      0      0      0 ] [ 0 ],drive [ 16 ] [ 0 ] [ 1025 1796 1885 ] [   89   29   21 ] [  17869   9895   7632 ] [ 0 ],1.00,1.00,1.00,1.00,21.86,19.73,0.00,0.00,0.00,0.00,0.00,0.00,0.00,0.00,0.00,0.00,0.00,0.00,-0.00,-0.00,0.00,0
2.04583,21,19,52,0,DRIVE [ 17 ] [ 1 ] [ 1025 1781 1885 ] [    0    0    0 ] [      0      0      0 ] [ 0 ],drive [ 17 ] [ 0 ] [ 1025 1789 1885 ] [   89   29   21 ] [  17989   9606   7632 ] [ 0 ],1.00,1.00,1.00,1.00,21.05,19.43,0.00,0.00,0.00,0.00,0.00,0.00,0.00,0.00,0.00,0.00,0.00,0.00,-0.00,-0.00,0.00,0
2.05612,20,19,51,0,DRIVE [ 18 ] [ 1 ] [ 1025 1770 1885 ] [    0    0    0 ] [      0      0      0 ] [ 0 ],drive [ 17 ] [ 0 ] [ 1025 1781 1885 ] [   82   21   22 ] [  17989   9606   7632 ] [ 0 ],1.00,1.00,1.00,1.00,20.20,19.18,0.00,0.00,0.00,0.00,0.00,0.00,0.00,0.00,0.00,0.00,0.00,0.00,-0.00,-0.00,0.00,0
2.06619,19,19,49,0,DRIVE [ 18 ] [ 1 ] [ 1025 1758 1885 ] [    0    0    0 ] [      0      0      0 ] [ 0 ],drive [ 18 ] [ 0 ] [ 1025 1770 1885 ] [   82   21   22 ] [  17989   9606   7632 ] [ 0 ],1.00,1.00,1.00,1.00,19.33,18.96,0.00,0.00,0.00,0.00,0.00,0.00,0.00,0.00,0.00,0.00,0.00,0.00,-0.00,-0.00,0.00,0
2.07845,19,19,48,1,DRIVE [ 19 ] [ 1 ] [ 1025 1743 1885 ] [    0    0    0 ] [      0      0      0 ] [ 0 ],drive [ 18 ] [ 0 ] [ 1025 1758 1885 ] [   82   21   22 ] [  17989   9606   7632 ] [ 0 ],1.00,1.00,1.00,1.00,18.52,18.91,0.00,0.00,0.00,0.00,0.00,0.00,0.00,0.00,0.00,0.00,0.00,0.00,-0.00,-0.00,0.00,0
