timestamp,Xmm,Ymm,Zmm,TouchDetected,OutgoingPacket,IncomingPacket,GainPropAb, GainPropAd, GainPropFl, GainPropEx,PropA, PropB, PropC,GainIntegAb, GainIntegAd, GainIntegFl, GainIntegEx,IntegA, IntegB, IntegC,GainDerivAb, GainDerivAd, GainDerivFl, GainDerivEx,DerivA, DerivB, DerivC,Heading5
0.0064663,29,10,491,0,DRIVE [ 07 ] [ 1 ] [ 1730 1900 1880 ] [    0    0    0 ] [      0      0      0 ] [ 0 ],drive [ 07 ] [ 0 ] [ 1744 1900 1877 ] [   42    7   27 ] [  11025   4421  10719 ] [ 0 ],1.10,1.10,1.10,1.10,31.59,11.20,0.00,0.00,0.00,0.00,0.00,0.00,0.00,0.00,0.00,0.00,0.00,0.00,0.00,0.00,0.00,0
0.0213816,29,11,490,0,DRIVE [ 08 ] [ 1 ] [ 1725 1900 1880 ] [    0    0    0 ] [      0      0      0 ] [ 0 ],drive [ 07 ] [ 0 ] [ 1730 1900 1880 ] [   42    7   27 ] [  11025   4421  10719 ] [ 0 ],1.10,1.10,1.10,1.10,32.36,11.67,0.00,0.00,0.00,0.00,0.00,0.00,0.00,0.00,0.00,0.00,0.00,0.00,0.00,0.00,0.00,0
0.0342872,30,11,486,0,DRIVE [ 08 ] [ 1 ] [ 1716 1900 1881 ] [    0    0    0 ] [      0      0      0 ] [ 0 ],drive [ 08 ] [ 0 ] [ 1725 1900 1880 ] [   42    7   27 ] [  11025   4421  10719 ] [ 0 ],1.10,1.10,1.10,1.10,33.20,12.59,0.00,0.00,0.00,0.00,0.00,0.00,0.00,0.00,0.00,0.00,0.00,0.00,0.00,0.00,0.00,0
0.0473347,31,12,487,0,DRIVE [ 09 ] [ 1 ] [ 1709 1900 1881 ] [    0    0    0 ] [      0      0      0 ] [ 0 ],drive [ 08 ] [ 0 ] [ 1716 1900 1881 ] [   42    7   27 ] [  10861   4421  10725 ] [ 0 ],1.10,1.10,1.10,1.10,34.27,13.26,0.00,0.00,0.00,0.00,0.00,0.00,0.00,0.00,0.00,0.00,0.00,0.00,0.00,0.00,0.00,0
0.0607988,32,13,488,0,DRIVE [ 09 ] [ 1 ] [ 1703 1900 1881 ] [    0    0    0 ] [      0      0      0 ] [ 0 ],drive [ 09 ] [ 0 ] [ 1709 1900 1881 ] [   28    7   27 ] [  10861   4421  10725 ] [ 0 ],1.10,1.10,1.10,1.10,35.13,13.98,0.00,0.00,0.00,0.00,0.00,0.00,0.00,0.00,0.00,0.00,0.00,0.00,0.00,0.00,0.00,0
0.0740008,32,13,486,0,DRIVE [ 10 ] [ 1 ] [ 1697 1900 1881 ] [    0    0    0 ] [      0      0      0 ] [ 0 ],drive [ 09 ] [ 0 ] [ 1703 1900 1881 ] [   28    7   27 ] [  10861   4421  10725 ] [ 0 ],1.10,1.10,1.10,1.10,35.74,14.42,0.00,0.00,0.00,0.00,0.00,0.00,0.00,0.00,0.00,0.00,0.00,0.00,0.00,0.00,0.00,0
0.0873646,33,14,483,0,DRIVE [ 10 ] [ 1 ] [ 1692 1900 1882 ] [    0    0    0 ] [      0      0      0 ] [ 0 ],drive [ 10 ] [ 0 ] [ 1697 1900 1881 ] [   28    7   27 ] [  10861   4421  10725 ] [ 0 ],1.10,1.10,1.10,1.10,36.12,15.00,0.00,0.00,0.00,0.00,0.00,0.00,0.00,0.00,0.00,0.00,0.00,0.00,0.00,0.00,0.00,0
0.100477,33,14,484,0,DRIVE [ 11 ] [ 1 ] [ 1686 1900 1883 ] [    0    0    0 ] [      0      0      0 ] [ 0 ],drive [ 10 ] [ 0 ] [ 1692 1900 1882 ] [   28    7   27 ] [  10863   4421  10725 ] [ 0 ],1.10,1.10,1.10,1.10,36.73,15.85,0.00,0.00,0.00,0.00,0.00,0.00,0.00,0.00,0.00,0.00,0.00,0.00,0.00,0.00,0.00,0
0.113338,34,15,484,0,DRIVE [ 11 ] [ 1 ] [ 1678 1900 1883 ] [    0    0    0 ] [      0      0      0 ] [ 0 ],drive [ 11 ] [ 0 ] [ 1686 1900 1883 ] [   30    7   27 ] [  10863   4421  10725 ] [ 0 ],1.10,1.10,1.10,1.10,37.57,16.79,0.00,0.00,0.00,0.00,0.00,0.00,0.00,0.00,0.00,0.00,0.00,0.00,0.00,0.00,0.00,0
0.126671,35,16,483,0,DRIVE [ 12 ] [ 1 ] [ 1672 1900 1885 ] [    0    0    0 ] [      0      0      0 ] [ 0 ],drive [ 11 ] [ 0 ] [ 1678 1900 1883 ] [   30    7   27 ] [  10863   4421  10725 ] [ 0 ],1.10,1.10,1.10,1.10,38.04,17.65,0.00,0.00,0.00,0.00,0.00,0.00,0.00,0.00,0.00,0.00,0.00,0.00,0.00,0.00,0.00,0
0.139858,35,17,480,0,DRIVE [ 12 ] [ 1 ] [ 1665 1900 1886 ] [    0    0    0 ] [      0      0      0 ] [ 0 ],drive [ 12 ] [ 0 ] [ 1672 1900 1885 ] [   30    7   27 ] [  10863   4421  10725 ] [ 0 ],1.10,1.10,1.10,1.10,38.53,18.40,0.00,0.00,0.00,0.00,0.00,0.00,0.00,0.00,0.00,0.00,0.00,0.00,0.00,0.00,0.00,0
0.153335,211,-18,474,0,DRIVE [ 13 ] [ 1 ] [ 1025 1900 1479 ] [    0    0    0 ] [      0      0      0 ] [ 0 ],drive [ 12 ] [ 0 ] [ 1665 1900 1886 ] [   30    7   27 ] [  10862   4421  10725 ] [ 0 ],1.10,1.10,1.10,1.10,232.62,-19.32,0.00,0.00,0.00,0.00,0.00,0.00,0.00,0.00,0.00,0.00,0.00,0.00,0.00,0.00,0.00,0
0.166296,210,-17,468,0,DRIVE [ 13 ] [ 1 ] [ 1025 1900 1477 ] [    0    0    0 ] [      0      0      0 ] [ 0 ],drive [ 13 ] [ 0 ] [ 1025 1900 1479 ] [   31    7   26 ] [  10862   4421  10725 ] [ 0 ],1.10,1.10,1.10,1.10,230.67,-19.12,0.00,0.00,0.00,0.00,0.00,0.00,0.00,0.00,0.00,0.00,0.00,0.00,0.00,0.00,0.00,0
0.179394,207,-17,462,0,DRIVE [ 14 ] [ 1 ] [ 1025 1900 1477 ] [    0    0    0 ] [      0      0      0 ] [ 0 ],drive [ 13 ] [ 0 ] [ 1025 1900 1477 ] [   31    7   26 ] [  10862   4421  10725 ] [ 0 ],1.10,1.10,1.10,1.10,228.24,-18.66,0.00,0.00,0.00,0.00,0.00,0.00,0.00,0.00,0.00,0.00,0.00,0.00,-0.00,0.00,0.00,0
0.192975,210,-17,466,0,DRIVE [ 14 ] [ 1 ] [ 1025 1900 1477 ] [    0    0    0 ] [      0      0      0 ] [ 0 ],drive [ 14 ] [ 0 ] [ 1025 1900 1477 ] [   31    7   26 ] [  11184   4421  10915 ] [ 0 ],1.10,1.10,1.10,1.10,230.58,-18.43,0.00,0.00,0.00,0.00,0.00,0.00,0.00,0.00,0.00,0.00,0.00,0.00,0.00,0.00,0.00,0
0.206087,210,-17,466,0,DRIVE [ 15 ] [ 1 ] [ 1025 1900 1477 ] [    0    0    0 ] [      0      0      0 ] [ 0 ],drive [ 14 ] [ 0 ] [ 1025 1900 1477 ] [   31    7   26 ] [  11184   4421  10915 ] [ 0 ],1.10,1.10,1.10,1.10,231.22,-18.32,0.00,0.00,0.00,0.00,0.00,0.00,0.00,0.00,0.00,0.00,0.00,0.00,0.00,0.00,0.00,0
0.219607,212,-17,469,0,DRIVE [ 15 ] [ 1 ] [ 1025 1900 1476 ] [    0    0    0 ] [      0      0      0 ] [ 0 ],drive [ 15 ] [ 0 ] [ 1025 1900 1477 ] [  100    5   49 ] [  11184   4421  10915 ] [ 0 ],1.10,1.10,1.10,1.10,233.57,-18.42,0.00,0.00,0.00,0.00,0.00,0.00,0.00,0.00,0.00,0.00,0.00,0.00,0.00,0.00,0.00,0
0.232449,214,-16,474,0,DRIVE [ 16 ] [ 1 ] [ 1025 1900 1479 ] [    0    0    0 ] [      0      0      0 ] [ 0 ],drive [ 15 ] [ 0 ] [ 1025 1900 1476 ] [  100    5   49 ] [  11184   4421  10915 ] [ 0 ],1.10,1.10,1.10,1.10,235.40,-17.86,0.00,0.00,0.00,0.00,0.00,0.00,0.00,0.00,0.00,0.00,0.00,0.00,0.00,0.00,0.00,0
0.245068,212,-13,476,0,DRIVE [ 16 ] [ 1 ] [ 1025 1900 1493 ] [    0    0    0 ] [      0      0      0 ] [ 0 ],drive [ 16 ] [ 0 ] [ 1025 1900 1479 ] [  100    5   49 ] [  12042   4418  11269 ] [ 0 ],1.10,1.10,1.10,1.10,233.36,-14.41,0.00,0.00,0.00,0.00,0.00,0.00,0.00,0.00,0.00,0.00,0.00,0.00,0.00,0.00,0.00,0
0.258145,211,-10,481,0,DRIVE [ 17 ] [ 1 ] [ 1025 1900 1507 ] [    0    0    0 ] [      0      0      0 ] [ 0 ],drive [ 16 ] [ 0 ] [ 1025 1900 1493 ] [   83    6   51 ] [  12042   4418  11269 ] [ 0 ],1.10,1.10,1.10,1.10,231.73,-11.20,0.00,0.00,0.00,0.00,0.00,0.00,0.00,0.00,0.00,0.00,0.00,0.00,-0.00,0.00,0.00,0
0.270962,208,-8,481,0,DRIVE [ 17 ] [ 1 ] [ 1025 1900 1519 ] [    0    0    0 ] [      0      0      0 ] [ 0 ],drive [ 17 ] [ 0 ] [ 1025 1900 1507 ] [   83    6   51 ] [  12042   4418  11269 ] [ 0 ],1.10,1.10,1.10,1.10,228.85,-8.28,0.00,0.00,0.00,0.00,0.00,0.00,0.00,0.00,0.00,0.00,0.00,0.00,-0.00,0.00,0.00,0
0.283806,206,-6,480,0,DRIVE [ 18 ] [ 1 ] [ 1025 1900 1527 ] [    0    0    0 ] [      0      0      0 ] [ 0 ],drive [ 17 ] [ 0 ] [ 1025 1900 1519 ] [   83    6   51 ] [  12042   4418  11269 ] [ 0 ],1.10,1.10,1.10,1.10,226.46,-6.18,0.00,0.00,0.00,0.00,0.00,0.00,0.00,0.00,0.00,0.00,0.00,0.00,-0.00,0.00,0.00,0
0.297039,205,-5,480,0,DRIVE [ 18 ] [ 1 ] [ 1025 1900 1532 ] [    0    0    0 ] [      0      0      0 ] [ 0 ],drive [ 18 ] [ 0 ] [ 1025 1900 1527 ] [   83    6   51 ] [  12043   4419  11269 ] [ 0 ],1.10,1.10,1.10,1.10,225.32,-5.12,0.00,0.00,0.00,0.00,0.00,0.00,0.00,0.00,0.00,0.00,0.00,0.00,-0.00,0.00,0.00,0
0.309837,205,-4,481,0,DRIVE [ 19 ] [ 1 ] [ 1025 1900 1534 ] [    0    0    0 ] [      0      0      0 ] [ 0 ],drive [ 18 ] [ 0 ] [ 1025 1900 1532 ] [   85    6   43 ] [  12043   4419  11269 ] [ 0 ],1.10,1.10,1.10,1.10,225.33,-4.44,0.00,0.00,0.00,0.00,0.00,0.00,0.00,0.00,0.00,0.00,0.00,0.00,-0.00,0.00,0.00,0
0.324024,204,-4,480,0,DRIVE [ 19 ] [ 1 ] [ 1025 1900 1535 ] [    0    0    0 ] [      0      0      0 ] [ 0 ],drive [ 19 ] [ 0 ] [ 1025 1900 1534 ] [   85    6   43 ] [  12043   4419  11269 ] [ 0 ],1.10,1.10,1.10,1.10,224.51,-4.08,0.00,0.00,0.00,0.00,0.00,0.00,0.00,0.00,0.00,0.00,0.00,0.00,-0.00,0.00,0.00,0
0.336528,204,-4,480,0,DRIVE [ 20 ] [ 1 ] [ 1073 1900 1568 ] [    0    0    0 ] [      0      0      0 ] [ 0 ],drive [ 19 ] [ 0 ] [ 1025 1900 1535 ] [   85    6   43 ] [  12043   4419  11269 ] [ 0 ],1.10,1.10,1.10,1.10,202.06,-3.67,0.00,0.00,0.00,0.00,0.00,0.00,0.00,0.00,0.00,0.00,0.00,0.00,-0.00,0.00,0.00,0
0.349564,204,-4,477,0,DRIVE [ 20 ] [ 1 ] [ 1025 1900 1534 ] [    0    0    0 ] [      0      0      0 ] [ 0 ],drive [ 20 ] [ 0 ] [ 1073 1900 1568 ] [   85    6   43 ] [  12045   4432  11254 ] [ 0 ],1.10,1.10,1.10,1.10,223.94,-4.12,0.00,0.00,0.00,0.00,0.00,0.00,0.00,0.00,0.00,0.00,0.00,0.00,-0.00,0.00,0.00,0
0.3633,203,-4,475,0,DRIVE [ 21 ] [ 1 ] [ 1025 1900 1533 ] [    0    0    0 ] [      0      0      0 ] [ 0 ],drive [ 20 ] [ 0 ] [ 1025 1900 1534 ] [   79   13   31 ] [  12045   4432  11254 ] [ 0 ],1.10,1.10,1.10,1.10,223.26,-4.06,0.00,0.00,0.00,0.00,0.00,0.00,0.00,0.00,0.00,0.00,0.00,0.00,-0.00,0.00,0.00,0
0.376128,202,-4,471,0,DRIVE [ 21 ] [ 1 ] [ 1025 1900 1533 ] [    0    0    0 ] [      0      0      0 ] [ 0 ],drive [ 21 ] [ 0 ] [ 1025 1900 1533 ] [   79   13   31 ] [  12045   4432  11254 ] [ 0 ],1.10,1.10,1.10,1.10,221.92,-3.91,0.00,0.00,0.00,0.00,0.00,0.00,0.00,0.00,0.00,0.00,0.00,0.00,-0.00,0.00,0.00,0
0.389093,203,-3,473,0,DRIVE [ 22 ] [ 1 ] [ 1025 1900 1532 ] [    0    0    0 ] [      0      0      0 ] [ 0 ],drive [ 21 ] [ 0 ] [ 1025 1900 1533 ] [   79   13   31 ] [  12045   4432  11254 ] [ 0 ],1.10,1.10,1.10,1.10,223.69,-3.84,0.00,0.00,0.00,0.00,0.00,0.00,0.00,0.00,0.00,0.00,0.00,0.00,-0.00,0.00,0.00,0
0.402803,205,-3,475,0,DRIVE [ 22 ] [ 1 ] [ 1025 1900 1532 ] [    0    0    0 ] [      0      0      0 ] [ 0 ],drive [ 22 ] [ 0 ] [ 1025 1900 1532 ] [   79   13   31 ] [  12045   4432  11242 ] [ 0 ],1.10,1.10,1.10,1.10,225.28,-3.73,0.00,0.00,0.00,0.00,0.00,0.00,0.00,0.00,0.00,0.00,0.00,0.00,-0.00,0.00,0.00,0
0.415974,203,-3,470,0,DRIVE [ 23 ] [ 1 ] [ 1025 1900 1531 ] [    0    0    0 ] [      0      0      0 ] [ 0 ],drive [ 22 ] [ 0 ] [ 1025 1900 1532 ] [   84   13   33 ] [  12045   4432  11242 ] [ 0 ],1.10,1.10,1.10,1.10,223.40,-3.70,0.00,0.00,0.00,0.00,0.00,0.00,0.00,0.00,0.00,0.00,0.00,0.00,-0.00,0.00,0.00,0
0.429678,204,-3,470,0,DRIVE [ 23 ] [ 1 ] [ 1025 1900 1530 ] [    0    0    0 ] [      0      0      0 ] [ 0 ],drive [ 23 ] [ 0 ] [ 1025 1900 1531 ] [   84   13   33 ] [  12045   4432  11242 ] [ 0 ],1.10,1.10,1.10,1.10,224.13,-3.62,0.00,0.00,0.00,0.00,0.00,0.00,0.00,0.00,0.00,0.00,0.00,0.00,-0.00,0.00,0.00,0
0.442941,209,-3,481,0,DRIVE [ 24 ] [ 1 ] [ 1025 1900 1531 ] [    0    0    0 ] [      0      0      0 ] [ 0 ],drive [ 23 ] [ 0 ] [ 1025 1900 1530 ] [   84   13   33 ] [  12045   4432  11242 ] [ 0 ],1.10,1.10,1.10,1.10,229.75,-3.47,0.00,0.00,0.00,0.00,0.00,0.00,0.00,0.00,0.00,0.00,0.00,0.00,0.00,0.00,0.00,0
0.455978,207,-3,478,0,DRIVE [ 24 ] [ 1 ] [ 1025 1900 1531 ] [    0    0    0 ] [      0      0      0 ] [ 0 ],drive [ 24 ] [ 0 ] [ 1025 1900 1531 ] [   84   13   33 ] [  12045   4432  11242 ] [ 0 ],1.10,1.10,1.10,1.10,228.22,-3.08,0.00,0.00,0.00,0.00,0.00,0.00,0.00,0.00,0.00,0.00,0.00,0.00,0.00,0.00,0.00,0
0.469573,207,-2,475,0,DRIVE [ 25 ] [ 1 ] [ 1025 1900 1532 ] [    0    0    0 ] [      0      0      0 ] [ 0 ],drive [ 24 ] [ 0 ] [ 1025 1900 1531 ] [   84   13   33 ] [  12045   4432  11242 ] [ 0 ],1.10,1.10,1.10,1.10,227.38,-2.58,0.00,0.00,0.00,0.00,0.00,0.00,0.00,0.00,0.00,0.00,0.00,0.00,0.00,0.00,0.00,0
0.483034,205,-2,473,0,DRIVE [ 25 ] [ 1 ] [ 1025 1900 1535 ] [    0    0    0 ] [      0      0      0 ] [ 0 ],drive [ 25 ] [ 0 ] [ 1025 1900 1532 ] [   84   13   33 ] [  12045   4432  11242 ] [ 0 ],1.10,1.10,1.10,1.10,226.00,-1.66,0.00,0.00,0.00,0.00,0.00,0.00,0.00,0.00,0.00,0.00,0.00,0.00,-0.00,0.00,0.00,0
0.496141,205,-1,471,0,DRIVE [ 26 ] [ 1 ] [ 1025 1900 1538 ] [    0    0    0 ] [      0      0      0 ] [ 0 ],drive [ 25 ] [ 0 ] [ 1025 1900 1535 ] [   84   13   33 ] [  12044   4432  11236 ] [ 0 ],1.10,1.10,1.10,1.10,225.00,-0.75,0.00,0.00,0.00,0.00,0.00,0.00,0.00,0.00,0.00,0.00,0.00,0.00,-0.00,0.00,0.00,0
0.509612,204,0,472,0,DRIVE [ 26 ] [ 1 ] [ 1025 1900 1541 ] [    0    0    0 ] [      0      0      0 ] [ 0 ],drive [ 26 ] [ 0 ] [ 1025 1900 1538 ] [   84   14   36 ] [  12044   4432  11236 ] [ 0 ],1.10,1.10,1.10,1.10,224.70,0.20,0.00,0.00,0.00,0.00,0.00,0.00,0.00,0.00,0.00,0.00,0.00,0.00,-0.00,-0.00,0.00,0
0.522497,203,1,472,0,DRIVE [ 27 ] [ 1 ] [ 1025 1900 1544 ] [    0    0    0 ] [      0      0      0 ] [ 0 ],drive [ 26 ] [ 0 ] [ 1025 1900 1541 ] [   84   14   36 ] [  12044   4432  11236 ] [ 0 ],1.10,1.10,1.10,1.10,223.71,1.00,0.00,0.00,0.00,0.00,0.00,0.00,0.00,0.00,0.00,0.00,0.00,0.00,-0.00,-0.00,0.00,0
0.535711,202,2,470,0,DRIVE [ 27 ] [ 1 ] [ 1025 1900 1547 ] [    0    0    0 ] [      0      0      0 ] [ 0 ],drive [ 27 ] [ 0 ] [ 1025 1900 1544 ] [   84   14   36 ] [  12044   4432  11236 ] [ 0 ],1.10,1.10,1.10,1.10,221.85,1.69,0.00,0.00,0.00,0.00,0.00,0.00,0.00,0.00,0.00,0.00,0.00,0.00,-0.00,-0.00,0.00,0
0.548985,199,2,467,0,DRIVE [ 28 ] [ 1 ] [ 1025 1900 1553 ] [    0    0    0 ] [      0      0      0 ] [ 0 ],drive [ 27 ] [ 0 ] [ 1025 1900 1547 ] [   84   14   36 ] [  12044   4432  11231 ] [ 0 ],1.10,1.10,1.10,1.10,219.03,2.68,0.00,0.00,0.00,0.00,0.00,0.00,0.00,0.00,0.00,0.00,0.00,0.00,-0.00,-0.00,0.00,0
0.561918,196,3,465,0,DRIVE [ 28 ] [ 1 ] [ 1025 1900 1558 ] [    0    0    0 ] [      0      0      0 ] [ 0 ],drive [ 28 ] [ 0 ] [ 1025 1900 1553 ] [   85   13   35 ] [  12044   4432  11231 ] [ 0 ],1.10,1.10,1.10,1.10,215.85,3.64,0.00,0.00,0.00,0.00,0.00,0.00,0.00,0.00,0.00,0.00,0.00,0.00,-0.00,-0.00,0.00,0
0.575278,194,4,464,0,DRIVE [ 29 ] [ 1 ] [ 1025 1900 1564 ] [    0    0    0 ] [      0      0      0 ] [ 0 ],drive [ 28 ] [ 0 ] [ 1025 1900 1558 ] [   85   13   35 ] [  12044   4432  11231 ] [ 0 ],1.10,1.10,1.10,1.10,213.28,4.63,0.00,0.00,0.00,0.00,0.00,0.00,0.00,0.00,0.00,0.00,0.00,0.00,-0.00,-0.00,0.00,0
0.587826,191,5,462,0,DRIVE [ 29 ] [ 1 ] [ 1025 1900 1570 ] [    0    0    0 ] [      0      0      0 ] [ 0 ],drive [ 29 ] [ 0 ] [ 1025 1900 1564 ] [   85   13   35 ] [  12044   4432  11231 ] [ 0 ],1.10,1.10,1.10,1.10,210.12,5.56,0.00,0.00,0.00,0.00,0.00,0.00,0.00,0.00,0.00,0.00,0.00,0.00,-0.00,-0.00,0.00,0
0.600719,190,6,465,0,DRIVE [ 30 ] [ 1 ] [ 1025 1900 1576 ] [    0    0    0 ] [      0      0      0 ] [ 0 ],drive [ 29 ] [ 0 ] [ 1025 1900 1570 ] [   85   13   35 ] [  12047   4432  11227 ] [ 0 ],1.10,1.10,1.10,1.10,208.62,6.47,0.00,0.00,0.00,0.00,0.00,0.00,0.00,0.00,0.00,0.00,0.00,0.00,-0.00,-0.00,0.00,0
0.614063,187,7,465,0,DRIVE [ 30 ] [ 1 ] [ 1025 1900 1582 ] [    0    0    0 ] [      0      0      0 ] [ 0 ],drive [ 30 ] [ 0 ] [ 1025 1900 1576 ] [   85   13   41 ] [  12047   4432  11227 ] [ 0 ],1.10,1.10,1.10,1.10,206.02,7.26,0.00,0.00,0.00,0.00,0.00,0.00,0.00,0.00,0.00,0.00,0.00,0.00,-0.00,-0.00,0.00,0
0.626495,185,7,464,0,DRIVE [ 31 ] [ 1 ] [ 1025 1900 1589 ] [    0    0    0 ] [      0      0      0 ] [ 0 ],drive [ 30 ] [ 0 ] [ 1025 1900 1582 ] [   85   13   41 ] [  12047   4432  11227 ] [ 0 ],1.10,1.10,1.10,1.10,203.03,8.10,0.00,0.00,0.00,0.00,0.00,0.00,0.00,0.00,0.00,0.00,0.00,0.00,-0.00,-0.00,0.00,0
0.639519,181,8,465,0,DRIVE [ 31 ] [ 1 ] [ 1025 1900 1597 ] [    0    0    0 ] [      0      0      0 ] [ 0 ],drive [ 31 ] [ 0 ] [ 1025 1900 1589 ] [   85   13   41 ] [  12047   4432  11227 ] [ 0 ],1.10,1.10,1.10,1.10,199.43,9.11,0.00,0.00,0.00,0.00,0.00,0.00,0.00,0.00,0.00,0.00,0.00,0.00,-0.00,-0.00,0.00,0
0.652344,179,9,468,0,DRIVE [ 32 ] [ 1 ] [ 1035 1900 1606 ] [    0    0    0 ] [      0      0      0 ] [ 0 ],drive [ 31 ] [ 0 ] [ 1025 1900 1597 ] [   85   13   41 ] [  12073   4432  11217 ] [ 0 ],1.10,1.10,1.10,1.10,197.02,10.30,0.00,0.00,0.00,0.00,0.00,0.00,0.00,0.00,0.00,0.00,0.00,0.00,-0.00,-0.00,0.00,0
0.664695,179,9,468,0,DRIVE [ 32 ] [ 1 ] [ 1115 1900 1633 ] [    0    0    0 ] [      0      0      0 ] [ 0 ],drive [ 32 ] [ 0 ] [ 1035 1900 1606 ] [   83   13   42 ] [  12073   4432  11217 ] [ 0 ],1.10,1.10,1.10,1.10,177.32,9.27,0.00,0.00,0.00,0.00,0.00,0.00,0.00,0.00,0.00,0.00,0.00,0.00,-0.00,-0.00,0.00,0
0.67901,179,9,468,0,DRIVE [ 33 ] [ 1 ] [ 1188 1900 1658 ] [    0    0    0 ] [      0      0      0 ] [ 0 ],drive [ 32 ] [ 0 ] [ 1115 1900 1633 ] [   83   13   42 ] [  12073   4432  11217 ] [ 0 ],1.10,1.10,1.10,1.10,159.59,8.35,0.00,0.00,0.00,0.00,0.00,0.00,0.00,0.00,0.00,0.00,0.00,0.00,-0.00,-0.00,0.00,0
0.692499,173,11,464,0,DRIVE [ 33 ] [ 1 ] [ 1050 1900 1619 ] [    0    0    0 ] [      0      0      0 ] [ 0 ],drive [ 33 ] [ 0 ] [ 1188 1900 1658 ] [   83   13   42 ] [  12161   4427  11176 ] [ 0 ],1.10,1.10,1.10,1.10,189.84,12.03,0.00,0.00,0.00,0.00,0.00,0.00,0.00,0.00,0.00,0.00,0.00,0.00,-0.00,-0.00,0.00,0
0.705553,167,12,461,0,DRIVE [ 34 ] [ 1 ] [ 1064 1900 1631 ] [    0    0    0 ] [      0      0      0 ] [ 0 ],drive [ 33 ] [ 0 ] [ 1050 1900 1619 ] [   83   13   42 ] [  12161   4427  11176 ] [ 0 ],1.10,1.10,1.10,1.10,183.62,13.64,0.00,0.00,0.00,0.00,0.00,0.00,0.00,0.00,0.00,0.00,0.00,0.00,-0.00,-0.00,0.00,0
0.718136,163,14,462,0,DRIVE [ 34 ] [ 1 ] [ 1077 1900 1642 ] [    0    0    0 ] [      0      0      0 ] [ 0 ],drive [ 34 ] [ 0 ] [ 1064 1900 1631 ] [   65    9   29 ] [  12161   4427  11176 ] [ 0 ],1.10,1.10,1.10,1.10,179.47,15.26,0.00,0.00,0.00,0.00,0.00,0.00,0.00,0.00,0.00,0.00,0.00,0.00,-0.00,-0.00,0.00,0
0.731018,156,15,455,0,DRIVE [ 35 ] [ 1 ] [ 1091 1900 1655 ] [    0    0    0 ] [      0      0      0 ] [ 0 ],drive [ 34 ] [ 0 ] [ 1077 1900 1642 ] [   65    9   29 ] [  12161   4427  11176 ] [ 0 ],1.10,1.10,1.10,1.10,171.96,16.94,0.00,0.00,0.00,0.00,0.00,0.00,0.00,0.00,0.00,0.00,0.00,0.00,-0.00,-0.00,0.00,0
0.744599,153,17,456,0,DRIVE [ 35 ] [ 1 ] [ 1103 1900 1666 ] [    0    0    0 ] [      0      0      0 ] [ 0 ],drive [ 35 ] [ 0 ] [ 1091 1900 1655 ] [   65    9   29 ] [  12168   4420  11142 ] [ 0 ],1.10,1.10,1.10,1.10,168.22,18.63,0.00,0.00,0.00,0.00,0.00,0.00,0.00,0.00,0.00,0.00,0.00,0.00,-0.00,-0.00,0.00,0
0.7569,147,18,449,0,DRIVE [ 36 ] [ 1 ] [ 1112 1900 1677 ] [    0    0    0 ] [      0      0      0 ] [ 0 ],drive [ 35 ] [ 0 ] [ 1103 1900 1666 ] [   81    5   25 ] [  12168   4420  11142 ] [ 0 ],1.10,1.10,1.10,1.10,162.01,20.06,0.00,0.00,0.00,0.00,0.00,0.00,0.00,0.00,0.00,0.00,0.00,0.00,-0.00,-0.00,0.00,0
0.769914,143,20,446,0,DRIVE [ 36 ] [ 1 ] [ 1119 1900 1686 ] [    0    0    0 ] [      0      0      0 ] [ 0 ],drive [ 36 ] [ 0 ] [ 1112 1900 1677 ] [   81    5   25 ] [  12168   4420  11142 ] [ 0 ],1.10,1.10,1.10,1.10,157.58,21.58,0.00,0.00,0.00,0.00,0.00,0.00,0.00,0.00,0.00,0.00,0.00,0.00,-0.00,-0.00,0.00,0
0.782791,140,21,443,0,DRIVE [ 37 ] [ 1 ] [ 1125 1900 1695 ] [    0    0    0 ] [      0      0      0 ] [ 0 ],drive [ 36 ] [ 0 ] [ 1119 1900 1686 ] [   81    5   25 ] [  12168   4420  11142 ] [ 0 ],1.10,1.10,1.10,1.10,153.89,23.03,0.00,0.00,0.00,0.00,0.00,0.00,0.00,0.00,0.00,0.00,0.00,0.00,-0.00,-0.00,0.00,0
0.795717,137,23,443,0,DRIVE [ 37 ] [ 1 ] [ 1130 1900 1706 ] [    0    0    0 ] [      0      0      0 ] [ 0 ],drive [ 37 ] [ 0 ] [ 1125 1900 1695 ] [   81    5   25 ] [  12166   4418  11090 ] [ 0 ],1.10,1.10,1.10,1.10,150.85,25.11,0.00,0.00,0.00,0.00,0.00,0.00,0.00,0.00,0.00,0.00,0.00,0.00,-0.00,-0.00,0.00,0
0.808929,133,24,439,0,DRIVE [ 38 ] [ 1 ] [ 1134 1900 1716 ] [    0    0    0 ] [      0      0      0 ] [ 0 ],drive [ 37 ] [ 0 ] [ 1130 1900 1706 ] [   78    6   47 ] [  12166   4418  11090 ] [ 0 ],1.10,1.10,1.10,1.10,146.63,26.70,0.00,0.00,0.00,0.00,0.00,0.00,0.00,0.00,0.00,0.00,0.00,0.00,-0.00,-0.00,0.00,0
0.821194,130,25,433,0,DRIVE [ 38 ] [ 1 ] [ 1139 1900 1724 ] [    0    0    0 ] [      0      0      0 ] [ 0 ],drive [ 38 ] [ 0 ] [ 1134 1900 1716 ] [   78    6   47 ] [  12166   4418  11090 ] [ 0 ],1.10,1.10,1.10,1.10,142.47,27.90,0.00,0.00,0.00,0.00,0.00,0.00,0.00,0.00,0.00,0.00,0.00,0.00,-0.00,-0.00,0.00,0
0.833599,127,27,431,0,DRIVE [ 39 ] [ 1 ] [ 1142 1900 1732 ] [    0    0    0 ] [      0      0      0 ] [ 0 ],drive [ 38 ] [ 0 ] [ 1139 1900 1724 ] [   78    6   47 ] [  12166   4418  11090 ] [ 0 ],1.10,1.10,1.10,1.10,139.24,29.35,0.00,0.00,0.00,0.00,0.00,0.00,0.00,0.00,0.00,0.00,0.00,0.00,-0.00,-0.00,0.00,0
0.846459,124,28,427,0,DRIVE [ 39 ] [ 1 ] [ 1146 1900 1740 ] [    0    0    0 ] [      0      0      0 ] [ 0 ],drive [ 39 ] [ 0 ] [ 1142 1900 1732 ] [   78    6   47 ] [  12166   4418  11008 ] [ 0 ],1.10,1.10,1.10,1.10,136.08,30.46,0.00,0.00,0.00,0.00,0.00,0.00,0.00,0.00,0.00,0.00,0.00,0.00,-0.00,-0.00,0.00,0
0.858577,122,29,426,0,DRIVE [ 40 ] [ 1 ] [ 1148 1900 1746 ] [    0    0    0 ] [      0      0      0 ] [ 0 ],drive [ 39 ] [ 0 ] [ 1146 1900 1740 ] [   76    5   43 ] [  12166   4418  11008 ] [ 0 ],1.10,1.10,1.10,1.10,133.88,31.75,0.00,0.00,0.00,0.00,0.00,0.00,0.00,0.00,0.00,0.00,0.00,0.00,-0.00,-0.00,0.00,0
0.871267,119,30,423,0,DRIVE [ 40 ] [ 1 ] [ 1150 1900 1752 ] [    0    0    0 ] [      0      0      0 ] [ 0 ],drive [ 40 ] [ 0 ] [ 1148 1900 1746 ] [   76    5   43 ] [  12166   4418  11008 ] [ 0 ],1.10,1.10,1.10,1.10,131.38,32.66,0.00,0.00,0.00,0.00,0.00,0.00,0.00,0.00,0.00,0.00,0.00,0.00,-0.00,-0.00,0.00,0
0.883632,118,31,424,0,DRIVE [ 41 ] [ 1 ] [ 1151 1900 1758 ] [    0    0    0 ] [      0      0      0 ] [ 0 ],drive [ 40 ] [ 0 ] [ 1150 1900 1752 ] [   76    5   43 ] [  12166   4418  11008 ] [ 0 ],1.10,1.10,1.10,1.10,130.21,33.83,0.00,0.00,0.00,0.00,0.00,0.00,0.00,0.00,0.00,0.00,0.00,0.00,-0.00,-0.00,0.00,0
0.895816,117,31,423,0,DRIVE [ 41 ] [ 1 ] [ 1153 1900 1762 ] [    0    0    0 ] [      0      0      0 ] [ 0 ],drive [ 41 ] [ 0 ] [ 1151 1900 1758 ] [   76    5   43 ] [  12166   4418  10908 ] [ 0 ],1.10,1.10,1.10,1.10,128.96,34.55,0.00,0.00,0.00,0.00,0.00,0.00,0.00,0.00,0.00,0.00,0.00,0.00,-0.00,-0.00,0.00,0
0.908484,116,32,421,0,DRIVE [ 42 ] [ 1 ] [ 1154 1900 1766 ] [    0    0    0 ] [      0      0      0 ] [ 0 ],drive [ 41 ] [ 0 ] [ 1153 1900 1762 ] [   74    6   14 ] [  12166   4418  10908 ] [ 0 ],1.10,1.10,1.10,1.10,127.25,35.05,0.00,0.00,0.00,0.00,0.00,0.00,0.00,0.00,0.00,0.00,0.00,0.00,-0.00,-0.00,0.00,0
0.920727,114,33,419,0,DRIVE [ 42 ] [ 1 ] [ 1153 1900 1772 ] [    0    0    0 ] [      0      0      0 ] [ 0 ],drive [ 42 ] [ 0 ] [ 1154 1900 1766 ] [   74    6   14 ] [  12166   4418  10908 ] [ 0 ],1.10,1.10,1.10,1.10,125.31,36.41,0.00,0.00,0.00,0.00,0.00,0.00,0.00,0.00,0.00,0.00,0.00,0.00,-0.00,-0.00,0.00,0
0.933178,112,34,414,0,DRIVE [ 43 ] [ 1 ] [ 1150 1900 1778 ] [    0    0    0 ] [      0      0      0 ] [ 0 ],drive [ 42 ] [ 0 ] [ 1153 1900 1772 ] [   74    6   14 ] [  12166   4418  10908 ] [ 0 ],1.10,1.10,1.10,1.10,122.96,37.60,0.00,0.00,0.00,0.00,0.00,0.00,0.00,0.00,0.00,0.00,0.00,0.00,-0.00,-0.00,0.00,0
0.94619,110,35,410,0,DRIVE [ 43 ] [ 1 ] [ 1146 1900 1784 ] [    0    0    0 ] [      0      0      0 ] [ 0 ],drive [ 43 ] [ 0 ] [ 1150 1900 1778 ] [   74    6   14 ] [  12164   4412  10902 ] [ 0 ],1.10,1.10,1.10,1.10,120.88,38.79,0.00,0.00,0.00,0.00,0.00,0.00,0.00,0.00,0.00,0.00,0.00,0.00,-0.00,-0.00,0.00,0
0.95842,108,36,406,0,DRIVE [ 44 ] [ 1 ] [ 1143 1900 1790 ] [    0    0    0 ] [      0      0      0 ] [ 0 ],drive [ 43 ] [ 0 ] [ 1146 1900 1784 ] [   73   14   13 ] [  12164   4412  10902 ] [ 0 ],1.10,1.10,1.10,1.10,118.73,39.97,0.00,0.00,0.00,0.00,0.00,0.00,0.00,0.00,0.00,0.00,0.00,0.00,-0.00,-0.00,0.00,0
0.97128,106,38,403,0,DRIVE [ 44 ] [ 1 ] [ 1139 1900 1796 ] [    0    0    0 ] [      0      0      0 ] [ 0 ],drive [ 44 ] [ 0 ] [ 1143 1900 1790 ] [   73   14   13 ] [  12164   4412  10902 ] [ 0 ],1.10,1.10,1.10,1.10,117.03,41.30,0.00,0.00,0.00,0.00,0.00,0.00,0.00,0.00,0.00,0.00,0.00,0.00,-0.00,-0.00,0.00,0
0.983623,105,39,401,0,DRIVE [ 45 ] [ 1 ] [ 1135 1900 1803 ] [    0    0    0 ] [      0      0      0 ] [ 0 ],drive [ 44 ] [ 0 ] [ 1139 1900 1796 ] [   73   14   13 ] [  12164   4412  10902 ] [ 0 ],1.10,1.10,1.10,1.10,115.40,42.68,0.00,0.00,0.00,0.00,0.00,0.00,0.00,0.00,0.00,0.00,0.00,0.00,-0.00,-0.00,0.00,0
0.995944,104,40,400,0,DRIVE [ 45 ] [ 1 ] [ 1129 1900 1809 ] [    0    0    0 ] [      0      0      0 ] [ 0 ],drive [ 45 ] [ 0 ] [ 1135 1900 1803 ] [   73   14   13 ] [  12163   4349  10886 ] [ 0 ],1.10,1.10,1.10,1.10,114.18,44.29,0.00,0.00,0.00,0.00,0.00,0.00,0.00,0.00,0.00,0.00,0.00,0.00,-0.00,-0.00,0.00,0
1.00875,103,42,399,0,DRIVE [ 46 ] [ 1 ] [ 1125 1900 1816 ] [    0    0    0 ] [      0      0      0 ] [ 0 ],drive [ 45 ] [ 0 ] [ 1129 1900 1809 ] [   75   27   31 ] [  12163   4349  10886 ] [ 0 ],1.10,1.10,1.10,1.10,112.98,45.93,0.00,0.00,0.00,0.00,0.00,0.00,0.00,0.00,0.00,0.00,0.00,0.00,-0.00,-0.00,0.00,0
1.02104,100,43,396,0,DRIVE [ 46 ] [ 1 ] [ 1121 1900 1824 ] [    0    0    0 ] [      0      0      0 ] [ 0 ],drive [ 46 ] [ 0 ] [ 1125 1900 1816 ] [   75   27   31 ] [  12163   4349  10886 ] [ 0 ],1.10,1.10,1.10,1.10,110.41,47.45,0.00,0.00,0.00,0.00,0.00,0.00,0.00,0.00,0.00,0.00,0.00,0.00,-0.00,-0.00,0.00,0
1.03333,98,44,392,0,DRIVE [ 47 ] [ 1 ] [ 1119 1900 1831 ] [    0    0    0 ] [      0      0      0 ] [ 0 ],drive [ 46 ] [ 0 ] [ 1121 1900 1824 ] [   75   27   31 ] [  12163   4349  10886 ] [ 0 ],1.10,1.10,1.10,1.10,107.79,48.61,0.00,0.00,0.00,0.00,0.00,0.00,0.00,0.00,0.00,0.00,0.00,0.00,-0.00,-0.00,0.00,0
1.04611,96,45,389,0,DRIVE [ 47 ] [ 1 ] [ 1119 1900 1838 ] [    0    0    0 ] [      0      0      0 ] [ 0 ],drive [ 47 ] [ 0 ] [ 1119 1900 1831 ] [   75   27   31 ] [  12166   4349  10767 ] [ 0 ],1.10,1.10,1.10,1.10,105.64,49.48,0.00,0.00,0.00,0.00,0.00,0.00,0.00,0.00,0.00,0.00,0.00,0.00,-0.00,-0.00,0.00,0
1.0583,94,46,388,0,DRIVE [ 48 ] [ 1 ] [ 1121 1900 1843 ] [    0    0    0 ] [      0      0      0 ] [ 0 ],drive [ 47 ] [ 0 ] [ 1119 1900 1838 ] [   79   28   16 ] [  12166   4349  10767 ] [ 0 ],1.10,1.10,1.10,1.10,103.74,50.25,0.00,0.00,0.00,0.00,0.00,0.00,0.00,0.00,0.00,0.00,0.00,0.00,-0.00,-0.00,0.00,0
1.073,92,46,386,0,DRIVE [ 48 ] [ 1 ] [ 1125 1900 1848 ] [    0    0    0 ] [      0      0      0 ] [ 0 ],drive [ 48 ] [ 0 ] [ 1121 1900 1843 ] [   79   28   16 ] [  12166   4349  10767 ] [ 0 ],1.10,1.10,1.10,1.10,101.34,50.58,0.00,0.00,0.00,0.00,0.00,0.00,0.00,0.00,0.00,0.00,0.00,0.00,-0.00,-0.00,0.00,0
1.08675,90,46,383,0,DRIVE [ 49 ] [ 1 ] [ 1129 1900 1854 ] [    0    0    0 ] [      0      0      0 ] [ 0 ],drive [ 48 ] [ 0 ] [ 1125 1900 1848 ] [   79   28   16 ] [  12166   4349  10767 ] [ 0 ],1.10,1.10,1.10,1.10,98.65,50.80,0.00,0.00,0.00,0.00,0.00,0.00,0.00,0.00,0.00,0.00,0.00,0.00,-0.00,-0.00,0.00,0
1.09899,88,47,381,0,DRIVE [ 49 ] [ 1 ] [ 1133 1900 1860 ] [    0    0    0 ] [      0      0      0 ] [ 0 ],drive [ 49 ] [ 0 ] [ 1129 1900 1854 ] [   79   28   16 ] [  12167   4347  10763 ] [ 0 ],1.10,1.10,1.10,1.10,96.37,51.26,0.00,0.00,0.00,0.00,0.00,0.00,0.00,0.00,0.00,0.00,0.00,0.00,-0.00,-0.00,0.00,0
1.11399,85,47,379,0,DRIVE [ 50 ] [ 1 ] [ 1138 1900 1865 ] [    0    0    0 ] [      0      0      0 ] [ 0 ],drive [ 49 ] [ 0 ] [ 1133 1900 1860 ] [   78   25   20 ] [  12167   4347  10763 ] [ 0 ],1.10,1.10,1.10,1.10,93.87,51.70,0.00,0.00,0.00,0.00,0.00,0.00,0.00,0.00,0.00,0.00,0.00,0.00,-0.00,-0.00,0.00,0
1.12604,83,47,376,0,DRIVE [ 50 ] [ 1 ] [ 1143 1900 1872 ] [    0    0    0 ] [      0      0      0 ] [ 0 ],drive [ 50 ] [ 0 ] [ 1138 1900 1865 ] [   78   25   20 ] [  12167   4347  10763 ] [ 0 ],1.10,1.10,1.10,1.10,90.92,52.02,0.00,0.00,0.00,0.00,0.00,0.00,0.00,0.00,0.00,0.00,0.00,0.00,-0.00,-0.00,0.00,0
1.14074,79,48,374,0,DRIVE [ 51 ] [ 1 ] [ 1151 1900 1881 ] [    0    0    0 ] [      0      0      0 ] [ 0 ],drive [ 50 ] [ 0 ] [ 1143 1900 1872 ] [   78   25   20 ] [  12167   4347  10763 ] [ 0 ],1.10,1.10,1.10,1.10,87.13,52.51,0.00,0.00,0.00,0.00,0.00,0.00,0.00,0.00,0.00,0.00,0.00,0.00,-0.00,-0.00,0.00,0
1.15462,76,48,371,0,DRIVE [ 51 ] [ 1 ] [ 1160 1900 1889 ] [    0    0    0 ] [      0      0      0 ] [ 0 ],drive [ 51 ] [ 0 ] [ 1151 1900 1881 ] [   78   25   20 ] [  12168   4305  10687 ] [ 0 ],1.10,1.10,1.10,1.10,83.30,52.72,0.00,0.00,0.00,0.00,0.00,0.00,0.00,0.00,0.00,0.00,0.00,0.00,-0.00,-0.00,0.00,0
1.1662,72,48,368,0,DRIVE [ 52 ] [ 1 ] [ 1172 1900 1896 ] [    0    0    0 ] [      0      0      0 ] [ 0 ],drive [ 51 ] [ 0 ] [ 1160 1900 1889 ] [   77    2   17 ] [  12168   4305  10687 ] [ 0 ],1.10,1.10,1.10,1.10,79.58,52.54,0.00,0.00,0.00,0.00,0.00,0.00,0.00,0.00,0.00,0.00,0.00,0.00,-0.00,-0.00,0.00,0
1.17866,69,48,367,0,DRIVE [ 52 ] [ 1 ] [ 1184 1900 1902 ] [    0    0    0 ] [      0      0      0 ] [ 0 ],drive [ 52 ] [ 0 ] [ 1172 1900 1896 ] [   77    2   17 ] [  12168   4305  10687 ] [ 0 ],1.10,1.10,1.10,1.10,76.33,52.42,0.00,0.00,0.00,0.00,0.00,0.00,0.00,0.00,0.00,0.00,0.00,0.00,-0.00,-0.00,0.00,0
1.19061,67,47,367,0,DRIVE [ 53 ] [ 1 ] [ 1203 1902 1902 ] [    0    0    0 ] [      0      0      0 ] [ 0 ],drive [ 52 ] [ 0 ] [ 1184 1900 1902 ] [   77    2   17 ] [  12168   4302  10579 ] [ 0 ],1.10,1.10,1.10,1.10,73.35,52.19,0.00,0.00,0.00,0.00,0.00,0.00,0.00,0.00,0.00,0.00,0.00,0.00,-0.00,-0.00,0.00,0
1.20318,63,47,365,0,DRIVE [ 53 ] [ 1 ] [ 1233 1896 1902 ] [    0    0    0 ] [      0      0      0 ] [ 0 ],drive [ 53 ] [ 0 ] [ 1203 1902 1902 ] [   77    2   17 ] [  12168   4302  10579 ] [ 0 ],1.10,1.10,1.10,1.10,69.43,51.38,0.00,0.00,0.00,0.00,0.00,0.00,0.00,0.00,0.00,0.00,0.00,0.00,-0.00,-0.00,0.00,0
1.21539,60,46,363,0,DRIVE [ 54 ] [ 1 ] [ 1262 1890 1902 ] [    0    0    0 ] [      0      0      0 ] [ 0 ],drive [ 53 ] [ 0 ] [ 1233 1896 1902 ] [   73    3    2 ] [  12168   4302  10579 ] [ 0 ],1.10,1.10,1.10,1.10,65.74,50.62,0.00,0.00,0.00,0.00,0.00,0.00,0.00,0.00,0.00,0.00,0.00,0.00,-0.00,-0.00,0.00,0
1.22722,57,45,360,0,DRIVE [ 54 ] [ 1 ] [ 1288 1883 1902 ] [    0    0    0 ] [      0      0      0 ] [ 0 ],drive [ 54 ] [ 0 ] [ 1262 1890 1902 ] [   73    3    2 ] [  12168   4302  10579 ] [ 0 ],1.10,1.10,1.10,1.10,62.18,49.93,0.00,0.00,0.00,0.00,0.00,0.00,0.00,0.00,0.00,0.00,0.00,0.00,-0.00,-0.00,0.00,0
1.23931,53,45,358,0,DRIVE [ 55 ] [ 1 ] [ 1316 1876 1902 ] [    0    0    0 ] [      0      0      0 ] [ 0 ],drive [ 54 ] [ 0 ] [ 1288 1883 1902 ] [   73    3    2 ] [  12168   4302  10579 ] [ 0 ],1.10,1.10,1.10,1.10,58.52,49.42,0.00,0.00,0.00,0.00,0.00,0.00,0.00,0.00,0.00,0.00,0.00,0.00,-0.00,-0.00,0.00,0
1.25117,50,45,356,0,DRIVE [ 55 ] [ 1 ] [ 1343 1868 1902 ] [    0    0    0 ] [      0      0      0 ] [ 0 ],drive [ 55 ] [ 0 ] [ 1316 1876 1902 ] [   73    3    2 ] [  12163   4302  10529 ] [ 0 ],1.10,1.10,1.10,1.10,54.97,49.16,0.00,0.00,0.00,0.00,0.00,0.00,0.00,0.00,0.00,0.00,0.00,0.00,-0.00,-0.00,0.00,0
1.26369,47,45,354,0,DRIVE [ 56 ] [ 1 ] [ 1369 1860 1902 ] [    0    0    0 ] [      0      0      0 ] [ 0 ],drive [ 55 ] [ 0 ] [ 1343 1868 1902 ] [   58    4   27 ] [  12163   4302  10529 ] [ 0 ],1.10,1.10,1.10,1.10,51.43,49.05,0.00,0.00,0.00,0.00,0.00,0.00,0.00,0.00,0.00,0.00,0.00,0.00,-0.00,-0.00,0.00,0
1.27578,43,44,350,0,DRIVE [ 56 ] [ 1 ] [ 1395 1850 1902 ] [    0    0    0 ] [      0      0      0 ] [ 0 ],drive [ 56 ] [ 0 ] [ 1369 1860 1902 ] [   58    4   27 ] [  12163   4302  10529 ] [ 0 ],1.10,1.10,1.10,1.10,47.69,48.79,0.00,0.00,0.00,0.00,0.00,0.00,0.00,0.00,0.00,0.00,0.00,0.00,-0.00,-0.00,0.00,0
1.28721,40,44,348,0,DRIVE [ 57 ] [ 1 ] [ 1421 1841 1902 ] [    0    0    0 ] [      0      0      0 ] [ 0 ],drive [ 56 ] [ 0 ] [ 1395 1850 1902 ] [   58    4   27 ] [  12163   4302  10529 ] [ 0 ],1.10,1.10,1.10,1.10,44.17,48.77,0.00,0.00,0.00,0.00,0.00,0.00,0.00,0.00,0.00,0.00,0.00,0.00,-0.00,-0.00,0.00,0
1.29863,36,44,346,0,DRIVE [ 57 ] [ 1 ] [ 1453 1829 1902 ] [    0    0    0 ] [      0      0      0 ] [ 0 ],drive [ 57 ] [ 0 ] [ 1421 1841 1902 ] [   58    4   27 ] [  12154   4302  10489 ] [ 0 ],1.10,1.10,1.10,1.10,39.74,48.75,0.00,0.00,0.00,0.00,0.00,0.00,0.00,0.00,0.00,0.00,0.00,0.00,-0.00,-0.00,0.00,0
1.31058,32,44,344,0,DRIVE [ 58 ] [ 1 ] [ 1482 1818 1902 ] [    0    0    0 ] [      0      0      0 ] [ 0 ],drive [ 57 ] [ 0 ] [ 1453 1829 1902 ] [   44    8   21 ] [  12154   4302  10489 ] [ 0 ],1.10,1.10,1.10,1.10,35.70,48.89,0.00,0.00,0.00,0.00,0.00,0.00,0.00,0.00,0.00,0.00,0.00,0.00,-0.00,-0.00,0.00,0
1.32201,29,45,342,0,DRIVE [ 58 ] [ 1 ] [ 1507 1805 1902 ] [    0    0    0 ] [      0      0      0 ] [ 0 ],drive [ 58 ] [ 0 ] [ 1482 1818 1902 ] [   44    8   21 ] [  12154   4302  10489 ] [ 0 ],1.10,1.10,1.10,1.10,31.87,49.19,0.00,0.00,0.00,0.00,0.00,0.00,0.00,0.00,0.00,0.00,0.00,0.00,-0.00,-0.00,0.00,0
1.33349,26,45,341,0,DRIVE [ 59 ] [ 1 ] [ 1531 1792 1902 ] [    0    0    0 ] [      0      0      0 ] [ 0 ],drive [ 58 ] [ 0 ] [ 1507 1805 1902 ] [   44    8   21 ] [  12154   4302  10489 ] [ 0 ],1.10,1.10,1.10,1.10,28.12,49.86,0.00,0.00,0.00,0.00,0.00,0.00,0.00,0.00,0.00,0.00,0.00,0.00,-0.00,-0.00,0.00,0
1.34557,22,46,339,0,DRIVE [ 59 ] [ 1 ] [ 1553 1778 1902 ] [    0    0    0 ] [      0      0      0 ] [ 0 ],drive [ 59 ] [ 0 ] [ 1531 1792 1902 ] [   44    8   21 ] [  12118   4303  10481 ] [ 0 ],1.10,1.10,1.10,1.10,24.36,50.25,0.00,0.00,0.00,0.00,0.00,0.00,0.00,0.00,0.00,0.00,0.00,0.00,-0.00,-0.00,0.00,0
1.35693,19,46,335,0,DRIVE [ 60 ] [ 1 ] [ 1573 1764 1902 ] [    0    0    0 ] [      0      0      0 ] [ 0 ],drive [ 59 ] [ 0 ] [ 1553 1778 1902 ] [   59   12   20 ] [  12118   4303  10481 ] [ 0 ],1.10,1.10,1.10,1.10,20.60,50.65,0.00,0.00,0.00,0.00,0.00,0.00,0.00,0.00,0.00,0.00,0.00,0.00,-0.00,-0.00,0.00,0
1.3688,15,47,332,0,DRIVE [ 60 ] [ 1 ] [ 1590 1747 1902 ] [    0    0    0 ] [      0      0      0 ] [ 0 ],drive [ 60 ] [ 0 ] [ 1573 1764 1902 ] [   59   12   20 ] [  12118   4303  10481 ] [ 0 ],1.10,1.10,1.10,1.10,16.90,51.33,0.00,0.00,0.00,0.00,0.00,0.00,0.00,0.00,0.00,0.00,0.00,0.00,-0.00,-0.00,0.00,0
1.38036,12,47,329,0,DRIVE [ 61 ] [ 1 ] [ 1606 1729 1902 ] [    0    0    0 ] [      0      0      0 ] [ 0 ],drive [ 60 ] [ 0 ] [ 1590 1747 1902 ] [   59   12   20 ] [  12118   4303  10481 ] [ 0 ],1.10,1.10,1.10,1.10,13.20,52.08,0.00,0.00,0.00,0.00,0.00,0.00,0.00,0.00,0.00,0.00,0.00,0.00,-0.00,-0.00,0.00,0
1.39212,9,48,326,0,DRIVE [ 61 ] [ 1 ] [ 1621 1710 1902 ] [    0    0    0 ] [      0      0      0 ] [ 0 ],drive [ 61 ] [ 0 ] [ 1606 1729 1902 ] [   59   12   20 ] [  11977   4319  10467 ] [ 0 ],1.10,1.10,1.10,1.10,9.60,53.01,0.00,0.00,0.00,0.00,0.00,0.00,0.00,0.00,0.00,0.00,0.00,0.00,-0.00,-0.00,0.00,0
1.40399,5,49,324,0,DRIVE [ 62 ] [ 1 ] [ 1633 1690 1902 ] [    0    0    0 ] [      0      0      0 ] [ 0 ],drive [ 61 ] [ 0 ] [ 1621 1710 1902 ] [   59   12   20 ] [  11977   4319  10467 ] [ 0 ],1.10,1.10,1.10,1.10,6.05,54.01,0.00,0.00,0.00,0.00,0.00,0.00,0.00,0.00,0.00,0.00,0.00,0.00,0.00,0.00,0.00,0
1.41549,2,50,320,0,DRIVE [ 62 ] [ 1 ] [ 1645 1669 1902 ] [    0    0    0 ] [      0      0      0 ] [ 0 ],drive [ 62 ] [ 0 ] [ 1633 1690 1902 ] [   28   45    3 ] [  11977   4319  10467 ] [ 0 ],1.10,1.10,1.10,1.10,2.56,54.74,0.00,0.00,0.00,0.00,0.00,0.00,0.00,0.00,0.00,0.00,0.00,0.00,0.00,0.00,0.00,0
1.42696,-1,51,318,0,DRIVE [ 63 ] [ 1 ] [ 1656 1647 1902 ] [    0    0    0 ] [      0      0      0 ] [ 0 ],drive [ 62 ] [ 0 ] [ 1645 1669 1902 ] [   28   45    3 ] [  11977   4319  10467 ] [ 0 ],1.10,1.10,1.10,1.10,-0.87,55.56,0.00,0.00,0.00,0.00,0.00,0.00,0.00,0.00,0.00,0.00,0.00,0.00,0.00,0.00,0.00,0
1.43909,-4,51,316,0,DRIVE [ 63 ] [ 1 ] [ 1665 1625 1902 ] [    0    0    0 ] [      0      0      0 ] [ 0 ],drive [ 63 ] [ 0 ] [ 1656 1647 1902 ] [   28   45    3 ] [  11977   4319  10467 ] [ 0 ],1.10,1.10,1.10,1.10,-4.12,56.52,0.00,0.00,0.00,0.00,0.00,0.00,0.00,0.00,0.00,0.00,0.00,0.00,0.00,0.00,0.00,0
1.45062,-6,52,312,0,DRIVE [ 64 ] [ 1 ] [ 1672 1604 1902 ] [    0    0    0 ] [      0      0      0 ] [ 0 ],drive [ 63 ] [ 0 ] [ 1665 1625 1902 ] [   28   45    3 ] [  11765   4542  10429 ] [ 0 ],1.10,1.10,1.10,1.10,-7.06,57.13,0.00,0.00,0.00,0.00,0.00,0.00,0.00,0.00,0.00,0.00,0.00,0.00,0.00,0.00,0.00,0
1.46215,-9,52,310,0,DRIVE [ 64 ] [ 1 ] [ 1679 1584 1902 ] [    0    0    0 ] [      0      0      0 ] [ 0 ],drive [ 64 ] [ 0 ] [ 1672 1604 1902 ] [   26   35   13 ] [  11765   4542  10429 ] [ 0 ],1.10,1.10,1.10,1.10,-9.62,57.72,0.00,0.00,0.00,0.00,0.00,0.00,0.00,0.00,0.00,0.00,0.00,0.00,0.00,0.00,0.00,0
1.47394,-11,53,308,0,DRIVE [ 65 ] [ 1 ] [ 1683 1566 1902 ] [    0    0    0 ] [      0      0      0 ] [ 0 ],drive [ 64 ] [ 0 ] [ 1679 1584 1902 ] [   26   35   13 ] [  11765   4542  10429 ] [ 0 ],1.10,1.10,1.10,1.10,-11.85,58.44,0.00,0.00,0.00,0.00,0.00,0.00,0.00,0.00,0.00,0.00,0.00,0.00,0.00,0.00,0.00,0
1.48571,-13,54,304,0,DRIVE [ 65 ] [ 1 ] [ 1686 1547 1902 ] [    0    0    0 ] [      0      0      0 ] [ 0 ],drive [ 65 ] [ 0 ] [ 1683 1566 1902 ] [   26   35   13 ] [  11765   4542  10429 ] [ 0 ],1.10,1.10,1.10,1.10,-13.91,59.13,0.00,0.00,0.00,0.00,0.00,0.00,0.00,0.00,0.00,0.00,0.00,0.00,0.00,0.00,0.00,0
1.49697,-14,55,302,0,DRIVE [ 66 ] [ 1 ] [ 1689 1528 1902 ] [    0    0    0 ] [      0      0      0 ] [ 0 ],drive [ 65 ] [ 0 ] [ 1686 1547 1902 ] [   26   35   13 ] [  11575   4659  10431 ] [ 0 ],1.10,1.10,1.10,1.10,-15.90,59.95,0.00,0.00,0.00,0.00,0.00,0.00,0.00,0.00,0.00,0.00,0.00,0.00,0.00,0.00,0.00,0
1.50886,-16,55,299,0,DRIVE [ 66 ] [ 1 ] [ 1690 1509 1902 ] [    0    0    0 ] [      0      0      0 ] [ 0 ],drive [ 66 ] [ 0 ] [ 1689 1528 1902 ] [   41   32   13 ] [  11575   4659  10431 ] [ 0 ],1.10,1.10,1.10,1.10,-17.75,60.77,0.00,0.00,0.00,0.00,0.00,0.00,0.00,0.00,0.00,0.00,0.00,0.00,0.00,0.00,0.00,0
1.5203,-18,56,297,0,DRIVE [ 67 ] [ 1 ] [ 1691 1488 1902 ] [    0    0    0 ] [      0      0      0 ] [ 0 ],drive [ 66 ] [ 0 ] [ 1690 1509 1902 ] [   41   32   13 ] [  11575   4659  10431 ] [ 0 ],1.10,1.10,1.10,1.10,-19.67,61.99,0.00,0.00,0.00,0.00,0.00,0.00,0.00,0.00,0.00,0.00,0.00,0.00,0.00,0.00,0.00,0
1.53143,-20,57,296,0,DRIVE [ 67 ] [ 1 ] [ 1691 1468 1902 ] [    0    0    0 ] [      0      0      0 ] [ 0 ],drive [ 67 ] [ 0 ] [ 1691 1488 1902 ] [   41   32   13 ] [  11575   4659  10431 ] [ 0 ],1.10,1.10,1.10,1.10,-21.58,63.15,0.00,0.00,0.00,0.00,0.00,0.00,0.00,0.00,0.00,0.00,0.00,0.00,0.00,0.00,0.00,0
1.54318,-21,58,292,0,DRIVE [ 68 ] [ 1 ] [ 1692 1448 1902 ] [    0    0    0 ] [      0      0      0 ] [ 0 ],drive [ 67 ] [ 0 ] [ 1691 1468 1902 ] [   41   32   13 ] [  11441   4994  10429 ] [ 0 ],1.10,1.10,1.10,1.10,-23.25,64.03,0.00,0.00,0.00,0.00,0.00,0.00,0.00,0.00,0.00,0.00,0.00,0.00,0.00,0.00,0.00,0
1.55422,-22,59,290,0,DRIVE [ 68 ] [ 1 ] [ 1692 1431 1902 ] [    0    0    0 ] [      0      0      0 ] [ 0 ],drive [ 68 ] [ 0 ] [ 1692 1448 1902 ] [   31   45   15 ] [  11441   4994  10429 ] [ 0 ],1.10,1.10,1.10,1.10,-24.60,64.69,0.00,0.00,0.00,0.00,0.00,0.00,0.00,0.00,0.00,0.00,0.00,0.00,0.00,0.00,0.00,0
1.56537,-23,59,286,0,DRIVE [ 69 ] [ 1 ] [ 1691 1417 1902 ] [    0    0    0 ] [      0      0      0 ] [ 0 ],drive [ 68 ] [ 0 ] [ 1692 1431 1902 ] [   31   45   15 ] [  11441   4994  10429 ] [ 0 ],1.10,1.10,1.10,1.10,-25.55,65.13,0.00,0.00,0.00,0.00,0.00,0.00,0.00,0.00,0.00,0.00,0.00,0.00,0.00,0.00,0.00,0
1.57711,-24,60,284,0,DRIVE [ 69 ] [ 1 ] [ 1690 1404 1902 ] [    0    0    0 ] [      0      0      0 ] [ 0 ],drive [ 69 ] [ 0 ] [ 1691 1417 1902 ] [   31   45   15 ] [  11441   4994  10429 ] [ 0 ],1.10,1.10,1.10,1.10,-26.52,65.71,0.00,0.00,0.00,0.00,0.00,0.00,0.00,0.00,0.00,0.00,0.00,0.00,0.00,0.00,0.00,0
1.58835,-25,60,283,0,DRIVE [ 70 ] [ 1 ] [ 1690 1393 1902 ] [    0    0    0 ] [      0      0      0 ] [ 0 ],drive [ 69 ] [ 0 ] [ 1690 1404 1902 ] [   31   45   15 ] [  11441   4994  10429 ] [ 0 ],1.10,1.10,1.10,1.10,-27.37,66.29,0.00,0.00,0.00,0.00,0.00,0.00,0.00,0.00,0.00,0.00,0.00,0.00,0.00,0.00,0.00,0
1.59965,-26,60,280,0,DRIVE [ 70 ] [ 1 ] [ 1690 1381 1902 ] [    0    0    0 ] [      0      0      0 ] [ 0 ],drive [ 70 ] [ 0 ] [ 1690 1393 1902 ] [   31   45   15 ] [  11439   5313  10375 ] [ 0 ],1.10,1.10,1.10,1.10,-28.12,66.31,0.00,0.00,0.00,0.00,0.00,0.00,0.00,0.00,0.00,0.00,0.00,0.00,0.00,0.00,0.00,0
1.61429,-26,60,275,0,DRIVE [ 71 ] [ 1 ] [ 1691 1371 1902 ] [    0    0    0 ] [      0      0      0 ] [ 0 ],drive [ 70 ] [ 0 ] [ 1690 1381 1902 ] [   36   62   11 ] [  11439   5313  10375 ] [ 0 ],1.10,1.10,1.10,1.10,-28.63,65.94,0.00,0.00,0.00,0.00,0.00,0.00,0.00,0.00,0.00,0.00,0.00,0.00,0.00,0.00,0.00,0
1.62677,-27,60,274,0,DRIVE [ 71 ] [ 1 ] [ 1691 1362 1902 ] [    0    0    0 ] [      0      0      0 ] [ 0 ],drive [ 71 ] [ 0 ] [ 1691 1371 1902 ] [   36   62   11 ] [  11439   5313  10375 ] [ 0 ],1.10,1.10,1.10,1.10,-29.35,66.18,0.00,0.00,0.00,0.00,0.00,0.00,0.00,0.00,0.00,0.00,0.00,0.00,0.00,0.00,0.00,0
1.64019,-27,60,271,0,DRIVE [ 72 ] [ 1 ] [ 1692 1355 1902 ] [    0    0    0 ] [      0      0      0 ] [ 0 ],drive [ 71 ] [ 0 ] [ 1691 1362 1902 ] [   36   62   11 ] [  11439   5313  10375 ] [ 0 ],1.10,1.10,1.10,1.10,-29.73,65.80,0.00,0.00,0.00,0.00,0.00,0.00,0.00,0.00,0.00,0.00,0.00,0.00,0.00,0.00,0.00,0
1.65328,-27,60,270,0,DRIVE [ 72 ] [ 1 ] [ 1693 1349 1902 ] [    0    0    0 ] [      0      0      0 ] [ 0 ],drive [ 72 ] [ 0 ] [ 1692 1355 1902 ] [   36   62   11 ] [  11430   5671  10334 ] [ 0 ],1.10,1.10,1.10,1.10,-30.16,65.76,0.00,0.00,0.00,0.00,0.00,0.00,0.00,0.00,0.00,0.00,0.00,0.00,0.00,0.00,0.00,0
1.66464,-28,60,268,0,DRIVE [ 73 ] [ 1 ] [ 1694 1344 1902 ] [    0    0    0 ] [      0      0      0 ] [ 0 ],drive [ 72 ] [ 0 ] [ 1693 1349 1902 ] [   37   70    8 ] [  11430   5671  10334 ] [ 0 ],1.10,1.10,1.10,1.10,-30.42,65.57,0.00,0.00,0.00,0.00,0.00,0.00,0.00,0.00,0.00,0.00,0.00,0.00,0.00,0.00,0.00,0
1.67619,-28,59,266,0,DRIVE [ 73 ] [ 1 ] [ 1694 1339 1902 ] [    0    0    0 ] [      0      0      0 ] [ 0 ],drive [ 73 ] [ 0 ] [ 1694 1344 1902 ] [   37   70    8 ] [  11430   5671  10334 ] [ 0 ],1.10,1.10,1.10,1.10,-30.66,65.44,0.00,0.00,0.00,0.00,0.00,0.00,0.00,0.00,0.00,0.00,0.00,0.00,0.00,0.00,0.00,0
1.68727,-28,59,264,0,DRIVE [ 74 ] [ 1 ] [ 1693 1334 1902 ] [    0    0    0 ] [      0      0      0 ] [ 0 ],drive [ 73 ] [ 0 ] [ 1694 1339 1902 ] [   37   70    8 ] [  11430   5671  10334 ] [ 0 ],1.10,1.10,1.10,1.10,-30.74,65.35,0.00,0.00,0.00,0.00,0.00,0.00,0.00,0.00,0.00,0.00,0.00,0.00,0.00,0.00,0.00,0
1.69833,-28,59,261,0,DRIVE [ 74 ] [ 1 ] [ 1692 1331 1902 ] [    0    0    0 ] [      0      0      0 ] [ 0 ],drive [ 74 ] [ 0 ] [ 1693 1334 1902 ] [   37   70    8 ] [  11403   5887  10301 ] [ 0 ],1.10,1.10,1.10,1.10,-30.58,65.07,0.00,0.00,0.00,0.00,0.00,0.00,0.00,0.00,0.00,0.00,0.00,0.00,0.00,0.00,0.00,0
1.70994,-28,59,259,0,DRIVE [ 75 ] [ 1 ] [ 1690 1329 1902 ] [    0    0    0 ] [      0      0      0 ] [ 0 ],drive [ 74 ] [ 0 ] [ 1692 1331 1902 ] [   27   71   16 ] [  11403   5887  10301 ] [ 0 ],1.10,1.10,1.10,1.10,-30.35,64.89,0.00,0.00,0.00,0.00,0.00,0.00,0.00,0.00,0.00,0.00,0.00,0.00,0.00,0.00,0.00,0
1.7214,-27,59,256,0,DRIVE [ 75 ] [ 1 ] [ 1686 1326 1902 ] [    0    0    0 ] [      0      0      0 ] [ 0 ],drive [ 75 ] [ 0 ] [ 1690 1329 1902 ] [   27   71   16 ] [  11403   5887  10301 ] [ 0 ],1.10,1.10,1.10,1.10,-30.01,64.95,0.00,0.00,0.00,0.00,0.00,0.00,0.00,0.00,0.00,0.00,0.00,0.00,0.00,0.00,0.00,0
1.73249,-27,59,253,0,DRIVE [ 76 ] [ 1 ] [ 1682 1324 1902 ] [    0    0    0 ] [      0      0      0 ] [ 0 ],drive [ 75 ] [ 0 ] [ 1686 1326 1902 ] [   27   71   16 ] [  11403   5887  10301 ] [ 0 ],1.10,1.10,1.10,1.10,-29.43,64.83,0.00,0.00,0.00,0.00,0.00,0.00,0.00,0.00,0.00,0.00,0.00,0.00,0.00,0.00,0.00,0
1.74443,-26,59,250,0,DRIVE [ 76 ] [ 1 ] [ 1676 1323 1902 ] [    0    0    0 ] [      0      0      0 ] [ 0 ],drive [ 76 ] [ 0 ] [ 1682 1324 1902 ] [   27   71   16 ] [  11189   6005  10302 ] [ 0 ],1.10,1.10,1.10,1.10,-28.80,64.94,0.00,0.00,0.00,0.00,0.00,0.00,0.00,0.00,0.00,0.00,0.00,0.00,0.00,0.00,0.00,0
1.75544,-26,60,249,0,DRIVE [ 77 ] [ 1 ] [ 1669 1324 1902 ] [    0    0    0 ] [      0      0      0 ] [ 0 ],drive [ 76 ] [ 0 ] [ 1676 1323 1902 ] [   44   57   14 ] [  11189   6005  10302 ] [ 0 ],1.10,1.10,1.10,1.10,-28.08,65.47,0.00,0.00,0.00,0.00,0.00,0.00,0.00,0.00,0.00,0.00,0.00,0.00,0.00,0.00,0.00,0
1.76792,-25,60,246,0,DRIVE [ 77 ] [ 1 ] [ 1662 1325 1902 ] [    0    0    0 ] [      0      0      0 ] [ 0 ],drive [ 77 ] [ 0 ] [ 1669 1324 1902 ] [   44   57   14 ] [  11189   6005  10302 ] [ 0 ],1.10,1.10,1.10,1.10,-27.05,65.53,0.00,0.00,0.00,0.00,0.00,0.00,0.00,0.00,0.00,0.00,0.00,0.00,0.00,0.00,0.00,0
1.77959,-24,60,244,0,DRIVE [ 78 ] [ 1 ] [ 1653 1326 1902 ] [    0    0    0 ] [      0      0      0 ] [ 0 ],drive [ 77 ] [ 0 ] [ 1662 1325 1902 ] [   44   57   14 ] [  11189   6005  10302 ] [ 0 ],1.10,1.10,1.10,1.10,-26.16,66.08,0.00,0.00,0.00,0.00,0.00,0.00,0.00,0.00,0.00,0.00,0.00,0.00,0.00,0.00,0.00,0
1.79067,-23,60,241,0,DRIVE [ 78 ] [ 1 ] [ 1644 1328 1902 ] [    0    0    0 ] [      0      0      0 ] [ 0 ],drive [ 78 ] [ 0 ] [ 1653 1326 1902 ] [   44   57   14 ] [  11112   6006  10301 ] [ 0 ],1.10,1.10,1.10,1.10,-25.12,66.37,0.00,0.00,0.00,0.00,0.00,0.00,0.00,0.00,0.00,0.00,0.00,0.00,0.00,0.00,0.00,0
1.80476,-22,61,240,0,DRIVE [ 79 ] [ 1 ] [ 1635 1329 1902 ] [    0    0    0 ] [      0      0      0 ] [ 0 ],drive [ 78 ] [ 0 ] [ 1644 1328 1902 ] [   44   57   14 ] [  11112   6006  10301 ] [ 0 ],1.10,1.10,1.10,1.10,-24.22,66.86,0.00,0.00,0.00,0.00,0.00,0.00,0.00,0.00,0.00,0.00,0.00,0.00,0.00,0.00,0.00,0
1.81793,-21,61,238,0,DRIVE [ 79 ] [ 1 ] [ 1627 1330 1902 ] [    0    0    0 ] [      0      0      0 ] [ 0 ],drive [ 79 ] [ 0 ] [ 1635 1329 1902 ] [   28   57   17 ] [  11112   6006  10301 ] [ 0 ],1.10,1.10,1.10,1.10,-23.39,67.41,0.00,0.00,0.00,0.00,0.00,0.00,0.00,0.00,0.00,0.00,0.00,0.00,0.00,0.00,0.00,0
1.82939,-20,61,236,0,DRIVE [ 80 ] [ 1 ] [ 1619 1332 1902 ] [    0    0    0 ] [      0      0      0 ] [ 0 ],drive [ 79 ] [ 0 ] [ 1627 1330 1902 ] [   28   57   17 ] [  11112   6006  10301 ] [ 0 ],1.10,1.10,1.10,1.10,-22.43,67.49,0.00,0.00,0.00,0.00,0.00,0.00,0.00,0.00,0.00,0.00,0.00,0.00,0.00,0.00,0.00,0
1.84119,-19,61,233,0,DRIVE [ 80 ] [ 1 ] [ 1612 1335 1902 ] [    0    0    0 ] [      0      0      0 ] [ 0 ],drive [ 80 ] [ 0 ] [ 1619 1332 1902 ] [   28   57   17 ] [  11114   6114  10259 ] [ 0 ],1.10,1.10,1.10,1.10,-21.40,67.40,0.00,0.00,0.00,0.00,0.00,0.00,0.00,0.00,0.00,0.00,0.00,0.00,0.00,0.00,0.00,0
1.85228,-19,61,231,0,DRIVE [ 81 ] [ 1 ] [ 1605 1339 1902 ] [    0    0    0 ] [      0      0      0 ] [ 0 ],drive [ 80 ] [ 0 ] [ 1612 1335 1902 ] [   28   57   17 ] [  11114   6114  10259 ] [ 0 ],1.10,1.10,1.10,1.10,-20.35,67.21,0.00,0.00,0.00,0.00,0.00,0.00,0.00,0.00,0.00,0.00,0.00,0.00,0.00,0.00,0.00,0
1.86337,-18,61,229,0,DRIVE [ 81 ] [ 1 ] [ 1598 1344 1902 ] [    0    0    0 ] [      0      0      0 ] [ 0 ],drive [ 81 ] [ 0 ] [ 1605 1339 1902 ] [   30   77   15 ] [  11114   6114  10259 ] [ 0 ],1.10,1.10,1.10,1.10,-19.31,67.20,0.00,0.00,0.00,0.00,0.00,0.00,0.00,0.00,0.00,0.00,0.00,0.00,0.00,0.00,0.00,0
1.87687,-16,61,227,0,DRIVE [ 82 ] [ 1 ] [ 1588 1356 1902 ] [    0    0    0 ] [      0      0      0 ] [ 0 ],drive [ 81 ] [ 0 ] [ 1598 1344 1902 ] [   30   77   15 ] [  11114   6114  10259 ] [ 0 ],1.10,1.10,1.10,1.10,-17.54,66.87,0.00,0.00,0.00,0.00,0.00,0.00,0.00,0.00,0.00,0.00,0.00,0.00,0.00,0.00,0.00,0
1.88986,-14,60,225,0,DRIVE [ 82 ] [ 1 ] [ 1578 1369 1902 ] [    0    0    0 ] [      0      0      0 ] [ 0 ],drive [ 82 ] [ 0 ] [ 1588 1356 1902 ] [   30   77   15 ] [  11114   6114  10259 ] [ 0 ],1.10,1.10,1.10,1.10,-15.72,66.41,0.00,0.00,0.00,0.00,0.00,0.00,0.00,0.00,0.00,0.00,0.00,0.00,0.00,0.00,0.00,0
1.90142,-13,60,223,0,DRIVE [ 83 ] [ 1 ] [ 1569 1382 1902 ] [    0    0    0 ] [      0      0      0 ] [ 0 ],drive [ 82 ] [ 0 ] [ 1578 1369 1902 ] [   30   77   15 ] [  11116   6231  10247 ] [ 0 ],1.10,1.10,1.10,1.10,-13.90,65.98,0.00,0.00,0.00,0.00,0.00,0.00,0.00,0.00,0.00,0.00,0.00,0.00,0.00,0.00,0.00,0
1.91258,-11,59,221,0,DRIVE [ 83 ] [ 1 ] [ 1558 1396 1902 ] [    0    0    0 ] [      0      0      0 ] [ 0 ],drive [ 83 ] [ 0 ] [ 1569 1382 1902 ] [   33   53   14 ] [  11116   6231  10247 ] [ 0 ],1.10,1.10,1.10,1.10,-12.02,65.43,0.00,0.00,0.00,0.00,0.00,0.00,0.00,0.00,0.00,0.00,0.00,0.00,0.00,0.00,0.00,0
1.92346,-9,59,219,0,DRIVE [ 84 ] [ 1 ] [ 1547 1408 1902 ] [    0    0    0 ] [      0      0      0 ] [ 0 ],drive [ 83 ] [ 0 ] [ 1558 1396 1902 ] [   33   53   14 ] [  11116   6231  10247 ] [ 0 ],1.10,1.10,1.10,1.10,-10.20,65.05,0.00,0.00,0.00,0.00,0.00,0.00,0.00,0.00,0.00,0.00,0.00,0.00,0.00,-0.00,0.00,0
1.93564,-8,59,217,0,DRIVE [ 84 ] [ 1 ] [ 1536 1420 1902 ] [    0    0    0 ] [      0      0      0 ] [ 0 ],drive [ 84 ] [ 0 ] [ 1547 1408 1902 ] [   33   53   14 ] [  11116   6231  10247 ] [ 0 ],1.10,1.10,1.10,1.10,-8.40,64.53,0.00,0.00,0.00,0.00,0.00,0.00,0.00,0.00,0.00,0.00,0.00,0.00,0.00,-0.00,0.00,0
1.94649,-6,58,215,0,DRIVE [ 85 ] [ 1 ] [ 1522 1432 1902 ] [    0    0    0 ] [      0      0      0 ] [ 0 ],drive [ 84 ] [ 0 ] [ 1536 1420 1902 ] [   33   53   14 ] [  11119   6229  10246 ] [ 0 ],1.10,1.10,1.10,1.10,-6.53,64.28,0.00,0.00,0.00,0.00,0.00,0.00,0.00,0.00,0.00,0.00,0.00,0.00,0.00,-0.00,0.00,0
1.95725,-4,58,213,0,DRIVE [ 85 ] [ 1 ] [ 1508 1444 1902 ] [    0    0    0 ] [      0      0      0 ] [ 0 ],drive [ 85 ] [ 0 ] [ 1522 1432 1902 ] [   38   48   13 ] [  11119   6229  10246 ] [ 0 ],1.10,1.10,1.10,1.10,-4.57,64.02,0.00,0.00,0.00,0.00,0.00,0.00,0.00,0.00,0.00,0.00,0.00,0.00,0.00,-0.00,0.00,0
1.96851,-2,58,210,0,DRIVE [ 86 ] [ 1 ] [ 1492 1455 1902 ] [    0    0    0 ] [      0      0      0 ] [ 0 ],drive [ 85 ] [ 0 ] [ 1508 1444 1902 ] [   38   48   13 ] [  11119   6229  10246 ] [ 0 ],1.10,1.10,1.10,1.10,-2.62,63.72,0.00,0.00,0.00,0.00,0.00,0.00,0.00,0.00,0.00,0.00,0.00,0.00,0.00,-0.00,0.00,0
1.97949,-1,58,209,0,DRIVE [ 86 ] [ 1 ] [ 1475 1466 1902 ] [    0    0    0 ] [      0      0      0 ] [ 0 ],drive [ 86 ] [ 0 ] [ 1492 1455 1902 ] [   38   48   13 ] [  11119   6229  10246 ] [ 0 ],1.10,1.10,1.10,1.10,-0.62,63.65,0.00,0.00,0.00,0.00,0.00,0.00,0.00,0.00,0.00,0.00,0.00,0.00,0.00,-0.00,0.00,0
1.9901,1,58,206,0,DRIVE [ 87 ] [ 1 ] [ 1457 1477 1902 ] [    0    0    0 ] [      0      0      0 ] [ 0 ],drive [ 86 ] [ 0 ] [ 1475 1466 1902 ] [   38   48   13 ] [  11123   6227  10245 ] [ 0 ],1.10,1.10,1.10,1.10,1.41,63.52,0.00,0.00,0.00,0.00,0.00,0.00,0.00,0.00,0.00,0.00,0.00,0.00,-0.00,-0.00,0.00,0
2.00213,3,58,204,0,DRIVE [ 87 ] [ 1 ] [ 1438 1488 1902 ] [    0    0    0 ] [      0      0      0 ] [ 0 ],drive [ 87 ] [ 0 ] [ 1457 1477 1902 ] [   38   48   13 ] [  11123   6227  10245 ] [ 0 ],1.10,1.10,1.10,1.10,3.46,63.39,0.00,0.00,0.00,0.00,0.00,0.00,0.00,0.00,0.00,0.00,0.00,0.00,0.00,0.00,0.00,0
2.01319,5,58,202,0,DRIVE [ 88 ] [ 1 ] [ 1416 1498 1902 ] [    0    0    0 ] [      0      0      0 ] [ 0 ],drive [ 87 ] [ 0 ] [ 1438 1488 1902 ] [   44   43   13 ] [  11123   6227  10245 ] [ 0 ],1.10,1.10,1.10,1.10,5.64,63.54,0.00,0.00,0.00,0.00,0.00,0.00,0.00,0.00,0.00,0.00,0.00,0.00,0.00,0.00,0.00,0
2.02359,7,58,201,0,DRIVE [ 88 ] [ 1 ] [ 1393 1509 1902 ] [    0    0    0 ] [      0      0      0 ] [ 0 ],drive [ 88 ] [ 0 ] [ 1416 1498 1902 ] [   44   43   13 ] [  11123   6227  10245 ] [ 0 ],1.10,1.10,1.10,1.10,7.84,63.74,0.00,0.00,0.00,0.00,0.00,0.00,0.00,0.00,0.00,0.00,0.00,0.00,0.00,0.00,0.00,0
2.03485,9,58,199,0,DRIVE [ 89 ] [ 1 ] [ 1369 1519 1902 ] [    0    0    0 ] [      0      0      0 ] [ 0 ],drive [ 88 ] [ 0 ] [ 1393 1509 1902 ] [   44   43   13 ] [  11123   6227  10245 ] [ 0 ],1.10,1.10,1.10,1.10,10.05,63.85,0.00,0.00,0.00,0.00,0.00,0.00,0.00,0.00,0.00,0.00,0.00,0.00,0.00,0.00,0.00,0
2.04604,11,58,196,0,DRIVE [ 89 ] [ 1 ] [ 1345 1529 1902 ] [    0    0    0 ] [      0      0      0 ] [ 0 ],drive [ 89 ] [ 0 ] [ 1369 1519 1902 ] [   44   43   13 ] [  11135   6224  10245 ] [ 0 ],1.10,1.10,1.10,1.10,12.18,63.78,0.00,0.00,0.00,0.00,0.00,0.00,0.00,0.00,0.00,0.00,0.00,0.00,0.00,0.00,0.00,0
2.05659,13,58,194,0,DRIVE [ 90 ] [ 1 ] [ 1319 1538 1902 ] [    0    0    0 ] [      0      0      0 ] [ 0 ],drive [ 89 ] [ 0 ] [ 1345 1529 1902 ] [   71   39   13 ] [  11135   6224  10245 ] [ 0 ],1.10,1.10,1.10,1.10,14.27,63.70,0.00,0.00,0.00,0.00,0.00,0.00,0.00,0.00,0.00,0.00,0.00,0.00,0.00,0.00,0.00,0
2.06725,15,58,192,0,DRIVE [ 90 ] [ 1 ] [ 1294 1547 1902 ] [    0    0    0 ] [      0      0      0 ] [ 0 ],drive [ 90 ] [ 0 ] [ 1319 1538 1902 ] [   71   39   13 ] [  11135   6224  10245 ] [ 0 ],1.10,1.10,1.10,1.10,16.34,63.81,0.00,0.00,0.00,0.00,0.00,0.00,0.00,0.00,0.00,0.00,0.00,0.00,0.00,0.00,0.00,0
2.07869,17,58,190,0,DRIVE [ 91 ] [ 1 ] [ 1268 1555 1902 ] [    0    0    0 ] [      0      0      0 ] [ 0 ],drive [ 90 ] [ 0 ] [ 1294 1547 1902 ] [   71   39   13 ] [  11135   6224  10245 ] [ 0 ],1.10,1.10,1.10,1.10,18.29,63.79,0.00,0.00,0.00,0.00,0.00,0.00,0.00,0.00,0.00,0.00,0.00,0.00,0.00,0.00,0.00,0
2.08923,18,58,188,0,DRIVE [ 91 ] [ 1 ] [ 1243 1563 1902 ] [    0    0    0 ] [      0      0      0 ] [ 0 ],drive [ 91 ] [ 0 ] [ 1268 1555 1902 ] [   71   39   13 ] [  11300   6210  10232 ] [ 0 ],1.10,1.10,1.10,1.10,20.17,63.79,0.00,0.00,0.00,0.00,0.00,0.00,0.00,0.00,0.00,0.00,0.00,0.00,0.00,0.00,0.00,0
2.10069,20,58,186,0,DRIVE [ 92 ] [ 1 ] [ 1218 1570 1902 ] [    0    0    0 ] [      0      0      0 ] [ 0 ],drive [ 91 ] [ 0 ] [ 1243 1563 1902 ] [   71   39   13 ] [  11300   6210  10232 ] [ 0 ],1.10,1.10,1.10,1.10,21.90,63.81,0.00,0.00,0.00,0.00,0.00,0.00,0.00,0.00,0.00,0.00,0.00,0.00,0.00,0.00,0.00,0
2.11187,21,58,184,0,DRIVE [ 92 ] [ 1 ] [ 1193 1576 1902 ] [    0    0    0 ] [      0      0      0 ] [ 0 ],drive [ 92 ] [ 0 ] [ 1218 1570 1902 ] [   76   41   10 ] [  11300   6210  10232 ] [ 0 ],1.10,1.10,1.10,1.10,23.57,63.82,0.00,0.00,0.00,0.00,0.00,0.00,0.00,0.00,0.00,0.00,0.00,0.00,0.00,0.00,0.00,0
2.12252,23,58,181,0,DRIVE [ 93 ] [ 1 ] [ 1169 1582 1902 ] [    0    0    0 ] [      0      0      0 ] [ 0 ],drive [ 92 ] [ 0 ] [ 1193 1576 1902 ] [   76   41   10 ] [  11300   6210  10232 ] [ 0 ],1.10,1.10,1.10,1.10,25.09,63.78,0.00,0.00,0.00,0.00,0.00,0.00,0.00,0.00,0.00,0.00,0.00,0.00,0.00,0.00,0.00,0
2.13316,24,58,180,0,DRIVE [ 93 ] [ 1 ] [ 1147 1589 1902 ] [    0    0    0 ] [      0      0      0 ] [ 0 ],drive [ 93 ] [ 0 ] [ 1169 1582 1902 ] [   76   41   10 ] [  11300   6210  10232 ] [ 0 ],1.10,1.10,1.10,1.10,26.54,63.65,0.00,0.00,0.00,0.00,0.00,0.00,0.00,0.00,0.00,0.00,0.00,0.00,0.00,0.00,0.00,0
2.14477,25,58,177,0,DRIVE [ 94 ] [ 1 ] [ 1126 1595 1902 ] [    0    0    0 ] [      0      0      0 ] [ 0 ],drive [ 93 ] [ 0 ] [ 1147 1589 1902 ] [   76   41   10 ] [  11585   6202  10131 ] [ 0 ],1.10,1.10,1.10,1.10,27.78,63.31,0.00,0.00,0.00,0.00,0.00,0.00,0.00,0.00,0.00,0.00,0.00,0.00,0.00,0.00,0.00,0
2.15547,26,57,175,0,DRIVE [ 94 ] [ 1 ] [ 1106 1600 1902 ] [    0    0    0 ] [      0      0      0 ] [ 0 ],drive [ 94 ] [ 0 ] [ 1126 1595 1902 ] [   84   40    4 ] [  11585   6202  10131 ] [ 0 ],1.10,1.10,1.10,1.10,28.90,63.03,0.00,0.00,0.00,0.00,0.00,0.00,0.00,0.00,0.00,0.00,0.00,0.00,0.00,0.00,0.00,0
2.16732,27,57,173,0,DRIVE [ 95 ] [ 1 ] [ 1088 1606 1902 ] [    0    0    0 ] [      0      0      0 ] [ 0 ],drive [ 94 ] [ 0 ] [ 1106 1600 1902 ] [   84   40    4 ] [  11585   6202  10131 ] [ 0 ],1.10,1.10,1.10,1.10,29.92,62.64,0.00,0.00,0.00,0.00,0.00,0.00,0.00,0.00,0.00,0.00,0.00,0.00,0.00,0.00,0.00,0
2.17811,28,57,172,0,DRIVE [ 95 ] [ 1 ] [ 1071 1611 1902 ] [    0    0    0 ] [      0      0      0 ] [ 0 ],drive [ 95 ] [ 0 ] [ 1088 1606 1902 ] [   84   40    4 ] [  11585   6202  10131 ] [ 0 ],1.10,1.10,1.10,1.10,30.81,62.34,0.00,0.00,0.00,0.00,0.00,0.00,0.00,0.00,0.00,0.00,0.00,0.00,0.00,0.00,0.00,0
2.18977,29,57,170,0,DRIVE [ 96 ] [ 1 ] [ 1054 1614 1902 ] [    0    0    0 ] [      0      0      0 ] [ 0 ],drive [ 95 ] [ 0 ] [ 1071 1611 1902 ] [   84   40    4 ] [  11843   6191  10064 ] [ 0 ],1.10,1.10,1.10,1.10,31.67,62.17,0.00,0.00,0.00,0.00,0.00,0.00,0.00,0.00,0.00,0.00,0.00,0.00,0.00,0.00,0.00,0
2.20424,30,56,168,0,DRIVE [ 96 ] [ 1 ] [ 1037 1617 1902 ] [    0    0    0 ] [      0      0      0 ] [ 0 ],drive [ 96 ] [ 0 ] [ 1054 1614 1902 ] [   84   40    4 ] [  11843   6191  10064 ] [ 0 ],1.10,1.10,1.10,1.10,32.47,62.07,0.00,0.00,0.00,0.00,0.00,0.00,0.00,0.00,0.00,0.00,0.00,0.00,0.00,0.00,0.00,0
2.21481,30,56,167,0,DRIVE [ 97 ] [ 1 ] [ 1025 1620 1902 ] [    0    0    0 ] [      0      0      0 ] [ 0 ],drive [ 96 ] [ 0 ] [ 1037 1617 1902 ] [   77   45   27 ] [  11843   6191  10064 ] [ 0 ],1.10,1.10,1.10,1.10,33.17,61.82,0.00,0.00,0.00,0.00,0.00,0.00,0.00,0.00,0.00,0.00,0.00,0.00,0.00,0.00,0.00,0
2.22532,31,56,165,0,DRIVE [ 97 ] [ 1 ] [ 1025 1623 1902 ] [    0    0    0 ] [      0      0      0 ] [ 0 ],drive [ 97 ] [ 0 ] [ 1025 1620 1902 ] [   77   45   27 ] [  11843   6191  10064 ] [ 0 ],1.10,1.10,1.10,1.10,33.83,61.62,0.00,0.00,0.00,0.00,0.00,0.00,0.00,0.00,0.00,0.00,0.00,0.00,0.00,0.00,0.00,0
2.23613,31,56,163,0,DRIVE [ 98 ] [ 1 ] [ 1025 1626 1902 ] [    0    0    0 ] [      0      0      0 ] [ 0 ],drive [ 97 ] [ 0 ] [ 1025 1623 1902 ] [   77   45   27 ] [  11843   6191  10064 ] [ 0 ],1.10,1.10,1.10,1.10,34.49,61.43,0.00,0.00,0.00,0.00,0.00,0.00,0.00,0.00,0.00,0.00,0.00,0.00,0.00,0.00,0.00,0
2.24665,32,56,161,0,DRIVE [ 98 ] [ 1 ] [ 1025 1628 1902 ] [    0    0    0 ] [      0      0      0 ] [ 0 ],drive [ 98 ] [ 0 ] [ 1025 1626 1902 ] [   77   45   27 ] [  11934   6184  10013 ] [ 0 ],1.10,1.10,1.10,1.10,35.12,61.24,0.00,0.00,0.00,0.00,0.00,0.00,0.00,0.00,0.00,0.00,0.00,0.00,0.00,0.00,0.00,0
2.25696,33,56,159,0,DRIVE [ 99 ] [ 1 ] [ 1025 1630 1902 ] [    0    0    0 ] [      0      0      0 ] [ 0 ],drive [ 98 ] [ 0 ] [ 1025 1628 1902 ] [   91   45    3 ] [  11934   6184  10013 ] [ 0 ],1.10,1.10,1.10,1.10,35.80,61.14,0.00,0.00,0.00,0.00,0.00,0.00,0.00,0.00,0.00,0.00,0.00,0.00,0.00,0.00,0.00,0
2.26778,33,55,157,0,DRIVE [ 99 ] [ 1 ] [ 1025 1633 1902 ] [    0    0    0 ] [      0      0      0 ] [ 0 ],drive [ 99 ] [ 0 ] [ 1025 1630 1902 ] [   91   45    3 ] [  11934   6184  10013 ] [ 0 ],1.10,1.10,1.10,1.10,36.46,60.93,0.00,0.00,0.00,0.00,0.00,0.00,0.00,0.00,0.00,0.00,0.00,0.00,0.00,0.00,0.00,0
2.27832,34,55,156,0,DRIVE [ 00 ] [ 1 ] [ 1025 1636 1902 ] [    0    0    0 ] [      0      0      0 ] [ 0 ],drive [ 99 ] [ 0 ] [ 1025 1633 1902 ] [   91   45    3 ] [  11934   6184  10013 ] [ 0 ],1.10,1.10,1.10,1.10,37.22,60.74,0.00,0.00,0.00,0.00,0.00,0.00,0.00,0.00,0.00,0.00,0.00,0.00,0.00,0.00,0.00,0
2.2886,34,55,154,0,DRIVE [ 00 ] [ 1 ] [ 1025 1640 1902 ] [    0    0    0 ] [      0      0      0 ] [ 0 ],drive [ 00 ] [ 0 ] [ 1025 1636 1902 ] [   91   45    3 ] [  12064   6183   9926 ] [ 0 ],1.10,1.10,1.10,1.10,37.94,60.46,0.00,0.00,0.00,0.00,0.00,0.00,0.00,0.00,0.00,0.00,0.00,0.00,0.00,0.00,0.00,0
2.30152,35,55,152,0,DRIVE [ 01 ] [ 1 ] [ 1025 1644 1902 ] [    0    0    0 ] [      0      0      0 ] [ 0 ],drive [ 00 ] [ 0 ] [ 1025 1640 1902 ] [   91   45    3 ] [  12064   6183   9926 ] [ 0 ],1.10,1.10,1.10,1.10,38.71,60.20,0.00,0.00,0.00,0.00,0.00,0.00,0.00,0.00,0.00,0.00,0.00,0.00,0.00,0.00,0.00,0
2.31612,36,54,151,0,DRIVE [ 01 ] [ 1 ] [ 1025 1651 1902 ] [    0    0    0 ] [      0      0      0 ] [ 0 ],drive [ 01 ] [ 0 ] [ 1025 1644 1902 ] [  100   45    2 ] [  12064   6183   9926 ] [ 0 ],1.10,1.10,1.10,1.10,39.42,59.67,0.00,0.00,0.00,0.00,0.00,0.00,0.00,0.00,0.00,0.00,0.00,0.00,0.00,0.00,0.00,0
2.32721,36,54,149,0,DRIVE [ 02 ] [ 1 ] [ 1025 1657 1902 ] [    0    0    0 ] [      0      0      0 ] [ 0 ],drive [ 01 ] [ 0 ] [ 1025 1651 1902 ] [  100   45    2 ] [  12064   6183   9926 ] [ 0 ],1.10,1.10,1.10,1.10,40.03,59.05,0.00,0.00,0.00,0.00,0.00,0.00,0.00,0.00,0.00,0.00,0.00,0.00,0.00,0.00,0.00,0
2.33787,37,53,147,0,DRIVE [ 02 ] [ 1 ] [ 1025 1664 1902 ] [    0    0    0 ] [      0      0      0 ] [ 0 ],drive [ 02 ] [ 0 ] [ 1025 1657 1902 ] [  100   45    2 ] [  12064   6183   9926 ] [ 0 ],1.10,1.10,1.10,1.10,40.61,58.30,0.00,0.00,0.00,0.00,0.00,0.00,0.00,0.00,0.00,0.00,0.00,0.00,0.00,0.00,0.00,0
2.34802,38,52,146,0,DRIVE [ 03 ] [ 1 ] [ 1025 1672 1902 ] [    0    0    0 ] [      0      0      0 ] [ 0 ],drive [ 02 ] [ 0 ] [ 1025 1664 1902 ] [  100   45    2 ] [  12152   6181   9862 ] [ 0 ],1.10,1.10,1.10,1.10,41.26,57.62,0.00,0.00,0.00,0.00,0.00,0.00,0.00,0.00,0.00,0.00,0.00,0.00,0.00,0.00,0.00,0
2.35819,38,52,144,0,DRIVE [ 03 ] [ 1 ] [ 1025 1680 1902 ] [    0    0    0 ] [      0      0      0 ] [ 0 ],drive [ 03 ] [ 0 ] [ 1025 1672 1902 ] [   81   44    8 ] [  12152   6181   9862 ] [ 0 ],1.10,1.10,1.10,1.10,41.80,56.70,0.00,0.00,0.00,0.00,0.00,0.00,0.00,0.00,0.00,0.00,0.00,0.00,0.00,0.00,0.00,0
2.36884,38,51,143,0,DRIVE [ 04 ] [ 1 ] [ 1025 1689 1902 ] [    0    0    0 ] [      0      0      0 ] [ 0 ],drive [ 03 ] [ 0 ] [ 1025 1680 1902 ] [   81   44    8 ] [  12152   6181   9862 ] [ 0 ],1.10,1.10,1.10,1.10,42.33,55.75,0.00,0.00,0.00,0.00,0.00,0.00,0.00,0.00,0.00,0.00,0.00,0.00,0.00,0.00,0.00,0
2.37916,39,50,141,0,DRIVE [ 04 ] [ 1 ] [ 1025 1699 1902 ] [    0    0    0 ] [      0      0      0 ] [ 0 ],drive [ 04 ] [ 0 ] [ 1025 1689 1902 ] [   81   44    8 ] [  12152   6181   9862 ] [ 0 ],1.10,1.10,1.10,1.10,42.88,54.75,0.00,0.00,0.00,0.00,0.00,0.00,0.00,0.00,0.00,0.00,0.00,0.00,0.00,0.00,0.00,0
2.38932,39,49,139,0,DRIVE [ 05 ] [ 1 ] [ 1025 1709 1902 ] [    0    0    0 ] [      0      0      0 ] [ 0 ],drive [ 04 ] [ 0 ] [ 1025 1699 1902 ] [   81   44    8 ] [  12158   6155   9845 ] [ 0 ],1.10,1.10,1.10,1.10,43.28,53.58,0.00,0.00,0.00,0.00,0.00,0.00,0.00,0.00,0.00,0.00,0.00,0.00,0.00,0.00,0.00,0
2.39962,40,48,138,0,DRIVE [ 05 ] [ 1 ] [ 1025 1719 1902 ] [    0    0    0 ] [      0      0      0 ] [ 0 ],drive [ 05 ] [ 0 ] [ 1025 1709 1902 ] [   81   44    8 ] [  12158   6155   9845 ] [ 0 ],1.10,1.10,1.10,1.10,43.67,52.40,0.00,0.00,0.00,0.00,0.00,0.00,0.00,0.00,0.00,0.00,0.00,0.00,0.00,0.00,0.00,0
2.41084,40,47,136,0,DRIVE [ 06 ] [ 1 ] [ 1025 1729 1902 ] [    0    0    0 ] [      0      0      0 ] [ 0 ],drive [ 05 ] [ 0 ] [ 1025 1719 1902 ] [   84   34   14 ] [  12158   6155   9845 ] [ 0 ],1.10,1.10,1.10,1.10,43.98,51.22,0.00,0.00,0.00,0.00,0.00,0.00,0.00,0.00,0.00,0.00,0.00,0.00,0.00,0.00,0.00,0
2.42092,40,45,135,0,DRIVE [ 06 ] [ 1 ] [ 1025 1740 1902 ] [    0    0    0 ] [      0      0      0 ] [ 0 ],drive [ 06 ] [ 0 ] [ 1025 1729 1902 ] [   84   34   14 ] [  12158   6155   9845 ] [ 0 ],1.10,1.10,1.10,1.10,44.23,49.95,0.00,0.00,0.00,0.00,0.00,0.00,0.00,0.00,0.00,0.00,0.00,0.00,0.00,0.00,0.00,0
2.43112,40,44,133,0,DRIVE [ 07 ] [ 1 ] [ 1025 1751 1902 ] [    0    0    0 ] [      0      0      0 ] [ 0 ],drive [ 06 ] [ 0 ] [ 1025 1740 1902 ] [   84   34   14 ] [  12158   6155   9845 ] [ 0 ],1.10,1.10,1.10,1.10,44.39,48.61,0.00,0.00,0.00,0.00,0.00,0.00,0.00,0.00,0.00,0.00,0.00,0.00,0.00,0.00,0.00,0
2.44139,40,43,132,0,DRIVE [ 07 ] [ 1 ] [ 1025 1763 1902 ] [    0    0    0 ] [      0      0      0 ] [ 0 ],drive [ 07 ] [ 0 ] [ 1025 1751 1902 ] [   84   34   14 ] [  12219   6069   9806 ] [ 0 ],1.10,1.10,1.10,1.10,44.52,47.25,0.00,0.00,0.00,0.00,0.00,0.00,0.00,0.00,0.00,0.00,0.00,0.00,0.00,0.00,0.00,0
2.45113,40,42,131,0,DRIVE [ 08 ] [ 1 ] [ 1025 1774 1902 ] [    0    0    0 ] [      0      0      0 ] [ 0 ],drive [ 07 ] [ 0 ] [ 1025 1763 1902 ] [   84   34   14 ] [  12219   6069   9806 ] [ 0 ],1.10,1.10,1.10,1.10,44.49,45.77,0.00,0.00,0.00,0.00,0.00,0.00,0.00,0.00,0.00,0.00,0.00,0.00,-0.00,-0.00,0.00,0
2.46104,40,40,130,0,DRIVE [ 08 ] [ 1 ] [ 1025 1786 1902 ] [    0    0    0 ] [      0      0      0 ] [ 0 ],drive [ 08 ] [ 0 ] [ 1025 1774 1902 ] [  109   37    8 ] [  12219   6069   9806 ] [ 0 ],1.10,1.10,1.10,1.10,44.35,44.20,0.00,0.00,0.00,0.00,0.00,0.00,0.00,0.00,0.00,0.00,0.00,0.00,-0.00,-0.00,0.00,0
2.4712,40,39,128,0,DRIVE [ 09 ] [ 1 ] [ 1025 1799 1902 ] [    0    0    0 ] [      0      0      0 ] [ 0 ],drive [ 08 ] [ 0 ] [ 1025 1786 1902 ] [  109   37    8 ] [  12219   6069   9806 ] [ 0 ],1.10,1.10,1.10,1.10,44.11,42.47,0.00,0.00,0.00,0.00,0.00,0.00,0.00,0.00,0.00,0.00,0.00,0.00,-0.00,-0.00,0.00,0
2.48112,40,37,127,0,DRIVE [ 09 ] [ 1 ] [ 1025 1812 1902 ] [    0    0    0 ] [      0      0      0 ] [ 0 ],drive [ 09 ] [ 0 ] [ 1025 1799 1902 ] [  109   37    8 ] [  12219   6069   9806 ] [ 0 ],1.10,1.10,1.10,1.10,43.72,40.69,0.00,0.00,0.00,0.00,0.00,0.00,0.00,0.00,0.00,0.00,0.00,0.00,-0.00,-0.00,0.00,0
2.49079,39,35,126,0,DRIVE [ 10 ] [ 1 ] [ 1025 1825 1902 ] [    0    0    0 ] [      0      0      0 ] [ 0 ],drive [ 09 ] [ 0 ] [ 1025 1812 1902 ] [  109   37    8 ] [  12500   5924   9703 ] [ 0 ],1.10,1.10,1.10,1.10,43.15,38.82,0.00,0.00,0.00,0.00,0.00,0.00,0.00,0.00,0.00,0.00,0.00,0.00,-0.00,-0.00,0.00,0
2.501,39,34,125,0,DRIVE [ 10 ] [ 1 ] [ 1025 1837 1902 ] [    0    0    0 ] [      0      0      0 ] [ 0 ],drive [ 10 ] [ 0 ] [ 1025 1825 1902 ] [  109   37    8 ] [  12500   5924   9703 ] [ 0 ],1.10,1.10,1.10,1.10,42.49,36.97,0.00,0.00,0.00,0.00,0.00,0.00,0.00,0.00,0.00,0.00,0.00,0.00,-0.00,-0.00,0.00,0
2.51091,38,32,124,0,DRIVE [ 11 ] [ 1 ] [ 1025 1850 1902 ] [    0    0    0 ] [      0      0      0 ] [ 0 ],drive [ 10 ] [ 0 ] [ 1025 1837 1902 ] [  105   13   19 ] [  12500   5924   9703 ] [ 0 ],1.10,1.10,1.10,1.10,41.86,35.12,0.00,0.00,0.00,0.00,0.00,0.00,0.00,0.00,0.00,0.00,0.00,0.00,-0.00,-0.00,0.00,0
2.52083,37,30,122,0,DRIVE [ 11 ] [ 1 ] [ 1025 1862 1902 ] [    0    0    0 ] [      0      0      0 ] [ 0 ],drive [ 11 ] [ 0 ] [ 1025 1850 1902 ] [  105   13   19 ] [  12500   5924   9703 ] [ 0 ],1.10,1.10,1.10,1.10,41.19,33.29,0.00,0.00,0.00,0.00,0.00,0.00,0.00,0.00,0.00,0.00,0.00,0.00,-0.00,-0.00,0.00,0
2.53057,37,29,121,0,DRIVE [ 12 ] [ 1 ] [ 1025 1875 1902 ] [    0    0    0 ] [      0      0      0 ] [ 0 ],drive [ 11 ] [ 0 ] [ 1025 1862 1902 ] [  105   13   19 ] [  12500   5924   9703 ] [ 0 ],1.10,1.10,1.10,1.10,40.58,31.50,0.00,0.00,0.00,0.00,0.00,0.00,0.00,0.00,0.00,0.00,0.00,0.00,-0.00,-0.00,0.00,0
2.54068,36,27,120,0,DRIVE [ 12 ] [ 1 ] [ 1025 1887 1902 ] [    0    0    0 ] [      0      0      0 ] [ 0 ],drive [ 12 ] [ 0 ] [ 1025 1875 1902 ] [  105   13   19 ] [  12618   5816   9677 ] [ 0 ],1.10,1.10,1.10,1.10,39.96,29.85,0.00,0.00,0.00,0.00,0.00,0.00,0.00,0.00,0.00,0.00,0.00,0.00,-0.00,-0.00,0.00,0
2.5514,36,26,119,0,DRIVE [ 13 ] [ 1 ] [ 1025 1898 1902 ] [    0    0    0 ] [      0      0      0 ] [ 0 ],drive [ 12 ] [ 0 ] [ 1025 1887 1902 ] [  105   13   19 ] [  12618   5816   9677 ] [ 0 ],1.10,1.10,1.10,1.10,39.30,28.20,0.00,0.00,0.00,0.00,0.00,0.00,0.00,0.00,0.00,0.00,0.00,0.00,-0.00,-0.00,0.00,0
2.56387,35,24,118,0,DRIVE [ 13 ] [ 1 ] [ 1025 1898 1901 ] [    0    0    0 ] [      0      0      0 ] [ 0 ],drive [ 13 ] [ 0 ] [ 1025 1898 1902 ] [   87    7   19 ] [  12618   5816   9677 ] [ 0 ],1.10,1.10,1.10,1.10,38.71,26.63,0.00,0.00,0.00,0.00,0.00,0.00,0.00,0.00,0.00,0.00,0.00,0.00,-0.00,-0.00,0.00,0
2.57572,35,23,117,0,DRIVE [ 14 ] [ 1 ] [ 1025 1898 1891 ] [    0    0    0 ] [      0      0      0 ] [ 0 ],drive [ 13 ] [ 0 ] [ 1025 1898 1901 ] [   87    7   19 ] [  12618   5816   9677 ] [ 0 ],1.10,1.10,1.10,1.10,38.10,25.11,0.00,0.00,0.00,0.00,0.00,0.00,0.00,0.00,0.00,0.00,0.00,0.00,-0.00,-0.00,0.00,0
2.5856,34,22,116,0,DRIVE [ 14 ] [ 1 ] [ 1025 1898 1882 ] [    0    0    0 ] [      0      0      0 ] [ 0 ],drive [ 14 ] [ 0 ] [ 1025 1898 1891 ] [   87    7   19 ] [  12618   5816   9677 ] [ 0 ],1.10,1.10,1.10,1.10,37.49,23.72,0.00,0.00,0.00,0.00,0.00,0.00,0.00,0.00,0.00,0.00,0.00,0.00,-0.00,-0.00,0.00,0
2.59557,33,20,114,0,DRIVE [ 15 ] [ 1 ] [ 1025 1898 1874 ] [    0    0    0 ] [      0      0      0 ] [ 0 ],drive [ 14 ] [ 0 ] [ 1025 1898 1882 ] [   87    7   19 ] [  12624   5641   9677 ] [ 0 ],1.10,1.10,1.10,1.10,36.79,22.39,0.00,0.00,0.00,0.00,0.00,0.00,0.00,0.00,0.00,0.00,0.00,0.00,-0.00,-0.00,0.00,0
2.60762,33,19,113,0,DRIVE [ 15 ] [ 1 ] [ 1025 1898 1867 ] [    0    0    0 ] [      0      0      0 ] [ 0 ],drive [ 15 ] [ 0 ] [ 1025 1898 1874 ] [  101   10   20 ] [  12624   5641   9677 ] [ 0 ],1.10,1.10,1.10,1.10,36.03,21.16,0.00,0.00,0.00,0.00,0.00,0.00,0.00,0.00,0.00,0.00,0.00,0.00,-0.00,-0.00,0.00,0
2.61954,32,18,112,0,DRIVE [ 16 ] [ 1 ] [ 1025 1898 1861 ] [    0    0    0 ] [      0      0      0 ] [ 0 ],drive [ 15 ] [ 0 ] [ 1025 1898 1867 ] [  101   10   20 ] [  12624   5641   9677 ] [ 0 ],1.10,1.10,1.10,1.10,35.18,19.93,0.00,0.00,0.00,0.00,0.00,0.00,0.00,0.00,0.00,0.00,0.00,0.00,-0.00,-0.00,0.00,0
2.63179,31,17,111,0,DRIVE [ 16 ] [ 1 ] [ 1025 1898 1855 ] [    0    0    0 ] [      0      0      0 ] [ 0 ],drive [ 16 ] [ 0 ] [ 1025 1898 1861 ] [  101   10   20 ] [  12624   5641   9677 ] [ 0 ],1.10,1.10,1.10,1.10,34.27,18.75,0.00,0.00,0.00,0.00,0.00,0.00,0.00,0.00,0.00,0.00,0.00,0.00,-0.00,-0.00,0.00,0
2.64428,30,16,110,0,DRIVE [ 17 ] [ 1 ] [ 1025 1898 1850 ] [    0    0    0 ] [      0      0      0 ] [ 0 ],drive [ 16 ] [ 0 ] [ 1025 1898 1855 ] [  101   10   20 ] [  12820   5460   9677 ] [ 0 ],1.10,1.10,1.10,1.10,33.28,17.63,0.00,0.00,0.00,0.00,0.00,0.00,0.00,0.00,0.00,0.00,0.00,0.00,-0.00,-0.00,0.00,0
2.65535,29,15,109,0,DRIVE [ 17 ] [ 1 ] [ 1025 1898 1845 ] [    0    0    0 ] [      0      0      0 ] [ 0 ],drive [ 17 ] [ 0 ] [ 1025 1898 1850 ] [   82   16   24 ] [  12820   5460   9677 ] [ 0 ],1.10,1.10,1.10,1.10,32.33,16.52,0.00,0.00,0.00,0.00,0.00,0.00,0.00,0.00,0.00,0.00,0.00,0.00,-0.00,-0.00,0.00,0
2.66603,29,14,108,0,DRIVE [ 18 ] [ 1 ] [ 1052 1898 1840 ] [    0    0    0 ] [      0      0      0 ] [ 0 ],drive [ 17 ] [ 0 ] [ 1025 1898 1845 ] [   82   16   24 ] [  12820   5460   9677 ] [ 0 ],1.10,1.10,1.10,1.10,31.43,15.41,0.00,0.00,0.00,0.00,0.00,0.00,0.00,0.00,0.00,0.00,0.00,0.00,-0.00,-0.00,0.00,0
2.67635,28,13,107,0,DRIVE [ 18 ] [ 1 ] [ 1081 1898 1834 ] [    0    0    0 ] [      0      0      0 ] [ 0 ],drive [ 18 ] [ 0 ] [ 1052 1898 1840 ] [   82   16   24 ] [  12820   5460   9677 ] [ 0 ],1.10,1.10,1.10,1.10,30.57,14.32,0.00,0.00,0.00,0.00,0.00,0.00,0.00,0.00,0.00,0.00,0.00,0.00,-0.00,-0.00,0.00,0
2.68745,27,12,106,0,DRIVE [ 19 ] [ 1 ] [ 1108 1898 1829 ] [    0    0    0 ] [      0      0      0 ] [ 0 ],drive [ 18 ] [ 0 ] [ 1081 1898 1834 ] [   82   16   24 ] [  12820   5460   9677 ] [ 0 ],1.10,1.10,1.10,1.10,29.74,13.29,0.00,0.00,0.00,0.00,0.00,0.00,0.00,0.00,0.00,0.00,0.00,0.00,-0.00,-0.00,0.00,0
2.6995,26,11,105,0,DRIVE [ 19 ] [ 1 ] [ 1133 1898 1824 ] [    0    0    0 ] [      0      0      0 ] [ 0 ],drive [ 19 ] [ 0 ] [ 1108 1898 1829 ] [   82   16   24 ] [  12833   5456   9674 ] [ 0 ],1.10,1.10,1.10,1.10,28.94,12.38,0.00,0.00,0.00,0.00,0.00,0.00,0.00,0.00,0.00,0.00,0.00,0.00,-0.00,-0.00,0.00,0
2.71178,26,11,104,0,DRIVE [ 20 ] [ 1 ] [ 1156 1898 1821 ] [    0    0    0 ] [      0      0      0 ] [ 0 ],drive [ 19 ] [ 0 ] [ 1133 1898 1824 ] [   75   16   23 ] [  12833   5456   9674 ] [ 0 ],1.10,1.10,1.10,1.10,28.17,11.58,0.00,0.00,0.00,0.00,0.00,0.00,0.00,0.00,0.00,0.00,0.00,0.00,-0.00,-0.00,0.00,0
2.72161,25,10,103,0,DRIVE [ 20 ] [ 1 ] [ 1177 1898 1818 ] [    0    0    0 ] [      0      0      0 ] [ 0 ],drive [ 20 ] [ 0 ] [ 1156 1898 1821 ] [   75   16   23 ] [  12833   5456   9674 ] [ 0 ],1.10,1.10,1.10,1.10,27.41,10.90,0.00,0.00,0.00,0.00,0.00,0.00,0.00,0.00,0.00,0.00,0.00,0.00,-0.00,-0.00,0.00,0
2.7314,24,9,103,0,DRIVE [ 21 ] [ 1 ] [ 1196 1898 1817 ] [    0    0    0 ] [      0      0      0 ] [ 0 ],drive [ 20 ] [ 0 ] [ 1177 1898 1818 ] [   75   16   23 ] [  12833   5456   9674 ] [ 0 ],1.10,1.10,1.10,1.10,26.64,10.36,0.00,0.00,0.00,0.00,0.00,0.00,0.00,0.00,0.00,0.00,0.00,0.00,-0.00,-0.00,0.00,0
2.74427,23,9,101,0,DRIVE [ 21 ] [ 1 ] [ 1213 1898 1818 ] [    0    0    0 ] [      0      0      0 ] [ 0 ],drive [ 21 ] [ 0 ] [ 1196 1898 1817 ] [   75   16   23 ] [  12824   5452   9675 ] [ 0 ],1.10,1.10,1.10,1.10,25.83,9.90,0.00,0.00,0.00,0.00,0.00,0.00,0.00,0.00,0.00,0.00,0.00,0.00,-0.00,-0.00,0.00,0
2.75546,23,9,101,0,DRIVE [ 22 ] [ 1 ] [ 1229 1898 1819 ] [    0    0    0 ] [      0      0      0 ] [ 0 ],drive [ 21 ] [ 0 ] [ 1213 1898 1818 ] [   67   11   26 ] [  12824   5452   9675 ] [ 0 ],1.10,1.10,1.10,1.10,25.00,9.53,0.00,0.00,0.00,0.00,0.00,0.00,0.00,0.00,0.00,0.00,0.00,0.00,-0.00,-0.00,0.00,0
2.76759,22,8,100,0,DRIVE [ 22 ] [ 1 ] [ 1244 1898 1822 ] [    0    0    0 ] [      0      0      0 ] [ 0 ],drive [ 22 ] [ 0 ] [ 1229 1898 1819 ] [   67   11   26 ] [  12824   5452   9675 ] [ 0 ],1.10,1.10,1.10,1.10,24.15,9.26,0.00,0.00,0.00,0.00,0.00,0.00,0.00,0.00,0.00,0.00,0.00,0.00,-0.00,-0.00,0.00,0
2.77772,21,8,99,0,DRIVE [ 23 ] [ 1 ] [ 1259 1898 1826 ] [    0    0    0 ] [      0      0      0 ] [ 0 ],drive [ 22 ] [ 0 ] [ 1244 1898 1822 ] [   67   11   26 ] [  12824   5452   9675 ] [ 0 ],1.10,1.10,1.10,1.10,23.29,9.07,0.00,0.00,0.00,0.00,0.00,0.00,0.00,0.00,0.00,0.00,0.00,0.00,-0.00,-0.00,0.00,0
2.78727,20,8,98,0,DRIVE [ 23 ] [ 1 ] [ 1274 1898 1831 ] [    0    0    0 ] [      0      0      0 ] [ 0 ],drive [ 23 ] [ 0 ] [ 1259 1898 1826 ] [   67   11   26 ] [  12824   5452   9675 ] [ 0 ],1.10,1.10,1.10,1.10,22.29,8.94,0.00,0.00,0.00,0.00,0.00,0.00,0.00,0.00,0.00,0.00,0.00,0.00,-0.00,-0.00,0.00,0
2.79945,19,8,97,0,DRIVE [ 24 ] [ 1 ] [ 1288 1898 1839 ] [    0    0    0 ] [      0      0      0 ] [ 0 ],drive [ 23 ] [ 0 ] [ 1274 1898 1831 ] [   67   11   26 ] [  12819   5360   9676 ] [ 0 ],1.10,1.10,1.10,1.10,21.22,8.94,0.00,0.00,0.00,0.00,0.00,0.00,0.00,0.00,0.00,0.00,0.00,0.00,-0.00,-0.00,0.00,0
2.81194,18,8,96,0,DRIVE [ 24 ] [ 1 ] [ 1303 1898 1848 ] [    0    0    0 ] [      0      0      0 ] [ 0 ],drive [ 24 ] [ 0 ] [ 1288 1898 1839 ] [   62    3   26 ] [  12819   5360   9676 ] [ 0 ],1.10,1.10,1.10,1.10,20.07,9.02,0.00,0.00,0.00,0.00,0.00,0.00,0.00,0.00,0.00,0.00,0.00,0.00,-0.00,-0.00,0.00,0
2.82358,17,8,95,0,DRIVE [ 25 ] [ 1 ] [ 1316 1898 1859 ] [    0    0    0 ] [      0      0      0 ] [ 0 ],drive [ 24 ] [ 0 ] [ 1303 1898 1848 ] [   62    3   26 ] [  12819   5360   9676 ] [ 0 ],1.10,1.10,1.10,1.10,18.89,9.17,0.00,0.00,0.00,0.00,0.00,0.00,0.00,0.00,0.00,0.00,0.00,0.00,-0.00,-0.00,0.00,0
2.83608,16,9,94,0,DRIVE [ 25 ] [ 1 ] [ 1327 1898 1871 ] [    0    0    0 ] [      0      0      0 ] [ 0 ],drive [ 25 ] [ 0 ] [ 1316 1898 1859 ] [   62    3   26 ] [  12819   5360   9676 ] [ 0 ],1.10,1.10,1.10,1.10,17.67,9.40,0.00,0.00,0.00,0.00,0.00,0.00,0.00,0.00,0.00,0.00,0.00,0.00,-0.00,-0.00,0.00,0
2.84588,15,9,94,0,DRIVE [ 26 ] [ 1 ] [ 1338 1898 1884 ] [    0    0    0 ] [      0      0      0 ] [ 0 ],drive [ 25 ] [ 0 ] [ 1327 1898 1871 ] [   62    3   26 ] [  12814   5252   9678 ] [ 0 ],1.10,1.10,1.10,1.10,16.43,9.67,0.00,0.00,0.00,0.00,0.00,0.00,0.00,0.00,0.00,0.00,0.00,0.00,-0.00,-0.00,0.00,0
2.85543,14,9,93,0,DRIVE [ 26 ] [ 1 ] [ 1345 1898 1898 ] [    0    0    0 ] [      0      0      0 ] [ 0 ],drive [ 26 ] [ 0 ] [ 1338 1898 1884 ] [   62   27   24 ] [  12814   5252   9678 ] [ 0 ],1.10,1.10,1.10,1.10,15.20,10.02,0.00,0.00,0.00,0.00,0.00,0.00,0.00,0.00,0.00,0.00,0.00,0.00,-0.00,-0.00,0.00,0
2.86748,13,9,92,0,DRIVE [ 27 ] [ 1 ] [ 1366 1897 1898 ] [    0    0    0 ] [      0      0      0 ] [ 0 ],drive [ 26 ] [ 0 ] [ 1345 1898 1898 ] [   62   27   24 ] [  12814   5252   9678 ] [ 0 ],1.10,1.10,1.10,1.10,13.97,10.41,0.00,0.00,0.00,0.00,0.00,0.00,0.00,0.00,0.00,0.00,0.00,0.00,-0.00,-0.00,0.00,0
2.87952,12,10,91,0,DRIVE [ 27 ] [ 1 ] [ 1402 1878 1898 ] [    0    0    0 ] [      0      0      0 ] [ 0 ],drive [ 27 ] [ 0 ] [ 1366 1897 1898 ] [   62   27   24 ] [  12814   5252   9678 ] [ 0 ],1.10,1.10,1.10,1.10,12.69,10.86,0.00,0.00,0.00,0.00,0.00,0.00,0.00,0.00,0.00,0.00,0.00,0.00,-0.00,-0.00,0.00,0
2.89123,10,10,91,0,DRIVE [ 28 ] [ 1 ] [ 1436 1859 1898 ] [    0    0    0 ] [      0      0      0 ] [ 0 ],drive [ 27 ] [ 0 ] [ 1402 1878 1898 ] [   62   27   24 ] [  12804   5252   9677 ] [ 0 ],1.10,1.10,1.10,1.10,11.43,11.38,0.00,0.00,0.00,0.00,0.00,0.00,0.00,0.00,0.00,0.00,0.00,0.00,-0.00,-0.00,0.00,0
2.90124,9,11,90,0,DRIVE [ 28 ] [ 1 ] [ 1466 1838 1898 ] [    0    0    0 ] [      0      0      0 ] [ 0 ],drive [ 28 ] [ 0 ] [ 1436 1859 1898 ] [   62   27   24 ] [  12804   5252   9677 ] [ 0 ],1.10,1.10,1.10,1.10,10.15,11.96,0.00,0.00,0.00,0.00,0.00,0.00,0.00,0.00,0.00,0.00,0.00,0.00,-0.00,-0.00,0.00,0
2.91163,8,11,89,0,DRIVE [ 29 ] [ 1 ] [ 1495 1815 1898 ] [    0    0    0 ] [      0      0      0 ] [ 0 ],drive [ 28 ] [ 0 ] [ 1466 1838 1898 ] [   69   29   18 ] [  12804   5252   9677 ] [ 0 ],1.10,1.10,1.10,1.10,8.86,12.59,0.00,0.00,0.00,0.00,0.00,0.00,0.00,0.00,0.00,0.00,0.00,0.00,-0.00,-0.00,0.00,0
2.92355,7,12,89,0,DRIVE [ 29 ] [ 1 ] [ 1520 1790 1898 ] [    0    0    0 ] [      0      0      0 ] [ 0 ],drive [ 29 ] [ 0 ] [ 1495 1815 1898 ] [   69   29   18 ] [  12804   5252   9677 ] [ 0 ],1.10,1.10,1.10,1.10,7.57,13.26,0.00,0.00,0.00,0.00,0.00,0.00,0.00,0.00,0.00,0.00,0.00,0.00,-0.00,-0.00,0.00,0
2.93574,6,13,88,0,DRIVE [ 30 ] [ 1 ] [ 1540 1763 1898 ] [    0    0    0 ] [      0      0      0 ] [ 0 ],drive [ 29 ] [ 0 ] [ 1520 1790 1898 ] [   69   29   18 ] [  12804   5252   9677 ] [ 0 ],1.10,1.10,1.10,1.10,6.29,14.02,0.00,0.00,0.00,0.00,0.00,0.00,0.00,0.00,0.00,0.00,0.00,0.00,-0.00,-0.00,0.00,0
2.94752,5,13,87,0,DRIVE [ 30 ] [ 1 ] [ 1556 1733 1898 ] [    0    0    0 ] [      0      0      0 ] [ 0 ],drive [ 30 ] [ 0 ] [ 1540 1763 1898 ] [   69   29   18 ] [  12616   5252   9676 ] [ 0 ],1.10,1.10,1.10,1.10,5.02,14.83,0.00,0.00,0.00,0.00,0.00,0.00,0.00,0.00,0.00,0.00,0.00,0.00,-0.00,-0.00,0.00,0
2.96017,3,14,87,0,DRIVE [ 31 ] [ 1 ] [ 1569 1702 1898 ] [    0    0    0 ] [      0      0      0 ] [ 0 ],drive [ 30 ] [ 0 ] [ 1556 1733 1898 ] [   60   39   19 ] [  12616   5252   9676 ] [ 0 ],1.10,1.10,1.10,1.10,3.79,15.66,0.00,0.00,0.00,0.00,0.00,0.00,0.00,0.00,0.00,0.00,0.00,0.00,-0.00,-0.00,0.00,0
2.97018,2,15,86,0,DRIVE [ 31 ] [ 1 ] [ 1579 1669 1898 ] [    0    0    0 ] [      0      0      0 ] [ 0 ],drive [ 31 ] [ 0 ] [ 1569 1702 1898 ] [   60   39   19 ] [  12616   5252   9676 ] [ 0 ],1.10,1.10,1.10,1.10,2.56,16.49,0.00,0.00,0.00,0.00,0.00,0.00,0.00,0.00,0.00,0.00,0.00,0.00,-0.00,-0.00,0.00,0
2.97992,1,16,85,0,DRIVE [ 32 ] [ 1 ] [ 1588 1634 1898 ] [    0    0    0 ] [      0      0      0 ] [ 0 ],drive [ 31 ] [ 0 ] [ 1579 1669 1898 ] [   60   39   19 ] [  12616   5252   9676 ] [ 0 ],1.10,1.10,1.10,1.10,1.30,17.29,0.00,0.00,0.00,0.00,0.00,0.00,0.00,0.00,0.00,0.00,0.00,0.00,-0.00,-0.00,0.00,0
2.99148,0,16,85,0,DRIVE [ 32 ] [ 1 ] [ 1596 1597 1898 ] [    0    0    0 ] [      0      0      0 ] [ 0 ],drive [ 32 ] [ 0 ] [ 1588 1634 1898 ] [   60   39   19 ] [  12416   5259   9677 ] [ 0 ],1.10,1.10,1.10,1.10,0.04,18.08,0.00,0.00,0.00,0.00,0.00,0.00,0.00,0.00,0.00,0.00,0.00,0.00,0.00,0.00,0.00,0
3.00357,-1,17,84,0,DRIVE [ 33 ] [ 1 ] [ 1603 1559 1898 ] [    0    0    0 ] [      0      0      0 ] [ 0 ],drive [ 32 ] [ 0 ] [ 1596 1597 1898 ] [   60   39   19 ] [  12416   5259   9677 ] [ 0 ],1.10,1.10,1.10,1.10,-1.23,18.85,0.00,0.00,0.00,0.00,0.00,0.00,0.00,0.00,0.00,0.00,0.00,0.00,0.00,0.00,0.00,0
3.01554,-2,18,83,0,DRIVE [ 33 ] [ 1 ] [ 1609 1521 1898 ] [    0    0    0 ] [      0      0      0 ] [ 0 ],drive [ 33 ] [ 0 ] [ 1603 1559 1898 ] [   43   40   19 ] [  12416   5259   9677 ] [ 0 ],1.10,1.10,1.10,1.10,-2.43,19.58,0.00,0.00,0.00,0.00,0.00,0.00,0.00,0.00,0.00,0.00,0.00,0.00,0.00,0.00,0.00,0
3.02773,-3,18,83,0,DRIVE [ 34 ] [ 1 ] [ 1614 1485 1898 ] [    0    0    0 ] [      0      0      0 ] [ 0 ],drive [ 33 ] [ 0 ] [ 1609 1521 1898 ] [   43   40   19 ] [  12416   5259   9677 ] [ 0 ],1.10,1.10,1.10,1.10,-3.55,20.23,0.00,0.00,0.00,0.00,0.00,0.00,0.00,0.00,0.00,0.00,0.00,0.00,0.00,0.00,0.00,0
3.03796,-4,19,82,0,DRIVE [ 34 ] [ 1 ] [ 1617 1449 1898 ] [    0    0    0 ] [      0      0      0 ] [ 0 ],drive [ 34 ] [ 0 ] [ 1614 1485 1898 ] [   43   40   19 ] [  12416   5259   9677 ] [ 0 ],1.10,1.10,1.10,1.10,-4.59,20.85,0.00,0.00,0.00,0.00,0.00,0.00,0.00,0.00,0.00,0.00,0.00,0.00,0.00,0.00,0.00,0
3.04826,-5,19,82,0,DRIVE [ 35 ] [ 1 ] [ 1619 1417 1898 ] [    0    0    0 ] [      0      0      0 ] [ 0 ],drive [ 34 ] [ 0 ] [ 1617 1449 1898 ] [   43   40   19 ] [  12208   5445   9677 ] [ 0 ],1.10,1.10,1.10,1.10,-5.49,21.45,0.00,0.00,0.00,0.00,0.00,0.00,0.00,0.00,0.00,0.00,0.00,0.00,0.00,0.00,0.00,0
3.05952,-6,20,81,0,DRIVE [ 35 ] [ 1 ] [ 1619 1390 1898 ] [    0    0    0 ] [      0      0      0 ] [ 0 ],drive [ 35 ] [ 0 ] [ 1619 1417 1898 ] [   42   58   19 ] [  12208   5445   9677 ] [ 0 ],1.10,1.10,1.10,1.10,-6.16,21.99,0.00,0.00,0.00,0.00,0.00,0.00,0.00,0.00,0.00,0.00,0.00,0.00,0.00,0.00,0.00,0
3.07159,-6,20,81,0,DRIVE [ 36 ] [ 1 ] [ 1616 1370 1898 ] [    0    0    0 ] [      0      0      0 ] [ 0 ],drive [ 35 ] [ 0 ] [ 1619 1390 1898 ] [   42   58   19 ] [  12208   5445   9677 ] [ 0 ],1.10,1.10,1.10,1.10,-6.63,22.46,0.00,0.00,0.00,0.00,0.00,0.00,0.00,0.00,0.00,0.00,0.00,0.00,0.00,0.00,0.00,0
3.08359,-6,21,81,0,DRIVE [ 36 ] [ 1 ] [ 1613 1353 1898 ] [    0    0    0 ] [      0      0      0 ] [ 0 ],drive [ 36 ] [ 0 ] [ 1616 1370 1898 ] [   42   58   19 ] [  12208   5445   9677 ] [ 0 ],1.10,1.10,1.10,1.10,-6.95,22.89,0.00,0.00,0.00,0.00,0.00,0.00,0.00,0.00,0.00,0.00,0.00,0.00,0.00,0.00,0.00,0
3.09395,-7,21,80,0,DRIVE [ 37 ] [ 1 ] [ 1610 1340 1898 ] [    0    0    0 ] [      0      0      0 ] [ 0 ],drive [ 36 ] [ 0 ] [ 1613 1353 1898 ] [   42   58   19 ] [  11884   5937   9677 ] [ 0 ],1.10,1.10,1.10,1.10,-7.20,23.23,0.00,0.00,0.00,0.00,0.00,0.00,0.00,0.00,0.00,0.00,0.00,0.00,0.00,0.00,0.00,0
3.10425,-7,21,80,0,DRIVE [ 37 ] [ 1 ] [ 1608 1327 1898 ] [    0    0    0 ] [      0      0      0 ] [ 0 ],drive [ 37 ] [ 0 ] [ 1610 1340 1898 ] [   54   73   20 ] [  11884   5937   9677 ] [ 0 ],1.10,1.10,1.10,1.10,-7.47,23.49,0.00,0.00,0.00,0.00,0.00,0.00,0.00,0.00,0.00,0.00,0.00,0.00,0.00,0.00,0.00,0
3.1155,-7,22,80,0,DRIVE [ 38 ] [ 1 ] [ 1608 1313 1898 ] [    0    0    0 ] [      0      0      0 ] [ 0 ],drive [ 37 ] [ 0 ] [ 1608 1327 1898 ] [   54   73   20 ] [  11884   5937   9677 ] [ 0 ],1.10,1.10,1.10,1.10,-7.80,23.71,0.00,0.00,0.00,0.00,0.00,0.00,0.00,0.00,0.00,0.00,0.00,0.00,0.00,0.00,0.00,0
3.12936,-7,22,80,0,DRIVE [ 38 ] [ 1 ] [ 1610 1298 1898 ] [    0    0    0 ] [      0      0      0 ] [ 0 ],drive [ 38 ] [ 0 ] [ 1608 1313 1898 ] [   54   73   20 ] [  11884   5937   9677 ] [ 0 ],1.10,1.10,1.10,1.10,-8.24,23.87,0.00,0.00,0.00,0.00,0.00,0.00,0.00,0.00,0.00,0.00,0.00,0.00,0.00,0.00,0.00,0
3.13996,-8,22,79,0,DRIVE [ 39 ] [ 1 ] [ 1615 1280 1898 ] [    0    0    0 ] [      0      0      0 ] [ 0 ],drive [ 38 ] [ 0 ] [ 1610 1298 1898 ] [   54   73   20 ] [  11846   6117   9677 ] [ 0 ],1.10,1.10,1.10,1.10,-8.79,23.98,0.00,0.00,0.00,0.00,0.00,0.00,0.00,0.00,0.00,0.00,0.00,0.00,0.00,0.00,0.00,0
3.15142,-9,22,79,0,DRIVE [ 39 ] [ 1 ] [ 1621 1260 1898 ] [    0    0    0 ] [      0      0      0 ] [ 0 ],drive [ 39 ] [ 0 ] [ 1615 1280 1898 ] [   54   73   20 ] [  11846   6117   9677 ] [ 0 ],1.10,1.10,1.10,1.10,-9.43,24.07,0.00,0.00,0.00,0.00,0.00,0.00,0.00,0.00,0.00,0.00,0.00,0.00,0.00,0.00,0.00,0
3.16276,-9,22,78,0,DRIVE [ 40 ] [ 1 ] [ 1629 1239 1898 ] [    0    0    0 ] [      0      0      0 ] [ 0 ],drive [ 39 ] [ 0 ] [ 1621 1260 1898 ] [   53   56   20 ] [  11846   6117   9677 ] [ 0 ],1.10,1.10,1.10,1.10,-10.08,24.09,0.00,0.00,0.00,0.00,0.00,0.00,0.00,0.00,0.00,0.00,0.00,0.00,0.00,0.00,0.00,0
3.17303,-10,22,78,0,DRIVE [ 40 ] [ 1 ] [ 1637 1222 1898 ] [    0    0    0 ] [      0      0      0 ] [ 0 ],drive [ 40 ] [ 0 ] [ 1629 1239 1898 ] [   53   56   20 ] [  11846   6117   9677 ] [ 0 ],1.10,1.10,1.10,1.10,-10.67,24.05,0.00,0.00,0.00,0.00,0.00,0.00,0.00,0.00,0.00,0.00,0.00,0.00,0.00,0.00,0.00,0
3.18367,-10,22,78,0,DRIVE [ 41 ] [ 1 ] [ 1645 1208 1898 ] [    0    0    0 ] [      0      0      0 ] [ 0 ],drive [ 40 ] [ 0 ] [ 1637 1222 1898 ] [   53   56   20 ] [  11846   6117   9677 ] [ 0 ],1.10,1.10,1.10,1.10,-11.16,23.88,0.00,0.00,0.00,0.00,0.00,0.00,0.00,0.00,0.00,0.00,0.00,0.00,0.00,0.00,0.00,0
3.19692,-10,21,77,0,DRIVE [ 41 ] [ 1 ] [ 1653 1203 1898 ] [    0    0    0 ] [      0      0      0 ] [ 0 ],drive [ 41 ] [ 0 ] [ 1645 1208 1898 ] [   53   56   20 ] [  11824   6265   9677 ] [ 0 ],1.10,1.10,1.10,1.10,-11.43,23.53,0.00,0.00,0.00,0.00,0.00,0.00,0.00,0.00,0.00,0.00,0.00,0.00,0.00,0.00,0.00,0
3.20777,-10,21,77,0,DRIVE [ 42 ] [ 1 ] [ 1660 1209 1898 ] [    0    0    0 ] [      0      0      0 ] [ 0 ],drive [ 41 ] [ 0 ] [ 1653 1203 1898 ] [   46   74   19 ] [  11824   6265   9677 ] [ 0 ],1.10,1.10,1.10,1.10,-11.38,23.01,0.00,0.00,0.00,0.00,0.00,0.00,0.00,0.00,0.00,0.00,0.00,0.00,0.00,0.00,0.00,0
3.21958,-10,20,77,0,DRIVE [ 42 ] [ 1 ] [ 1665 1227 1898 ] [    0    0    0 ] [      0      0      0 ] [ 0 ],drive [ 42 ] [ 0 ] [ 1660 1209 1898 ] [   46   74   19 ] [  11824   6265   9677 ] [ 0 ],1.10,1.10,1.10,1.10,-11.02,22.37,0.00,0.00,0.00,0.00,0.00,0.00,0.00,0.00,0.00,0.00,0.00,0.00,0.00,0.00,0.00,0
3.2304,-9,20,77,0,DRIVE [ 43 ] [ 1 ] [ 1669 1255 1898 ] [    0    0    0 ] [      0      0      0 ] [ 0 ],drive [ 42 ] [ 0 ] [ 1665 1227 1898 ] [   46   74   19 ] [  11824   6265   9677 ] [ 0 ],1.10,1.10,1.10,1.10,-10.38,21.60,0.00,0.00,0.00,0.00,0.00,0.00,0.00,0.00,0.00,0.00,0.00,0.00,0.00,0.00,0.00,0
3.24138,-9,19,77,0,DRIVE [ 43 ] [ 1 ] [ 1671 1288 1898 ] [    0    0    0 ] [      0      0      0 ] [ 0 ],drive [ 43 ] [ 0 ] [ 1669 1255 1898 ] [   46   74   19 ] [  11667   6781   9676 ] [ 0 ],1.10,1.10,1.10,1.10,-9.59,20.81,0.00,0.00,0.00,0.00,0.00,0.00,0.00,0.00,0.00,0.00,0.00,0.00,0.00,0.00,0.00,0
3.25164,-8,18,76,0,DRIVE [ 44 ] [ 1 ] [ 1672 1325 1898 ] [    0    0    0 ] [      0      0      0 ] [ 0 ],drive [ 43 ] [ 0 ] [ 1671 1288 1898 ] [   46   74   19 ] [  11667   6781   9676 ] [ 0 ],1.10,1.10,1.10,1.10,-8.66,19.97,0.00,0.00,0.00,0.00,0.00,0.00,0.00,0.00,0.00,0.00,0.00,0.00,0.00,0.00,0.00,0
3.26473,-7,17,76,0,DRIVE [ 44 ] [ 1 ] [ 1671 1363 1898 ] [    0    0    0 ] [      0      0      0 ] [ 0 ],drive [ 44 ] [ 0 ] [ 1672 1325 1898 ] [   31   78   19 ] [  11667   6781   9676 ] [ 0 ],1.10,1.10,1.10,1.10,-7.66,19.18,0.00,0.00,0.00,0.00,0.00,0.00,0.00,0.00,0.00,0.00,0.00,0.00,0.00,0.00,0.00,0
3.27609,-6,17,76,0,DRIVE [ 45 ] [ 1 ] [ 1668 1400 1898 ] [    0    0    0 ] [      0      0      0 ] [ 0 ],drive [ 44 ] [ 0 ] [ 1671 1363 1898 ] [   31   78   19 ] [  11667   6781   9676 ] [ 0 ],1.10,1.10,1.10,1.10,-6.65,18.45,0.00,0.00,0.00,0.00,0.00,0.00,0.00,0.00,0.00,0.00,0.00,0.00,0.00,-0.00,0.00,0
3.28565,-5,16,75,0,DRIVE [ 45 ] [ 1 ] [ 1664 1437 1898 ] [    0    0    0 ] [      0      0      0 ] [ 0 ],drive [ 45 ] [ 0 ] [ 1668 1400 1898 ] [   31   78   19 ] [  11667   6781   9676 ] [ 0 ],1.10,1.10,1.10,1.10,-5.61,17.75,0.00,0.00,0.00,0.00,0.00,0.00,0.00,0.00,0.00,0.00,0.00,0.00,0.00,-0.00,0.00,0
3.29557,-4,16,75,0,DRIVE [ 46 ] [ 1 ] [ 1658 1475 1898 ] [    0    0    0 ] [      0      0      0 ] [ 0 ],drive [ 45 ] [ 0 ] [ 1664 1437 1898 ] [   31   78   19 ] [  11464   6831   9678 ] [ 0 ],1.10,1.10,1.10,1.10,-4.53,17.07,0.00,0.00,0.00,0.00,0.00,0.00,0.00,0.00,0.00,0.00,0.00,0.00,0.00,-0.00,0.00,0
3.30773,-3,15,75,0,DRIVE [ 46 ] [ 1 ] [ 1650 1514 1898 ] [    0    0    0 ] [      0      0      0 ] [ 0 ],drive [ 46 ] [ 0 ] [ 1658 1475 1898 ] [   33   62   21 ] [  11464   6831   9678 ] [ 0 ],1.10,1.10,1.10,1.10,-3.36,16.38,0.00,0.00,0.00,0.00,0.00,0.00,0.00,0.00,0.00,0.00,0.00,0.00,0.00,-0.00,0.00,0
3.31944,-2,14,74,0,DRIVE [ 47 ] [ 1 ] [ 1641 1553 1898 ] [    0    0    0 ] [      0      0      0 ] [ 0 ],drive [ 46 ] [ 0 ] [ 1650 1514 1898 ] [   33   62   21 ] [  11464   6831   9678 ] [ 0 ],1.10,1.10,1.10,1.10,-2.15,15.66,0.00,0.00,0.00,0.00,0.00,0.00,0.00,0.00,0.00,0.00,0.00,0.00,0.00,-0.00,0.00,0
3.33147,-1,14,74,0,DRIVE [ 47 ] [ 1 ] [ 1631 1593 1898 ] [    0    0    0 ] [      0      0      0 ] [ 0 ],drive [ 47 ] [ 0 ] [ 1641 1553 1898 ] [   33   62   21 ] [  11464   6831   9678 ] [ 0 ],1.10,1.10,1.10,1.10,-0.90,14.91,0.00,0.00,0.00,0.00,0.00,0.00,0.00,0.00,0.00,0.00,0.00,0.00,0.00,-0.00,0.00,0
3.34406,0,13,73,0,DRIVE [ 48 ] [ 1 ] [ 1618 1632 1898 ] [    0    0    0 ] [      0      0      0 ] [ 0 ],drive [ 47 ] [ 0 ] [ 1631 1593 1898 ] [   33   62   21 ] [  11444   6818   9678 ] [ 0 ],1.10,1.10,1.10,1.10,0.36,14.16,0.00,0.00,0.00,0.00,0.00,0.00,0.00,0.00,0.00,0.00,0.00,0.00,-0.00,-0.00,0.00,0
3.35368,1,12,73,0,DRIVE [ 48 ] [ 1 ] [ 1602 1670 1898 ] [    0    0    0 ] [      0      0      0 ] [ 0 ],drive [ 48 ] [ 0 ] [ 1618 1632 1898 ] [   33   32   19 ] [  11444   6818   9678 ] [ 0 ],1.10,1.10,1.10,1.10,1.63,13.40,0.00,0.00,0.00,0.00,0.00,0.00,0.00,0.00,0.00,0.00,0.00,0.00,-0.00,-0.00,0.00,0
3.36358,3,12,72,0,DRIVE [ 49 ] [ 1 ] [ 1582 1705 1898 ] [    0    0    0 ] [      0      0      0 ] [ 0 ],drive [ 48 ] [ 0 ] [ 1602 1670 1898 ] [   33   32   19 ] [  11444   6818   9678 ] [ 0 ],1.10,1.10,1.10,1.10,2.91,12.70,0.00,0.00,0.00,0.00,0.00,0.00,0.00,0.00,0.00,0.00,0.00,0.00,-0.00,-0.00,0.00,0
3.3753,4,11,72,0,DRIVE [ 49 ] [ 1 ] [ 1557 1737 1898 ] [    0    0    0 ] [      0      0      0 ] [ 0 ],drive [ 49 ] [ 0 ] [ 1582 1705 1898 ] [   33   32   19 ] [  11444   6818   9678 ] [ 0 ],1.10,1.10,1.10,1.10,4.20,12.03,0.00,0.00,0.00,0.00,0.00,0.00,0.00,0.00,0.00,0.00,0.00,0.00,-0.00,-0.00,0.00,0
3.3873,5,10,71,0,DRIVE [ 50 ] [ 1 ] [ 1525 1766 1898 ] [    0    0    0 ] [      0      0      0 ] [ 0 ],drive [ 49 ] [ 0 ] [ 1557 1737 1898 ] [   33   32   19 ] [  11444   6818   9678 ] [ 0 ],1.10,1.10,1.10,1.10,5.47,11.46,0.00,0.00,0.00,0.00,0.00,0.00,0.00,0.00,0.00,0.00,0.00,0.00,-0.00,-0.00,0.00,0
3.39928,6,10,70,0,DRIVE [ 50 ] [ 1 ] [ 1489 1792 1898 ] [    0    0    0 ] [      0      0      0 ] [ 0 ],drive [ 50 ] [ 0 ] [ 1525 1766 1898 ] [   33   32   19 ] [  11447   6736   9678 ] [ 0 ],1.10,1.10,1.10,1.10,6.69,10.96,0.00,0.00,0.00,0.00,0.00,0.00,0.00,0.00,0.00,0.00,0.00,0.00,-0.00,-0.00,0.00,0
3.41163,7,10,70,0,DRIVE [ 51 ] [ 1 ] [ 1450 1813 1898 ] [    0    0    0 ] [      0      0      0 ] [ 0 ],drive [ 50 ] [ 0 ] [ 1489 1792 1898 ] [   38   39   20 ] [  11447   6736   9678 ] [ 0 ],1.10,1.10,1.10,1.10,7.82,10.60,0.00,0.00,0.00,0.00,0.00,0.00,0.00,0.00,0.00,0.00,0.00,0.00,-0.00,-0.00,0.00,0
3.42107,8,9,69,0,DRIVE [ 51 ] [ 1 ] [ 1411 1830 1898 ] [    0    0    0 ] [      0      0      0 ] [ 0 ],drive [ 51 ] [ 0 ] [ 1450 1813 1898 ] [   38   39   20 ] [  11447   6736   9678 ] [ 0 ],1.10,1.10,1.10,1.10,8.81,10.34,0.00,0.00,0.00,0.00,0.00,0.00,0.00,0.00,0.00,0.00,0.00,0.00,0.00,0.00,0.00,0
3.43124,9,9,68,0,DRIVE [ 52 ] [ 1 ] [ 1372 1842 1898 ] [    0    0    0 ] [      0      0      0 ] [ 0 ],drive [ 51 ] [ 0 ] [ 1411 1830 1898 ] [   38   39   20 ] [  11447   6736   9678 ] [ 0 ],1.10,1.10,1.10,1.10,9.68,10.24,0.00,0.00,0.00,0.00,0.00,0.00,0.00,0.00,0.00,0.00,0.00,0.00,0.00,0.00,0.00,0
3.44361,9,9,68,0,DRIVE [ 52 ] [ 1 ] [ 1334 1852 1898 ] [    0    0    0 ] [      0      0      0 ] [ 0 ],drive [ 52 ] [ 0 ] [ 1372 1842 1898 ] [   38   39   20 ] [  11481   6267   9679 ] [ 0 ],1.10,1.10,1.10,1.10,10.44,10.23,0.00,0.00,0.00,0.00,0.00,0.00,0.00,0.00,0.00,0.00,0.00,0.00,0.00,0.00,0.00,0
3.45536,10,9,67,0,DRIVE [ 53 ] [ 1 ] [ 1297 1858 1898 ] [    0    0    0 ] [      0      0      0 ] [ 0 ],drive [ 52 ] [ 0 ] [ 1334 1852 1898 ] [   68    8   20 ] [  11481   6267   9679 ] [ 0 ],1.10,1.10,1.10,1.10,11.11,10.31,0.00,0.00,0.00,0.00,0.00,0.00,0.00,0.00,0.00,0.00,0.00,0.00,0.00,0.00,0.00,0
3.46711,11,10,66,0,DRIVE [ 53 ] [ 1 ] [ 1261 1863 1898 ] [    0    0    0 ] [      0      0      0 ] [ 0 ],drive [ 53 ] [ 0 ] [ 1297 1858 1898 ] [   68    8   20 ] [  11481   6267   9679 ] [ 0 ],1.10,1.10,1.10,1.10,11.75,10.46,0.00,0.00,0.00,0.00,0.00,0.00,0.00,0.00,0.00,0.00,0.00,0.00,0.00,0.00,0.00,0
3.47737,11,10,65,0,DRIVE [ 54 ] [ 1 ] [ 1222 1870 1898 ] [    0    0    0 ] [      0      0      0 ] [ 0 ],drive [ 53 ] [ 0 ] [ 1261 1863 1898 ] [   68    8   20 ] [  11481   6267   9679 ] [ 0 ],1.10,1.10,1.10,1.10,12.41,10.58,0.00,0.00,0.00,0.00,0.00,0.00,0.00,0.00,0.00,0.00,0.00,0.00,0.00,0.00,0.00,0
3.48704,12,10,65,0,DRIVE [ 54 ] [ 1 ] [ 1179 1879 1898 ] [    0    0    0 ] [      0      0      0 ] [ 0 ],drive [ 54 ] [ 0 ] [ 1222 1870 1898 ] [   68    8   20 ] [  11481   6267   9679 ] [ 0 ],1.10,1.10,1.10,1.10,13.19,10.62,0.00,0.00,0.00,0.00,0.00,0.00,0.00,0.00,0.00,0.00,0.00,0.00,0.00,0.00,0.00,0
3.49915,13,10,64,0,DRIVE [ 55 ] [ 1 ] [ 1134 1889 1898 ] [    0    0    0 ] [      0      0      0 ] [ 0 ],drive [ 54 ] [ 0 ] [ 1179 1879 1898 ] [   68    8   20 ] [  11656   5987   9679 ] [ 0 ],1.10,1.10,1.10,1.10,14.00,10.62,0.00,0.00,0.00,0.00,0.00,0.00,0.00,0.00,0.00,0.00,0.00,0.00,0.00,0.00,0.00,0
3.51181,13,10,63,0,DRIVE [ 55 ] [ 1 ] [ 1088 1902 1898 ] [    0    0    0 ] [      0      0      0 ] [ 0 ],drive [ 55 ] [ 0 ] [ 1134 1889 1898 ] [   81   20   21 ] [  11656   5987   9679 ] [ 0 ],1.10,1.10,1.10,1.10,14.82,10.55,0.00,0.00,0.00,0.00,0.00,0.00,0.00,0.00,0.00,0.00,0.00,0.00,0.00,0.00,0.00,0
3.52346,14,9,63,0,DRIVE [ 56 ] [ 1 ] [ 1060 1902 1897 ] [    0    0    0 ] [      0      0      0 ] [ 0 ],drive [ 55 ] [ 0 ] [ 1088 1902 1898 ] [   81   20   21 ] [  11656   5987   9679 ] [ 0 ],1.10,1.10,1.10,1.10,15.60,10.44,0.00,0.00,0.00,0.00,0.00,0.00,0.00,0.00,0.00,0.00,0.00,0.00,0.00,0.00,0.00,0
3.5354,15,9,62,0,DRIVE [ 56 ] [ 1 ] [ 1040 1902 1885 ] [    0    0    0 ] [      0      0      0 ] [ 0 ],drive [ 56 ] [ 0 ] [ 1060 1902 1897 ] [   81   20   21 ] [  11656   5987   9679 ] [ 0 ],1.10,1.10,1.10,1.10,16.36,10.30,0.00,0.00,0.00,0.00,0.00,0.00,0.00,0.00,0.00,0.00,0.00,0.00,0.00,0.00,0.00,0
3.54515,16,9,62,0,DRIVE [ 57 ] [ 1 ] [ 1025 1902 1874 ] [    0    0    0 ] [      0      0      0 ] [ 0 ],drive [ 56 ] [ 0 ] [ 1040 1902 1885 ] [   81   20   21 ] [  11964   5920   9673 ] [ 0 ],1.10,1.10,1.10,1.10,17.10,10.17,0.00,0.00,0.00,0.00,0.00,0.00,0.00,0.00,0.00,0.00,0.00,0.00,0.00,0.00,0.00,0
3.55526,16,9,61,0,DRIVE [ 57 ] [ 1 ] [ 1025 1902 1863 ] [    0    0    0 ] [      0      0      0 ] [ 0 ],drive [ 57 ] [ 0 ] [ 1025 1902 1874 ] [   84   18   15 ] [  11964   5920   9673 ] [ 0 ],1.10,1.10,1.10,1.10,17.79,10.02,0.00,0.00,0.00,0.00,0.00,0.00,0.00,0.00,0.00,0.00,0.00,0.00,0.00,0.00,0.00,0
3.57097,17,9,61,0,DRIVE [ 58 ] [ 1 ] [ 1025 1902 1851 ] [    0    0    0 ] [      0      0      0 ] [ 0 ],drive [ 57 ] [ 0 ] [ 1025 1902 1863 ] [   84   18   15 ] [  11964   5920   9673 ] [ 0 ],1.10,1.10,1.10,1.10,18.46,9.84,0.00,0.00,0.00,0.00,0.00,0.00,0.00,0.00,0.00,0.00,0.00,0.00,0.00,0.00,0.00,0
3.5806,17,9,60,0,DRIVE [ 58 ] [ 1 ] [ 1025 1902 1840 ] [    0    0    0 ] [      0      0      0 ] [ 0 ],drive [ 58 ] [ 0 ] [ 1025 1902 1851 ] [   84   18   15 ] [  11964   5920   9673 ] [ 0 ],1.10,1.10,1.10,1.10,19.02,9.62,0.00,0.00,0.00,0.00,0.00,0.00,0.00,0.00,0.00,0.00,0.00,0.00,0.00,0.00,0.00,0
3.5928,18,9,59,0,DRIVE [ 59 ] [ 1 ] [ 1025 1902 1830 ] [    0    0    0 ] [      0      0      0 ] [ 0 ],drive [ 58 ] [ 0 ] [ 1025 1902 1840 ] [   84   18   15 ] [  12212   5791   9629 ] [ 0 ],1.10,1.10,1.10,1.10,19.39,9.36,0.00,0.00,0.00,0.00,0.00,0.00,0.00,0.00,0.00,0.00,0.00,0.00,0.00,0.00,0.00,0
3.60355,18,8,59,0,DRIVE [ 59 ] [ 1 ] [ 1025 1902 1822 ] [    0    0    0 ] [      0      0      0 ] [ 0 ],drive [ 59 ] [ 0 ] [ 1025 1902 1830 ] [   84   18   15 ] [  12212   5791   9629 ] [ 0 ],1.10,1.10,1.10,1.10,19.57,9.09,0.00,0.00,0.00,0.00,0.00,0.00,0.00,0.00,0.00,0.00,0.00,0.00,0.00,0.00,0.00,0
3.61315,18,8,58,0,DRIVE [ 60 ] [ 1 ] [ 1025 1902 1817 ] [    0    0    0 ] [      0      0      0 ] [ 0 ],drive [ 59 ] [ 0 ] [ 1025 1902 1822 ] [  110   21   24 ] [  12212   5791   9629 ] [ 0 ],1.10,1.10,1.10,1.10,19.56,8.83,0.00,0.00,0.00,0.00,0.00,0.00,0.00,0.00,0.00,0.00,0.00,0.00,0.00,0.00,0.00,0
3.62309,18,8,58,0,DRIVE [ 60 ] [ 1 ] [ 1025 1902 1813 ] [    0    0    0 ] [      0      0      0 ] [ 0 ],drive [ 60 ] [ 0 ] [ 1025 1902 1817 ] [  110   21   24 ] [  12212   5791   9629 ] [ 0 ],1.10,1.10,1.10,1.10,19.42,8.59,0.00,0.00,0.00,0.00,0.00,0.00,0.00,0.00,0.00,0.00,0.00,0.00,0.00,0.00,0.00,0
3.63554,18,8,57,0,DRIVE [ 61 ] [ 1 ] [ 1025 1902 1810 ] [    0    0    0 ] [      0      0      0 ] [ 0 ],drive [ 60 ] [ 0 ] [ 1025 1902 1813 ] [  110   21   24 ] [  12212   5791   9629 ] [ 0 ],1.10,1.10,1.10,1.10,19.26,8.34,0.00,0.00,0.00,0.00,0.00,0.00,0.00,0.00,0.00,0.00,0.00,0.00,0.00,0.00,0.00,0
3.64714,17,7,57,0,DRIVE [ 61 ] [ 1 ] [ 1025 1902 1806 ] [    0    0    0 ] [      0      0      0 ] [ 0 ],drive [ 61 ] [ 0 ] [ 1025 1902 1810 ] [  110   21   24 ] [  12398   5637   9611 ] [ 0 ],1.10,1.10,1.10,1.10,19.08,8.09,0.00,0.00,0.00,0.00,0.00,0.00,0.00,0.00,0.00,0.00,0.00,0.00,0.00,0.00,0.00,0
3.65973,17,7,56,0,DRIVE [ 62 ] [ 1 ] [ 1025 1902 1803 ] [    0    0    0 ] [      0      0      0 ] [ 0 ],drive [ 61 ] [ 0 ] [ 1025 1902 1806 ] [   91    6   26 ] [  12398   5637   9611 ] [ 0 ],1.10,1.10,1.10,1.10,18.89,7.84,0.00,0.00,0.00,0.00,0.00,0.00,0.00,0.00,0.00,0.00,0.00,0.00,0.00,0.00,0.00,0
3.66974,17,7,56,0,DRIVE [ 62 ] [ 1 ] [ 1025 1902 1800 ] [    0    0    0 ] [      0      0      0 ] [ 0 ],drive [ 62 ] [ 0 ] [ 1025 1902 1803 ] [   91    6   26 ] [  12398   5637   9611 ] [ 0 ],1.10,1.10,1.10,1.10,18.67,7.60,0.00,0.00,0.00,0.00,0.00,0.00,0.00,0.00,0.00,0.00,0.00,0.00,0.00,0.00,0.00,0
3.67921,17,7,55,0,DRIVE [ 63 ] [ 1 ] [ 1025 1902 1799 ] [    0    0    0 ] [      0      0      0 ] [ 0 ],drive [ 62 ] [ 0 ] [ 1025 1902 1800 ] [   91    6   26 ] [  12398   5637   9611 ] [ 0 ],1.10,1.10,1.10,1.10,18.40,7.38,0.00,0.00,0.00,0.00,0.00,0.00,0.00,0.00,0.00,0.00,0.00,0.00,0.00,0.00,0.00,0
3.69122,16,7,54,0,DRIVE [ 63 ] [ 1 ] [ 1025 1902 1798 ] [    0    0    0 ] [      0      0      0 ] [ 0 ],drive [ 63 ] [ 0 ] [ 1025 1902 1799 ] [   91    6   26 ] [  12399   5601   9612 ] [ 0 ],1.10,1.10,1.10,1.10,18.04,7.17,0.00,0.00,0.00,0.00,0.00,0.00,0.00,0.00,0.00,0.00,0.00,0.00,0.00,0.00,0.00,0
3.70358,16,6,54,0,DRIVE [ 64 ] [ 1 ] [ 1025 1902 1798 ] [    0    0    0 ] [      0      0      0 ] [ 0 ],drive [ 63 ] [ 0 ] [ 1025 1902 1798 ] [   91    6   26 ] [  12399   5601   9612 ] [ 0 ],1.10,1.10,1.10,1.10,17.63,6.94,0.00,0.00,0.00,0.00,0.00,0.00,0.00,0.00,0.00,0.00,0.00,0.00,0.00,0.00,0.00,0
3.71534,16,6,53,0,DRIVE [ 64 ] [ 1 ] [ 1033 1902 1799 ] [    0    0    0 ] [      0      0      0 ] [ 0 ],drive [ 64 ] [ 0 ] [ 1025 1902 1798 ] [   92   24   27 ] [  12399   5601   9612 ] [ 0 ],1.10,1.10,1.10,1.10,17.16,6.73,0.00,0.00,0.00,0.00,0.00,0.00,0.00,0.00,0.00,0.00,0.00,0.00,0.00,0.00,0.00,0
3.72729,15,6,53,0,DRIVE [ 65 ] [ 1 ] [ 1049 1902 1801 ] [    0    0    0 ] [      0      0      0 ] [ 0 ],drive [ 64 ] [ 0 ] [ 1033 1902 1799 ] [   92   24   27 ] [  12399   5601   9612 ] [ 0 ],1.10,1.10,1.10,1.10,16.63,6.53,0.00,0.00,0.00,0.00,0.00,0.00,0.00,0.00,0.00,0.00,0.00,0.00,0.00,0.00,0.00,0
3.73727,15,6,52,0,DRIVE [ 65 ] [ 1 ] [ 1066 1902 1805 ] [    0    0    0 ] [      0      0      0 ] [ 0 ],drive [ 65 ] [ 0 ] [ 1049 1902 1801 ] [   92   24   27 ] [  12399   5601   9612 ] [ 0 ],1.10,1.10,1.10,1.10,16.04,6.36,0.00,0.00,0.00,0.00,0.00,0.00,0.00,0.00,0.00,0.00,0.00,0.00,0.00,0.00,0.00,0
3.74748,14,6,51,0,DRIVE [ 66 ] [ 1 ] [ 1085 1902 1809 ] [    0    0    0 ] [      0      0      0 ] [ 0 ],drive [ 65 ] [ 0 ] [ 1066 1902 1805 ] [   92   24   27 ] [  12403   5583   9612 ] [ 0 ],1.10,1.10,1.10,1.10,15.41,6.19,0.00,0.00,0.00,0.00,0.00,0.00,0.00,0.00,0.00,0.00,0.00,0.00,-0.00,-0.00,0.00,0
3.76019,13,5,51,0,DRIVE [ 66 ] [ 1 ] [ 1105 1902 1815 ] [    0    0    0 ] [      0      0      0 ] [ 0 ],drive [ 66 ] [ 0 ] [ 1085 1902 1809 ] [   89   21   26 ] [  12403   5583   9612 ] [ 0 ],1.10,1.10,1.10,1.10,14.74,6.04,0.00,0.00,0.00,0.00,0.00,0.00,0.00,0.00,0.00,0.00,0.00,0.00,-0.00,-0.00,0.00,0
3.77159,13,5,50,0,DRIVE [ 67 ] [ 1 ] [ 1126 1902 1821 ] [    0    0    0 ] [      0      0      0 ] [ 0 ],drive [ 66 ] [ 0 ] [ 1105 1902 1815 ] [   89   21   26 ] [  12403   5583   9612 ] [ 0 ],1.10,1.10,1.10,1.10,14.04,5.90,0.00,0.00,0.00,0.00,0.00,0.00,0.00,0.00,0.00,0.00,0.00,0.00,-0.00,-0.00,0.00,0
3.78334,12,5,50,0,DRIVE [ 67 ] [ 1 ] [ 1149 1902 1828 ] [    0    0    0 ] [      0      0      0 ] [ 0 ],drive [ 67 ] [ 0 ] [ 1126 1902 1821 ] [   89   21   26 ] [  12403   5583   9612 ] [ 0 ],1.10,1.10,1.10,1.10,13.32,5.76,0.00,0.00,0.00,0.00,0.00,0.00,0.00,0.00,0.00,0.00,0.00,0.00,-0.00,-0.00,0.00,0
3.79322,11,5,49,0,DRIVE [ 68 ] [ 1 ] [ 1173 1902 1834 ] [    0    0    0 ] [      0      0      0 ] [ 0 ],drive [ 67 ] [ 0 ] [ 1149 1902 1828 ] [   89   21   26 ] [  12401   5568   9612 ] [ 0 ],1.10,1.10,1.10,1.10,12.62,5.60,0.00,0.00,0.00,0.00,0.00,0.00,0.00,0.00,0.00,0.00,0.00,0.00,-0.00,-0.00,0.00,0
3.80335,11,5,49,0,DRIVE [ 68 ] [ 1 ] [ 1197 1902 1840 ] [    0    0    0 ] [      0      0      0 ] [ 0 ],drive [ 68 ] [ 0 ] [ 1173 1902 1834 ] [   80   18   24 ] [  12401   5568   9612 ] [ 0 ],1.10,1.10,1.10,1.10,11.96,5.43,0.00,0.00,0.00,0.00,0.00,0.00,0.00,0.00,0.00,0.00,0.00,0.00,-0.00,-0.00,0.00,0
3.81526,10,5,48,1,DRIVE [ 69 ] [ 1 ] [ 1223 1902 1845 ] [    0    0    0 ] [      0      0      0 ] [ 0 ],drive [ 68 ] [ 0 ] [ 1197 1902 1840 ] [   80   18   24 ] [  12401   5568   9612 ] [ 0 ],1.10,1.10,1.10,1.10,11.32,5.24,0.00,0.00,0.00,0.00,0.00,0.00,0.00,0.00,0.00,0.00,0.00,0.00,-0.00,-0.00,0.00,0
