timestamp,Xmm,Ymm,Zmm,TouchDetected,OutgoingPacket,IncomingPacket,GainPropAb, GainPropAd, GainPropFl, GainPropEx,PropA, PropB, PropC,GainIntegAb, GainIntegAd, GainIntegFl, GainIntegEx,IntegA, IntegB, IntegC,GainDerivAb, GainDerivAd, GainDerivFl, GainDerivEx,DerivA, DerivB, DerivC,Heading5
0.0058063,-25,82,498,0,DRIVE [ 44 ] [ 1 ] [ 1717 1546 1620 ] [    0    0    0 ] [      0      0      0 ] [ 0 ],drive [ 43 ] [ 0 ] [ 1716 1546 1620 ] [   34   38   44 ] [   9606   6459  11437 ] [ 0 ],1.10,1.10,1.10,1.10,-27.82,89.76,0.00,0.00,0.00,0.00,0.00,0.00,0.00,0.00,0.00,0.00,0.00,0.00,0.00,0.00,0.00,0
0.0221541,-26,85,522,0,DRIVE [ 44 ] [ 1 ] [ 1719 1548 1620 ] [    0    0    0 ] [      0      0      0 ] [ 0 ],drive [ 44 ] [ 0 ] [ 1717 1546 1620 ] [   34   38   44 ] [   9605   6459  11437 ] [ 0 ],1.10,1.10,1.10,1.10,-29.13,93.53,0.00,0.00,0.00,0.00,0.00,0.00,0.00,0.00,0.00,0.00,0.00,0.00,0.00,0.00,0.00,0
0.035431,-26,83,511,0,DRIVE [ 45 ] [ 1 ] [ 1719 1548 1620 ] [    0    0    0 ] [      0      0      0 ] [ 0 ],drive [ 44 ] [ 0 ] [ 1719 1548 1620 ] [   35   37   44 ] [   9605   6459  11437 ] [ 0 ],1.10,1.10,1.10,1.10,-28.60,91.44,0.00,0.00,0.00,0.00,0.00,0.00,0.00,0.00,0.00,0.00,0.00,0.00,0.00,-0.00,0.00,0
0.0483991,-26,82,506,0,DRIVE [ 45 ] [ 1 ] [ 1720 1546 1620 ] [    0    0    0 ] [      0      0      0 ] [ 0 ],drive [ 45 ] [ 0 ] [ 1719 1548 1620 ] [   35   37   44 ] [   9605   6459  11437 ] [ 0 ],1.10,1.10,1.10,1.10,-28.66,90.66,0.00,0.00,0.00,0.00,0.00,0.00,0.00,0.00,0.00,0.00,0.00,0.00,0.00,-0.00,0.00,0
0.0618678,-26,81,501,0,DRIVE [ 46 ] [ 1 ] [ 1721 1545 1620 ] [    0    0    0 ] [      0      0      0 ] [ 0 ],drive [ 45 ] [ 0 ] [ 1720 1546 1620 ] [   35   37   44 ] [   9605   6459  11437 ] [ 0 ],1.10,1.10,1.10,1.10,-28.69,89.52,0.00,0.00,0.00,0.00,0.00,0.00,0.00,0.00,0.00,0.00,0.00,0.00,0.00,-0.00,0.00,0
0.0751558,-26,81,498,0,DRIVE [ 46 ] [ 1 ] [ 1723 1545 1620 ] [    0    0    0 ] [      0      0      0 ] [ 0 ],drive [ 46 ] [ 0 ] [ 1721 1545 1620 ] [   35   37   44 ] [   9605   6459  11436 ] [ 0 ],1.10,1.10,1.10,1.10,-28.84,88.69,0.00,0.00,0.00,0.00,0.00,0.00,0.00,0.00,0.00,0.00,0.00,0.00,0.00,-0.00,0.00,0
0.0885341,-27,81,498,0,DRIVE [ 47 ] [ 1 ] [ 1724 1544 1620 ] [    0    0    0 ] [      0      0      0 ] [ 0 ],drive [ 46 ] [ 0 ] [ 1723 1545 1620 ] [   34   38   43 ] [   9605   6459  11436 ] [ 0 ],1.10,1.10,1.10,1.10,-29.18,88.59,0.00,0.00,0.00,0.00,0.00,0.00,0.00,0.00,0.00,0.00,0.00,0.00,0.00,-0.00,0.00,0
0.101444,-27,80,497,0,DRIVE [ 47 ] [ 1 ] [ 1725 1542 1620 ] [    0    0    0 ] [      0      0      0 ] [ 0 ],drive [ 47 ] [ 0 ] [ 1724 1544 1620 ] [   34   38   43 ] [   9605   6459  11436 ] [ 0 ],1.10,1.10,1.10,1.10,-29.49,88.34,0.00,0.00,0.00,0.00,0.00,0.00,0.00,0.00,0.00,0.00,0.00,0.00,0.00,-0.00,0.00,0
0.114507,-27,80,494,0,DRIVE [ 48 ] [ 1 ] [ 1726 1540 1620 ] [    0    0    0 ] [      0      0      0 ] [ 0 ],drive [ 47 ] [ 0 ] [ 1725 1542 1620 ] [   34   38   43 ] [   9605   6459  11436 ] [ 0 ],1.10,1.10,1.10,1.10,-29.72,87.86,0.00,0.00,0.00,0.00,0.00,0.00,0.00,0.00,0.00,0.00,0.00,0.00,0.00,-0.00,0.00,0
0.128122,-27,80,493,0,DRIVE [ 48 ] [ 1 ] [ 1726 1538 1620 ] [    0    0    0 ] [      0      0      0 ] [ 0 ],drive [ 48 ] [ 0 ] [ 1726 1540 1620 ] [   34   38   43 ] [   9605   6459  11436 ] [ 0 ],1.10,1.10,1.10,1.10,-30.10,87.69,0.00,0.00,0.00,0.00,0.00,0.00,0.00,0.00,0.00,0.00,0.00,0.00,0.00,-0.00,0.00,0
0.14146,-27,80,493,0,DRIVE [ 49 ] [ 1 ] [ 1744 1574 1620 ] [    0    0    0 ] [      0      0      0 ] [ 0 ],drive [ 48 ] [ 0 ] [ 1726 1538 1620 ] [   34   38   44 ] [   9605   6459  11436 ] [ 0 ],1.10,1.10,1.10,1.10,-27.09,78.92,0.00,0.00,0.00,0.00,0.00,0.00,0.00,0.00,0.00,0.00,0.00,0.00,0.00,-0.00,0.00,0
0.154864,278,-33,409,0,DRIVE [ 49 ] [ 1 ] [ 1025 1574 1272 ] [    0    0    0 ] [      0      0      0 ] [ 0 ],drive [ 49 ] [ 0 ] [ 1744 1574 1620 ] [   34   38   44 ] [   9605   6459  11436 ] [ 0 ],1.10,1.10,1.10,1.10,305.58,-36.47,0.00,0.00,0.00,0.00,0.00,0.00,0.00,0.00,0.00,0.00,0.00,0.00,0.00,0.00,0.00,0
0.16803,274,-33,404,0,DRIVE [ 50 ] [ 1 ] [ 1025 1574 1273 ] [    0    0    0 ] [      0      0      0 ] [ 0 ],drive [ 49 ] [ 0 ] [ 1025 1574 1272 ] [   34   38   44 ] [   9605   6459  11436 ] [ 0 ],1.10,1.10,1.10,1.10,301.84,-36.03,0.00,0.00,0.00,0.00,0.00,0.00,0.00,0.00,0.00,0.00,0.00,0.00,0.00,0.00,0.00,0
0.181,282,-33,416,0,DRIVE [ 50 ] [ 1 ] [ 1025 1574 1274 ] [    0    0    0 ] [      0      0      0 ] [ 0 ],drive [ 50 ] [ 0 ] [ 1025 1574 1273 ] [   34   38   44 ] [   9604   6459  11437 ] [ 0 ],1.10,1.10,1.10,1.10,310.27,-36.74,0.00,0.00,0.00,0.00,0.00,0.00,0.00,0.00,0.00,0.00,0.00,0.00,0.00,0.00,0.00,0
0.194419,281,-33,415,0,DRIVE [ 51 ] [ 1 ] [ 1025 1574 1275 ] [    0    0    0 ] [      0      0      0 ] [ 0 ],drive [ 50 ] [ 0 ] [ 1025 1574 1274 ] [  103   35   79 ] [   9604   6459  11437 ] [ 0 ],1.10,1.10,1.10,1.10,309.24,-36.53,0.00,0.00,0.00,0.00,0.00,0.00,0.00,0.00,0.00,0.00,0.00,0.00,-0.00,0.00,0.00,0
0.207461,280,-33,413,0,DRIVE [ 51 ] [ 1 ] [ 1025 1574 1275 ] [    0    0    0 ] [      0      0      0 ] [ 0 ],drive [ 51 ] [ 0 ] [ 1025 1574 1275 ] [  103   35   79 ] [   9604   6459  11437 ] [ 0 ],1.10,1.10,1.10,1.10,307.81,-36.27,0.00,0.00,0.00,0.00,0.00,0.00,0.00,0.00,0.00,0.00,0.00,0.00,-0.00,0.00,0.00,0
0.220686,278,-32,410,0,DRIVE [ 52 ] [ 1 ] [ 1025 1574 1276 ] [    0    0    0 ] [      0      0      0 ] [ 0 ],drive [ 51 ] [ 0 ] [ 1025 1574 1275 ] [  103   35   79 ] [  10704   6454  11696 ] [ 0 ],1.10,1.10,1.10,1.10,305.49,-35.69,0.00,0.00,0.00,0.00,0.00,0.00,0.00,0.00,0.00,0.00,0.00,0.00,-0.00,0.00,0.00,0
0.233263,277,-32,410,0,DRIVE [ 52 ] [ 1 ] [ 1025 1574 1279 ] [    0    0    0 ] [      0      0      0 ] [ 0 ],drive [ 52 ] [ 0 ] [ 1025 1574 1276 ] [   81   34   58 ] [  10704   6454  11696 ] [ 0 ],1.10,1.10,1.10,1.10,304.37,-35.37,0.00,0.00,0.00,0.00,0.00,0.00,0.00,0.00,0.00,0.00,0.00,0.00,-0.00,0.00,0.00,0
0.245913,276,-31,414,0,DRIVE [ 53 ] [ 1 ] [ 1025 1574 1287 ] [    0    0    0 ] [      0      0      0 ] [ 0 ],drive [ 52 ] [ 0 ] [ 1025 1574 1279 ] [   81   34   58 ] [  10704   6454  11696 ] [ 0 ],1.10,1.10,1.10,1.10,303.98,-34.15,0.00,0.00,0.00,0.00,0.00,0.00,0.00,0.00,0.00,0.00,0.00,0.00,-0.00,0.00,0.00,0
0.259222,275,-30,416,0,DRIVE [ 53 ] [ 1 ] [ 1025 1574 1296 ] [    0    0    0 ] [      0      0      0 ] [ 0 ],drive [ 53 ] [ 0 ] [ 1025 1574 1287 ] [   81   34   58 ] [  10704   6454  11696 ] [ 0 ],1.10,1.10,1.10,1.10,302.21,-32.76,0.00,0.00,0.00,0.00,0.00,0.00,0.00,0.00,0.00,0.00,0.00,0.00,-0.00,0.00,0.00,0
0.272258,274,-29,419,0,DRIVE [ 54 ] [ 1 ] [ 1025 1574 1303 ] [    0    0    0 ] [      0      0      0 ] [ 0 ],drive [ 53 ] [ 0 ] [ 1025 1574 1296 ] [   81   34   58 ] [  10779   6456  11697 ] [ 0 ],1.10,1.10,1.10,1.10,301.41,-31.60,0.00,0.00,0.00,0.00,0.00,0.00,0.00,0.00,0.00,0.00,0.00,0.00,-0.00,0.00,0.00,0
0.285666,273,-28,420,0,DRIVE [ 54 ] [ 1 ] [ 1025 1574 1308 ] [    0    0    0 ] [      0      0      0 ] [ 0 ],drive [ 54 ] [ 0 ] [ 1025 1574 1303 ] [   82   34   56 ] [  10779   6456  11697 ] [ 0 ],1.10,1.10,1.10,1.10,300.13,-30.69,0.00,0.00,0.00,0.00,0.00,0.00,0.00,0.00,0.00,0.00,0.00,0.00,-0.00,0.00,0.00,0
0.298635,271,-27,419,0,DRIVE [ 55 ] [ 1 ] [ 1025 1574 1311 ] [    0    0    0 ] [      0      0      0 ] [ 0 ],drive [ 54 ] [ 0 ] [ 1025 1574 1308 ] [   82   34   56 ] [  10779   6456  11697 ] [ 0 ],1.10,1.10,1.10,1.10,298.39,-30.11,0.00,0.00,0.00,0.00,0.00,0.00,0.00,0.00,0.00,0.00,0.00,0.00,-0.00,0.00,0.00,0
0.311642,270,-27,418,0,DRIVE [ 55 ] [ 1 ] [ 1025 1574 1312 ] [    0    0    0 ] [      0      0      0 ] [ 0 ],drive [ 55 ] [ 0 ] [ 1025 1574 1311 ] [   82   34   56 ] [  10779   6456  11697 ] [ 0 ],1.10,1.10,1.10,1.10,296.91,-30.10,0.00,0.00,0.00,0.00,0.00,0.00,0.00,0.00,0.00,0.00,0.00,0.00,-0.00,0.00,0.00,0
0.325265,271,-28,420,0,DRIVE [ 56 ] [ 1 ] [ 1025 1574 1312 ] [    0    0    0 ] [      0      0      0 ] [ 0 ],drive [ 55 ] [ 0 ] [ 1025 1574 1312 ] [   82   34   56 ] [  10787   6456  11696 ] [ 0 ],1.10,1.10,1.10,1.10,298.23,-30.48,0.00,0.00,0.00,0.00,0.00,0.00,0.00,0.00,0.00,0.00,0.00,0.00,-0.00,0.00,0.00,0
0.3381,271,-28,420,0,DRIVE [ 56 ] [ 1 ] [ 1025 1574 1311 ] [    0    0    0 ] [      0      0      0 ] [ 0 ],drive [ 56 ] [ 0 ] [ 1025 1574 1312 ] [   88   34   54 ] [  10787   6456  11696 ] [ 0 ],1.10,1.10,1.10,1.10,297.84,-30.77,0.00,0.00,0.00,0.00,0.00,0.00,0.00,0.00,0.00,0.00,0.00,0.00,-0.00,0.00,0.00,0
0.351414,269,-28,417,0,DRIVE [ 57 ] [ 1 ] [ 1025 1574 1311 ] [    0    0    0 ] [      0      0      0 ] [ 0 ],drive [ 56 ] [ 0 ] [ 1025 1574 1311 ] [   88   34   54 ] [  10787   6456  11696 ] [ 0 ],1.10,1.10,1.10,1.10,295.62,-30.68,0.00,0.00,0.00,0.00,0.00,0.00,0.00,0.00,0.00,0.00,0.00,0.00,-0.00,0.00,0.00,0
0.364415,269,-28,418,0,DRIVE [ 57 ] [ 1 ] [ 1025 1574 1310 ] [    0    0    0 ] [      0      0      0 ] [ 0 ],drive [ 57 ] [ 0 ] [ 1025 1574 1311 ] [   88   34   54 ] [  10787   6456  11696 ] [ 0 ],1.10,1.10,1.10,1.10,296.36,-30.91,0.00,0.00,0.00,0.00,0.00,0.00,0.00,0.00,0.00,0.00,0.00,0.00,-0.00,0.00,0.00,0
0.377858,270,-28,418,0,DRIVE [ 58 ] [ 1 ] [ 1025 1574 1309 ] [    0    0    0 ] [      0      0      0 ] [ 0 ],drive [ 57 ] [ 0 ] [ 1025 1574 1310 ] [   88   34   54 ] [  10811   6456  11696 ] [ 0 ],1.10,1.10,1.10,1.10,296.56,-31.22,0.00,0.00,0.00,0.00,0.00,0.00,0.00,0.00,0.00,0.00,0.00,0.00,-0.00,0.00,0.00,0
0.391669,272,-29,421,0,DRIVE [ 58 ] [ 1 ] [ 1025 1574 1308 ] [    0    0    0 ] [      0      0      0 ] [ 0 ],drive [ 58 ] [ 0 ] [ 1025 1574 1309 ] [   84   34   55 ] [  10811   6456  11696 ] [ 0 ],1.10,1.10,1.10,1.10,298.78,-31.84,0.00,0.00,0.00,0.00,0.00,0.00,0.00,0.00,0.00,0.00,0.00,0.00,-0.00,0.00,0.00,0
0.404693,272,-29,421,0,DRIVE [ 59 ] [ 1 ] [ 1025 1574 1308 ] [    0    0    0 ] [      0      0      0 ] [ 0 ],drive [ 58 ] [ 0 ] [ 1025 1574 1308 ] [   84   34   55 ] [  10811   6456  11696 ] [ 0 ],1.10,1.10,1.10,1.10,298.82,-32.03,0.00,0.00,0.00,0.00,0.00,0.00,0.00,0.00,0.00,0.00,0.00,0.00,-0.00,0.00,0.00,0
0.418221,272,-29,421,0,DRIVE [ 59 ] [ 1 ] [ 1025 1574 1307 ] [    0    0    0 ] [      0      0      0 ] [ 0 ],drive [ 59 ] [ 0 ] [ 1025 1574 1308 ] [   84   34   55 ] [  10811   6456  11696 ] [ 0 ],1.10,1.10,1.10,1.10,298.71,-32.17,0.00,0.00,0.00,0.00,0.00,0.00,0.00,0.00,0.00,0.00,0.00,0.00,-0.00,0.00,0.00,0
0.433645,272,-30,423,0,DRIVE [ 60 ] [ 1 ] [ 1025 1574 1308 ] [    0    0    0 ] [      0      0      0 ] [ 0 ],drive [ 59 ] [ 0 ] [ 1025 1574 1307 ] [   84   34   55 ] [  10914   6456  11696 ] [ 0 ],1.10,1.10,1.10,1.10,299.42,-32.46,0.00,0.00,0.00,0.00,0.00,0.00,0.00,0.00,0.00,0.00,0.00,0.00,-0.00,0.00,0.00,0
0.446311,272,-30,424,0,DRIVE [ 60 ] [ 1 ] [ 1025 1574 1309 ] [    0    0    0 ] [      0      0      0 ] [ 0 ],drive [ 60 ] [ 0 ] [ 1025 1574 1308 ] [   95   34   54 ] [  10914   6456  11696 ] [ 0 ],1.10,1.10,1.10,1.10,299.43,-32.56,0.00,0.00,0.00,0.00,0.00,0.00,0.00,0.00,0.00,0.00,0.00,0.00,-0.00,0.00,0.00,0
0.459686,272,-29,426,0,DRIVE [ 61 ] [ 1 ] [ 1025 1574 1310 ] [    0    0    0 ] [      0      0      0 ] [ 0 ],drive [ 60 ] [ 0 ] [ 1025 1574 1309 ] [   95   34   54 ] [  10914   6456  11696 ] [ 0 ],1.10,1.10,1.10,1.10,299.70,-32.43,0.00,0.00,0.00,0.00,0.00,0.00,0.00,0.00,0.00,0.00,0.00,0.00,-0.00,0.00,0.00,0
0.473054,271,-29,425,0,DRIVE [ 61 ] [ 1 ] [ 1025 1574 1312 ] [    0    0    0 ] [      0      0      0 ] [ 0 ],drive [ 61 ] [ 0 ] [ 1025 1574 1310 ] [   95   34   54 ] [  10914   6456  11696 ] [ 0 ],1.10,1.10,1.10,1.10,298.61,-32.01,0.00,0.00,0.00,0.00,0.00,0.00,0.00,0.00,0.00,0.00,0.00,0.00,-0.00,0.00,0.00,0
0.486242,272,-29,427,0,DRIVE [ 62 ] [ 1 ] [ 1025 1574 1314 ] [    0    0    0 ] [      0      0      0 ] [ 0 ],drive [ 61 ] [ 0 ] [ 1025 1574 1312 ] [   96   34   54 ] [  10914   6456  11696 ] [ 0 ],1.10,1.10,1.10,1.10,298.95,-31.76,0.00,0.00,0.00,0.00,0.00,0.00,0.00,0.00,0.00,0.00,0.00,0.00,-0.00,0.00,0.00,0
0.499352,269,-28,424,0,DRIVE [ 62 ] [ 1 ] [ 1025 1574 1316 ] [    0    0    0 ] [      0      0      0 ] [ 0 ],drive [ 62 ] [ 0 ] [ 1025 1574 1314 ] [   96   34   54 ] [  10914   6456  11696 ] [ 0 ],1.10,1.10,1.10,1.10,296.40,-31.11,0.00,0.00,0.00,0.00,0.00,0.00,0.00,0.00,0.00,0.00,0.00,0.00,-0.00,0.00,0.00,0
0.512332,268,-28,423,0,DRIVE [ 63 ] [ 1 ] [ 1025 1574 1319 ] [    0    0    0 ] [      0      0      0 ] [ 0 ],drive [ 62 ] [ 0 ] [ 1025 1574 1316 ] [   96   34   54 ] [  10914   6456  11696 ] [ 0 ],1.10,1.10,1.10,1.10,294.83,-30.51,0.00,0.00,0.00,0.00,0.00,0.00,0.00,0.00,0.00,0.00,0.00,0.00,-0.00,0.00,0.00,0
0.525581,265,-27,419,0,DRIVE [ 63 ] [ 1 ] [ 1025 1574 1321 ] [    0    0    0 ] [      0      0      0 ] [ 0 ],drive [ 63 ] [ 0 ] [ 1025 1574 1319 ] [   96   34   54 ] [  10916   6456  11696 ] [ 0 ],1.10,1.10,1.10,1.10,291.28,-29.81,0.00,0.00,0.00,0.00,0.00,0.00,0.00,0.00,0.00,0.00,0.00,0.00,-0.00,0.00,0.00,0
0.5385,264,-27,419,0,DRIVE [ 64 ] [ 1 ] [ 1025 1574 1323 ] [    0    0    0 ] [      0      0      0 ] [ 0 ],drive [ 63 ] [ 0 ] [ 1025 1574 1321 ] [  101   34   53 ] [  10916   6456  11696 ] [ 0 ],1.10,1.10,1.10,1.10,290.82,-29.35,0.00,0.00,0.00,0.00,0.00,0.00,0.00,0.00,0.00,0.00,0.00,0.00,-0.00,0.00,0.00,0
0.552017,264,-26,419,0,DRIVE [ 64 ] [ 1 ] [ 1025 1574 1325 ] [    0    0    0 ] [      0      0      0 ] [ 0 ],drive [ 64 ] [ 0 ] [ 1025 1574 1323 ] [  101   34   53 ] [  10916   6456  11696 ] [ 0 ],1.10,1.10,1.10,1.10,289.87,-28.89,0.00,0.00,0.00,0.00,0.00,0.00,0.00,0.00,0.00,0.00,0.00,0.00,-0.00,0.00,0.00,0
0.565089,265,-26,422,0,DRIVE [ 65 ] [ 1 ] [ 1025 1574 1327 ] [    0    0    0 ] [      0      0      0 ] [ 0 ],drive [ 64 ] [ 0 ] [ 1025 1574 1325 ] [  101   34   53 ] [  10916   6456  11696 ] [ 0 ],1.10,1.10,1.10,1.10,291.46,-28.58,0.00,0.00,0.00,0.00,0.00,0.00,0.00,0.00,0.00,0.00,0.00,0.00,-0.00,0.00,0.00,0
0.578872,263,-25,420,0,DRIVE [ 65 ] [ 1 ] [ 1025 1574 1330 ] [    0    0    0 ] [      0      0      0 ] [ 0 ],drive [ 65 ] [ 0 ] [ 1025 1574 1327 ] [  101   34   53 ] [  10966   6456  11696 ] [ 0 ],1.10,1.10,1.10,1.10,289.62,-27.80,0.00,0.00,0.00,0.00,0.00,0.00,0.00,0.00,0.00,0.00,0.00,0.00,-0.00,0.00,0.00,0
0.592204,263,-25,421,0,DRIVE [ 66 ] [ 1 ] [ 1025 1574 1333 ] [    0    0    0 ] [      0      0      0 ] [ 0 ],drive [ 65 ] [ 0 ] [ 1025 1574 1330 ] [   83   34   53 ] [  10966   6456  11696 ] [ 0 ],1.10,1.10,1.10,1.10,289.36,-27.23,0.00,0.00,0.00,0.00,0.00,0.00,0.00,0.00,0.00,0.00,0.00,0.00,-0.00,0.00,0.00,0
0.605016,264,-24,423,0,DRIVE [ 66 ] [ 1 ] [ 1025 1574 1335 ] [    0    0    0 ] [      0      0      0 ] [ 0 ],drive [ 66 ] [ 0 ] [ 1025 1574 1333 ] [   83   34   53 ] [  10966   6456  11696 ] [ 0 ],1.10,1.10,1.10,1.10,290.22,-26.75,0.00,0.00,0.00,0.00,0.00,0.00,0.00,0.00,0.00,0.00,0.00,0.00,-0.00,0.00,0.00,0
0.618421,262,-24,421,0,DRIVE [ 67 ] [ 1 ] [ 1025 1574 1338 ] [    0    0    0 ] [      0      0      0 ] [ 0 ],drive [ 66 ] [ 0 ] [ 1025 1574 1335 ] [   83   34   53 ] [  10966   6456  11696 ] [ 0 ],1.10,1.10,1.10,1.10,287.67,-25.91,0.00,0.00,0.00,0.00,0.00,0.00,0.00,0.00,0.00,0.00,0.00,0.00,-0.00,0.00,0.00,0
0.633761,260,-23,419,0,DRIVE [ 67 ] [ 1 ] [ 1025 1574 1343 ] [    0    0    0 ] [      0      0      0 ] [ 0 ],drive [ 67 ] [ 0 ] [ 1025 1574 1338 ] [   83   34   53 ] [  11007   6456  11695 ] [ 0 ],1.10,1.10,1.10,1.10,285.47,-25.00,0.00,0.00,0.00,0.00,0.00,0.00,0.00,0.00,0.00,0.00,0.00,0.00,-0.00,0.00,0.00,0
0.646837,257,-22,418,0,DRIVE [ 68 ] [ 1 ] [ 1025 1574 1347 ] [    0    0    0 ] [      0      0      0 ] [ 0 ],drive [ 67 ] [ 0 ] [ 1025 1574 1343 ] [   82   34   53 ] [  11007   6456  11695 ] [ 0 ],1.10,1.10,1.10,1.10,283.18,-23.96,0.00,0.00,0.00,0.00,0.00,0.00,0.00,0.00,0.00,0.00,0.00,0.00,-0.00,0.00,0.00,0
0.660232,257,-21,420,0,DRIVE [ 68 ] [ 1 ] [ 1025 1574 1352 ] [    0    0    0 ] [      0      0      0 ] [ 0 ],drive [ 68 ] [ 0 ] [ 1025 1574 1347 ] [   82   34   53 ] [  11007   6456  11695 ] [ 0 ],1.10,1.10,1.10,1.10,283.01,-23.20,0.00,0.00,0.00,0.00,0.00,0.00,0.00,0.00,0.00,0.00,0.00,0.00,-0.00,0.00,0.00,0
0.673613,256,-20,420,0,DRIVE [ 69 ] [ 1 ] [ 1025 1574 1357 ] [    0    0    0 ] [      0      0      0 ] [ 0 ],drive [ 68 ] [ 0 ] [ 1025 1574 1352 ] [   82   34   53 ] [  11008   6456  11695 ] [ 0 ],1.10,1.10,1.10,1.10,281.35,-22.21,0.00,0.00,0.00,0.00,0.00,0.00,0.00,0.00,0.00,0.00,0.00,0.00,-0.00,0.00,0.00,0
0.687042,255,-19,421,0,DRIVE [ 69 ] [ 1 ] [ 1025 1574 1362 ] [    0    0    0 ] [      0      0      0 ] [ 0 ],drive [ 69 ] [ 0 ] [ 1025 1574 1357 ] [   82   34   50 ] [  11008   6456  11695 ] [ 0 ],1.10,1.10,1.10,1.10,280.09,-21.17,0.00,0.00,0.00,0.00,0.00,0.00,0.00,0.00,0.00,0.00,0.00,0.00,-0.00,0.00,0.00,0
0.700073,252,-18,421,0,DRIVE [ 70 ] [ 1 ] [ 1025 1574 1370 ] [    0    0    0 ] [      0      0      0 ] [ 0 ],drive [ 69 ] [ 0 ] [ 1025 1574 1362 ] [   82   34   50 ] [  11008   6456  11695 ] [ 0 ],1.10,1.10,1.10,1.10,277.51,-19.70,0.00,0.00,0.00,0.00,0.00,0.00,0.00,0.00,0.00,0.00,0.00,0.00,-0.00,0.00,0.00,0
0.713339,250,-17,420,0,DRIVE [ 70 ] [ 1 ] [ 1025 1574 1378 ] [    0    0    0 ] [      0      0      0 ] [ 0 ],drive [ 70 ] [ 0 ] [ 1025 1574 1370 ] [   82   34   50 ] [  11008   6456  11695 ] [ 0 ],1.10,1.10,1.10,1.10,274.73,-18.17,0.00,0.00,0.00,0.00,0.00,0.00,0.00,0.00,0.00,0.00,0.00,0.00,-0.00,0.00,0.00,0
0.726955,246,-15,419,0,DRIVE [ 71 ] [ 1 ] [ 1025 1574 1385 ] [    0    0    0 ] [      0      0      0 ] [ 0 ],drive [ 70 ] [ 0 ] [ 1025 1574 1378 ] [   82   34   50 ] [  11014   6456  11691 ] [ 0 ],1.10,1.10,1.10,1.10,271.12,-16.63,0.00,0.00,0.00,0.00,0.00,0.00,0.00,0.00,0.00,0.00,0.00,0.00,-0.00,0.00,0.00,0
0.740164,244,-14,419,0,DRIVE [ 71 ] [ 1 ] [ 1025 1574 1394 ] [    0    0    0 ] [      0      0      0 ] [ 0 ],drive [ 71 ] [ 0 ] [ 1025 1574 1385 ] [   89   34   50 ] [  11014   6456  11691 ] [ 0 ],1.10,1.10,1.10,1.10,268.63,-15.00,0.00,0.00,0.00,0.00,0.00,0.00,0.00,0.00,0.00,0.00,0.00,0.00,-0.00,0.00,0.00,0
0.753495,242,-12,420,0,DRIVE [ 72 ] [ 1 ] [ 1025 1574 1402 ] [    0    0    0 ] [      0      0      0 ] [ 0 ],drive [ 71 ] [ 0 ] [ 1025 1574 1394 ] [   89   34   50 ] [  11014   6456  11691 ] [ 0 ],1.10,1.10,1.10,1.10,266.35,-13.46,0.00,0.00,0.00,0.00,0.00,0.00,0.00,0.00,0.00,0.00,0.00,0.00,-0.00,0.00,0.00,0
0.766185,238,-10,420,0,DRIVE [ 72 ] [ 1 ] [ 1025 1574 1416 ] [    0    0    0 ] [      0      0      0 ] [ 0 ],drive [ 72 ] [ 0 ] [ 1025 1574 1402 ] [   89   34   50 ] [  11014   6456  11691 ] [ 0 ],1.10,1.10,1.10,1.10,262.16,-10.83,0.00,0.00,0.00,0.00,0.00,0.00,0.00,0.00,0.00,0.00,0.00,0.00,-0.00,0.00,0.00,0
0.778974,235,-7,420,0,DRIVE [ 73 ] [ 1 ] [ 1025 1574 1428 ] [    0    0    0 ] [      0      0      0 ] [ 0 ],drive [ 72 ] [ 0 ] [ 1025 1574 1416 ] [   89   34   50 ] [  11024   6456  11689 ] [ 0 ],1.10,1.10,1.10,1.10,258.68,-8.23,0.00,0.00,0.00,0.00,0.00,0.00,0.00,0.00,0.00,0.00,0.00,0.00,-0.00,0.00,0.00,0
0.792198,235,-5,426,0,DRIVE [ 73 ] [ 1 ] [ 1025 1574 1441 ] [    0    0    0 ] [      0      0      0 ] [ 0 ],drive [ 73 ] [ 0 ] [ 1025 1574 1428 ] [   89   34   47 ] [  11024   6456  11689 ] [ 0 ],1.10,1.10,1.10,1.10,258.60,-5.80,0.00,0.00,0.00,0.00,0.00,0.00,0.00,0.00,0.00,0.00,0.00,0.00,-0.00,0.00,0.00,0
0.807137,233,-3,427,0,DRIVE [ 74 ] [ 1 ] [ 1025 1574 1453 ] [    0    0    0 ] [      0      0      0 ] [ 0 ],drive [ 73 ] [ 0 ] [ 1025 1574 1441 ] [   89   34   47 ] [  11024   6456  11689 ] [ 0 ],1.10,1.10,1.10,1.10,255.98,-3.07,0.00,0.00,0.00,0.00,0.00,0.00,0.00,0.00,0.00,0.00,0.00,0.00,-0.00,0.00,0.00,0
0.82215,232,0,431,0,DRIVE [ 74 ] [ 1 ] [ 1025 1574 1466 ] [    0    0    0 ] [      0      0      0 ] [ 0 ],drive [ 74 ] [ 0 ] [ 1025 1574 1453 ] [   89   34   47 ] [  11025   6456  11677 ] [ 0 ],1.10,1.10,1.10,1.10,254.85,-0.25,0.00,0.00,0.00,0.00,0.00,0.00,0.00,0.00,0.00,0.00,0.00,0.00,-0.00,0.00,0.00,0
0.835,229,2,431,0,DRIVE [ 75 ] [ 1 ] [ 1025 1574 1478 ] [    0    0    0 ] [      0      0      0 ] [ 0 ],drive [ 74 ] [ 0 ] [ 1025 1574 1466 ] [   93   34   50 ] [  11025   6456  11677 ] [ 0 ],1.10,1.10,1.10,1.10,251.97,2.60,0.00,0.00,0.00,0.00,0.00,0.00,0.00,0.00,0.00,0.00,0.00,0.00,-0.00,-0.00,0.00,0
0.847939,226,5,431,0,DRIVE [ 75 ] [ 1 ] [ 1025 1574 1490 ] [    0    0    0 ] [      0      0      0 ] [ 0 ],drive [ 75 ] [ 0 ] [ 1025 1574 1478 ] [   93   34   50 ] [  11025   6456  11677 ] [ 0 ],1.10,1.10,1.10,1.10,248.63,5.33,0.00,0.00,0.00,0.00,0.00,0.00,0.00,0.00,0.00,0.00,0.00,0.00,-0.00,-0.00,0.00,0
0.861323,224,8,435,0,DRIVE [ 76 ] [ 1 ] [ 1025 1574 1507 ] [    0    0    0 ] [      0      0      0 ] [ 0 ],drive [ 75 ] [ 0 ] [ 1025 1574 1490 ] [   93   34   50 ] [  11025   6456  11677 ] [ 0 ],1.10,1.10,1.10,1.10,246.72,9.02,0.00,0.00,0.00,0.00,0.00,0.00,0.00,0.00,0.00,0.00,0.00,0.00,-0.00,-0.00,0.00,0
0.874184,221,11,436,0,DRIVE [ 76 ] [ 1 ] [ 1025 1574 1521 ] [    0    0    0 ] [      0      0      0 ] [ 0 ],drive [ 76 ] [ 0 ] [ 1025 1574 1507 ] [   93   34   50 ] [  11058   6456  11659 ] [ 0 ],1.10,1.10,1.10,1.10,243.64,12.32,0.00,0.00,0.00,0.00,0.00,0.00,0.00,0.00,0.00,0.00,0.00,0.00,-0.00,-0.00,0.00,0
0.887055,221,11,436,0,DRIVE [ 77 ] [ 1 ] [ 1025 1574 1554 ] [    0    0    0 ] [      0      0      0 ] [ 0 ],drive [ 76 ] [ 0 ] [ 1025 1574 1521 ] [   86   35   58 ] [  11058   6456  11659 ] [ 0 ],1.10,1.10,1.10,1.10,219.27,11.09,0.00,0.00,0.00,0.00,0.00,0.00,0.00,0.00,0.00,0.00,0.00,0.00,-0.00,-0.00,0.00,0
0.89963,217,15,436,0,DRIVE [ 77 ] [ 1 ] [ 1025 1574 1538 ] [    0    0    0 ] [      0      0      0 ] [ 0 ],drive [ 77 ] [ 0 ] [ 1025 1574 1554 ] [   86   35   58 ] [  11058   6456  11659 ] [ 0 ],1.10,1.10,1.10,1.10,238.59,15.96,0.00,0.00,0.00,0.00,0.00,0.00,0.00,0.00,0.00,0.00,0.00,0.00,-0.00,-0.00,0.00,0
0.912108,211,18,433,0,DRIVE [ 78 ] [ 1 ] [ 1025 1574 1557 ] [    0    0    0 ] [      0      0      0 ] [ 0 ],drive [ 77 ] [ 0 ] [ 1025 1574 1538 ] [   86   35   58 ] [  11058   6456  11659 ] [ 0 ],1.10,1.10,1.10,1.10,231.93,19.99,0.00,0.00,0.00,0.00,0.00,0.00,0.00,0.00,0.00,0.00,0.00,0.00,-0.00,-0.00,0.00,0
0.925182,205,21,431,0,DRIVE [ 78 ] [ 1 ] [ 1025 1574 1575 ] [    0    0    0 ] [      0      0      0 ] [ 0 ],drive [ 78 ] [ 0 ] [ 1025 1574 1557 ] [   86   35   58 ] [  11120   6457  11569 ] [ 0 ],1.10,1.10,1.10,1.10,225.41,23.32,0.00,0.00,0.00,0.00,0.00,0.00,0.00,0.00,0.00,0.00,0.00,0.00,-0.00,-0.00,0.00,0
0.938073,200,24,430,0,DRIVE [ 79 ] [ 1 ] [ 1025 1574 1591 ] [    0    0    0 ] [      0      0      0 ] [ 0 ],drive [ 78 ] [ 0 ] [ 1025 1574 1575 ] [   86   34   45 ] [  11120   6457  11569 ] [ 0 ],1.10,1.10,1.10,1.10,220.00,26.20,0.00,0.00,0.00,0.00,0.00,0.00,0.00,0.00,0.00,0.00,0.00,0.00,-0.00,-0.00,0.00,0
0.951088,195,26,429,0,DRIVE [ 79 ] [ 1 ] [ 1025 1574 1605 ] [    0    0    0 ] [      0      0      0 ] [ 0 ],drive [ 79 ] [ 0 ] [ 1025 1574 1591 ] [   86   34   45 ] [  11120   6457  11569 ] [ 0 ],1.10,1.10,1.10,1.10,214.32,28.75,0.00,0.00,0.00,0.00,0.00,0.00,0.00,0.00,0.00,0.00,0.00,0.00,-0.00,-0.00,0.00,0
0.965412,190,28,427,0,DRIVE [ 80 ] [ 1 ] [ 1025 1574 1619 ] [    0    0    0 ] [      0      0      0 ] [ 0 ],drive [ 79 ] [ 0 ] [ 1025 1574 1605 ] [   86   34   45 ] [  11120   6457  11569 ] [ 0 ],1.10,1.10,1.10,1.10,208.66,31.04,0.00,0.00,0.00,0.00,0.00,0.00,0.00,0.00,0.00,0.00,0.00,0.00,-0.00,-0.00,0.00,0
0.978266,184,30,425,0,DRIVE [ 80 ] [ 1 ] [ 1025 1574 1634 ] [    0    0    0 ] [      0      0      0 ] [ 0 ],drive [ 80 ] [ 0 ] [ 1025 1574 1619 ] [   86   34   45 ] [  11123   6457  11546 ] [ 0 ],1.10,1.10,1.10,1.10,202.93,33.27,0.00,0.00,0.00,0.00,0.00,0.00,0.00,0.00,0.00,0.00,0.00,0.00,-0.00,-0.00,0.00,0
0.991306,180,32,425,0,DRIVE [ 81 ] [ 1 ] [ 1025 1574 1647 ] [    0    0    0 ] [      0      0      0 ] [ 0 ],drive [ 80 ] [ 0 ] [ 1025 1574 1634 ] [   86   35   47 ] [  11123   6457  11546 ] [ 0 ],1.10,1.10,1.10,1.10,198.13,35.56,0.00,0.00,0.00,0.00,0.00,0.00,0.00,0.00,0.00,0.00,0.00,0.00,-0.00,-0.00,0.00,0
1.00378,173,35,422,0,DRIVE [ 81 ] [ 1 ] [ 1025 1574 1666 ] [    0    0    0 ] [      0      0      0 ] [ 0 ],drive [ 81 ] [ 0 ] [ 1025 1574 1647 ] [   86   35   47 ] [  11123   6457  11546 ] [ 0 ],1.10,1.10,1.10,1.10,190.51,38.46,0.00,0.00,0.00,0.00,0.00,0.00,0.00,0.00,0.00,0.00,0.00,0.00,-0.00,-0.00,0.00,0
1.01867,168,37,421,0,DRIVE [ 82 ] [ 1 ] [ 1025 1574 1683 ] [    0    0    0 ] [      0      0      0 ] [ 0 ],drive [ 81 ] [ 0 ] [ 1025 1574 1666 ] [   86   35   47 ] [  11123   6457  11546 ] [ 0 ],1.10,1.10,1.10,1.10,184.41,41.10,0.00,0.00,0.00,0.00,0.00,0.00,0.00,0.00,0.00,0.00,0.00,0.00,-0.00,-0.00,0.00,0
1.033,162,39,420,0,DRIVE [ 82 ] [ 1 ] [ 1025 1574 1699 ] [    0    0    0 ] [      0      0      0 ] [ 0 ],drive [ 82 ] [ 0 ] [ 1025 1574 1683 ] [   86   35   47 ] [  11129   6457  11476 ] [ 0 ],1.10,1.10,1.10,1.10,178.34,43.29,0.00,0.00,0.00,0.00,0.00,0.00,0.00,0.00,0.00,0.00,0.00,0.00,-0.00,-0.00,0.00,0
1.04554,157,41,420,0,DRIVE [ 83 ] [ 1 ] [ 1025 1574 1714 ] [    0    0    0 ] [      0      0      0 ] [ 0 ],drive [ 82 ] [ 0 ] [ 1025 1574 1699 ] [   90   34   47 ] [  11129   6457  11476 ] [ 0 ],1.10,1.10,1.10,1.10,172.43,45.26,0.00,0.00,0.00,0.00,0.00,0.00,0.00,0.00,0.00,0.00,0.00,0.00,-0.00,-0.00,0.00,0
1.05882,152,43,421,0,DRIVE [ 83 ] [ 1 ] [ 1025 1574 1729 ] [    0    0    0 ] [      0      0      0 ] [ 0 ],drive [ 83 ] [ 0 ] [ 1025 1574 1714 ] [   90   34   47 ] [  11129   6457  11476 ] [ 0 ],1.10,1.10,1.10,1.10,167.02,47.24,0.00,0.00,0.00,0.00,0.00,0.00,0.00,0.00,0.00,0.00,0.00,0.00,-0.00,-0.00,0.00,0
1.0712,145,45,421,0,DRIVE [ 84 ] [ 1 ] [ 1025 1574 1746 ] [    0    0    0 ] [      0      0      0 ] [ 0 ],drive [ 83 ] [ 0 ] [ 1025 1574 1729 ] [   90   34   47 ] [  11259   6457  11347 ] [ 0 ],1.10,1.10,1.10,1.10,159.84,49.04,0.00,0.00,0.00,0.00,0.00,0.00,0.00,0.00,0.00,0.00,0.00,0.00,-0.00,-0.00,0.00,0
1.08431,139,46,420,0,DRIVE [ 84 ] [ 1 ] [ 1025 1574 1761 ] [    0    0    0 ] [      0      0      0 ] [ 0 ],drive [ 84 ] [ 0 ] [ 1025 1574 1746 ] [   83   34   40 ] [  11259   6457  11347 ] [ 0 ],1.10,1.10,1.10,1.10,153.10,50.22,0.00,0.00,0.00,0.00,0.00,0.00,0.00,0.00,0.00,0.00,0.00,0.00,-0.00,-0.00,0.00,0
1.09671,134,47,422,0,DRIVE [ 85 ] [ 1 ] [ 1025 1574 1774 ] [    0    0    0 ] [      0      0      0 ] [ 0 ],drive [ 84 ] [ 0 ] [ 1025 1574 1761 ] [   83   34   40 ] [  11259   6457  11347 ] [ 0 ],1.10,1.10,1.10,1.10,147.44,51.45,0.00,0.00,0.00,0.00,0.00,0.00,0.00,0.00,0.00,0.00,0.00,0.00,-0.00,-0.00,0.00,0
1.11371,129,48,422,0,DRIVE [ 85 ] [ 1 ] [ 1025 1574 1787 ] [    0    0    0 ] [      0      0      0 ] [ 0 ],drive [ 85 ] [ 0 ] [ 1025 1574 1774 ] [   83   34   40 ] [  11259   6457  11347 ] [ 0 ],1.10,1.10,1.10,1.10,141.36,52.36,0.00,0.00,0.00,0.00,0.00,0.00,0.00,0.00,0.00,0.00,0.00,0.00,-0.00,-0.00,0.00,0
1.12646,123,48,420,0,DRIVE [ 86 ] [ 1 ] [ 1037 1574 1800 ] [    0    0    0 ] [      0      0      0 ] [ 0 ],drive [ 85 ] [ 0 ] [ 1025 1574 1787 ] [   83   34   40 ] [  11493   6457  11189 ] [ 0 ],1.10,1.10,1.10,1.10,134.83,53.01,0.00,0.00,0.00,0.00,0.00,0.00,0.00,0.00,0.00,0.00,0.00,0.00,-0.00,-0.00,0.00,0
1.13912,117,49,419,0,DRIVE [ 86 ] [ 1 ] [ 1058 1574 1812 ] [    0    0    0 ] [      0      0      0 ] [ 0 ],drive [ 86 ] [ 0 ] [ 1037 1574 1800 ] [   85   34   22 ] [  11493   6457  11189 ] [ 0 ],1.10,1.10,1.10,1.10,128.50,53.40,0.00,0.00,0.00,0.00,0.00,0.00,0.00,0.00,0.00,0.00,0.00,0.00,-0.00,-0.00,0.00,0
1.15201,110,49,419,0,DRIVE [ 87 ] [ 1 ] [ 1087 1574 1826 ] [    0    0    0 ] [      0      0      0 ] [ 0 ],drive [ 86 ] [ 0 ] [ 1058 1574 1812 ] [   85   34   22 ] [  11493   6457  11189 ] [ 0 ],1.10,1.10,1.10,1.10,121.01,53.76,0.00,0.00,0.00,0.00,0.00,0.00,0.00,0.00,0.00,0.00,0.00,0.00,-0.00,-0.00,0.00,0
1.16435,104,49,419,0,DRIVE [ 87 ] [ 1 ] [ 1115 1574 1839 ] [    0    0    0 ] [      0      0      0 ] [ 0 ],drive [ 87 ] [ 0 ] [ 1087 1574 1826 ] [   85   34   22 ] [  11493   6457  11189 ] [ 0 ],1.10,1.10,1.10,1.10,114.09,53.87,0.00,0.00,0.00,0.00,0.00,0.00,0.00,0.00,0.00,0.00,0.00,0.00,-0.00,-0.00,0.00,0
1.17893,98,49,419,0,DRIVE [ 88 ] [ 1 ] [ 1141 1574 1850 ] [    0    0    0 ] [      0      0      0 ] [ 0 ],drive [ 87 ] [ 0 ] [ 1115 1574 1839 ] [   85   34   22 ] [  11607   6459  11002 ] [ 0 ],1.10,1.10,1.10,1.10,107.58,53.66,0.00,0.00,0.00,0.00,0.00,0.00,0.00,0.00,0.00,0.00,0.00,0.00,-0.00,-0.00,0.00,0
1.19381,92,49,419,0,DRIVE [ 88 ] [ 1 ] [ 1166 1574 1860 ] [    0    0    0 ] [      0      0      0 ] [ 0 ],drive [ 88 ] [ 0 ] [ 1141 1574 1850 ] [   91   35   33 ] [  11607   6459  11002 ] [ 0 ],1.10,1.10,1.10,1.10,101.61,53.41,0.00,0.00,0.00,0.00,0.00,0.00,0.00,0.00,0.00,0.00,0.00,0.00,-0.00,-0.00,0.00,0
1.20651,87,48,418,0,DRIVE [ 89 ] [ 1 ] [ 1188 1574 1869 ] [    0    0    0 ] [      0      0      0 ] [ 0 ],drive [ 88 ] [ 0 ] [ 1166 1574 1860 ] [   91   35   33 ] [  11607   6459  11002 ] [ 0 ],1.10,1.10,1.10,1.10,96.02,53.06,0.00,0.00,0.00,0.00,0.00,0.00,0.00,0.00,0.00,0.00,0.00,0.00,-0.00,-0.00,0.00,0
1.21891,81,48,414,0,DRIVE [ 89 ] [ 1 ] [ 1214 1574 1879 ] [    0    0    0 ] [      0      0      0 ] [ 0 ],drive [ 89 ] [ 0 ] [ 1188 1574 1869 ] [   91   35   33 ] [  11607   6469  10887 ] [ 0 ],1.10,1.10,1.10,1.10,89.12,52.37,0.00,0.00,0.00,0.00,0.00,0.00,0.00,0.00,0.00,0.00,0.00,0.00,-0.00,-0.00,0.00,0
1.2308,76,47,414,0,DRIVE [ 90 ] [ 1 ] [ 1237 1574 1888 ] [    0    0    0 ] [      0      0      0 ] [ 0 ],drive [ 89 ] [ 0 ] [ 1214 1574 1879 ] [   91   35   33 ] [  11607   6469  10887 ] [ 0 ],1.10,1.10,1.10,1.10,83.66,51.90,0.00,0.00,0.00,0.00,0.00,0.00,0.00,0.00,0.00,0.00,0.00,0.00,-0.00,-0.00,0.00,0
1.24274,72,47,414,0,DRIVE [ 90 ] [ 1 ] [ 1258 1574 1895 ] [    0    0    0 ] [      0      0      0 ] [ 0 ],drive [ 90 ] [ 0 ] [ 1237 1574 1888 ] [   83   47   21 ] [  11607   6469  10887 ] [ 0 ],1.10,1.10,1.10,1.10,79.11,51.58,0.00,0.00,0.00,0.00,0.00,0.00,0.00,0.00,0.00,0.00,0.00,0.00,-0.00,-0.00,0.00,0
1.2557,68,46,413,0,DRIVE [ 91 ] [ 1 ] [ 1277 1574 1902 ] [    0    0    0 ] [      0      0      0 ] [ 0 ],drive [ 90 ] [ 0 ] [ 1258 1574 1895 ] [   83   47   21 ] [  11607   6469  10887 ] [ 0 ],1.10,1.10,1.10,1.10,74.62,50.96,0.00,0.00,0.00,0.00,0.00,0.00,0.00,0.00,0.00,0.00,0.00,0.00,-0.00,-0.00,0.00,0
1.26769,64,46,414,0,DRIVE [ 91 ] [ 1 ] [ 1300 1903 1902 ] [    0    0    0 ] [      0      0      0 ] [ 0 ],drive [ 91 ] [ 0 ] [ 1277 1574 1902 ] [   83   47   21 ] [  11677   6722  10640 ] [ 0 ],1.10,1.10,1.10,1.10,70.89,50.37,0.00,0.00,0.00,0.00,0.00,0.00,0.00,0.00,0.00,0.00,0.00,0.00,-0.00,-0.00,0.00,0
1.28033,62,45,416,0,DRIVE [ 92 ] [ 1 ] [ 1327 1899 1902 ] [    0    0    0 ] [      0      0      0 ] [ 0 ],drive [ 91 ] [ 0 ] [ 1300 1903 1902 ] [   83   47   21 ] [  11677   6722  10640 ] [ 0 ],1.10,1.10,1.10,1.10,67.83,49.44,0.00,0.00,0.00,0.00,0.00,0.00,0.00,0.00,0.00,0.00,0.00,0.00,-0.00,-0.00,0.00,0
1.29237,59,43,415,0,DRIVE [ 92 ] [ 1 ] [ 1350 1898 1902 ] [    0    0    0 ] [      0      0      0 ] [ 0 ],drive [ 92 ] [ 0 ] [ 1327 1899 1902 ] [   81   33   12 ] [  11677   6722  10640 ] [ 0 ],1.10,1.10,1.10,1.10,64.75,47.64,0.00,0.00,0.00,0.00,0.00,0.00,0.00,0.00,0.00,0.00,0.00,0.00,-0.00,-0.00,0.00,0
1.30475,57,42,416,0,DRIVE [ 93 ] [ 1 ] [ 1373 1899 1902 ] [    0    0    0 ] [      0      0      0 ] [ 0 ],drive [ 92 ] [ 0 ] [ 1350 1898 1902 ] [   81   33   12 ] [  11677   6722  10640 ] [ 0 ],1.10,1.10,1.10,1.10,62.28,45.67,0.00,0.00,0.00,0.00,0.00,0.00,0.00,0.00,0.00,0.00,0.00,0.00,-0.00,-0.00,0.00,0
1.31865,53,39,416,0,DRIVE [ 93 ] [ 1 ] [ 1405 1901 1902 ] [    0    0    0 ] [      0      0      0 ] [ 0 ],drive [ 93 ] [ 0 ] [ 1373 1899 1902 ] [   81   33   12 ] [  11677   6722  10640 ] [ 0 ],1.10,1.10,1.10,1.10,58.53,42.42,0.00,0.00,0.00,0.00,0.00,0.00,0.00,0.00,0.00,0.00,0.00,0.00,-0.00,-0.00,0.00,0
1.33269,50,36,415,0,DRIVE [ 94 ] [ 1 ] [ 1438 1902 1902 ] [    0    0    0 ] [      0      0      0 ] [ 0 ],drive [ 93 ] [ 0 ] [ 1405 1901 1902 ] [   81   33   12 ] [  11824   6511  10404 ] [ 0 ],1.10,1.10,1.10,1.10,54.51,39.32,0.00,0.00,0.00,0.00,0.00,0.00,0.00,0.00,0.00,0.00,0.00,0.00,-0.00,-0.00,0.00,0
1.3462,46,34,415,0,DRIVE [ 94 ] [ 1 ] [ 1475 1900 1902 ] [    0    0    0 ] [      0      0      0 ] [ 0 ],drive [ 94 ] [ 0 ] [ 1438 1902 1902 ] [   55    6   27 ] [  11824   6511  10404 ] [ 0 ],1.10,1.10,1.10,1.10,50.06,36.90,0.00,0.00,0.00,0.00,0.00,0.00,0.00,0.00,0.00,0.00,0.00,0.00,-0.00,-0.00,0.00,0
1.35836,41,32,417,0,DRIVE [ 95 ] [ 1 ] [ 1516 1894 1902 ] [    0    0    0 ] [      0      0      0 ] [ 0 ],drive [ 94 ] [ 0 ] [ 1475 1900 1902 ] [   55    6   27 ] [  11824   6511  10404 ] [ 0 ],1.10,1.10,1.10,1.10,45.11,35.41,0.00,0.00,0.00,0.00,0.00,0.00,0.00,0.00,0.00,0.00,0.00,0.00,-0.00,-0.00,0.00,0
1.37039,36,31,417,0,DRIVE [ 95 ] [ 1 ] [ 1559 1885 1902 ] [    0    0    0 ] [      0      0      0 ] [ 0 ],drive [ 95 ] [ 0 ] [ 1516 1894 1902 ] [   55    6   27 ] [  11816   6173  10328 ] [ 0 ],1.10,1.10,1.10,1.10,39.55,34.52,0.00,0.00,0.00,0.00,0.00,0.00,0.00,0.00,0.00,0.00,0.00,0.00,-0.00,-0.00,0.00,0
1.38361,31,31,417,0,DRIVE [ 96 ] [ 1 ] [ 1600 1875 1902 ] [    0    0    0 ] [      0      0      0 ] [ 0 ],drive [ 95 ] [ 0 ] [ 1559 1885 1902 ] [   40   17   24 ] [  11816   6173  10328 ] [ 0 ],1.10,1.10,1.10,1.10,33.91,33.82,0.00,0.00,0.00,0.00,0.00,0.00,0.00,0.00,0.00,0.00,0.00,0.00,-0.00,-0.00,0.00,0
1.39717,24,30,417,0,DRIVE [ 96 ] [ 1 ] [ 1652 1863 1902 ] [    0    0    0 ] [      0      0      0 ] [ 0 ],drive [ 96 ] [ 0 ] [ 1600 1875 1902 ] [   40   17   24 ] [  11816   6173  10328 ] [ 0 ],1.10,1.10,1.10,1.10,26.71,32.62,0.00,0.00,0.00,0.00,0.00,0.00,0.00,0.00,0.00,0.00,0.00,0.00,-0.00,-0.00,0.00,0
1.40926,19,28,412,0,DRIVE [ 97 ] [ 1 ] [ 1693 1853 1902 ] [    0    0    0 ] [      0      0      0 ] [ 0 ],drive [ 96 ] [ 0 ] [ 1652 1863 1902 ] [   40   17   24 ] [  11816   6173  10328 ] [ 0 ],1.10,1.10,1.10,1.10,20.52,31.18,0.00,0.00,0.00,0.00,0.00,0.00,0.00,0.00,0.00,0.00,0.00,0.00,-0.00,-0.00,0.00,0
1.42183,14,27,413,0,DRIVE [ 97 ] [ 1 ] [ 1727 1844 1902 ] [    0    0    0 ] [      0      0      0 ] [ 0 ],drive [ 97 ] [ 0 ] [ 1693 1853 1902 ] [   40   17   24 ] [  11796   6139  10209 ] [ 0 ],1.10,1.10,1.10,1.10,15.25,30.02,0.00,0.00,0.00,0.00,0.00,0.00,0.00,0.00,0.00,0.00,0.00,0.00,-0.00,-0.00,0.00,0
1.43391,10,26,410,0,DRIVE [ 98 ] [ 1 ] [ 1757 1837 1902 ] [    0    0    0 ] [      0      0      0 ] [ 0 ],drive [ 97 ] [ 0 ] [ 1727 1844 1902 ] [   38   22   23 ] [  11796   6139  10209 ] [ 0 ],1.10,1.10,1.10,1.10,10.59,28.35,0.00,0.00,0.00,0.00,0.00,0.00,0.00,0.00,0.00,0.00,0.00,0.00,-0.00,-0.00,0.00,0
1.44608,6,25,409,0,DRIVE [ 98 ] [ 1 ] [ 1781 1830 1902 ] [    0    0    0 ] [      0      0      0 ] [ 0 ],drive [ 98 ] [ 0 ] [ 1757 1837 1902 ] [   38   22   23 ] [  11796   6139  10209 ] [ 0 ],1.10,1.10,1.10,1.10,6.46,27.05,0.00,0.00,0.00,0.00,0.00,0.00,0.00,0.00,0.00,0.00,0.00,0.00,-0.00,-0.00,0.00,0
1.45895,3,23,409,0,DRIVE [ 99 ] [ 1 ] [ 1803 1823 1902 ] [    0    0    0 ] [      0      0      0 ] [ 0 ],drive [ 98 ] [ 0 ] [ 1781 1830 1902 ] [   38   22   23 ] [  11796   6139  10209 ] [ 0 ],1.10,1.10,1.10,1.10,2.76,25.66,0.00,0.00,0.00,0.00,0.00,0.00,0.00,0.00,0.00,0.00,0.00,0.00,-0.00,-0.00,0.00,0
1.47123,0,22,407,0,DRIVE [ 99 ] [ 1 ] [ 1821 1817 1902 ] [    0    0    0 ] [      0      0      0 ] [ 0 ],drive [ 99 ] [ 0 ] [ 1803 1823 1902 ] [   38   22   23 ] [  11611   6150  10140 ] [ 0 ],1.10,1.10,1.10,1.10,-0.53,23.98,0.00,0.00,0.00,0.00,0.00,0.00,0.00,0.00,0.00,0.00,0.00,0.00,0.00,-0.00,0.00,0
1.48386,-3,20,403,0,DRIVE [ 00 ] [ 1 ] [ 1835 1810 1902 ] [    0    0    0 ] [      0      0      0 ] [ 0 ],drive [ 99 ] [ 0 ] [ 1821 1817 1902 ] [   18   31   19 ] [  11611   6150  10140 ] [ 0 ],1.10,1.10,1.10,1.10,-3.33,22.49,0.00,0.00,0.00,0.00,0.00,0.00,0.00,0.00,0.00,0.00,0.00,0.00,0.00,-0.00,0.00,0
1.49589,-5,19,400,0,DRIVE [ 00 ] [ 1 ] [ 1847 1802 1902 ] [    0    0    0 ] [      0      0      0 ] [ 0 ],drive [ 00 ] [ 0 ] [ 1835 1810 1902 ] [   18   31   19 ] [  11611   6150  10140 ] [ 0 ],1.10,1.10,1.10,1.10,-5.83,21.24,0.00,0.00,0.00,0.00,0.00,0.00,0.00,0.00,0.00,0.00,0.00,0.00,0.00,0.00,0.00,0
1.50795,-8,18,399,0,DRIVE [ 01 ] [ 1 ] [ 1859 1791 1902 ] [    0    0    0 ] [      0      0      0 ] [ 0 ],drive [ 00 ] [ 0 ] [ 1847 1802 1902 ] [   18   31   19 ] [  11611   6150  10140 ] [ 0 ],1.10,1.10,1.10,1.10,-8.70,20.00,0.00,0.00,0.00,0.00,0.00,0.00,0.00,0.00,0.00,0.00,0.00,0.00,0.00,0.00,0.00,0
1.52068,-10,17,398,0,DRIVE [ 01 ] [ 1 ] [ 1868 1781 1902 ] [    0    0    0 ] [      0      0      0 ] [ 0 ],drive [ 01 ] [ 0 ] [ 1859 1791 1902 ] [   18   31   19 ] [  11291   6188  10140 ] [ 0 ],1.10,1.10,1.10,1.10,-10.95,19.02,0.00,0.00,0.00,0.00,0.00,0.00,0.00,0.00,0.00,0.00,0.00,0.00,0.00,0.00,0.00,0
1.53265,-12,16,395,0,DRIVE [ 02 ] [ 1 ] [ 1877 1770 1902 ] [    0    0    0 ] [      0      0      0 ] [ 0 ],drive [ 01 ] [ 0 ] [ 1868 1781 1902 ] [    3   28   18 ] [  11291   6188  10140 ] [ 0 ],1.10,1.10,1.10,1.10,-12.90,17.93,0.00,0.00,0.00,0.00,0.00,0.00,0.00,0.00,0.00,0.00,0.00,0.00,0.00,0.00,0.00,0
1.54602,-13,15,394,0,DRIVE [ 02 ] [ 1 ] [ 1884 1759 1902 ] [    0    0    0 ] [      0      0      0 ] [ 0 ],drive [ 02 ] [ 0 ] [ 1877 1770 1902 ] [    3   28   18 ] [  11291   6188  10140 ] [ 0 ],1.10,1.10,1.10,1.10,-14.82,16.97,0.00,0.00,0.00,0.00,0.00,0.00,0.00,0.00,0.00,0.00,0.00,0.00,0.00,0.00,0.00,0
1.55815,-15,15,394,0,DRIVE [ 03 ] [ 1 ] [ 1891 1748 1902 ] [    0    0    0 ] [      0      0      0 ] [ 0 ],drive [ 02 ] [ 0 ] [ 1884 1759 1902 ] [    3   28   18 ] [  11291   6188  10140 ] [ 0 ],1.10,1.10,1.10,1.10,-16.47,16.15,0.00,0.00,0.00,0.00,0.00,0.00,0.00,0.00,0.00,0.00,0.00,0.00,0.00,0.00,0.00,0
1.5703,-16,14,393,0,DRIVE [ 03 ] [ 1 ] [ 1897 1737 1902 ] [    0    0    0 ] [      0      0      0 ] [ 0 ],drive [ 03 ] [ 0 ] [ 1891 1748 1902 ] [    3   28   18 ] [  11138   6193  10134 ] [ 0 ],1.10,1.10,1.10,1.10,-18.10,15.35,0.00,0.00,0.00,0.00,0.00,0.00,0.00,0.00,0.00,0.00,0.00,0.00,0.00,0.00,0.00,0
1.58241,-18,13,393,0,DRIVE [ 04 ] [ 1 ] [ 1903 1724 1902 ] [    0    0    0 ] [      0      0      0 ] [ 0 ],drive [ 03 ] [ 0 ] [ 1897 1737 1902 ] [   19   27   15 ] [  11138   6193  10134 ] [ 0 ],1.10,1.10,1.10,1.10,-19.84,14.61,0.00,0.00,0.00,0.00,0.00,0.00,0.00,0.00,0.00,0.00,0.00,0.00,0.00,0.00,0.00,0
1.59709,-20,13,393,0,DRIVE [ 04 ] [ 1 ] [ 1903 1717 1902 ] [    0    0    0 ] [      0      0      0 ] [ 0 ],drive [ 04 ] [ 0 ] [ 1903 1724 1902 ] [   19   27   15 ] [  11138   6193  10134 ] [ 0 ],1.10,1.10,1.10,1.10,-21.50,13.96,0.00,0.00,0.00,0.00,0.00,0.00,0.00,0.00,0.00,0.00,0.00,0.00,0.00,0.00,0.00,0
1.60924,-21,12,390,0,DRIVE [ 05 ] [ 1 ] [ 1903 1715 1896 ] [    0    0    0 ] [      0      0      0 ] [ 0 ],drive [ 04 ] [ 0 ] [ 1903 1717 1902 ] [   19   27   15 ] [  11138   6193  10134 ] [ 0 ],1.10,1.10,1.10,1.10,-23.15,13.06,0.00,0.00,0.00,0.00,0.00,0.00,0.00,0.00,0.00,0.00,0.00,0.00,0.00,0.00,0.00,0
1.62219,-23,11,391,0,DRIVE [ 05 ] [ 1 ] [ 1903 1712 1891 ] [    0    0    0 ] [      0      0      0 ] [ 0 ],drive [ 05 ] [ 0 ] [ 1903 1715 1896 ] [   19   27   15 ] [  10931   6221  10133 ] [ 0 ],1.10,1.10,1.10,1.10,-24.91,12.30,0.00,0.00,0.00,0.00,0.00,-0.00,0.00,0.00,0.00,0.00,0.00,0.00,0.00,0.00,0.00,0
1.63447,-24,10,391,0,DRIVE [ 06 ] [ 1 ] [ 1903 1709 1885 ] [    0    0    0 ] [      0      0      0 ] [ 0 ],drive [ 05 ] [ 0 ] [ 1903 1712 1891 ] [   14   20   15 ] [  10931   6221  10133 ] [ 0 ],1.10,1.10,1.10,1.10,-26.61,11.40,0.00,0.00,0.00,0.00,0.00,-0.00,0.00,0.00,0.00,0.00,0.00,0.00,0.00,0.00,0.00,0
1.64663,-26,9,390,0,DRIVE [ 06 ] [ 1 ] [ 1903 1705 1876 ] [    0    0    0 ] [      0      0      0 ] [ 0 ],drive [ 06 ] [ 0 ] [ 1903 1709 1885 ] [   14   20   15 ] [  10931   6221  10133 ] [ 0 ],1.10,1.10,1.10,1.10,-28.77,10.08,0.00,0.00,0.00,0.00,0.00,-0.00,0.00,0.00,0.00,0.00,0.00,0.00,0.00,0.00,0.00,0
1.65924,-28,8,388,0,DRIVE [ 07 ] [ 1 ] [ 1903 1699 1869 ] [    0    0    0 ] [      0      0      0 ] [ 0 ],drive [ 06 ] [ 0 ] [ 1903 1705 1876 ] [   14   20   15 ] [  10931   6221  10133 ] [ 0 ],1.10,1.10,1.10,1.10,-30.85,8.98,0.00,0.00,0.00,0.00,0.00,-0.00,0.00,0.00,0.00,0.00,0.00,0.00,0.00,0.00,0.00,0
1.67084,-30,7,385,0,DRIVE [ 07 ] [ 1 ] [ 1903 1695 1861 ] [    0    0    0 ] [      0      0      0 ] [ 0 ],drive [ 07 ] [ 0 ] [ 1903 1699 1869 ] [   14   20   15 ] [  10817   6227  10133 ] [ 0 ],1.10,1.10,1.10,1.10,-32.61,7.67,0.00,0.00,0.00,0.00,0.00,-0.00,0.00,0.00,0.00,0.00,0.00,0.00,0.00,0.00,0.00,0
1.68536,-31,6,382,0,DRIVE [ 08 ] [ 1 ] [ 1903 1690 1853 ] [    0    0    0 ] [      0      0      0 ] [ 0 ],drive [ 07 ] [ 0 ] [ 1903 1695 1861 ] [   23   22   18 ] [  10817   6227  10133 ] [ 0 ],1.10,1.10,1.10,1.10,-34.27,6.47,0.00,0.00,0.00,0.00,0.00,-0.00,0.00,0.00,0.00,0.00,0.00,0.00,0.00,0.00,0.00,0
1.69734,-33,5,379,0,DRIVE [ 08 ] [ 1 ] [ 1903 1685 1845 ] [    0    0    0 ] [      0      0      0 ] [ 0 ],drive [ 08 ] [ 0 ] [ 1903 1690 1853 ] [   23   22   18 ] [  10817   6227  10133 ] [ 0 ],1.10,1.10,1.10,1.10,-36.05,5.18,0.00,0.00,0.00,0.00,0.00,-0.00,0.00,0.00,0.00,0.00,0.00,0.00,0.00,0.00,0.00,0
1.70915,-34,4,377,0,DRIVE [ 09 ] [ 1 ] [ 1903 1680 1837 ] [    0    0    0 ] [      0      0      0 ] [ 0 ],drive [ 08 ] [ 0 ] [ 1903 1685 1845 ] [   23   22   18 ] [  10817   6227  10133 ] [ 0 ],1.10,1.10,1.10,1.10,-37.72,3.89,0.00,0.00,0.00,0.00,0.00,-0.00,0.00,0.00,0.00,0.00,0.00,0.00,0.00,0.00,0.00,0
1.72164,-36,2,372,0,DRIVE [ 09 ] [ 1 ] [ 1903 1674 1828 ] [    0    0    0 ] [      0      0      0 ] [ 0 ],drive [ 09 ] [ 0 ] [ 1903 1680 1837 ] [   23   22   18 ] [  10815   6230  10134 ] [ 0 ],1.10,1.10,1.10,1.10,-39.20,2.64,0.00,0.00,0.00,0.00,0.00,-0.00,0.00,0.00,0.00,0.00,0.00,0.00,0.00,0.00,0.00,0
1.73369,-37,1,370,0,DRIVE [ 10 ] [ 1 ] [ 1903 1668 1820 ] [    0    0    0 ] [      0      0      0 ] [ 0 ],drive [ 09 ] [ 0 ] [ 1903 1674 1828 ] [   16   23   22 ] [  10815   6230  10134 ] [ 0 ],1.10,1.10,1.10,1.10,-40.84,1.45,0.00,0.00,0.00,0.00,0.00,-0.00,0.00,0.00,0.00,0.00,0.00,0.00,0.00,0.00,0.00,0
1.74602,-39,0,365,0,DRIVE [ 10 ] [ 1 ] [ 1903 1661 1810 ] [    0    0    0 ] [      0      0      0 ] [ 0 ],drive [ 10 ] [ 0 ] [ 1903 1668 1820 ] [   16   23   22 ] [  10815   6230  10134 ] [ 0 ],1.10,1.10,1.10,1.10,-42.41,0.06,0.00,0.00,0.00,0.00,0.00,-0.00,0.00,0.00,0.00,0.00,0.00,0.00,0.00,0.00,0.00,0
1.75845,-40,-1,360,0,DRIVE [ 11 ] [ 1 ] [ 1903 1654 1802 ] [    0    0    0 ] [      0      0      0 ] [ 0 ],drive [ 10 ] [ 0 ] [ 1903 1661 1810 ] [   16   23   22 ] [  10815   6230  10134 ] [ 0 ],1.10,1.10,1.10,1.10,-43.70,-1.07,0.00,0.00,0.00,0.00,0.00,-0.00,0.00,0.00,0.00,0.00,0.00,0.00,0.00,0.00,0.00,0
1.77058,-41,-2,358,0,DRIVE [ 11 ] [ 1 ] [ 1903 1648 1795 ] [    0    0    0 ] [      0      0      0 ] [ 0 ],drive [ 11 ] [ 0 ] [ 1903 1654 1802 ] [   16   23   22 ] [  10800   6233  10141 ] [ 0 ],1.10,1.10,1.10,1.10,-45.01,-1.92,0.00,0.00,0.00,0.00,0.00,-0.00,0.00,0.00,0.00,0.00,0.00,0.00,0.00,0.00,0.00,0
1.7848,-42,-2,358,0,DRIVE [ 12 ] [ 1 ] [ 1903 1642 1790 ] [    0    0    0 ] [      0      0      0 ] [ 0 ],drive [ 11 ] [ 0 ] [ 1903 1648 1795 ] [   14   29   30 ] [  10800   6233  10141 ] [ 0 ],1.10,1.10,1.10,1.10,-46.38,-2.57,0.00,0.00,0.00,0.00,0.00,-0.00,0.00,0.00,0.00,0.00,0.00,0.00,0.00,0.00,0.00,0
1.79676,-43,-3,357,0,DRIVE [ 12 ] [ 1 ] [ 1903 1637 1785 ] [    0    0    0 ] [      0      0      0 ] [ 0 ],drive [ 12 ] [ 0 ] [ 1903 1642 1790 ] [   14   29   30 ] [  10800   6233  10141 ] [ 0 ],1.10,1.10,1.10,1.10,-47.34,-3.03,0.00,0.00,0.00,0.00,0.00,-0.00,0.00,0.00,0.00,0.00,0.00,0.00,0.00,0.00,0.00,0
1.80872,-44,-3,355,0,DRIVE [ 13 ] [ 1 ] [ 1903 1634 1783 ] [    0    0    0 ] [      0      0      0 ] [ 0 ],drive [ 12 ] [ 0 ] [ 1903 1637 1785 ] [   14   29   30 ] [  10800   6233  10141 ] [ 0 ],1.10,1.10,1.10,1.10,-47.85,-3.25,0.00,0.00,0.00,0.00,0.00,-0.00,0.00,0.00,0.00,0.00,0.00,0.00,0.00,0.00,0.00,0
1.82144,-44,-3,353,0,DRIVE [ 13 ] [ 1 ] [ 1903 1631 1781 ] [    0    0    0 ] [      0      0      0 ] [ 0 ],drive [ 13 ] [ 0 ] [ 1903 1634 1783 ] [   14   29   30 ] [  10735   6278  10148 ] [ 0 ],1.10,1.10,1.10,1.10,-48.03,-3.31,0.00,0.00,0.00,0.00,0.00,-0.00,0.00,0.00,0.00,0.00,0.00,0.00,0.00,0.00,0.00,0
1.83331,-44,-3,349,0,DRIVE [ 14 ] [ 1 ] [ 1903 1629 1782 ] [    0    0    0 ] [      0      0      0 ] [ 0 ],drive [ 13 ] [ 0 ] [ 1903 1631 1781 ] [   20   29   32 ] [  10735   6278  10148 ] [ 0 ],1.10,1.10,1.10,1.10,-47.86,-3.09,0.00,0.00,0.00,0.00,0.00,-0.00,0.00,0.00,0.00,0.00,0.00,0.00,0.00,0.00,0.00,0
1.84537,-43,-2,346,0,DRIVE [ 14 ] [ 1 ] [ 1903 1628 1783 ] [    0    0    0 ] [      0      0      0 ] [ 0 ],drive [ 14 ] [ 0 ] [ 1903 1629 1782 ] [   20   29   32 ] [  10735   6278  10148 ] [ 0 ],1.10,1.10,1.10,1.10,-47.37,-2.68,0.00,0.00,0.00,0.00,0.00,-0.00,0.00,0.00,0.00,0.00,0.00,0.00,0.00,0.00,0.00,0
1.85803,-42,-2,344,0,DRIVE [ 15 ] [ 1 ] [ 1903 1629 1787 ] [    0    0    0 ] [      0      0      0 ] [ 0 ],drive [ 14 ] [ 0 ] [ 1903 1628 1783 ] [   20   29   32 ] [  10735   6278  10148 ] [ 0 ],1.10,1.10,1.10,1.10,-46.54,-2.15,0.00,0.00,0.00,0.00,0.00,-0.00,0.00,0.00,0.00,0.00,0.00,0.00,0.00,0.00,0.00,0
1.8698,-41,-1,340,0,DRIVE [ 15 ] [ 1 ] [ 1903 1633 1791 ] [    0    0    0 ] [      0      0      0 ] [ 0 ],drive [ 15 ] [ 0 ] [ 1903 1629 1787 ] [   20   29   32 ] [  10666   6356  10182 ] [ 0 ],1.10,1.10,1.10,1.10,-45.01,-1.48,0.00,0.00,0.00,0.00,0.00,-0.00,0.00,0.00,0.00,0.00,0.00,0.00,0.00,0.00,0.00,0
1.88185,-40,-1,339,0,DRIVE [ 16 ] [ 1 ] [ 1903 1637 1798 ] [    0    0    0 ] [      0      0      0 ] [ 0 ],drive [ 15 ] [ 0 ] [ 1903 1633 1791 ] [   20   29   32 ] [  10666   6356  10182 ] [ 0 ],1.10,1.10,1.10,1.10,-43.71,-0.60,0.00,0.00,0.00,0.00,0.00,-0.00,0.00,0.00,0.00,0.00,0.00,0.00,0.00,0.00,0.00,0
1.89356,-38,1,337,0,DRIVE [ 16 ] [ 1 ] [ 1903 1639 1805 ] [    0    0    0 ] [      0      0      0 ] [ 0 ],drive [ 16 ] [ 0 ] [ 1903 1637 1798 ] [    5   34   18 ] [  10666   6356  10182 ] [ 0 ],1.10,1.10,1.10,1.10,-42.31,0.61,0.00,0.00,0.00,0.00,0.00,-0.00,0.00,0.00,0.00,0.00,0.00,0.00,0.00,0.00,0.00,0
1.90568,-37,2,335,0,DRIVE [ 17 ] [ 1 ] [ 1903 1642 1813 ] [    0    0    0 ] [      0      0      0 ] [ 0 ],drive [ 16 ] [ 0 ] [ 1903 1639 1805 ] [    5   34   18 ] [  10666   6356  10182 ] [ 0 ],1.10,1.10,1.10,1.10,-40.78,1.87,0.00,0.00,0.00,0.00,0.00,-0.00,0.00,0.00,0.00,0.00,0.00,0.00,0.00,0.00,0.00,0
1.91764,-36,3,332,0,DRIVE [ 17 ] [ 1 ] [ 1903 1643 1822 ] [    0    0    0 ] [      0      0      0 ] [ 0 ],drive [ 17 ] [ 0 ] [ 1903 1642 1813 ] [    5   34   18 ] [  10587   6356  10202 ] [ 0 ],1.10,1.10,1.10,1.10,-39.27,3.36,0.00,0.00,0.00,0.00,0.00,-0.00,0.00,0.00,0.00,0.00,0.00,0.00,0.00,0.00,0.00,0
1.9292,-35,4,331,0,DRIVE [ 18 ] [ 1 ] [ 1903 1643 1830 ] [    0    0    0 ] [      0      0      0 ] [ 0 ],drive [ 17 ] [ 0 ] [ 1903 1643 1822 ] [    5   34   18 ] [  10587   6356  10202 ] [ 0 ],1.10,1.10,1.10,1.10,-37.99,4.77,0.00,0.00,0.00,0.00,0.00,-0.00,0.00,0.00,0.00,0.00,0.00,0.00,0.00,0.00,0.00,0
1.94115,-33,5,329,0,DRIVE [ 18 ] [ 1 ] [ 1903 1644 1837 ] [    0    0    0 ] [      0      0      0 ] [ 0 ],drive [ 18 ] [ 0 ] [ 1903 1643 1830 ] [    7   32   16 ] [  10587   6356  10202 ] [ 0 ],1.10,1.10,1.10,1.10,-36.68,5.88,0.00,0.00,0.00,0.00,0.00,-0.00,0.00,0.00,0.00,0.00,0.00,0.00,0.00,0.00,0.00,0
1.95396,-32,6,327,0,DRIVE [ 19 ] [ 1 ] [ 1903 1643 1843 ] [    0    0    0 ] [      0      0      0 ] [ 0 ],drive [ 18 ] [ 0 ] [ 1903 1644 1837 ] [    7   32   16 ] [  10587   6356  10202 ] [ 0 ],1.10,1.10,1.10,1.10,-35.55,7.01,0.00,0.00,0.00,0.00,0.00,-0.00,0.00,0.00,0.00,0.00,0.00,0.00,0.00,0.00,0.00,0
1.9656,-31,7,324,0,DRIVE [ 19 ] [ 1 ] [ 1903 1643 1849 ] [    0    0    0 ] [      0      0      0 ] [ 0 ],drive [ 19 ] [ 0 ] [ 1903 1643 1843 ] [    7   32   16 ] [  10587   6356  10202 ] [ 0 ],1.10,1.10,1.10,1.10,-34.46,7.98,0.00,0.00,0.00,0.00,0.00,-0.00,0.00,0.00,0.00,0.00,0.00,0.00,0.00,0.00,0.00,0
1.97751,-30,8,323,0,DRIVE [ 20 ] [ 1 ] [ 1903 1643 1854 ] [    0    0    0 ] [      0      0      0 ] [ 0 ],drive [ 19 ] [ 0 ] [ 1903 1643 1849 ] [    7   32   16 ] [  10540   6355  10196 ] [ 0 ],1.10,1.10,1.10,1.10,-33.49,8.83,0.00,0.00,0.00,0.00,0.00,-0.00,0.00,0.00,0.00,0.00,0.00,0.00,0.00,0.00,0.00,0
1.99024,-30,9,321,0,DRIVE [ 20 ] [ 1 ] [ 1903 1643 1859 ] [    0    0    0 ] [      0      0      0 ] [ 0 ],drive [ 20 ] [ 0 ] [ 1903 1643 1854 ] [    6   33   20 ] [  10540   6355  10196 ] [ 0 ],1.10,1.10,1.10,1.10,-32.49,9.59,0.00,0.00,0.00,0.00,0.00,-0.00,0.00,0.00,0.00,0.00,0.00,0.00,0.00,0.00,0.00,0
2.00197,-29,9,319,0,DRIVE [ 21 ] [ 1 ] [ 1903 1643 1864 ] [    0    0    0 ] [      0      0      0 ] [ 0 ],drive [ 20 ] [ 0 ] [ 1903 1643 1859 ] [    6   33   20 ] [  10540   6355  10196 ] [ 0 ],1.10,1.10,1.10,1.10,-31.45,10.35,0.00,0.00,0.00,0.00,0.00,-0.00,0.00,0.00,0.00,0.00,0.00,0.00,0.00,0.00,0.00,0
2.01403,-27,10,314,0,DRIVE [ 21 ] [ 1 ] [ 1903 1642 1869 ] [    0    0    0 ] [      0      0      0 ] [ 0 ],drive [ 21 ] [ 0 ] [ 1903 1643 1864 ] [    6   33   20 ] [  10540   6355  10196 ] [ 0 ],1.10,1.10,1.10,1.10,-30.17,11.00,0.00,0.00,0.00,0.00,0.00,-0.00,0.00,0.00,0.00,0.00,0.00,0.00,0.00,0.00,0.00,0
2.0258,-27,10,310,0,DRIVE [ 22 ] [ 1 ] [ 1903 1641 1873 ] [    0    0    0 ] [      0      0      0 ] [ 0 ],drive [ 21 ] [ 0 ] [ 1903 1642 1869 ] [    6   33   20 ] [  10517   6356  10156 ] [ 0 ],1.10,1.10,1.10,1.10,-29.25,11.46,0.00,0.00,0.00,0.00,0.00,-0.00,0.00,0.00,0.00,0.00,0.00,0.00,0.00,0.00,0.00,0
2.03727,-26,11,307,0,DRIVE [ 22 ] [ 1 ] [ 1903 1641 1876 ] [    0    0    0 ] [      0      0      0 ] [ 0 ],drive [ 22 ] [ 0 ] [ 1903 1641 1873 ] [   17   34   24 ] [  10517   6356  10156 ] [ 0 ],1.10,1.10,1.10,1.10,-28.57,11.78,0.00,0.00,0.00,0.00,0.00,-0.00,0.00,0.00,0.00,0.00,0.00,0.00,0.00,0.00,0.00,0
2.05023,-26,11,305,0,DRIVE [ 23 ] [ 1 ] [ 1903 1640 1878 ] [    0    0    0 ] [      0      0      0 ] [ 0 ],drive [ 22 ] [ 0 ] [ 1903 1641 1876 ] [   17   34   24 ] [  10517   6356  10156 ] [ 0 ],1.10,1.10,1.10,1.10,-28.09,12.06,0.00,0.00,0.00,0.00,0.00,-0.00,0.00,0.00,0.00,0.00,0.00,0.00,0.00,0.00,0.00,0
2.06229,-25,11,302,0,DRIVE [ 23 ] [ 1 ] [ 1903 1639 1879 ] [    0    0    0 ] [      0      0      0 ] [ 0 ],drive [ 23 ] [ 0 ] [ 1903 1640 1878 ] [   17   34   24 ] [  10517   6356  10156 ] [ 0 ],1.10,1.10,1.10,1.10,-27.62,12.16,0.00,0.00,0.00,0.00,0.00,-0.00,0.00,0.00,0.00,0.00,0.00,0.00,0.00,0.00,0.00,0
2.07411,-25,11,300,0,DRIVE [ 24 ] [ 1 ] [ 1903 1638 1880 ] [    0    0    0 ] [      0      0      0 ] [ 0 ],drive [ 23 ] [ 0 ] [ 1903 1639 1879 ] [   17   34   24 ] [  10466   6356  10145 ] [ 0 ],1.10,1.10,1.10,1.10,-27.38,12.30,0.00,0.00,0.00,0.00,0.00,-0.00,0.00,0.00,0.00,0.00,0.00,0.00,0.00,0.00,0.00,0
2.08645,-25,11,297,0,DRIVE [ 24 ] [ 1 ] [ 1903 1635 1880 ] [    0    0    0 ] [      0      0      0 ] [ 0 ],drive [ 24 ] [ 0 ] [ 1903 1638 1880 ] [    4   33   24 ] [  10466   6356  10145 ] [ 0 ],1.10,1.10,1.10,1.10,-27.28,12.41,0.00,0.00,0.00,0.00,0.00,-0.00,0.00,0.00,0.00,0.00,0.00,0.00,0.00,0.00,0.00,0
2.09811,-25,11,294,0,DRIVE [ 25 ] [ 1 ] [ 1903 1633 1880 ] [    0    0    0 ] [      0      0      0 ] [ 0 ],drive [ 24 ] [ 0 ] [ 1903 1635 1880 ] [    4   33   24 ] [  10466   6356  10145 ] [ 0 ],1.10,1.10,1.10,1.10,-27.29,12.37,0.00,0.00,0.00,0.00,0.00,-0.00,0.00,0.00,0.00,0.00,0.00,0.00,0.00,0.00,0.00,0
2.10995,-25,11,292,0,DRIVE [ 25 ] [ 1 ] [ 1903 1628 1880 ] [    0    0    0 ] [      0      0      0 ] [ 0 ],drive [ 25 ] [ 0 ] [ 1903 1633 1880 ] [    4   33   24 ] [  10466   6356  10145 ] [ 0 ],1.10,1.10,1.10,1.10,-27.53,12.54,0.00,0.00,0.00,0.00,0.00,-0.00,0.00,0.00,0.00,0.00,0.00,0.00,0.00,0.00,0.00,0
2.12232,-25,11,291,0,DRIVE [ 26 ] [ 1 ] [ 1903 1625 1879 ] [    0    0    0 ] [      0      0      0 ] [ 0 ],drive [ 25 ] [ 0 ] [ 1903 1628 1880 ] [    4   33   24 ] [  10429   6356  10145 ] [ 0 ],1.10,1.10,1.10,1.10,-27.83,12.58,0.00,0.00,0.00,0.00,0.00,-0.00,0.00,0.00,0.00,0.00,0.00,0.00,0.00,0.00,0.00,0
2.13413,-26,11,288,0,DRIVE [ 26 ] [ 1 ] [ 1903 1621 1878 ] [    0    0    0 ] [      0      0      0 ] [ 0 ],drive [ 26 ] [ 0 ] [ 1903 1625 1879 ] [    5   35   23 ] [  10429   6356  10145 ] [ 0 ],1.10,1.10,1.10,1.10,-28.10,12.50,0.00,0.00,0.00,0.00,0.00,-0.00,0.00,0.00,0.00,0.00,0.00,0.00,0.00,0.00,0.00,0
2.14624,-26,11,286,0,DRIVE [ 27 ] [ 1 ] [ 1903 1617 1876 ] [    0    0    0 ] [      0      0      0 ] [ 0 ],drive [ 26 ] [ 0 ] [ 1903 1621 1878 ] [    5   35   23 ] [  10429   6356  10145 ] [ 0 ],1.10,1.10,1.10,1.10,-28.41,12.46,0.00,0.00,0.00,0.00,0.00,-0.00,0.00,0.00,0.00,0.00,0.00,0.00,0.00,0.00,0.00,0
2.15821,-26,11,284,0,DRIVE [ 27 ] [ 1 ] [ 1903 1614 1874 ] [    0    0    0 ] [      0      0      0 ] [ 0 ],drive [ 27 ] [ 0 ] [ 1903 1617 1876 ] [    5   35   23 ] [  10429   6356  10145 ] [ 0 ],1.10,1.10,1.10,1.10,-28.82,12.24,0.00,0.00,0.00,0.00,0.00,-0.00,0.00,0.00,0.00,0.00,0.00,0.00,0.00,0.00,0.00,0
2.16952,-27,11,281,0,DRIVE [ 28 ] [ 1 ] [ 1903 1610 1872 ] [    0    0    0 ] [      0      0      0 ] [ 0 ],drive [ 27 ] [ 0 ] [ 1903 1614 1874 ] [    5   35   23 ] [  10428   6388  10136 ] [ 0 ],1.10,1.10,1.10,1.10,-29.21,12.03,0.00,0.00,0.00,0.00,0.00,-0.00,0.00,0.00,0.00,0.00,0.00,0.00,0.00,0.00,0.00,0
2.18096,-27,11,278,0,DRIVE [ 28 ] [ 1 ] [ 1903 1607 1869 ] [    0    0    0 ] [      0      0      0 ] [ 0 ],drive [ 28 ] [ 0 ] [ 1903 1610 1872 ] [    5   35   23 ] [  10428   6388  10136 ] [ 0 ],1.10,1.10,1.10,1.10,-29.60,11.71,0.00,0.00,0.00,0.00,0.00,-0.00,0.00,0.00,0.00,0.00,0.00,0.00,0.00,0.00,0.00,0
2.19323,-27,10,276,0,DRIVE [ 29 ] [ 1 ] [ 1903 1605 1866 ] [    0    0    0 ] [      0      0      0 ] [ 0 ],drive [ 28 ] [ 0 ] [ 1903 1607 1869 ] [    5   30   18 ] [  10428   6388  10136 ] [ 0 ],1.10,1.10,1.10,1.10,-30.03,11.31,0.00,0.00,0.00,0.00,0.00,-0.00,0.00,0.00,0.00,0.00,0.00,0.00,0.00,0.00,0.00,0
2.20509,-28,10,273,0,DRIVE [ 29 ] [ 1 ] [ 1903 1601 1862 ] [    0    0    0 ] [      0      0      0 ] [ 0 ],drive [ 29 ] [ 0 ] [ 1903 1605 1866 ] [    5   30   18 ] [  10428   6388  10136 ] [ 0 ],1.10,1.10,1.10,1.10,-30.57,10.87,0.00,0.00,0.00,0.00,0.00,-0.00,0.00,0.00,0.00,0.00,0.00,0.00,0.00,0.00,0.00,0
2.21721,-28,9,269,0,DRIVE [ 30 ] [ 1 ] [ 1903 1600 1859 ] [    0    0    0 ] [      0      0      0 ] [ 0 ],drive [ 29 ] [ 0 ] [ 1903 1601 1862 ] [    5   30   18 ] [  10428   6388  10136 ] [ 0 ],1.10,1.10,1.10,1.10,-30.81,10.31,0.00,0.00,0.00,0.00,0.00,-0.00,0.00,0.00,0.00,0.00,0.00,0.00,0.00,0.00,0.00,0
2.2286,-28,9,266,0,DRIVE [ 30 ] [ 1 ] [ 1903 1597 1856 ] [    0    0    0 ] [      0      0      0 ] [ 0 ],drive [ 30 ] [ 0 ] [ 1903 1600 1859 ] [    5   30   18 ] [  10378   6456  10136 ] [ 0 ],1.10,1.10,1.10,1.10,-31.07,10.00,0.00,0.00,0.00,0.00,0.00,-0.00,0.00,0.00,0.00,0.00,0.00,0.00,0.00,0.00,0.00,0
2.24033,-28,9,263,0,DRIVE [ 31 ] [ 1 ] [ 1903 1593 1854 ] [    0    0    0 ] [      0      0      0 ] [ 0 ],drive [ 30 ] [ 0 ] [ 1903 1597 1856 ] [   16   31   20 ] [  10378   6456  10136 ] [ 0 ],1.10,1.10,1.10,1.10,-31.24,9.84,0.00,0.00,0.00,0.00,0.00,-0.00,0.00,0.00,0.00,0.00,0.00,0.00,0.00,0.00,0.00,0
2.25238,-29,9,260,0,DRIVE [ 31 ] [ 1 ] [ 1903 1588 1853 ] [    0    0    0 ] [      0      0      0 ] [ 0 ],drive [ 31 ] [ 0 ] [ 1903 1593 1854 ] [   16   31   20 ] [  10378   6456  10136 ] [ 0 ],1.10,1.10,1.10,1.10,-31.48,9.79,0.00,0.00,0.00,0.00,0.00,-0.00,0.00,0.00,0.00,0.00,0.00,0.00,0.00,0.00,0.00,0
2.26375,-29,9,257,0,DRIVE [ 32 ] [ 1 ] [ 1903 1583 1852 ] [    0    0    0 ] [      0      0      0 ] [ 0 ],drive [ 31 ] [ 0 ] [ 1903 1588 1853 ] [   16   31   20 ] [  10378   6456  10136 ] [ 0 ],1.10,1.10,1.10,1.10,-31.56,9.85,0.00,0.00,0.00,0.00,0.00,-0.00,0.00,0.00,0.00,0.00,0.00,0.00,0.00,0.00,0.00,0
2.27517,-29,9,253,0,DRIVE [ 32 ] [ 1 ] [ 1903 1578 1852 ] [    0    0    0 ] [      0      0      0 ] [ 0 ],drive [ 32 ] [ 0 ] [ 1903 1583 1852 ] [   16   31   20 ] [  10320   6463  10137 ] [ 0 ],1.10,1.10,1.10,1.10,-31.47,10.01,0.00,0.00,0.00,0.00,0.00,-0.00,0.00,0.00,0.00,0.00,0.00,0.00,0.00,0.00,0.00,0
2.28718,-29,9,251,0,DRIVE [ 33 ] [ 1 ] [ 1903 1574 1852 ] [    0    0    0 ] [      0      0      0 ] [ 0 ],drive [ 32 ] [ 0 ] [ 1903 1578 1852 ] [    2   39   21 ] [  10320   6463  10137 ] [ 0 ],1.10,1.10,1.10,1.10,-31.50,10.14,0.00,0.00,0.00,0.00,0.00,-0.00,0.00,0.00,0.00,0.00,0.00,0.00,0.00,0.00,0.00,0
2.29855,-29,10,249,0,DRIVE [ 33 ] [ 1 ] [ 1903 1568 1853 ] [    0    0    0 ] [      0      0      0 ] [ 0 ],drive [ 33 ] [ 0 ] [ 1903 1574 1852 ] [    2   39   21 ] [  10320   6463  10137 ] [ 0 ],1.10,1.10,1.10,1.10,-31.52,10.47,0.00,0.00,0.00,0.00,0.00,-0.00,0.00,0.00,0.00,0.00,0.00,0.00,0.00,0.00,0.00,0
2.31026,-29,10,246,0,DRIVE [ 34 ] [ 1 ] [ 1903 1562 1855 ] [    0    0    0 ] [      0      0      0 ] [ 0 ],drive [ 33 ] [ 0 ] [ 1903 1568 1853 ] [    2   39   21 ] [  10320   6463  10137 ] [ 0 ],1.10,1.10,1.10,1.10,-31.39,10.93,0.00,0.00,0.00,0.00,0.00,-0.00,0.00,0.00,0.00,0.00,0.00,0.00,0.00,0.00,0.00,0
2.32223,-28,10,243,0,DRIVE [ 34 ] [ 1 ] [ 1903 1555 1858 ] [    0    0    0 ] [      0      0      0 ] [ 0 ],drive [ 34 ] [ 0 ] [ 1903 1562 1855 ] [    2   39   21 ] [  10305   6518  10138 ] [ 0 ],1.10,1.10,1.10,1.10,-31.12,11.45,0.00,0.00,0.00,0.00,0.00,-0.00,0.00,0.00,0.00,0.00,0.00,0.00,0.00,0.00,0.00,0
2.33383,-28,11,241,0,DRIVE [ 35 ] [ 1 ] [ 1903 1548 1862 ] [    0    0    0 ] [      0      0      0 ] [ 0 ],drive [ 34 ] [ 0 ] [ 1903 1555 1858 ] [   21   31   22 ] [  10305   6518  10138 ] [ 0 ],1.10,1.10,1.10,1.10,-30.79,12.14,0.00,0.00,0.00,0.00,0.00,-0.00,0.00,0.00,0.00,0.00,0.00,0.00,0.00,0.00,0.00,0
2.34567,-28,12,238,0,DRIVE [ 35 ] [ 1 ] [ 1903 1539 1867 ] [    0    0    0 ] [      0      0      0 ] [ 0 ],drive [ 35 ] [ 0 ] [ 1903 1548 1862 ] [   21   31   22 ] [  10305   6518  10138 ] [ 0 ],1.10,1.10,1.10,1.10,-30.30,12.99,0.00,0.00,0.00,0.00,0.00,-0.00,0.00,0.00,0.00,0.00,0.00,0.00,0.00,0.00,0.00,0
2.35694,-27,13,235,0,DRIVE [ 36 ] [ 1 ] [ 1903 1530 1873 ] [    0    0    0 ] [      0      0      0 ] [ 0 ],drive [ 35 ] [ 0 ] [ 1903 1539 1867 ] [   21   31   22 ] [  10305   6518  10138 ] [ 0 ],1.10,1.10,1.10,1.10,-29.71,13.91,0.00,0.00,0.00,0.00,0.00,-0.00,0.00,0.00,0.00,0.00,0.00,0.00,0.00,0.00,0.00,0
2.36812,-26,14,232,0,DRIVE [ 36 ] [ 1 ] [ 1903 1521 1880 ] [    0    0    0 ] [      0      0      0 ] [ 0 ],drive [ 36 ] [ 0 ] [ 1903 1530 1873 ] [   21   31   22 ] [  10234   6567  10140 ] [ 0 ],1.10,1.10,1.10,1.10,-29.01,14.95,0.00,0.00,0.00,0.00,0.00,-0.00,0.00,0.00,0.00,0.00,0.00,0.00,0.00,0.00,0.00,0
2.38065,-26,15,229,0,DRIVE [ 37 ] [ 1 ] [ 1903 1510 1888 ] [    0    0    0 ] [      0      0      0 ] [ 0 ],drive [ 36 ] [ 0 ] [ 1903 1521 1880 ] [   21   31   22 ] [  10234   6567  10140 ] [ 0 ],1.10,1.10,1.10,1.10,-28.19,16.11,0.00,0.00,0.00,0.00,0.00,-0.00,0.00,0.00,0.00,0.00,0.00,0.00,0.00,0.00,0.00,0
2.39439,-25,16,226,0,DRIVE [ 37 ] [ 1 ] [ 1903 1497 1896 ] [    0    0    0 ] [      0      0      0 ] [ 0 ],drive [ 37 ] [ 0 ] [ 1903 1510 1888 ] [   22   33   20 ] [  10234   6567  10140 ] [ 0 ],1.10,1.10,1.10,1.10,-27.35,17.32,0.00,0.00,0.00,0.00,0.00,-0.00,0.00,0.00,0.00,0.00,0.00,0.00,0.00,0.00,0.00,0
2.40593,-24,17,223,0,DRIVE [ 38 ] [ 1 ] [ 1903 1484 1905 ] [    0    0    0 ] [      0      0      0 ] [ 0 ],drive [ 37 ] [ 0 ] [ 1903 1497 1896 ] [   22   33   20 ] [  10234   6567  10140 ] [ 0 ],1.10,1.10,1.10,1.10,-26.49,18.50,0.00,0.00,0.00,0.00,0.00,-0.00,0.00,0.00,0.00,0.00,0.00,0.00,0.00,0.00,0.00,0
2.41774,-23,18,220,0,DRIVE [ 38 ] [ 1 ] [ 1895 1486 1905 ] [    0    0    0 ] [      0      0      0 ] [ 0 ],drive [ 38 ] [ 0 ] [ 1903 1484 1905 ] [   22   33   20 ] [  10232   6589  10139 ] [ 0 ],1.10,1.10,1.10,1.10,-25.67,19.74,0.00,0.00,0.00,0.00,0.00,-0.00,0.00,0.00,0.00,0.00,0.00,0.00,0.00,0.00,0.00,0
2.43039,-23,19,217,0,DRIVE [ 39 ] [ 1 ] [ 1885 1489 1905 ] [    0    0    0 ] [      0      0      0 ] [ 0 ],drive [ 38 ] [ 0 ] [ 1895 1486 1905 ] [   22   33   20 ] [  10232   6589  10139 ] [ 0 ],1.10,1.10,1.10,1.10,-24.93,21.05,0.00,0.00,0.00,0.00,0.00,-0.00,0.00,0.00,0.00,0.00,0.00,0.00,0.00,0.00,0.00,0
2.44303,-22,20,215,0,DRIVE [ 39 ] [ 1 ] [ 1873 1490 1905 ] [    0    0    0 ] [      0      0      0 ] [ 0 ],drive [ 39 ] [ 0 ] [ 1885 1489 1905 ] [   22   60   17 ] [  10232   6589  10139 ] [ 0 ],1.10,1.10,1.10,1.10,-24.18,22.47,0.00,0.00,0.00,0.00,0.00,-0.00,0.00,0.00,0.00,0.00,0.00,0.00,0.00,0.00,0.00,0
2.45608,-21,22,212,0,DRIVE [ 40 ] [ 1 ] [ 1861 1492 1905 ] [    0    0    0 ] [      0      0      0 ] [ 0 ],drive [ 39 ] [ 0 ] [ 1873 1490 1905 ] [   22   60   17 ] [  10232   6589  10139 ] [ 0 ],1.10,1.10,1.10,1.10,-23.36,23.84,0.00,0.00,0.00,0.00,0.00,-0.00,0.00,0.00,0.00,0.00,0.00,0.00,0.00,0.00,0.00,0
2.46742,-20,23,208,0,DRIVE [ 40 ] [ 1 ] [ 1845 1493 1905 ] [    0    0    0 ] [      0      0      0 ] [ 0 ],drive [ 40 ] [ 0 ] [ 1861 1492 1905 ] [   22   60   17 ] [  10231   6705  10138 ] [ 0 ],1.10,1.10,1.10,1.10,-22.16,25.48,0.00,0.00,0.00,0.00,0.00,-0.00,0.00,0.00,0.00,0.00,0.00,0.00,0.00,0.00,0.00,0
2.47979,-19,25,204,0,DRIVE [ 41 ] [ 1 ] [ 1830 1495 1905 ] [    0    0    0 ] [      0      0      0 ] [ 0 ],drive [ 40 ] [ 0 ] [ 1845 1493 1905 ] [   22   60   17 ] [  10231   6705  10138 ] [ 0 ],1.10,1.10,1.10,1.10,-20.99,26.99,0.00,0.00,0.00,0.00,0.00,-0.00,0.00,0.00,0.00,0.00,0.00,0.00,0.00,0.00,0.00,0
2.49093,-18,26,202,0,DRIVE [ 41 ] [ 1 ] [ 1814 1496 1905 ] [    0    0    0 ] [      0      0      0 ] [ 0 ],drive [ 41 ] [ 0 ] [ 1830 1495 1905 ] [   25   48   16 ] [  10231   6705  10138 ] [ 0 ],1.10,1.10,1.10,1.10,-19.89,28.54,0.00,0.00,0.00,0.00,0.00,-0.00,0.00,0.00,0.00,0.00,0.00,0.00,0.00,0.00,0.00,0
2.50191,-17,27,198,0,DRIVE [ 42 ] [ 1 ] [ 1797 1495 1905 ] [    0    0    0 ] [      0      0      0 ] [ 0 ],drive [ 41 ] [ 0 ] [ 1814 1496 1905 ] [   25   48   16 ] [  10231   6705  10138 ] [ 0 ],1.10,1.10,1.10,1.10,-18.79,30.01,0.00,0.00,0.00,0.00,0.00,-0.00,0.00,0.00,0.00,0.00,0.00,0.00,0.00,0.00,0.00,0
2.51763,-16,28,195,0,DRIVE [ 42 ] [ 1 ] [ 1782 1494 1905 ] [    0    0    0 ] [      0      0      0 ] [ 0 ],drive [ 42 ] [ 0 ] [ 1797 1495 1905 ] [   25   48   16 ] [  10231   6705  10138 ] [ 0 ],1.10,1.10,1.10,1.10,-17.76,31.31,0.00,0.00,0.00,0.00,0.00,-0.00,0.00,0.00,0.00,0.00,0.00,0.00,0.00,0.00,0.00,0
2.52879,-15,30,192,0,DRIVE [ 43 ] [ 1 ] [ 1767 1493 1905 ] [    0    0    0 ] [      0      0      0 ] [ 0 ],drive [ 42 ] [ 0 ] [ 1782 1494 1905 ] [   25   48   16 ] [  10234   6706  10138 ] [ 0 ],1.10,1.10,1.10,1.10,-16.79,32.48,0.00,0.00,0.00,0.00,0.00,-0.00,0.00,0.00,0.00,0.00,0.00,0.00,0.00,0.00,0.00,0
2.53962,-14,30,189,0,DRIVE [ 43 ] [ 1 ] [ 1753 1491 1905 ] [    0    0    0 ] [      0      0      0 ] [ 0 ],drive [ 43 ] [ 0 ] [ 1767 1493 1905 ] [   32   49   17 ] [  10234   6706  10138 ] [ 0 ],1.10,1.10,1.10,1.10,-15.92,33.47,0.00,0.00,0.00,0.00,0.00,-0.00,0.00,0.00,0.00,0.00,0.00,0.00,0.00,0.00,0.00,0
2.55008,-14,31,186,0,DRIVE [ 44 ] [ 1 ] [ 1739 1487 1905 ] [    0    0    0 ] [      0      0      0 ] [ 0 ],drive [ 43 ] [ 0 ] [ 1753 1491 1905 ] [   32   49   17 ] [  10234   6706  10138 ] [ 0 ],1.10,1.10,1.10,1.10,-15.13,34.48,0.00,0.00,0.00,0.00,0.00,-0.00,0.00,0.00,0.00,0.00,0.00,0.00,0.00,0.00,0.00,0
2.56137,-13,32,184,0,DRIVE [ 44 ] [ 1 ] [ 1726 1483 1905 ] [    0    0    0 ] [      0      0      0 ] [ 0 ],drive [ 44 ] [ 0 ] [ 1739 1487 1905 ] [   32   49   17 ] [  10234   6706  10138 ] [ 0 ],1.10,1.10,1.10,1.10,-14.46,35.44,0.00,0.00,0.00,0.00,0.00,-0.00,0.00,0.00,0.00,0.00,0.00,0.00,0.00,0.00,0.00,0
2.5723,-13,33,181,0,DRIVE [ 45 ] [ 1 ] [ 1713 1478 1905 ] [    0    0    0 ] [      0      0      0 ] [ 0 ],drive [ 44 ] [ 0 ] [ 1726 1483 1905 ] [   32   49   17 ] [  10238   6718  10137 ] [ 0 ],1.10,1.10,1.10,1.10,-13.85,36.26,0.00,0.00,0.00,0.00,0.00,-0.00,0.00,0.00,0.00,0.00,0.00,0.00,0.00,0.00,0.00,0
2.58302,-12,34,178,0,DRIVE [ 45 ] [ 1 ] [ 1699 1470 1905 ] [    0    0    0 ] [      0      0      0 ] [ 0 ],drive [ 45 ] [ 0 ] [ 1713 1478 1905 ] [   39   47   16 ] [  10238   6718  10137 ] [ 0 ],1.10,1.10,1.10,1.10,-13.32,37.29,0.00,0.00,0.00,0.00,0.00,-0.00,0.00,0.00,0.00,0.00,0.00,0.00,0.00,0.00,0.00,0
2.5936,-12,35,176,0,DRIVE [ 46 ] [ 1 ] [ 1687 1463 1905 ] [    0    0    0 ] [      0      0      0 ] [ 0 ],drive [ 45 ] [ 0 ] [ 1699 1470 1905 ] [   39   47   16 ] [  10238   6718  10137 ] [ 0 ],1.10,1.10,1.10,1.10,-12.85,38.16,0.00,0.00,0.00,0.00,0.00,-0.00,0.00,0.00,0.00,0.00,0.00,0.00,0.00,0.00,0.00,0
2.60526,-11,35,173,0,DRIVE [ 46 ] [ 1 ] [ 1675 1457 1905 ] [    0    0    0 ] [      0      0      0 ] [ 0 ],drive [ 46 ] [ 0 ] [ 1687 1463 1905 ] [   39   47   16 ] [  10238   6718  10137 ] [ 0 ],1.10,1.10,1.10,1.10,-12.36,38.91,0.00,0.00,0.00,0.00,0.00,-0.00,0.00,0.00,0.00,0.00,0.00,0.00,0.00,0.00,0.00,0
2.61593,-11,36,171,0,DRIVE [ 47 ] [ 1 ] [ 1664 1453 1905 ] [    0    0    0 ] [      0      0      0 ] [ 0 ],drive [ 46 ] [ 0 ] [ 1675 1457 1905 ] [   39   47   16 ] [  10243   6904  10136 ] [ 0 ],1.10,1.10,1.10,1.10,-11.84,39.35,0.00,0.00,0.00,0.00,0.00,-0.00,0.00,0.00,0.00,0.00,0.00,0.00,0.00,0.00,0.00,0
2.62764,-10,36,168,0,DRIVE [ 47 ] [ 1 ] [ 1654 1449 1905 ] [    0    0    0 ] [      0      0      0 ] [ 0 ],drive [ 47 ] [ 0 ] [ 1664 1453 1905 ] [   39   47   16 ] [  10243   6904  10136 ] [ 0 ],1.10,1.10,1.10,1.10,-11.33,39.75,0.00,0.00,0.00,0.00,0.00,-0.00,0.00,0.00,0.00,0.00,0.00,0.00,0.00,0.00,0.00,0
2.63835,-10,36,166,0,DRIVE [ 48 ] [ 1 ] [ 1645 1446 1905 ] [    0    0    0 ] [      0      0      0 ] [ 0 ],drive [ 47 ] [ 0 ] [ 1654 1449 1905 ] [   49   44   15 ] [  10243   6904  10136 ] [ 0 ],1.10,1.10,1.10,1.10,-10.86,40.03,0.00,0.00,0.00,0.00,0.00,-0.00,0.00,0.00,0.00,0.00,0.00,0.00,0.00,0.00,0.00,0
2.64882,-9,37,163,0,DRIVE [ 48 ] [ 1 ] [ 1636 1442 1905 ] [    0    0    0 ] [      0      0      0 ] [ 0 ],drive [ 48 ] [ 0 ] [ 1645 1446 1905 ] [   49   44   15 ] [  10243   6904  10136 ] [ 0 ],1.10,1.10,1.10,1.10,-10.45,40.26,0.00,0.00,0.00,0.00,0.00,-0.00,0.00,0.00,0.00,0.00,0.00,0.00,0.00,0.00,0.00,0
2.65937,-9,37,161,0,DRIVE [ 49 ] [ 1 ] [ 1628 1437 1905 ] [    0    0    0 ] [      0      0      0 ] [ 0 ],drive [ 48 ] [ 0 ] [ 1636 1442 1905 ] [   49   44   15 ] [  10243   6904  10136 ] [ 0 ],1.10,1.10,1.10,1.10,-10.14,40.51,0.00,0.00,0.00,0.00,0.00,-0.00,0.00,0.00,0.00,0.00,0.00,0.00,0.00,0.00,0.00,0
2.67035,-9,37,159,0,DRIVE [ 49 ] [ 1 ] [ 1622 1430 1905 ] [    0    0    0 ] [      0      0      0 ] [ 0 ],drive [ 49 ] [ 0 ] [ 1628 1437 1905 ] [   49   44   15 ] [  10318   6919  10128 ] [ 0 ],1.10,1.10,1.10,1.10,-10.04,40.77,0.00,0.00,0.00,0.00,0.00,-0.00,0.00,0.00,0.00,0.00,0.00,0.00,0.00,0.00,0.00,0
2.68081,-9,37,157,0,DRIVE [ 50 ] [ 1 ] [ 1616 1422 1905 ] [    0    0    0 ] [      0      0      0 ] [ 0 ],drive [ 49 ] [ 0 ] [ 1622 1430 1905 ] [   26   48   11 ] [  10318   6919  10128 ] [ 0 ],1.10,1.10,1.10,1.10,-10.08,41.11,0.00,0.00,0.00,0.00,0.00,-0.00,0.00,0.00,0.00,0.00,0.00,0.00,0.00,0.00,0.00,0
2.69127,-9,38,155,0,DRIVE [ 50 ] [ 1 ] [ 1610 1413 1905 ] [    0    0    0 ] [      0      0      0 ] [ 0 ],drive [ 50 ] [ 0 ] [ 1616 1422 1905 ] [   26   48   11 ] [  10318   6919  10128 ] [ 0 ],1.10,1.10,1.10,1.10,-10.15,41.37,0.00,0.00,0.00,0.00,0.00,-0.00,0.00,0.00,0.00,0.00,0.00,0.00,0.00,0.00,0.00,0
2.70209,-9,38,153,0,DRIVE [ 51 ] [ 1 ] [ 1605 1403 1905 ] [    0    0    0 ] [      0      0      0 ] [ 0 ],drive [ 50 ] [ 0 ] [ 1610 1413 1905 ] [   26   48   11 ] [  10318   6919  10128 ] [ 0 ],1.10,1.10,1.10,1.10,-10.22,41.71,0.00,0.00,0.00,0.00,0.00,-0.00,0.00,0.00,0.00,0.00,0.00,0.00,0.00,0.00,0.00,0
2.71227,-9,38,151,0,DRIVE [ 51 ] [ 1 ] [ 1598 1394 1905 ] [    0    0    0 ] [      0      0      0 ] [ 0 ],drive [ 51 ] [ 0 ] [ 1605 1403 1905 ] [   26   48   11 ] [  10318   6919  10128 ] [ 0 ],1.10,1.10,1.10,1.10,-10.23,42.08,0.00,0.00,0.00,0.00,0.00,-0.00,0.00,0.00,0.00,0.00,0.00,0.00,0.00,0.00,0.00,0
2.72329,-9,39,149,0,DRIVE [ 52 ] [ 1 ] [ 1590 1384 1905 ] [    0    0    0 ] [      0      0      0 ] [ 0 ],drive [ 51 ] [ 0 ] [ 1598 1394 1905 ] [   26   48   11 ] [  10319   6929  10128 ] [ 0 ],1.10,1.10,1.10,1.10,-10.16,42.37,0.00,0.00,0.00,0.00,0.00,-0.00,0.00,0.00,0.00,0.00,0.00,0.00,0.00,0.00,0.00,0
2.7345,-9,39,147,0,DRIVE [ 52 ] [ 1 ] [ 1581 1376 1905 ] [    0    0    0 ] [      0      0      0 ] [ 0 ],drive [ 52 ] [ 0 ] [ 1590 1384 1905 ] [   29   66   10 ] [  10319   6929  10128 ] [ 0 ],1.10,1.10,1.10,1.10,-10.03,42.72,0.00,0.00,0.00,0.00,0.00,-0.00,0.00,0.00,0.00,0.00,0.00,0.00,0.00,0.00,0.00,0
2.74483,-9,39,145,0,DRIVE [ 53 ] [ 1 ] [ 1572 1368 1905 ] [    0    0    0 ] [      0      0      0 ] [ 0 ],drive [ 52 ] [ 0 ] [ 1581 1376 1905 ] [   29   66   10 ] [  10319   6929  10128 ] [ 0 ],1.10,1.10,1.10,1.10,-9.89,43.15,0.00,0.00,0.00,0.00,0.00,-0.00,0.00,0.00,0.00,0.00,0.00,0.00,0.00,0.00,0.00,0
2.75525,-9,40,143,0,DRIVE [ 53 ] [ 1 ] [ 1563 1361 1905 ] [    0    0    0 ] [      0      0      0 ] [ 0 ],drive [ 53 ] [ 0 ] [ 1572 1368 1905 ] [   29   66   10 ] [  10319   6929  10128 ] [ 0 ],1.10,1.10,1.10,1.10,-9.68,43.47,0.00,0.00,0.00,0.00,0.00,-0.00,0.00,0.00,0.00,0.00,0.00,0.00,0.00,0.00,0.00,0
2.7661,-8,40,141,0,DRIVE [ 54 ] [ 1 ] [ 1553 1357 1905 ] [    0    0    0 ] [      0      0      0 ] [ 0 ],drive [ 53 ] [ 0 ] [ 1563 1361 1905 ] [   29   66   10 ] [  10331   7114  10123 ] [ 0 ],1.10,1.10,1.10,1.10,-9.27,43.76,0.00,0.00,0.00,0.00,0.00,-0.00,0.00,0.00,0.00,0.00,0.00,0.00,0.00,0.00,0.00,0
2.7766,-8,40,139,0,DRIVE [ 54 ] [ 1 ] [ 1542 1357 1905 ] [    0    0    0 ] [      0      0      0 ] [ 0 ],drive [ 54 ] [ 0 ] [ 1553 1357 1905 ] [   29   66   10 ] [  10331   7114  10123 ] [ 0 ],1.10,1.10,1.10,1.10,-8.68,43.98,0.00,0.00,0.00,0.00,0.00,-0.00,0.00,0.00,0.00,0.00,0.00,0.00,0.00,0.00,0.00,0
2.78709,-7,40,138,0,DRIVE [ 55 ] [ 1 ] [ 1530 1359 1905 ] [    0    0    0 ] [      0      0      0 ] [ 0 ],drive [ 54 ] [ 0 ] [ 1542 1357 1905 ] [   36   62    1 ] [  10331   7114  10123 ] [ 0 ],1.10,1.10,1.10,1.10,-7.93,44.07,0.00,0.00,0.00,0.00,0.00,-0.00,0.00,0.00,0.00,0.00,0.00,0.00,0.00,0.00,0.00,0
2.7979,-6,40,136,0,DRIVE [ 55 ] [ 1 ] [ 1518 1362 1905 ] [    0    0    0 ] [      0      0      0 ] [ 0 ],drive [ 55 ] [ 0 ] [ 1530 1359 1905 ] [   36   62    1 ] [  10331   7114  10123 ] [ 0 ],1.10,1.10,1.10,1.10,-7.13,44.11,0.00,0.00,0.00,0.00,0.00,-0.00,0.00,0.00,0.00,0.00,0.00,0.00,0.00,0.00,0.00,0
2.8084,-6,40,134,0,DRIVE [ 56 ] [ 1 ] [ 1506 1366 1905 ] [    0    0    0 ] [      0      0      0 ] [ 0 ],drive [ 55 ] [ 0 ] [ 1518 1362 1905 ] [   36   62    1 ] [  10331   7114  10123 ] [ 0 ],1.10,1.10,1.10,1.10,-6.33,44.06,0.00,0.00,0.00,0.00,0.00,-0.00,0.00,0.00,0.00,0.00,0.00,0.00,0.00,0.00,0.00,0
2.81849,-5,40,133,0,DRIVE [ 56 ] [ 1 ] [ 1495 1372 1905 ] [    0    0    0 ] [      0      0      0 ] [ 0 ],drive [ 56 ] [ 0 ] [ 1506 1366 1905 ] [   36   62    1 ] [  10365   7173  10071 ] [ 0 ],1.10,1.10,1.10,1.10,-5.52,43.81,0.00,0.00,0.00,0.00,0.00,-0.00,0.00,0.00,0.00,0.00,0.00,0.00,0.00,0.00,0.00,0
2.82918,-4,40,131,0,DRIVE [ 57 ] [ 1 ] [ 1486 1379 1905 ] [    0    0    0 ] [      0      0      0 ] [ 0 ],drive [ 56 ] [ 0 ] [ 1495 1372 1905 ] [   36   62    1 ] [  10365   7173  10071 ] [ 0 ],1.10,1.10,1.10,1.10,-4.70,43.47,0.00,0.00,0.00,0.00,0.00,-0.00,0.00,0.00,0.00,0.00,0.00,0.00,0.00,0.00,0.00,0
2.83947,-3,39,129,0,DRIVE [ 57 ] [ 1 ] [ 1477 1389 1905 ] [    0    0    0 ] [      0      0      0 ] [ 0 ],drive [ 57 ] [ 0 ] [ 1486 1379 1905 ] [   54   64   27 ] [  10365   7173  10071 ] [ 0 ],1.10,1.10,1.10,1.10,-3.84,42.98,0.00,0.00,0.00,0.00,0.00,-0.00,0.00,0.00,0.00,0.00,0.00,0.00,0.00,0.00,0.00,0
2.84957,-3,38,128,0,DRIVE [ 58 ] [ 1 ] [ 1469 1402 1905 ] [    0    0    0 ] [      0      0      0 ] [ 0 ],drive [ 57 ] [ 0 ] [ 1477 1389 1905 ] [   54   64   27 ] [  10365   7173  10071 ] [ 0 ],1.10,1.10,1.10,1.10,-2.87,42.29,0.00,0.00,0.00,0.00,0.00,-0.00,0.00,0.00,0.00,0.00,0.00,0.00,0.00,0.00,0.00,0
2.85957,-2,38,126,0,DRIVE [ 58 ] [ 1 ] [ 1460 1416 1905 ] [    0    0    0 ] [      0      0      0 ] [ 0 ],drive [ 58 ] [ 0 ] [ 1469 1402 1905 ] [   54   64   27 ] [  10365   7173  10071 ] [ 0 ],1.10,1.10,1.10,1.10,-1.86,41.59,0.00,0.00,0.00,0.00,0.00,-0.00,0.00,0.00,0.00,0.00,0.00,0.00,0.00,0.00,0.00,0
2.86989,-1,37,125,0,DRIVE [ 59 ] [ 1 ] [ 1452 1432 1905 ] [    0    0    0 ] [      0      0      0 ] [ 0 ],drive [ 58 ] [ 0 ] [ 1460 1416 1905 ] [   54   64   27 ] [  10534   7269  10017 ] [ 0 ],1.10,1.10,1.10,1.10,-0.83,40.85,0.00,0.00,0.00,0.00,0.00,-0.00,0.00,0.00,0.00,0.00,0.00,0.00,0.00,0.00,0.00,0
2.88121,0,36,123,0,DRIVE [ 59 ] [ 1 ] [ 1443 1449 1905 ] [    0    0    0 ] [      0      0      0 ] [ 0 ],drive [ 59 ] [ 0 ] [ 1452 1432 1905 ] [   54   64   27 ] [  10534   7269  10017 ] [ 0 ],1.10,1.10,1.10,1.10,0.28,39.96,0.00,0.00,0.00,0.00,0.00,-0.00,0.00,0.00,0.00,0.00,0.00,0.00,0.00,0.00,0.00,0
2.89323,1,35,122,0,DRIVE [ 60 ] [ 1 ] [ 1433 1468 1905 ] [    0    0    0 ] [      0      0      0 ] [ 0 ],drive [ 59 ] [ 0 ] [ 1443 1449 1905 ] [   61   50    9 ] [  10534   7269  10017 ] [ 0 ],1.10,1.10,1.10,1.10,1.47,39.03,0.00,0.00,0.00,0.00,0.00,-0.00,0.00,0.00,0.00,0.00,0.00,0.00,0.00,0.00,0.00,0
2.90557,2,35,120,0,DRIVE [ 60 ] [ 1 ] [ 1422 1489 1905 ] [    0    0    0 ] [      0      0      0 ] [ 0 ],drive [ 60 ] [ 0 ] [ 1433 1468 1905 ] [   61   50    9 ] [  10534   7269  10017 ] [ 0 ],1.10,1.10,1.10,1.10,2.71,38.04,0.00,0.00,0.00,0.00,0.00,-0.00,0.00,0.00,0.00,0.00,0.00,0.00,0.00,0.00,0.00,0
2.91719,4,34,119,0,DRIVE [ 61 ] [ 1 ] [ 1411 1512 1905 ] [    0    0    0 ] [      0      0      0 ] [ 0 ],drive [ 60 ] [ 0 ] [ 1422 1489 1905 ] [   61   50    9 ] [  10666   7269   9990 ] [ 0 ],1.10,1.10,1.10,1.10,4.05,36.94,0.00,0.00,0.00,0.00,0.00,-0.00,0.00,0.00,0.00,0.00,0.00,0.00,-0.00,-0.00,0.00,0
2.92868,5,33,118,0,DRIVE [ 61 ] [ 1 ] [ 1398 1536 1905 ] [    0    0    0 ] [      0      0      0 ] [ 0 ],drive [ 61 ] [ 0 ] [ 1411 1512 1905 ] [   61   50    9 ] [  10666   7269   9990 ] [ 0 ],1.10,1.10,1.10,1.10,5.47,35.84,0.00,0.00,0.00,0.00,0.00,-0.00,0.00,0.00,0.00,0.00,0.00,0.00,-0.00,-0.00,0.00,0
2.94067,6,31,116,0,DRIVE [ 62 ] [ 1 ] [ 1385 1562 1905 ] [    0    0    0 ] [      0      0      0 ] [ 0 ],drive [ 61 ] [ 0 ] [ 1398 1536 1905 ] [   48   42   11 ] [  10666   7269   9990 ] [ 0 ],1.10,1.10,1.10,1.10,6.92,34.63,0.00,0.00,0.00,0.00,0.00,-0.00,0.00,0.00,0.00,0.00,0.00,0.00,-0.00,-0.00,0.00,0
2.95051,8,30,115,0,DRIVE [ 62 ] [ 1 ] [ 1370 1589 1905 ] [    0    0    0 ] [      0      0      0 ] [ 0 ],drive [ 62 ] [ 0 ] [ 1385 1562 1905 ] [   48   42   11 ] [  10666   7269   9990 ] [ 0 ],1.10,1.10,1.10,1.10,8.41,33.33,0.00,0.00,0.00,0.00,0.00,-0.00,0.00,0.00,0.00,0.00,0.00,0.00,-0.00,-0.00,0.00,0
2.96671,9,29,114,0,DRIVE [ 63 ] [ 1 ] [ 1356 1617 1905 ] [    0    0    0 ] [      0      0      0 ] [ 0 ],drive [ 62 ] [ 0 ] [ 1370 1589 1905 ] [   48   42   11 ] [  10666   7269   9990 ] [ 0 ],1.10,1.10,1.10,1.10,9.86,31.93,0.00,0.00,0.00,0.00,0.00,-0.00,0.00,0.00,0.00,0.00,0.00,0.00,-0.00,-0.00,0.00,0
2.97682,10,28,112,0,DRIVE [ 63 ] [ 1 ] [ 1341 1646 1905 ] [    0    0    0 ] [      0      0      0 ] [ 0 ],drive [ 63 ] [ 0 ] [ 1356 1617 1905 ] [   48   42   11 ] [  10767   7263   9909 ] [ 0 ],1.10,1.10,1.10,1.10,11.29,30.38,0.00,0.00,0.00,0.00,0.00,-0.00,0.00,0.00,0.00,0.00,0.00,0.00,-0.00,-0.00,0.00,0
2.98688,12,26,111,0,DRIVE [ 64 ] [ 1 ] [ 1328 1677 1905 ] [    0    0    0 ] [      0      0      0 ] [ 0 ],drive [ 63 ] [ 0 ] [ 1341 1646 1905 ] [   77   31    8 ] [  10767   7263   9909 ] [ 0 ],1.10,1.10,1.10,1.10,12.66,28.65,0.00,0.00,0.00,0.00,0.00,-0.00,0.00,0.00,0.00,0.00,0.00,0.00,-0.00,-0.00,0.00,0
2.99759,13,24,110,0,DRIVE [ 64 ] [ 1 ] [ 1316 1709 1905 ] [    0    0    0 ] [      0      0      0 ] [ 0 ],drive [ 64 ] [ 0 ] [ 1328 1677 1905 ] [   77   31    8 ] [  10767   7263   9909 ] [ 0 ],1.10,1.10,1.10,1.10,13.93,26.78,0.00,0.00,0.00,0.00,0.00,-0.00,0.00,0.00,0.00,0.00,0.00,0.00,-0.00,-0.00,0.00,0
3.00759,14,23,109,0,DRIVE [ 65 ] [ 1 ] [ 1306 1740 1905 ] [    0    0    0 ] [      0      0      0 ] [ 0 ],drive [ 64 ] [ 0 ] [ 1316 1709 1905 ] [   77   31    8 ] [  10767   7263   9909 ] [ 0 ],1.10,1.10,1.10,1.10,15.05,24.77,0.00,0.00,0.00,0.00,0.00,-0.00,0.00,0.00,0.00,0.00,0.00,0.00,-0.00,-0.00,0.00,0
3.01728,15,21,108,0,DRIVE [ 65 ] [ 1 ] [ 1296 1772 1905 ] [    0    0    0 ] [      0      0      0 ] [ 0 ],drive [ 65 ] [ 0 ] [ 1306 1740 1905 ] [   77   31    8 ] [  11166   7242   9678 ] [ 0 ],1.10,1.10,1.10,1.10,16.04,22.72,0.00,0.00,0.00,0.00,0.00,-0.00,0.00,0.00,0.00,0.00,0.00,0.00,-0.00,-0.00,0.00,0
3.0292,15,19,106,0,DRIVE [ 66 ] [ 1 ] [ 1287 1802 1905 ] [    0    0    0 ] [      0      0      0 ] [ 0 ],drive [ 65 ] [ 0 ] [ 1296 1772 1905 ] [   77   31    8 ] [  11166   7242   9678 ] [ 0 ],1.10,1.10,1.10,1.10,16.90,20.69,0.00,0.00,0.00,0.00,0.00,-0.00,0.00,0.00,0.00,0.00,0.00,0.00,-0.00,-0.00,0.00,0
3.04209,16,17,105,0,DRIVE [ 66 ] [ 1 ] [ 1277 1830 1905 ] [    0    0    0 ] [      0      0      0 ] [ 0 ],drive [ 66 ] [ 0 ] [ 1287 1802 1905 ] [   68   40   12 ] [  11166   7242   9678 ] [ 0 ],1.10,1.10,1.10,1.10,17.64,18.75,0.00,0.00,0.00,0.00,0.00,-0.00,0.00,0.00,0.00,0.00,0.00,0.00,0.00,0.00,0.00,0
3.05337,17,15,104,0,DRIVE [ 67 ] [ 1 ] [ 1264 1857 1905 ] [    0    0    0 ] [      0      0      0 ] [ 0 ],drive [ 66 ] [ 0 ] [ 1277 1830 1905 ] [   68   40   12 ] [  11166   7242   9678 ] [ 0 ],1.10,1.10,1.10,1.10,18.30,16.90,0.00,0.00,0.00,0.00,0.00,-0.00,0.00,0.00,0.00,0.00,0.00,0.00,0.00,0.00,0.00,0
3.06442,17,14,103,0,DRIVE [ 67 ] [ 1 ] [ 1251 1882 1905 ] [    0    0    0 ] [      0      0      0 ] [ 0 ],drive [ 67 ] [ 0 ] [ 1264 1857 1905 ] [   68   40   12 ] [  11166   7242   9678 ] [ 0 ],1.10,1.10,1.10,1.10,18.85,15.14,0.00,0.00,0.00,0.00,0.00,-0.00,0.00,0.00,0.00,0.00,0.00,0.00,0.00,0.00,0.00,0
3.07552,17,12,102,0,DRIVE [ 68 ] [ 1 ] [ 1239 1882 1905 ] [    0    0    0 ] [      0      0      0 ] [ 0 ],drive [ 67 ] [ 0 ] [ 1251 1882 1905 ] [   68   40   12 ] [  11612   7011   9550 ] [ 0 ],1.10,1.10,1.10,1.10,19.25,13.45,0.00,0.00,0.00,0.00,0.00,-0.00,0.00,0.00,0.00,0.00,0.00,0.00,0.00,0.00,0.00,0
3.08534,18,11,100,0,DRIVE [ 68 ] [ 1 ] [ 1268 1882 1886 ] [    0    0    0 ] [      0      0      0 ] [ 0 ],drive [ 68 ] [ 0 ] [ 1239 1882 1905 ] [   76    5    4 ] [  11612   7011   9550 ] [ 0 ],1.10,1.10,1.10,1.10,19.52,11.88,0.00,0.00,0.00,0.00,0.00,-0.00,0.00,0.00,0.00,0.00,0.00,0.00,0.00,0.00,0.00,0
3.09698,18,9,99,0,DRIVE [ 69 ] [ 1 ] [ 1296 1882 1867 ] [    0    0    0 ] [      0      0      0 ] [ 0 ],drive [ 68 ] [ 0 ] [ 1268 1882 1886 ] [   76    5    4 ] [  11612   7011   9550 ] [ 0 ],1.10,1.10,1.10,1.10,19.70,10.33,0.00,0.00,0.00,0.00,0.00,-0.00,0.00,0.00,0.00,0.00,0.00,0.00,0.00,0.00,0.00,0
3.10895,18,8,98,0,DRIVE [ 69 ] [ 1 ] [ 1325 1882 1849 ] [    0    0    0 ] [      0      0      0 ] [ 0 ],drive [ 69 ] [ 0 ] [ 1296 1882 1867 ] [   76    5    4 ] [  11612   7011   9550 ] [ 0 ],1.10,1.10,1.10,1.10,19.79,8.77,0.00,0.00,0.00,0.00,0.00,-0.00,0.00,0.00,0.00,0.00,0.00,0.00,0.00,0.00,0.00,0
3.1187,18,7,97,0,DRIVE [ 70 ] [ 1 ] [ 1354 1882 1830 ] [    0    0    0 ] [      0      0      0 ] [ 0 ],drive [ 69 ] [ 0 ] [ 1325 1882 1849 ] [   76    5    4 ] [  11828   6782   9404 ] [ 0 ],1.10,1.10,1.10,1.10,19.75,7.17,0.00,0.00,0.00,0.00,0.00,-0.00,0.00,0.00,0.00,0.00,0.00,0.00,0.00,0.00,0.00,0
3.12896,18,5,96,0,DRIVE [ 70 ] [ 1 ] [ 1382 1882 1813 ] [    0    0    0 ] [      0      0      0 ] [ 0 ],drive [ 70 ] [ 0 ] [ 1354 1882 1830 ] [   76    5    4 ] [  11828   6782   9404 ] [ 0 ],1.10,1.10,1.10,1.10,19.55,5.69,0.00,0.00,0.00,0.00,0.00,-0.00,0.00,0.00,0.00,0.00,0.00,0.00,0.00,0.00,0.00,0
3.14105,17,4,94,0,DRIVE [ 71 ] [ 1 ] [ 1408 1882 1797 ] [    0    0    0 ] [      0      0      0 ] [ 0 ],drive [ 70 ] [ 0 ] [ 1382 1882 1813 ] [   61   24   12 ] [  11828   6782   9404 ] [ 0 ],1.10,1.10,1.10,1.10,19.23,4.33,0.00,0.00,0.00,0.00,0.00,-0.00,0.00,0.00,0.00,0.00,0.00,0.00,0.00,0.00,0.00,0
3.15266,17,3,93,0,DRIVE [ 71 ] [ 1 ] [ 1433 1882 1783 ] [    0    0    0 ] [      0      0      0 ] [ 0 ],drive [ 71 ] [ 0 ] [ 1408 1882 1797 ] [   61   24   12 ] [  11828   6782   9404 ] [ 0 ],1.10,1.10,1.10,1.10,18.81,3.07,0.00,0.00,0.00,0.00,0.00,-0.00,0.00,0.00,0.00,0.00,0.00,0.00,0.00,0.00,0.00,0
3.1648,17,2,91,0,DRIVE [ 72 ] [ 1 ] [ 1459 1882 1769 ] [    0    0    0 ] [      0      0      0 ] [ 0 ],drive [ 71 ] [ 0 ] [ 1433 1882 1783 ] [   61   24   12 ] [  11828   6782   9404 ] [ 0 ],1.10,1.10,1.10,1.10,18.30,1.87,0.00,0.00,0.00,0.00,0.00,-0.00,0.00,0.00,0.00,0.00,0.00,0.00,0.00,0.00,0.00,0
3.17676,16,1,90,0,DRIVE [ 72 ] [ 1 ] [ 1485 1882 1757 ] [    0    0    0 ] [      0      0      0 ] [ 0 ],drive [ 72 ] [ 0 ] [ 1459 1882 1769 ] [   61   24   12 ] [  11818   6585   9401 ] [ 0 ],1.10,1.10,1.10,1.10,17.70,0.74,0.00,0.00,0.00,0.00,0.00,-0.00,0.00,0.00,0.00,0.00,0.00,0.00,0.00,0.00,0.00,0
3.18642,15,0,89,0,DRIVE [ 73 ] [ 1 ] [ 1512 1882 1744 ] [    0    0    0 ] [      0      0      0 ] [ 0 ],drive [ 72 ] [ 0 ] [ 1485 1882 1757 ] [   46   16   13 ] [  11818   6585   9401 ] [ 0 ],1.10,1.10,1.10,1.10,17.00,-0.40,0.00,0.00,0.00,0.00,0.00,-0.00,0.00,0.00,0.00,0.00,0.00,0.00,0.00,0.00,0.00,0
3.197,15,-1,88,0,DRIVE [ 73 ] [ 1 ] [ 1540 1882 1731 ] [    0    0    0 ] [      0      0      0 ] [ 0 ],drive [ 73 ] [ 0 ] [ 1512 1882 1744 ] [   46   16   13 ] [  11818   6585   9401 ] [ 0 ],1.10,1.10,1.10,1.10,16.21,-1.53,0.00,0.00,0.00,0.00,0.00,-0.00,0.00,0.00,0.00,0.00,0.00,0.00,0.00,0.00,0.00,0
3.20885,14,-2,86,0,DRIVE [ 74 ] [ 1 ] [ 1570 1882 1716 ] [    0    0    0 ] [      0      0      0 ] [ 0 ],drive [ 73 ] [ 0 ] [ 1540 1882 1731 ] [   46   16   13 ] [  11818   6585   9401 ] [ 0 ],1.10,1.10,1.10,1.10,15.35,-2.74,0.00,0.00,0.00,0.00,0.00,-0.00,0.00,0.00,0.00,0.00,0.00,0.00,0.00,0.00,0.00,0
3.22119,13,-4,85,0,DRIVE [ 74 ] [ 1 ] [ 1600 1882 1698 ] [    0    0    0 ] [      0      0      0 ] [ 0 ],drive [ 74 ] [ 0 ] [ 1570 1882 1716 ] [   46   16   13 ] [  11813   6508   9406 ] [ 0 ],1.10,1.10,1.10,1.10,14.46,-4.01,0.00,0.00,0.00,0.00,0.00,-0.00,0.00,0.00,0.00,0.00,0.00,0.00,0.00,0.00,0.00,0
3.23261,12,-5,84,0,DRIVE [ 75 ] [ 1 ] [ 1629 1882 1679 ] [    0    0    0 ] [      0      0      0 ] [ 0 ],drive [ 74 ] [ 0 ] [ 1600 1882 1698 ] [   35   28   17 ] [  11813   6508   9406 ] [ 0 ],1.10,1.10,1.10,1.10,13.50,-5.25,0.00,0.00,0.00,0.00,0.00,-0.00,0.00,0.00,0.00,0.00,0.00,0.00,0.00,0.00,0.00,0
3.24247,11,-6,82,0,DRIVE [ 75 ] [ 1 ] [ 1658 1882 1657 ] [    0    0    0 ] [      0      0      0 ] [ 0 ],drive [ 75 ] [ 0 ] [ 1629 1882 1679 ] [   35   28   17 ] [  11813   6508   9406 ] [ 0 ],1.10,1.10,1.10,1.10,12.47,-6.52,0.00,0.00,0.00,0.00,0.00,-0.00,0.00,0.00,0.00,0.00,0.00,0.00,0.00,0.00,0.00,0
3.25256,10,-7,81,0,DRIVE [ 76 ] [ 1 ] [ 1685 1882 1632 ] [    0    0    0 ] [      0      0      0 ] [ 0 ],drive [ 75 ] [ 0 ] [ 1658 1882 1657 ] [   35   28   17 ] [  11813   6508   9406 ] [ 0 ],1.10,1.10,1.10,1.10,11.41,-7.74,0.00,0.00,0.00,0.00,0.00,-0.00,0.00,0.00,0.00,0.00,0.00,0.00,0.00,0.00,0.00,0
3.26487,9,-8,80,0,DRIVE [ 76 ] [ 1 ] [ 1710 1882 1604 ] [    0    0    0 ] [      0      0      0 ] [ 0 ],drive [ 76 ] [ 0 ] [ 1685 1882 1632 ] [   35   28   17 ] [  11813   6508   9406 ] [ 0 ],1.10,1.10,1.10,1.10,10.33,-8.93,0.00,0.00,0.00,0.00,0.00,-0.00,0.00,0.00,0.00,0.00,0.00,0.00,0.00,0.00,0.00,0
3.27657,8,-9,79,0,DRIVE [ 77 ] [ 1 ] [ 1733 1882 1573 ] [    0    0    0 ] [      0      0      0 ] [ 0 ],drive [ 76 ] [ 0 ] [ 1710 1882 1604 ] [   35   28   17 ] [  11784   6497   9423 ] [ 0 ],1.10,1.10,1.10,1.10,9.25,-10.04,0.00,0.00,0.00,0.00,0.00,-0.00,0.00,0.00,0.00,0.00,0.00,0.00,0.00,0.00,0.00,0
3.28875,7,-10,78,0,DRIVE [ 77 ] [ 1 ] [ 1756 1882 1540 ] [    0    0    0 ] [      0      0      0 ] [ 0 ],drive [ 77 ] [ 0 ] [ 1733 1882 1573 ] [   38   20   49 ] [  11784   6497   9423 ] [ 0 ],1.10,1.10,1.10,1.10,8.12,-11.09,0.00,0.00,0.00,0.00,0.00,-0.00,0.00,0.00,0.00,0.00,0.00,0.00,0.00,0.00,0.00,0
3.3008,6,-11,76,0,DRIVE [ 78 ] [ 1 ] [ 1778 1882 1507 ] [    0    0    0 ] [      0      0      0 ] [ 0 ],drive [ 77 ] [ 0 ] [ 1756 1882 1540 ] [   38   20   49 ] [  11784   6497   9423 ] [ 0 ],1.10,1.10,1.10,1.10,6.98,-11.97,0.00,0.00,0.00,0.00,0.00,-0.00,0.00,0.00,0.00,0.00,0.00,0.00,0.00,0.00,0.00,0
3.31049,5,-12,75,0,DRIVE [ 78 ] [ 1 ] [ 1800 1882 1472 ] [    0    0    0 ] [      0      0      0 ] [ 0 ],drive [ 78 ] [ 0 ] [ 1778 1882 1507 ] [   38   20   49 ] [  11784   6497   9423 ] [ 0 ],1.10,1.10,1.10,1.10,5.78,-12.71,0.00,0.00,0.00,0.00,0.00,-0.00,0.00,0.00,0.00,0.00,0.00,0.00,0.00,0.00,0.00,0
3.32086,4,-12,74,0,DRIVE [ 79 ] [ 1 ] [ 1822 1882 1438 ] [    0    0    0 ] [      0      0      0 ] [ 0 ],drive [ 78 ] [ 0 ] [ 1800 1882 1472 ] [   38   20   49 ] [  11597   6388   9659 ] [ 0 ],1.10,1.10,1.10,1.10,4.58,-13.33,0.00,0.00,0.00,0.00,0.00,-0.00,0.00,0.00,0.00,0.00,0.00,0.00,0.00,0.00,0.00,0
3.33282,3,-13,73,0,DRIVE [ 79 ] [ 1 ] [ 1843 1882 1397 ] [    0    0    0 ] [      0      0      0 ] [ 0 ],drive [ 79 ] [ 0 ] [ 1822 1882 1438 ] [   29   21   62 ] [  11597   6388   9659 ] [ 0 ],1.10,1.10,1.10,1.10,3.38,-13.98,0.00,0.00,0.00,0.00,0.00,-0.00,0.00,0.00,0.00,0.00,0.00,0.00,0.00,0.00,0.00,0
3.3447,2,-13,72,0,DRIVE [ 80 ] [ 1 ] [ 1864 1882 1351 ] [    0    0    0 ] [      0      0      0 ] [ 0 ],drive [ 79 ] [ 0 ] [ 1843 1882 1397 ] [   29   21   62 ] [  11597   6388   9659 ] [ 0 ],1.10,1.10,1.10,1.10,2.24,-14.64,0.00,0.00,0.00,0.00,0.00,-0.00,0.00,0.00,0.00,0.00,0.00,0.00,0.00,0.00,0.00,0
3.35659,1,-14,71,0,DRIVE [ 80 ] [ 1 ] [ 1884 1882 1305 ] [    0    0    0 ] [      0      0      0 ] [ 0 ],drive [ 80 ] [ 0 ] [ 1864 1882 1351 ] [   29   21   62 ] [  11597   6388   9659 ] [ 0 ],1.10,1.10,1.10,1.10,1.12,-15.19,0.00,0.00,0.00,0.00,0.00,-0.00,0.00,0.00,0.00,0.00,0.00,0.00,0.00,0.00,0.00,0
3.36652,0,-14,70,0,DRIVE [ 81 ] [ 1 ] [ 1905 1882 1260 ] [    0    0    0 ] [      0      0      0 ] [ 0 ],drive [ 80 ] [ 0 ] [ 1884 1882 1305 ] [   29   21   62 ] [  11285   6377   9895 ] [ 0 ],1.10,1.10,1.10,1.10,0.03,-15.62,0.00,0.00,0.00,0.00,0.00,-0.00,0.00,0.00,0.00,0.00,0.00,0.00,0.00,0.00,0.00,0
3.37666,-1,-14,69,0,DRIVE [ 81 ] [ 1 ] [ 1905 1886 1259 ] [    0    0    0 ] [      0      0      0 ] [ 0 ],drive [ 81 ] [ 0 ] [ 1905 1882 1260 ] [   29   21   62 ] [  11285   6377   9895 ] [ 0 ],1.10,1.10,1.10,1.10,-1.00,-15.86,0.00,0.00,0.00,0.00,0.00,-0.00,0.00,0.00,0.00,0.00,0.00,0.00,0.00,0.00,0.00,0
3.3887,-2,-14,68,0,DRIVE [ 82 ] [ 1 ] [ 1905 1867 1264 ] [    0    0    0 ] [      0      0      0 ] [ 0 ],drive [ 81 ] [ 0 ] [ 1905 1886 1259 ] [   18   21   83 ] [  11285   6377   9895 ] [ 0 ],1.10,1.10,1.10,1.10,-1.98,-15.91,0.00,0.00,0.00,0.00,0.00,-0.00,0.00,0.00,0.00,0.00,0.00,0.00,0.00,0.00,0.00,0
3.40089,-3,-14,67,0,DRIVE [ 82 ] [ 1 ] [ 1905 1848 1270 ] [    0    0    0 ] [      0      0      0 ] [ 0 ],drive [ 82 ] [ 0 ] [ 1905 1867 1264 ] [   18   21   83 ] [  11285   6377   9895 ] [ 0 ],1.10,1.10,1.10,1.10,-2.86,-15.83,0.00,0.00,0.00,0.00,0.00,-0.00,0.00,0.00,0.00,0.00,0.00,0.00,0.00,0.00,0.00,0
3.41282,-3,-14,66,0,DRIVE [ 83 ] [ 1 ] [ 1905 1831 1278 ] [    0    0    0 ] [      0      0      0 ] [ 0 ],drive [ 82 ] [ 0 ] [ 1905 1848 1270 ] [   18   21   83 ] [  11285   6377   9895 ] [ 0 ],1.10,1.10,1.10,1.10,-3.66,-15.66,0.00,0.00,0.00,0.00,0.00,-0.00,0.00,0.00,0.00,0.00,0.00,0.00,0.00,0.00,0.00,0
3.42467,-4,-14,65,0,DRIVE [ 83 ] [ 1 ] [ 1905 1815 1283 ] [    0    0    0 ] [      0      0      0 ] [ 0 ],drive [ 83 ] [ 0 ] [ 1905 1831 1278 ] [   18   21   83 ] [  10673   6377  10289 ] [ 0 ],1.10,1.10,1.10,1.10,-4.39,-15.48,0.00,0.00,0.00,0.00,0.00,-0.00,0.00,0.00,0.00,0.00,0.00,0.00,0.00,0.00,0.00,0
3.4346,-5,-14,64,0,DRIVE [ 84 ] [ 1 ] [ 1905 1799 1290 ] [    0    0    0 ] [      0      0      0 ] [ 0 ],drive [ 83 ] [ 0 ] [ 1905 1815 1283 ] [    1   25   64 ] [  10673   6377  10289 ] [ 0 ],1.10,1.10,1.10,1.10,-5.09,-15.27,0.00,0.00,0.00,0.00,0.00,-0.00,0.00,0.00,0.00,0.00,0.00,0.00,0.00,0.00,0.00,0
3.44487,-5,-14,63,0,DRIVE [ 84 ] [ 1 ] [ 1905 1782 1294 ] [    0    0    0 ] [      0      0      0 ] [ 0 ],drive [ 84 ] [ 0 ] [ 1905 1799 1290 ] [    1   25   64 ] [  10673   6377  10289 ] [ 0 ],1.10,1.10,1.10,1.10,-5.77,-15.09,0.00,0.00,0.00,0.00,0.00,-0.00,0.00,0.00,0.00,0.00,0.00,0.00,0.00,0.00,0.00,0
3.45679,-6,-14,62,0,DRIVE [ 85 ] [ 1 ] [ 1905 1765 1297 ] [    0    0    0 ] [      0      0      0 ] [ 0 ],drive [ 84 ] [ 0 ] [ 1905 1782 1294 ] [    1   25   64 ] [  10673   6377  10289 ] [ 0 ],1.10,1.10,1.10,1.10,-6.42,-14.90,0.00,0.00,0.00,0.00,0.00,-0.00,0.00,0.00,0.00,0.00,0.00,0.00,0.00,0.00,0.00,0
3.46884,-6,-13,61,0,DRIVE [ 85 ] [ 1 ] [ 1905 1748 1304 ] [    0    0    0 ] [      0      0      0 ] [ 0 ],drive [ 85 ] [ 0 ] [ 1905 1765 1297 ] [    1   25   64 ] [  10426   6387  10455 ] [ 0 ],1.10,1.10,1.10,1.10,-7.07,-14.61,0.00,0.00,0.00,0.00,0.00,-0.00,0.00,0.00,0.00,0.00,0.00,0.00,0.00,0.00,0.00,0
3.4807,-7,-13,60,0,DRIVE [ 86 ] [ 1 ] [ 1905 1731 1313 ] [    0    0    0 ] [      0      0      0 ] [ 0 ],drive [ 85 ] [ 0 ] [ 1905 1748 1304 ] [    1   25   64 ] [  10426   6387  10455 ] [ 0 ],1.10,1.10,1.10,1.10,-7.68,-14.21,0.00,0.00,0.00,0.00,0.00,-0.00,0.00,0.00,0.00,0.00,0.00,0.00,0.00,0.00,0.00,0
3.49277,-7,-13,60,0,DRIVE [ 86 ] [ 1 ] [ 1905 1717 1324 ] [    0    0    0 ] [      0      0      0 ] [ 0 ],drive [ 86 ] [ 0 ] [ 1905 1731 1313 ] [   23   24   77 ] [  10426   6387  10455 ] [ 0 ],1.10,1.10,1.10,1.10,-8.15,-13.81,0.00,0.00,0.00,0.00,0.00,-0.00,0.00,0.00,0.00,0.00,0.00,0.00,0.00,0.00,0.00,0
3.50279,-8,-12,59,0,DRIVE [ 87 ] [ 1 ] [ 1905 1704 1339 ] [    0    0    0 ] [      0      0      0 ] [ 0 ],drive [ 86 ] [ 0 ] [ 1905 1717 1324 ] [   23   24   77 ] [  10426   6387  10455 ] [ 0 ],1.10,1.10,1.10,1.10,-8.53,-13.26,0.00,0.00,0.00,0.00,0.00,-0.00,0.00,0.00,0.00,0.00,0.00,0.00,0.00,0.00,0.00,0
3.51272,-8,-11,58,0,DRIVE [ 87 ] [ 1 ] [ 1905 1693 1357 ] [    0    0    0 ] [      0      0      0 ] [ 0 ],drive [ 87 ] [ 0 ] [ 1905 1704 1339 ] [   23   24   77 ] [  10426   6387  10455 ] [ 0 ],1.10,1.10,1.10,1.10,-8.80,-12.62,0.00,0.00,0.00,0.00,0.00,-0.00,0.00,0.00,0.00,0.00,0.00,0.00,0.00,0.00,0.00,0
3.52495,-8,-11,57,0,DRIVE [ 88 ] [ 1 ] [ 1905 1682 1383 ] [    0    0    0 ] [      0      0      0 ] [ 0 ],drive [ 87 ] [ 0 ] [ 1905 1693 1357 ] [   23   24   77 ] [  10249   6461  10645 ] [ 0 ],1.10,1.10,1.10,1.10,-9.02,-11.80,0.00,0.00,0.00,0.00,0.00,-0.00,0.00,0.00,0.00,0.00,0.00,0.00,0.00,0.00,0.00,0
3.53728,-8,-10,56,0,DRIVE [ 88 ] [ 1 ] [ 1905 1672 1414 ] [    0    0    0 ] [      0      0      0 ] [ 0 ],drive [ 88 ] [ 0 ] [ 1905 1682 1383 ] [    5   24   75 ] [  10249   6461  10645 ] [ 0 ],1.10,1.10,1.10,1.10,-9.17,-10.84,0.00,0.00,0.00,0.00,0.00,-0.00,0.00,0.00,0.00,0.00,0.00,0.00,0.00,0.00,0.00,0
3.54889,-8,-9,55,0,DRIVE [ 89 ] [ 1 ] [ 1905 1664 1446 ] [    0    0    0 ] [      0      0      0 ] [ 0 ],drive [ 88 ] [ 0 ] [ 1905 1672 1414 ] [    5   24   75 ] [  10249   6461  10645 ] [ 0 ],1.10,1.10,1.10,1.10,-9.21,-9.86,0.00,0.00,0.00,0.00,0.00,-0.00,0.00,0.00,0.00,0.00,0.00,0.00,0.00,0.00,0.00,0
3.55861,-8,-8,54,0,DRIVE [ 89 ] [ 1 ] [ 1905 1657 1479 ] [    0    0    0 ] [      0      0      0 ] [ 0 ],drive [ 89 ] [ 0 ] [ 1905 1664 1446 ] [    5   24   75 ] [  10249   6461  10645 ] [ 0 ],1.10,1.10,1.10,1.10,-9.16,-8.88,0.00,0.00,0.00,0.00,0.00,-0.00,0.00,0.00,0.00,0.00,0.00,0.00,0.00,0.00,0.00,0
3.56989,-8,-7,54,0,DRIVE [ 90 ] [ 1 ] [ 1905 1653 1512 ] [    0    0    0 ] [      0      0      0 ] [ 0 ],drive [ 89 ] [ 0 ] [ 1905 1657 1479 ] [    5   24   75 ] [  10114   6503  10740 ] [ 0 ],1.10,1.10,1.10,1.10,-9.02,-7.90,0.00,0.00,0.00,0.00,0.00,-0.00,0.00,0.00,0.00,0.00,0.00,0.00,0.00,0.00,0.00,0
3.5819,-8,-6,53,0,DRIVE [ 90 ] [ 1 ] [ 1905 1652 1546 ] [    0    0    0 ] [      0      0      0 ] [ 0 ],drive [ 90 ] [ 0 ] [ 1905 1653 1512 ] [    5   24   75 ] [  10114   6503  10740 ] [ 0 ],1.10,1.10,1.10,1.10,-8.79,-6.93,0.00,0.00,0.00,0.00,0.00,-0.00,0.00,0.00,0.00,0.00,0.00,0.00,0.00,0.00,0.00,0
3.59272,-8,-5,52,0,DRIVE [ 91 ] [ 1 ] [ 1905 1653 1582 ] [    0    0    0 ] [      0      0      0 ] [ 0 ],drive [ 90 ] [ 0 ] [ 1905 1652 1546 ] [   -1   31   62 ] [  10114   6503  10740 ] [ 0 ],1.10,1.10,1.10,1.10,-8.44,-5.97,0.00,0.00,0.00,0.00,0.00,-0.00,0.00,0.00,0.00,0.00,0.00,0.00,0.00,0.00,0.00,0
3.60493,-7,-5,51,0,DRIVE [ 91 ] [ 1 ] [ 1905 1658 1620 ] [    0    0    0 ] [      0      0      0 ] [ 0 ],drive [ 91 ] [ 0 ] [ 1905 1653 1582 ] [   -1   31   62 ] [  10114   6503  10740 ] [ 0 ],1.10,1.10,1.10,1.10,-7.97,-4.97,0.00,0.00,0.00,0.00,0.00,-0.00,0.00,0.00,0.00,0.00,0.00,0.00,0.00,0.00,0.00,0
3.61664,-7,-4,50,0,DRIVE [ 92 ] [ 1 ] [ 1905 1665 1661 ] [    0    0    0 ] [      0      0      0 ] [ 0 ],drive [ 91 ] [ 0 ] [ 1905 1658 1620 ] [   -1   31   62 ] [  10114   6503  10740 ] [ 0 ],1.10,1.10,1.10,1.10,-7.43,-3.96,0.00,0.00,0.00,0.00,0.00,-0.00,0.00,0.00,0.00,0.00,0.00,0.00,0.00,0.00,0.00,0
3.62675,-6,-3,50,0,DRIVE [ 92 ] [ 1 ] [ 1905 1669 1702 ] [    0    0    0 ] [      0      0      0 ] [ 0 ],drive [ 92 ] [ 0 ] [ 1905 1665 1661 ] [   -1   31   62 ] [  10054   6690  10723 ] [ 0 ],1.10,1.10,1.10,1.10,-6.89,-2.90,0.00,0.00,0.00,0.00,0.00,-0.00,0.00,0.00,0.00,0.00,0.00,0.00,0.00,0.00,0.00,0
3.63745,-6,-2,49,0,DRIVE [ 93 ] [ 1 ] [ 1905 1670 1744 ] [    0    0    0 ] [      0      0      0 ] [ 0 ],drive [ 92 ] [ 0 ] [ 1905 1669 1702 ] [   19   24   39 ] [  10054   6690  10723 ] [ 0 ],1.10,1.10,1.10,1.10,-6.39,-1.82,0.00,0.00,0.00,0.00,0.00,-0.00,0.00,0.00,0.00,0.00,0.00,0.00,0.00,0.00,0.00,0
3.64878,-5,-1,48,0,DRIVE [ 93 ] [ 1 ] [ 1905 1665 1782 ] [    0    0    0 ] [      0      0      0 ] [ 0 ],drive [ 93 ] [ 0 ] [ 1905 1670 1744 ] [   19   24   39 ] [  10054   6690  10723 ] [ 0 ],1.10,1.10,1.10,1.10,-5.92,-0.76,0.00,0.00,0.00,0.00,0.00,-0.00,0.00,0.00,0.00,0.00,0.00,0.00,0.00,0.00,0.00,0
3.66072,-5,0,47,0,DRIVE [ 94 ] [ 1 ] [ 1905 1654 1817 ] [    0    0    0 ] [      0      0      0 ] [ 0 ],drive [ 93 ] [ 0 ] [ 1905 1665 1782 ] [   19   24   39 ] [  10054   6690  10723 ] [ 0 ],1.10,1.10,1.10,1.10,-5.49,0.23,0.00,0.00,0.00,0.00,0.00,-0.00,0.00,0.00,0.00,0.00,0.00,0.00,0.00,0.00,0.00,0
3.67303,-5,1,46,0,DRIVE [ 94 ] [ 1 ] [ 1905 1636 1846 ] [    0    0    0 ] [      0      0      0 ] [ 0 ],drive [ 94 ] [ 0 ] [ 1905 1654 1817 ] [   19   24   39 ] [  10055   6689  10572 ] [ 0 ],1.10,1.10,1.10,1.10,-5.10,1.13,0.00,0.00,0.00,0.00,0.00,-0.00,0.00,0.00,0.00,0.00,0.00,0.00,0.00,0.00,0.00,0
3.68484,-4,2,46,0,DRIVE [ 95 ] [ 1 ] [ 1905 1610 1870 ] [    0    0    0 ] [      0      0      0 ] [ 0 ],drive [ 94 ] [ 0 ] [ 1905 1636 1846 ] [   16   25   18 ] [  10055   6689  10572 ] [ 0 ],1.10,1.10,1.10,1.10,-4.80,1.90,0.00,0.00,0.00,0.00,0.00,-0.00,0.00,0.00,0.00,0.00,0.00,0.00,0.00,0.00,0.00,0
3.69472,-4,2,45,0,DRIVE [ 95 ] [ 1 ] [ 1905 1581 1889 ] [    0    0    0 ] [      0      0      0 ] [ 0 ],drive [ 95 ] [ 0 ] [ 1905 1610 1870 ] [   16   25   18 ] [  10055   6689  10572 ] [ 0 ],1.10,1.10,1.10,1.10,-4.57,2.54,0.00,0.00,0.00,0.00,0.00,-0.00,0.00,0.00,0.00,0.00,0.00,0.00,0.00,0.00,0.00,0
3.705,-4,3,44,0,DRIVE [ 96 ] [ 1 ] [ 1905 1550 1889 ] [    0    0    0 ] [      0      0      0 ] [ 0 ],drive [ 95 ] [ 0 ] [ 1905 1581 1889 ] [   16   25   18 ] [  10055   6689  10572 ] [ 0 ],1.10,1.10,1.10,1.10,-4.38,3.07,0.00,0.00,0.00,0.00,0.00,-0.00,0.00,0.00,0.00,0.00,0.00,0.00,0.00,0.00,0.00,0
3.71682,-4,3,43,0,DRIVE [ 96 ] [ 1 ] [ 1888 1550 1889 ] [    0    0    0 ] [      0      0      0 ] [ 0 ],drive [ 96 ] [ 0 ] [ 1905 1550 1889 ] [   16   25   18 ] [  10055   6689  10572 ] [ 0 ],1.10,1.10,1.10,1.10,-4.22,3.56,0.00,0.00,0.00,0.00,0.00,-0.00,0.00,0.00,0.00,0.00,0.00,0.00,0.00,0.00,0.00,0
3.72854,-4,4,42,0,DRIVE [ 97 ] [ 1 ] [ 1872 1549 1889 ] [    0    0    0 ] [      0      0      0 ] [ 0 ],drive [ 96 ] [ 0 ] [ 1888 1550 1889 ] [   16   25   18 ] [  10058   6693  10178 ] [ 0 ],1.10,1.10,1.10,1.10,-4.05,3.96,0.00,0.00,0.00,0.00,0.00,-0.00,0.00,0.00,0.00,0.00,0.00,0.00,0.00,0.00,0.00,0
3.74115,-4,4,42,1,DRIVE [ 97 ] [ 1 ] [ 1859 1545 1889 ] [    0    0    0 ] [      0      0      0 ] [ 0 ],drive [ 97 ] [ 0 ] [ 1872 1549 1889 ] [    8   52   15 ] [  10058   6693  10178 ] [ 0 ],1.10,1.10,1.10,1.10,-3.93,4.30,0.00,0.00,0.00,0.00,0.00,-0.00,0.00,0.00,0.00,0.00,0.00,0.00,0.00,0.00,0.00,0
