timestamp,Xmm,Ymm,Zmm,TouchDetected,OutgoingPacket,IncomingPacket,GainPropAb, GainPropAd, GainPropFl, GainPropEx,PropA, PropB, PropC,GainIntegAb, GainIntegAd, GainIntegFl, GainIntegEx,IntegA, IntegB, IntegC,GainDerivAb, GainDerivAd, GainDerivFl, GainDerivEx,DerivA, DerivB, DerivC,Heading5
0.1284,48,67,549,0,DRIVE [ 89 ] [ 1 ] [ 1880 1884 1885 ] [    0    0    0 ] [      0      0      0 ] [ 0 ],drive [ 88 ] [ 0 ] [ 1885 1706 1885 ] [    2   25   13 ] [  14656  11137   8895 ] [ 0 ],1.00,1.00,1.00,1.00,47.92,67.29,0.00,0.00,0.00,0.00,0.00,0.00,0.00,0.00,0.00,0.00,0.00,0.00,0.00,0.00,0.00,0
0.142038,48,67,541,0,DRIVE [ 89 ] [ 1 ] [ 1875 1883 1885 ] [    0    0    0 ] [      0      0      0 ] [ 0 ],drive [ 89 ] [ 0 ] [ 1880 1884 1885 ] [    2   25   13 ] [  14656  11137   8895 ] [ 0 ],1.00,1.00,1.00,1.00,47.64,67.33,0.00,0.00,0.00,0.00,0.00,0.00,0.00,0.00,0.00,0.00,0.00,0.00,-0.00,-0.00,0.00,0
0.154744,47,67,533,0,DRIVE [ 90 ] [ 1 ] [ 1870 1882 1885 ] [    0    0    0 ] [      0      0      0 ] [ 0 ],drive [ 89 ] [ 0 ] [ 1875 1883 1885 ] [    2   25   13 ] [  14639  11135   8939 ] [ 0 ],1.00,1.00,1.00,1.00,47.18,66.61,0.00,0.00,0.00,0.00,0.00,0.00,0.00,0.00,0.00,0.00,0.00,0.00,-0.00,-0.00,0.00,0
0.167513,48,67,533,0,DRIVE [ 90 ] [ 1 ] [ 1865 1880 1885 ] [    0    0    0 ] [      0      0      0 ] [ 0 ],drive [ 90 ] [ 0 ] [ 1870 1882 1885 ] [    3    5    7 ] [  14639  11135   8939 ] [ 0 ],1.00,1.00,1.00,1.00,47.64,66.84,0.00,0.00,0.00,0.00,0.00,0.00,0.00,0.00,0.00,0.00,0.00,0.00,0.00,0.00,0.00,0
0.180723,48,67,531,0,DRIVE [ 91 ] [ 1 ] [ 1860 1879 1885 ] [    0    0    0 ] [      0      0      0 ] [ 0 ],drive [ 90 ] [ 0 ] [ 1865 1880 1885 ] [    3    5    7 ] [  14639  11135   8939 ] [ 0 ],1.00,1.00,1.00,1.00,48.02,66.99,0.00,0.00,0.00,0.00,0.00,0.00,0.00,0.00,0.00,0.00,0.00,0.00,0.00,0.00,0.00,0
0.193388,49,68,530,0,DRIVE [ 91 ] [ 1 ] [ 1855 1878 1885 ] [    0    0    0 ] [      0      0      0 ] [ 0 ],drive [ 91 ] [ 0 ] [ 1860 1879 1885 ] [    3    5    7 ] [  14639  11135   8939 ] [ 0 ],1.00,1.00,1.00,1.00,48.74,67.54,0.00,0.00,0.00,0.00,0.00,0.00,0.00,0.00,0.00,0.00,0.00,0.00,0.00,0.00,0.00,0
0.206614,49,68,528,0,DRIVE [ 92 ] [ 1 ] [ 1849 1877 1885 ] [    0    0    0 ] [      0      0      0 ] [ 0 ],drive [ 91 ] [ 0 ] [ 1855 1878 1885 ] [    3    5    7 ] [  14641  10758   8954 ] [ 0 ],1.00,1.00,1.00,1.00,49.24,68.43,0.00,0.00,0.00,0.00,0.00,0.00,0.00,0.00,0.00,0.00,0.00,0.00,0.00,0.00,0.00,0
0.220042,49,70,524,0,DRIVE [ 92 ] [ 1 ] [ 1844 1876 1885 ] [    0    0    0 ] [      0      0      0 ] [ 0 ],drive [ 92 ] [ 0 ] [ 1849 1877 1885 ] [    5   20    1 ] [  14641  10758   8954 ] [ 0 ],1.00,1.00,1.00,1.00,49.28,69.70,0.00,0.00,0.00,0.00,0.00,0.00,0.00,0.00,0.00,0.00,0.00,0.00,0.00,0.00,0.00,0
0.233424,50,72,523,0,DRIVE [ 93 ] [ 1 ] [ 1838 1874 1885 ] [    0    0    0 ] [      0      0      0 ] [ 0 ],drive [ 92 ] [ 0 ] [ 1844 1876 1885 ] [    5   20    1 ] [  14641  10758   8954 ] [ 0 ],1.00,1.00,1.00,1.00,49.81,71.68,0.00,0.00,0.00,0.00,0.00,0.00,0.00,0.00,0.00,0.00,0.00,0.00,0.00,0.00,0.00,0
0.246877,51,74,523,0,DRIVE [ 93 ] [ 1 ] [ 1831 1872 1885 ] [    0    0    0 ] [      0      0      0 ] [ 0 ],drive [ 93 ] [ 0 ] [ 1838 1874 1885 ] [    5   20    1 ] [  14641  10758   8954 ] [ 0 ],1.00,1.00,1.00,1.00,50.77,73.64,0.00,0.00,0.00,0.00,0.00,0.00,0.00,0.00,0.00,0.00,0.00,0.00,0.00,0.00,0.00,0
0.259884,53,76,522,0,DRIVE [ 94 ] [ 1 ] [ 1823 1871 1885 ] [    0    0    0 ] [      0      0      0 ] [ 0 ],drive [ 93 ] [ 0 ] [ 1831 1872 1885 ] [    5   20    1 ] [  14640  10740   8954 ] [ 0 ],1.00,1.00,1.00,1.00,53.03,75.73,0.00,0.00,0.00,0.00,0.00,0.00,0.00,0.00,0.00,0.00,0.00,0.00,0.00,0.00,0.00,0
0.273836,57,80,532,0,DRIVE [ 94 ] [ 1 ] [ 1815 1870 1885 ] [    0    0    0 ] [      0      0      0 ] [ 0 ],drive [ 94 ] [ 0 ] [ 1823 1871 1885 ] [    7   28    1 ] [  14640  10740   8954 ] [ 0 ],1.00,1.00,1.00,1.00,56.74,79.62,0.00,0.00,0.00,0.00,0.00,0.00,0.00,0.00,0.00,0.00,0.00,0.00,0.00,0.00,0.00,0
0.287079,59,81,524,0,DRIVE [ 95 ] [ 1 ] [ 1805 1868 1885 ] [    0    0    0 ] [      0      0      0 ] [ 0 ],drive [ 94 ] [ 0 ] [ 1815 1870 1885 ] [    7   28    1 ] [  14640  10740   8954 ] [ 0 ],1.00,1.00,1.00,1.00,58.79,80.78,0.00,0.00,0.00,0.00,0.00,0.00,0.00,0.00,0.00,0.00,0.00,0.00,0.00,0.00,0.00,0
0.300331,61,82,518,0,DRIVE [ 95 ] [ 1 ] [ 1796 1867 1885 ] [    0    0    0 ] [      0      0      0 ] [ 0 ],drive [ 95 ] [ 0 ] [ 1805 1868 1885 ] [    7   28    1 ] [  14638  10578   8955 ] [ 0 ],1.00,1.00,1.00,1.00,60.83,82.05,0.00,0.00,0.00,0.00,0.00,0.00,0.00,0.00,0.00,0.00,0.00,0.00,0.00,0.00,0.00,0
0.31338,63,84,516,0,DRIVE [ 96 ] [ 1 ] [ 1785 1865 1885 ] [    0    0    0 ] [      0      0      0 ] [ 0 ],drive [ 95 ] [ 0 ] [ 1796 1867 1885 ] [    7   28    1 ] [  14638  10578   8955 ] [ 0 ],1.00,1.00,1.00,1.00,63.50,84.28,0.00,0.00,0.00,0.00,0.00,0.00,0.00,0.00,0.00,0.00,0.00,0.00,0.00,0.00,0.00,0
0.326262,66,86,510,0,DRIVE [ 96 ] [ 1 ] [ 1774 1864 1885 ] [    0    0    0 ] [      0      0      0 ] [ 0 ],drive [ 96 ] [ 0 ] [ 1785 1865 1885 ] [   10   21    2 ] [  14638  10578   8955 ] [ 0 ],1.00,1.00,1.00,1.00,65.51,85.99,0.00,0.00,0.00,0.00,0.00,0.00,0.00,0.00,0.00,0.00,0.00,0.00,0.00,0.00,0.00,0
0.339496,68,89,504,0,DRIVE [ 97 ] [ 1 ] [ 1762 1862 1885 ] [    0    0    0 ] [      0      0      0 ] [ 0 ],drive [ 96 ] [ 0 ] [ 1774 1864 1885 ] [   10   21    2 ] [  14638  10578   8955 ] [ 0 ],1.00,1.00,1.00,1.00,68.05,88.67,0.00,0.00,0.00,0.00,0.00,0.00,0.00,0.00,0.00,0.00,0.00,0.00,0.00,0.00,0.00,0
0.352729,71,91,500,0,DRIVE [ 97 ] [ 1 ] [ 1749 1859 1885 ] [    0    0    0 ] [      0      0      0 ] [ 0 ],drive [ 97 ] [ 0 ] [ 1762 1862 1885 ] [   10   21    2 ] [  14644  10378   8962 ] [ 0 ],1.00,1.00,1.00,1.00,70.80,91.50,0.00,0.00,0.00,0.00,0.00,0.00,0.00,0.00,0.00,0.00,0.00,0.00,0.00,0.00,0.00,0
0.365821,73,93,492,0,DRIVE [ 98 ] [ 1 ] [ 1736 1857 1885 ] [    0    0    0 ] [      0      0      0 ] [ 0 ],drive [ 97 ] [ 0 ] [ 1749 1859 1885 ] [   13    8    1 ] [  14644  10378   8962 ] [ 0 ],1.00,1.00,1.00,1.00,72.76,93.35,0.00,0.00,0.00,0.00,0.00,0.00,0.00,0.00,0.00,0.00,0.00,0.00,0.00,0.00,0.00,0
0.379126,75,95,489,0,DRIVE [ 98 ] [ 1 ] [ 1722 1855 1885 ] [    0    0    0 ] [      0      0      0 ] [ 0 ],drive [ 98 ] [ 0 ] [ 1736 1857 1885 ] [   13    8    1 ] [  14644  10378   8962 ] [ 0 ],1.00,1.00,1.00,1.00,75.25,95.42,0.00,0.00,0.00,0.00,0.00,0.00,0.00,0.00,0.00,0.00,0.00,0.00,0.00,0.00,0.00,0
0.39199,77,97,485,0,DRIVE [ 99 ] [ 1 ] [ 1708 1854 1885 ] [    0    0    0 ] [      0      0      0 ] [ 0 ],drive [ 98 ] [ 0 ] [ 1722 1855 1885 ] [   13    8    1 ] [  14644  10378   8962 ] [ 0 ],1.00,1.00,1.00,1.00,77.46,97.26,0.00,0.00,0.00,0.00,0.00,0.00,0.00,0.00,0.00,0.00,0.00,0.00,0.00,0.00,0.00,0
0.405177,79,98,475,0,DRIVE [ 99 ] [ 1 ] [ 1692 1851 1885 ] [    0    0    0 ] [      0      0      0 ] [ 0 ],drive [ 99 ] [ 0 ] [ 1708 1854 1885 ] [   13    8    1 ] [  14654  10233   8962 ] [ 0 ],1.00,1.00,1.00,1.00,78.99,98.35,0.00,0.00,0.00,0.00,0.00,0.00,0.00,0.00,0.00,0.00,0.00,0.00,0.00,0.00,0.00,0
0.418276,81,100,470,0,DRIVE [ 00 ] [ 1 ] [ 1677 1849 1885 ] [    0    0    0 ] [      0      0      0 ] [ 0 ],drive [ 99 ] [ 0 ] [ 1692 1851 1885 ] [   24   12    2 ] [  14654  10233   8962 ] [ 0 ],1.00,1.00,1.00,1.00,81.21,100.34,0.00,0.00,0.00,0.00,0.00,0.00,0.00,0.00,0.00,0.00,0.00,0.00,0.00,0.00,0.00,0
0.432709,86,105,479,0,DRIVE [ 00 ] [ 1 ] [ 1660 1847 1885 ] [    0    0    0 ] [      0      0      0 ] [ 0 ],drive [ 00 ] [ 0 ] [ 1677 1849 1885 ] [   24   12    2 ] [  14654  10233   8962 ] [ 0 ],1.00,1.00,1.00,1.00,85.71,104.93,0.00,0.00,0.00,0.00,0.00,0.00,0.00,0.00,0.00,0.00,0.00,0.00,0.00,0.00,0.00,0
0.447735,86,105,468,0,DRIVE [ 01 ] [ 1 ] [ 1643 1845 1885 ] [    0    0    0 ] [      0      0      0 ] [ 0 ],drive [ 00 ] [ 0 ] [ 1660 1847 1885 ] [   24   12    2 ] [  14654  10233   8962 ] [ 0 ],1.00,1.00,1.00,1.00,86.41,105.24,0.00,0.00,0.00,0.00,0.00,0.00,0.00,0.00,0.00,0.00,0.00,0.00,0.00,0.00,0.00,0
0.46225,87,106,461,0,DRIVE [ 01 ] [ 1 ] [ 1626 1842 1885 ] [    0    0    0 ] [      0      0      0 ] [ 0 ],drive [ 01 ] [ 0 ] [ 1643 1845 1885 ] [   24   12    2 ] [  14736  10170   8962 ] [ 0 ],1.00,1.00,1.00,1.00,87.37,106.00,0.00,0.00,0.00,0.00,0.00,0.00,0.00,0.00,0.00,0.00,0.00,0.00,0.00,0.00,0.00,0
0.475393,88,107,453,0,DRIVE [ 02 ] [ 1 ] [ 1608 1839 1885 ] [    0    0    0 ] [      0      0      0 ] [ 0 ],drive [ 01 ] [ 0 ] [ 1626 1842 1885 ] [   30   25    1 ] [  14736  10170   8962 ] [ 0 ],1.00,1.00,1.00,1.00,88.05,107.26,0.00,0.00,0.00,0.00,0.00,0.00,0.00,0.00,0.00,0.00,0.00,0.00,0.00,0.00,0.00,0
0.488983,89,109,448,0,DRIVE [ 02 ] [ 1 ] [ 1592 1836 1885 ] [    0    0    0 ] [      0      0      0 ] [ 0 ],drive [ 02 ] [ 0 ] [ 1608 1839 1885 ] [   30   25    1 ] [  14736  10170   8962 ] [ 0 ],1.00,1.00,1.00,1.00,88.64,108.66,0.00,0.00,0.00,0.00,0.00,0.00,0.00,0.00,0.00,0.00,0.00,0.00,0.00,0.00,0.00,0
0.501784,88,109,439,0,DRIVE [ 03 ] [ 1 ] [ 1577 1832 1885 ] [    0    0    0 ] [      0      0      0 ] [ 0 ],drive [ 02 ] [ 0 ] [ 1592 1836 1885 ] [   30   25    1 ] [  14783  10138   8960 ] [ 0 ],1.00,1.00,1.00,1.00,88.13,108.96,0.00,0.00,0.00,0.00,0.00,0.00,0.00,0.00,0.00,0.00,0.00,0.00,0.00,0.00,0.00,0
0.515203,88,110,434,0,DRIVE [ 03 ] [ 1 ] [ 1562 1829 1885 ] [    0    0    0 ] [      0      0      0 ] [ 0 ],drive [ 03 ] [ 0 ] [ 1577 1832 1885 ] [   46    7    1 ] [  14783  10138   8960 ] [ 0 ],1.00,1.00,1.00,1.00,88.37,110.26,0.00,0.00,0.00,0.00,0.00,0.00,0.00,0.00,0.00,0.00,0.00,0.00,0.00,0.00,0.00,0
0.528703,88,111,427,0,DRIVE [ 04 ] [ 1 ] [ 1546 1825 1885 ] [    0    0    0 ] [      0      0      0 ] [ 0 ],drive [ 03 ] [ 0 ] [ 1562 1829 1885 ] [   46    7    1 ] [  14783  10138   8960 ] [ 0 ],1.00,1.00,1.00,1.00,87.89,110.56,0.00,0.00,0.00,0.00,0.00,0.00,0.00,0.00,0.00,0.00,0.00,0.00,0.00,0.00,0.00,0
0.544815,88,112,423,0,DRIVE [ 04 ] [ 1 ] [ 1530 1821 1885 ] [    0    0    0 ] [      0      0      0 ] [ 0 ],drive [ 04 ] [ 0 ] [ 1546 1825 1885 ] [   46    7    1 ] [  14783  10138   8960 ] [ 0 ],1.00,1.00,1.00,1.00,88.10,112.04,0.00,0.00,0.00,0.00,0.00,0.00,0.00,0.00,0.00,0.00,0.00,0.00,0.00,0.00,0.00,0
0.559755,88,113,418,0,DRIVE [ 05 ] [ 1 ] [ 1512 1815 1885 ] [    0    0    0 ] [      0      0      0 ] [ 0 ],drive [ 04 ] [ 0 ] [ 1530 1821 1885 ] [   46    7    1 ] [  15031   9973   8953 ] [ 0 ],1.00,1.00,1.00,1.00,87.74,113.20,0.00,0.00,0.00,0.00,0.00,0.00,0.00,0.00,0.00,0.00,0.00,0.00,0.00,0.00,0.00,0
0.573017,87,114,413,0,DRIVE [ 05 ] [ 1 ] [ 1495 1810 1885 ] [    0    0    0 ] [      0      0      0 ] [ 0 ],drive [ 05 ] [ 0 ] [ 1512 1815 1885 ] [   36   24   11 ] [  15031   9973   8953 ] [ 0 ],1.00,1.00,1.00,1.00,87.24,114.31,0.00,0.00,0.00,0.00,0.00,0.00,0.00,0.00,0.00,0.00,0.00,0.00,0.00,0.00,0.00,0
0.585827,86,115,407,0,DRIVE [ 06 ] [ 1 ] [ 1481 1805 1885 ] [    0    0    0 ] [      0      0      0 ] [ 0 ],drive [ 05 ] [ 0 ] [ 1495 1810 1885 ] [   36   24   11 ] [  15031   9973   8953 ] [ 0 ],1.00,1.00,1.00,1.00,86.13,114.92,0.00,0.00,0.00,0.00,0.00,0.00,0.00,0.00,0.00,0.00,0.00,0.00,0.00,0.00,0.00,0
0.599379,85,115,401,0,DRIVE [ 06 ] [ 1 ] [ 1467 1800 1885 ] [    0    0    0 ] [      0      0      0 ] [ 0 ],drive [ 06 ] [ 0 ] [ 1481 1805 1885 ] [   36   24   11 ] [  15233   9943   8893 ] [ 0 ],1.00,1.00,1.00,1.00,85.22,115.33,0.00,0.00,0.00,0.00,0.00,0.00,0.00,0.00,0.00,0.00,0.00,0.00,0.00,0.00,0.00,0
0.612595,85,116,395,0,DRIVE [ 07 ] [ 1 ] [ 1451 1795 1885 ] [    0    0    0 ] [      0      0      0 ] [ 0 ],drive [ 06 ] [ 0 ] [ 1467 1800 1885 ] [   36   24   11 ] [  15233   9943   8893 ] [ 0 ],1.00,1.00,1.00,1.00,84.56,115.88,0.00,0.00,0.00,0.00,0.00,0.00,0.00,0.00,0.00,0.00,0.00,0.00,0.00,0.00,0.00,0
0.625707,84,117,391,0,DRIVE [ 07 ] [ 1 ] [ 1434 1790 1885 ] [    0    0    0 ] [      0      0      0 ] [ 0 ],drive [ 07 ] [ 0 ] [ 1451 1795 1885 ] [   57   26   18 ] [  15233   9943   8893 ] [ 0 ],1.00,1.00,1.00,1.00,84.50,116.69,0.00,0.00,0.00,0.00,0.00,0.00,0.00,0.00,0.00,0.00,0.00,0.00,0.00,0.00,0.00,0
0.6406,84,117,386,0,DRIVE [ 08 ] [ 1 ] [ 1418 1786 1885 ] [    0    0    0 ] [      0      0      0 ] [ 0 ],drive [ 07 ] [ 0 ] [ 1434 1790 1885 ] [   57   26   18 ] [  15233   9943   8893 ] [ 0 ],1.00,1.00,1.00,1.00,84.04,116.62,0.00,0.00,0.00,0.00,0.00,0.00,0.00,0.00,0.00,0.00,0.00,0.00,0.00,0.00,0.00,0
0.653691,84,117,381,0,DRIVE [ 08 ] [ 1 ] [ 1399 1782 1885 ] [    0    0    0 ] [      0      0      0 ] [ 0 ],drive [ 08 ] [ 0 ] [ 1418 1786 1885 ] [   57   26   18 ] [  15354   9916   8876 ] [ 0 ],1.00,1.00,1.00,1.00,83.95,116.63,0.00,0.00,0.00,0.00,0.00,0.00,0.00,0.00,0.00,0.00,0.00,0.00,0.00,0.00,0.00,0
0.668157,84,117,375,0,DRIVE [ 09 ] [ 1 ] [ 1378 1777 1885 ] [    0    0    0 ] [      0      0      0 ] [ 0 ],drive [ 08 ] [ 0 ] [ 1399 1782 1885 ] [   55   15   19 ] [  15354   9916   8876 ] [ 0 ],1.00,1.00,1.00,1.00,84.29,117.04,0.00,0.00,0.00,0.00,0.00,0.00,0.00,0.00,0.00,0.00,0.00,0.00,0.00,0.00,0.00,0
0.684128,85,117,369,0,DRIVE [ 09 ] [ 1 ] [ 1356 1773 1885 ] [    0    0    0 ] [      0      0      0 ] [ 0 ],drive [ 09 ] [ 0 ] [ 1378 1777 1885 ] [   55   15   19 ] [  15354   9916   8876 ] [ 0 ],1.00,1.00,1.00,1.00,84.66,117.29,0.00,0.00,0.00,0.00,0.00,0.00,0.00,0.00,0.00,0.00,0.00,0.00,0.00,0.00,0.00,0
0.699279,85,118,365,0,DRIVE [ 10 ] [ 1 ] [ 1331 1769 1885 ] [    0    0    0 ] [      0      0      0 ] [ 0 ],drive [ 09 ] [ 0 ] [ 1356 1773 1885 ] [   55   15   19 ] [  15354   9916   8876 ] [ 0 ],1.00,1.00,1.00,1.00,85.45,117.87,0.00,0.00,0.00,0.00,0.00,0.00,0.00,0.00,0.00,0.00,0.00,0.00,0.00,0.00,0.00,0
0.712292,86,118,360,0,DRIVE [ 10 ] [ 1 ] [ 1307 1764 1885 ] [    0    0    0 ] [      0      0      0 ] [ 0 ],drive [ 10 ] [ 0 ] [ 1331 1769 1885 ] [   55   15   19 ] [  15512   9772   8869 ] [ 0 ],1.00,1.00,1.00,1.00,86.08,118.41,0.00,0.00,0.00,0.00,0.00,0.00,0.00,0.00,0.00,0.00,0.00,0.00,0.00,0.00,0.00,0
0.725063,87,119,356,0,DRIVE [ 11 ] [ 1 ] [ 1285 1760 1885 ] [    0    0    0 ] [      0      0      0 ] [ 0 ],drive [ 10 ] [ 0 ] [ 1307 1764 1885 ] [   63   13    8 ] [  15512   9772   8869 ] [ 0 ],1.00,1.00,1.00,1.00,86.72,118.78,0.00,0.00,0.00,0.00,0.00,0.00,0.00,0.00,0.00,0.00,0.00,0.00,0.00,0.00,0.00,0
0.738105,87,118,349,0,DRIVE [ 11 ] [ 1 ] [ 1260 1757 1885 ] [    0    0    0 ] [      0      0      0 ] [ 0 ],drive [ 11 ] [ 0 ] [ 1285 1760 1885 ] [   63   13    8 ] [  15512   9772   8869 ] [ 0 ],1.00,1.00,1.00,1.00,87.16,118.29,0.00,0.00,0.00,0.00,0.00,0.00,0.00,0.00,0.00,0.00,0.00,0.00,0.00,0.00,0.00,0
0.750867,88,118,344,0,DRIVE [ 12 ] [ 1 ] [ 1237 1754 1885 ] [    0    0    0 ] [      0      0      0 ] [ 0 ],drive [ 11 ] [ 0 ] [ 1260 1757 1885 ] [   63   13    8 ] [  15838   9736   8710 ] [ 0 ],1.00,1.00,1.00,1.00,87.64,118.03,0.00,0.00,0.00,0.00,0.00,0.00,0.00,0.00,0.00,0.00,0.00,0.00,0.00,0.00,0.00,0
0.76567,88,117,340,0,DRIVE [ 12 ] [ 1 ] [ 1215 1752 1885 ] [    0    0    0 ] [      0      0      0 ] [ 0 ],drive [ 12 ] [ 0 ] [ 1237 1754 1885 ] [   75   17   16 ] [  15838   9736   8710 ] [ 0 ],1.00,1.00,1.00,1.00,88.02,117.41,0.00,0.00,0.00,0.00,0.00,0.00,0.00,0.00,0.00,0.00,0.00,0.00,0.00,0.00,0.00,0
0.779934,88,117,336,0,DRIVE [ 13 ] [ 1 ] [ 1193 1751 1885 ] [    0    0    0 ] [      0      0      0 ] [ 0 ],drive [ 12 ] [ 0 ] [ 1215 1752 1885 ] [   75   17   16 ] [  15838   9736   8710 ] [ 0 ],1.00,1.00,1.00,1.00,88.46,116.64,0.00,0.00,0.00,0.00,0.00,0.00,0.00,0.00,0.00,0.00,0.00,0.00,0.00,0.00,0.00,0
0.792191,89,116,333,0,DRIVE [ 13 ] [ 1 ] [ 1170 1750 1885 ] [    0    0    0 ] [      0      0      0 ] [ 0 ],drive [ 13 ] [ 0 ] [ 1193 1751 1885 ] [   75   17   16 ] [  15838   9736   8710 ] [ 0 ],1.00,1.00,1.00,1.00,89.18,115.94,0.00,0.00,0.00,0.00,0.00,0.00,0.00,0.00,0.00,0.00,0.00,0.00,0.00,0.00,0.00,0
0.80484,89,115,328,0,DRIVE [ 14 ] [ 1 ] [ 1150 1749 1885 ] [    0    0    0 ] [      0      0      0 ] [ 0 ],drive [ 13 ] [ 0 ] [ 1170 1750 1885 ] [   75   17   16 ] [  16048   9696   8647 ] [ 0 ],1.00,1.00,1.00,1.00,89.20,114.53,0.00,0.00,0.00,0.00,0.00,0.00,0.00,0.00,0.00,0.00,0.00,0.00,0.00,0.00,0.00,0
0.817401,89,113,324,0,DRIVE [ 14 ] [ 1 ] [ 1129 1749 1885 ] [    0    0    0 ] [      0      0      0 ] [ 0 ],drive [ 14 ] [ 0 ] [ 1150 1749 1885 ] [   72   29   15 ] [  16048   9696   8647 ] [ 0 ],1.00,1.00,1.00,1.00,89.33,113.47,0.00,0.00,0.00,0.00,0.00,0.00,0.00,0.00,0.00,0.00,0.00,0.00,0.00,0.00,0.00,0
0.829832,90,113,321,0,DRIVE [ 15 ] [ 1 ] [ 1110 1748 1885 ] [    0    0    0 ] [      0      0      0 ] [ 0 ],drive [ 14 ] [ 0 ] [ 1129 1749 1885 ] [   72   29   15 ] [  16048   9696   8647 ] [ 0 ],1.00,1.00,1.00,1.00,89.63,112.65,0.00,0.00,0.00,0.00,0.00,0.00,0.00,0.00,0.00,0.00,0.00,0.00,0.00,0.00,0.00,0
0.842326,90,112,317,0,DRIVE [ 15 ] [ 1 ] [ 1092 1747 1885 ] [    0    0    0 ] [      0      0      0 ] [ 0 ],drive [ 15 ] [ 0 ] [ 1110 1748 1885 ] [   72   29   15 ] [  16048   9696   8647 ] [ 0 ],1.00,1.00,1.00,1.00,89.66,111.68,0.00,0.00,0.00,0.00,0.00,0.00,0.00,0.00,0.00,0.00,0.00,0.00,0.00,0.00,0.00,0
0.854807,89,111,313,0,DRIVE [ 16 ] [ 1 ] [ 1071 1745 1885 ] [    0    0    0 ] [      0      0      0 ] [ 0 ],drive [ 15 ] [ 0 ] [ 1092 1747 1885 ] [   72   29   15 ] [  16318   9508   8640 ] [ 0 ],1.00,1.00,1.00,1.00,89.35,110.77,0.00,0.00,0.00,0.00,0.00,0.00,0.00,0.00,0.00,0.00,0.00,0.00,0.00,0.00,0.00,0
0.868166,89,110,309,0,DRIVE [ 16 ] [ 1 ] [ 1053 1742 1885 ] [    0    0    0 ] [      0      0      0 ] [ 0 ],drive [ 16 ] [ 0 ] [ 1071 1745 1885 ] [  101   29    4 ] [  16318   9508   8640 ] [ 0 ],1.00,1.00,1.00,1.00,89.05,110.20,0.00,0.00,0.00,0.00,0.00,0.00,0.00,0.00,0.00,0.00,0.00,0.00,0.00,0.00,0.00,0
0.880444,89,110,306,0,DRIVE [ 17 ] [ 1 ] [ 1035 1739 1885 ] [    0    0    0 ] [      0      0      0 ] [ 0 ],drive [ 16 ] [ 0 ] [ 1053 1742 1885 ] [  101   29    4 ] [  16318   9508   8640 ] [ 0 ],1.00,1.00,1.00,1.00,88.56,109.58,0.00,0.00,0.00,0.00,0.00,0.00,0.00,0.00,0.00,0.00,0.00,0.00,0.00,0.00,0.00,0
0.892752,88,109,302,0,DRIVE [ 17 ] [ 1 ] [ 1025 1736 1885 ] [    0    0    0 ] [      0      0      0 ] [ 0 ],drive [ 17 ] [ 0 ] [ 1035 1739 1885 ] [  101   29    4 ] [  16318   9508   8640 ] [ 0 ],1.00,1.00,1.00,1.00,87.64,108.77,0.00,0.00,0.00,0.00,0.00,0.00,0.00,0.00,0.00,0.00,0.00,0.00,0.00,0.00,0.00,0
0.904991,87,108,298,0,DRIVE [ 18 ] [ 1 ] [ 1025 1732 1885 ] [    0    0    0 ] [      0      0      0 ] [ 0 ],drive [ 17 ] [ 0 ] [ 1025 1736 1885 ] [  101   29    4 ] [  16736   9306   8461 ] [ 0 ],1.00,1.00,1.00,1.00,86.56,107.90,0.00,0.00,0.00,0.00,0.00,0.00,0.00,0.00,0.00,0.00,0.00,0.00,-0.00,-0.00,0.00,0
0.916679,85,107,296,0,DRIVE [ 18 ] [ 1 ] [ 1025 1729 1885 ] [    0    0    0 ] [      0      0      0 ] [ 0 ],drive [ 18 ] [ 0 ] [ 1025 1732 1885 ] [  101   19    6 ] [  16736   9306   8461 ] [ 0 ],1.00,1.00,1.00,1.00,85.43,107.05,0.00,0.00,0.00,0.00,0.00,0.00,0.00,0.00,0.00,0.00,0.00,0.00,-0.00,-0.00,0.00,0
0.929042,84,106,294,0,DRIVE [ 19 ] [ 1 ] [ 1025 1726 1885 ] [    0    0    0 ] [      0      0      0 ] [ 0 ],drive [ 18 ] [ 0 ] [ 1025 1729 1885 ] [  101   19    6 ] [  16736   9306   8461 ] [ 0 ],1.00,1.00,1.00,1.00,83.94,105.85,0.00,0.00,0.00,0.00,0.00,0.00,0.00,0.00,0.00,0.00,0.00,0.00,-0.00,-0.00,0.00,0
0.941075,82,104,291,0,DRIVE [ 19 ] [ 1 ] [ 1025 1724 1885 ] [    0    0    0 ] [      0      0      0 ] [ 0 ],drive [ 19 ] [ 0 ] [ 1025 1726 1885 ] [  101   19    6 ] [  16736   9306   8461 ] [ 0 ],1.00,1.00,1.00,1.00,81.91,104.04,0.00,0.00,0.00,0.00,0.00,0.00,0.00,0.00,0.00,0.00,0.00,0.00,-0.00,-0.00,0.00,0
0.952793,80,102,289,0,DRIVE [ 20 ] [ 1 ] [ 1025 1722 1885 ] [    0    0    0 ] [      0      0      0 ] [ 0 ],drive [ 19 ] [ 0 ] [ 1025 1724 1885 ] [  101   19    6 ] [  16935   9301   8317 ] [ 0 ],1.00,1.00,1.00,1.00,80.07,102.15,0.00,0.00,0.00,0.00,0.00,0.00,0.00,0.00,0.00,0.00,0.00,0.00,-0.00,-0.00,0.00,0
0.965273,78,100,286,0,DRIVE [ 20 ] [ 1 ] [ 1025 1721 1885 ] [    0    0    0 ] [      0      0      0 ] [ 0 ],drive [ 20 ] [ 0 ] [ 1025 1722 1885 ] [   83   21   25 ] [  16935   9301   8317 ] [ 0 ],1.00,1.00,1.00,1.00,78.32,100.27,0.00,0.00,0.00,0.00,0.00,0.00,0.00,0.00,0.00,0.00,0.00,0.00,-0.00,-0.00,0.00,0
0.977289,76,98,284,0,DRIVE [ 21 ] [ 1 ] [ 1025 1719 1885 ] [    0    0    0 ] [      0      0      0 ] [ 0 ],drive [ 20 ] [ 0 ] [ 1025 1721 1885 ] [   83   21   25 ] [  16935   9301   8317 ] [ 0 ],1.00,1.00,1.00,1.00,76.41,98.48,0.00,0.00,0.00,0.00,0.00,0.00,0.00,0.00,0.00,0.00,0.00,0.00,-0.00,-0.00,0.00,0
0.989075,75,97,282,0,DRIVE [ 21 ] [ 1 ] [ 1025 1716 1885 ] [    0    0    0 ] [      0      0      0 ] [ 0 ],drive [ 21 ] [ 0 ] [ 1025 1719 1885 ] [   83   21   25 ] [  16935   9301   8317 ] [ 0 ],1.00,1.00,1.00,1.00,74.65,96.84,0.00,0.00,0.00,0.00,0.00,0.00,0.00,0.00,0.00,0.00,0.00,0.00,-0.00,-0.00,0.00,0
1.00126,73,95,279,0,DRIVE [ 22 ] [ 1 ] [ 1025 1713 1885 ] [    0    0    0 ] [      0      0      0 ] [ 0 ],drive [ 21 ] [ 0 ] [ 1025 1716 1885 ] [   83   21   25 ] [  16942   9170   8317 ] [ 0 ],1.00,1.00,1.00,1.00,72.75,95.26,0.00,0.00,0.00,0.00,0.00,0.00,0.00,0.00,0.00,0.00,0.00,0.00,-0.00,-0.00,0.00,0
1.0132,71,94,275,0,DRIVE [ 22 ] [ 1 ] [ 1025 1709 1885 ] [    0    0    0 ] [      0      0      0 ] [ 0 ],drive [ 22 ] [ 0 ] [ 1025 1713 1885 ] [  100   39   24 ] [  16942   9170   8317 ] [ 0 ],1.00,1.00,1.00,1.00,70.69,93.78,0.00,0.00,0.00,0.00,0.00,0.00,0.00,0.00,0.00,0.00,0.00,0.00,-0.00,-0.00,0.00,0
1.0253,69,92,273,0,DRIVE [ 23 ] [ 1 ] [ 1025 1705 1885 ] [    0    0    0 ] [      0      0      0 ] [ 0 ],drive [ 22 ] [ 0 ] [ 1025 1709 1885 ] [  100   39   24 ] [  16942   9170   8317 ] [ 0 ],1.00,1.00,1.00,1.00,68.60,92.38,0.00,0.00,0.00,0.00,0.00,0.00,0.00,0.00,0.00,0.00,0.00,0.00,-0.00,-0.00,0.00,0
1.0378,66,91,270,0,DRIVE [ 23 ] [ 1 ] [ 1025 1700 1885 ] [    0    0    0 ] [      0      0      0 ] [ 0 ],drive [ 23 ] [ 0 ] [ 1025 1705 1885 ] [  100   39   24 ] [  16942   9170   8317 ] [ 0 ],1.00,1.00,1.00,1.00,66.39,90.89,0.00,0.00,0.00,0.00,0.00,0.00,0.00,0.00,0.00,0.00,0.00,0.00,-0.00,-0.00,0.00,0
1.04942,64,89,268,0,DRIVE [ 24 ] [ 1 ] [ 1025 1696 1885 ] [    0    0    0 ] [      0      0      0 ] [ 0 ],drive [ 23 ] [ 0 ] [ 1025 1700 1885 ] [  100   39   24 ] [  17105   9114   8235 ] [ 0 ],1.00,1.00,1.00,1.00,64.26,89.42,0.00,0.00,0.00,0.00,0.00,0.00,0.00,0.00,0.00,0.00,0.00,0.00,-0.00,-0.00,0.00,0
1.06175,62,88,266,0,DRIVE [ 24 ] [ 1 ] [ 1025 1692 1885 ] [    0    0    0 ] [      0      0      0 ] [ 0 ],drive [ 24 ] [ 0 ] [ 1025 1696 1885 ] [  100   39   24 ] [  17105   9114   8235 ] [ 0 ],1.00,1.00,1.00,1.00,61.96,87.70,0.00,0.00,0.00,0.00,0.00,0.00,0.00,0.00,0.00,0.00,0.00,0.00,-0.00,-0.00,0.00,0
1.07441,60,86,264,0,DRIVE [ 25 ] [ 1 ] [ 1025 1690 1885 ] [    0    0    0 ] [      0      0      0 ] [ 0 ],drive [ 24 ] [ 0 ] [ 1025 1692 1885 ] [   85   43    8 ] [  17105   9114   8235 ] [ 0 ],1.00,1.00,1.00,1.00,59.65,85.61,0.00,0.00,0.00,0.00,0.00,0.00,0.00,0.00,0.00,0.00,0.00,0.00,-0.00,-0.00,0.00,0
1.08616,57,84,262,0,DRIVE [ 25 ] [ 1 ] [ 1027 1688 1885 ] [    0    0    0 ] [      0      0      0 ] [ 0 ],drive [ 25 ] [ 0 ] [ 1025 1690 1885 ] [   85   43    8 ] [  17105   9114   8235 ] [ 0 ],1.00,1.00,1.00,1.00,57.45,83.59,0.00,0.00,0.00,0.00,0.00,0.00,0.00,0.00,0.00,0.00,0.00,0.00,-0.00,-0.00,0.00,0
1.0997,55,80,260,0,DRIVE [ 26 ] [ 1 ] [ 1049 1689 1885 ] [    0    0    0 ] [      0      0      0 ] [ 0 ],drive [ 25 ] [ 0 ] [ 1027 1688 1885 ] [   85   43    8 ] [  17166   9114   8091 ] [ 0 ],1.00,1.00,1.00,1.00,54.52,80.41,0.00,0.00,0.00,0.00,0.00,0.00,0.00,0.00,0.00,0.00,0.00,0.00,-0.00,-0.00,0.00,0
1.11306,52,77,258,0,DRIVE [ 26 ] [ 1 ] [ 1069 1690 1885 ] [    0    0    0 ] [      0      0      0 ] [ 0 ],drive [ 26 ] [ 0 ] [ 1049 1689 1885 ] [   85   43    8 ] [  17166   9114   8091 ] [ 0 ],1.00,1.00,1.00,1.00,51.59,77.15,0.00,0.00,0.00,0.00,0.00,0.00,0.00,0.00,0.00,0.00,0.00,0.00,-0.00,-0.00,0.00,0
1.12566,49,74,256,0,DRIVE [ 27 ] [ 1 ] [ 1096 1692 1885 ] [    0    0    0 ] [      0      0      0 ] [ 0 ],drive [ 26 ] [ 0 ] [ 1069 1690 1885 ] [   90   43   22 ] [  17166   9114   8091 ] [ 0 ],1.00,1.00,1.00,1.00,48.91,74.23,0.00,0.00,0.00,0.00,0.00,0.00,0.00,0.00,0.00,0.00,0.00,0.00,-0.00,-0.00,0.00,0
1.13962,46,72,254,0,DRIVE [ 27 ] [ 1 ] [ 1125 1694 1885 ] [    0    0    0 ] [      0      0      0 ] [ 0 ],drive [ 27 ] [ 0 ] [ 1096 1692 1885 ] [   90   43   22 ] [  17166   9114   8091 ] [ 0 ],1.00,1.00,1.00,1.00,46.44,71.54,0.00,0.00,0.00,0.00,0.00,0.00,0.00,0.00,0.00,0.00,0.00,0.00,-0.00,-0.00,0.00,0
1.15165,44,69,253,0,DRIVE [ 28 ] [ 1 ] [ 1153 1697 1885 ] [    0    0    0 ] [      0      0      0 ] [ 0 ],drive [ 27 ] [ 0 ] [ 1125 1694 1885 ] [   90   43   22 ] [  17224   9114   8081 ] [ 0 ],1.00,1.00,1.00,1.00,44.05,69.12,0.00,0.00,0.00,0.00,0.00,0.00,0.00,0.00,0.00,0.00,0.00,0.00,-0.00,-0.00,0.00,0
1.16341,41,66,250,0,DRIVE [ 28 ] [ 1 ] [ 1184 1698 1885 ] [    0    0    0 ] [      0      0      0 ] [ 0 ],drive [ 28 ] [ 0 ] [ 1153 1697 1885 ] [   75   42   16 ] [  17224   9114   8081 ] [ 0 ],1.00,1.00,1.00,1.00,41.25,66.37,0.00,0.00,0.00,0.00,0.00,0.00,0.00,0.00,0.00,0.00,0.00,0.00,-0.00,-0.00,0.00,0
1.17517,39,64,248,0,DRIVE [ 29 ] [ 1 ] [ 1215 1698 1885 ] [    0    0    0 ] [      0      0      0 ] [ 0 ],drive [ 28 ] [ 0 ] [ 1184 1698 1885 ] [   75   42   16 ] [  17224   9114   8081 ] [ 0 ],1.00,1.00,1.00,1.00,38.51,63.92,0.00,0.00,0.00,0.00,0.00,0.00,0.00,0.00,0.00,0.00,0.00,0.00,-0.00,-0.00,0.00,0
1.18664,36,61,247,0,DRIVE [ 29 ] [ 1 ] [ 1247 1699 1885 ] [    0    0    0 ] [      0      0      0 ] [ 0 ],drive [ 29 ] [ 0 ] [ 1215 1698 1885 ] [   75   42   16 ] [  17224   9114   8081 ] [ 0 ],1.00,1.00,1.00,1.00,35.75,61.42,0.00,0.00,0.00,0.00,0.00,0.00,0.00,0.00,0.00,0.00,0.00,0.00,-0.00,-0.00,0.00,0
1.19842,33,59,245,0,DRIVE [ 30 ] [ 1 ] [ 1280 1700 1885 ] [    0    0    0 ] [      0      0      0 ] [ 0 ],drive [ 29 ] [ 0 ] [ 1247 1699 1885 ] [   75   42   16 ] [  17264   9114   8076 ] [ 0 ],1.00,1.00,1.00,1.00,33.09,58.94,0.00,0.00,0.00,0.00,0.00,0.00,0.00,0.00,0.00,0.00,0.00,0.00,-0.00,-0.00,0.00,0
1.21144,30,57,243,0,DRIVE [ 30 ] [ 1 ] [ 1311 1701 1885 ] [    0    0    0 ] [      0      0      0 ] [ 0 ],drive [ 30 ] [ 0 ] [ 1280 1700 1885 ] [   75   42   16 ] [  17264   9114   8076 ] [ 0 ],1.00,1.00,1.00,1.00,30.44,56.58,0.00,0.00,0.00,0.00,0.00,0.00,0.00,0.00,0.00,0.00,0.00,0.00,-0.00,-0.00,0.00,0
1.22303,28,54,242,0,DRIVE [ 31 ] [ 1 ] [ 1342 1701 1885 ] [    0    0    0 ] [      0      0      0 ] [ 0 ],drive [ 30 ] [ 0 ] [ 1311 1701 1885 ] [   64   42   11 ] [  17264   9114   8076 ] [ 0 ],1.00,1.00,1.00,1.00,27.93,54.35,0.00,0.00,0.00,0.00,0.00,0.00,0.00,0.00,0.00,0.00,0.00,0.00,-0.00,-0.00,0.00,0
1.23424,25,51,239,0,DRIVE [ 31 ] [ 1 ] [ 1379 1703 1885 ] [    0    0    0 ] [      0      0      0 ] [ 0 ],drive [ 31 ] [ 0 ] [ 1342 1701 1885 ] [   64   42   11 ] [  17264   9114   8076 ] [ 0 ],1.00,1.00,1.00,1.00,24.98,51.31,0.00,0.00,0.00,0.00,0.00,0.00,0.00,0.00,0.00,0.00,0.00,0.00,-0.00,-0.00,0.00,0
1.24578,22,49,237,0,DRIVE [ 32 ] [ 1 ] [ 1414 1705 1885 ] [    0    0    0 ] [      0      0      0 ] [ 0 ],drive [ 31 ] [ 0 ] [ 1379 1703 1885 ] [   64   42   11 ] [  17264   9114   8076 ] [ 0 ],1.00,1.00,1.00,1.00,22.31,48.63,0.00,0.00,0.00,0.00,0.00,0.00,0.00,0.00,0.00,0.00,0.00,0.00,-0.00,-0.00,0.00,0
1.25829,20,46,235,0,DRIVE [ 32 ] [ 1 ] [ 1447 1707 1885 ] [    0    0    0 ] [      0      0      0 ] [ 0 ],drive [ 32 ] [ 0 ] [ 1414 1705 1885 ] [   64   42   11 ] [  17258   9114   8008 ] [ 0 ],1.00,1.00,1.00,1.00,19.81,46.13,0.00,0.00,0.00,0.00,0.00,0.00,0.00,0.00,0.00,0.00,0.00,0.00,-0.00,-0.00,0.00,0
1.27005,17,44,234,0,DRIVE [ 33 ] [ 1 ] [ 1478 1708 1885 ] [    0    0    0 ] [      0      0      0 ] [ 0 ],drive [ 32 ] [ 0 ] [ 1447 1707 1885 ] [   54   43   14 ] [  17258   9114   8008 ] [ 0 ],1.00,1.00,1.00,1.00,17.38,43.73,0.00,0.00,0.00,0.00,0.00,0.00,0.00,0.00,0.00,0.00,0.00,0.00,-0.00,-0.00,0.00,0
1.28147,15,41,232,0,DRIVE [ 33 ] [ 1 ] [ 1509 1709 1885 ] [    0    0    0 ] [      0      0      0 ] [ 0 ],drive [ 33 ] [ 0 ] [ 1478 1708 1885 ] [   54   43   14 ] [  17258   9114   8008 ] [ 0 ],1.00,1.00,1.00,1.00,15.02,41.44,0.00,0.00,0.00,0.00,0.00,0.00,0.00,0.00,0.00,0.00,0.00,0.00,-0.00,-0.00,0.00,0
1.29292,13,39,230,0,DRIVE [ 34 ] [ 1 ] [ 1539 1710 1885 ] [    0    0    0 ] [      0      0      0 ] [ 0 ],drive [ 33 ] [ 0 ] [ 1509 1709 1885 ] [   54   43   14 ] [  17258   9114   8008 ] [ 0 ],1.00,1.00,1.00,1.00,12.75,39.23,0.00,0.00,0.00,0.00,0.00,0.00,0.00,0.00,0.00,0.00,0.00,0.00,-0.00,-0.00,0.00,0
1.30391,10,37,228,0,DRIVE [ 34 ] [ 1 ] [ 1568 1709 1885 ] [    0    0    0 ] [      0      0      0 ] [ 0 ],drive [ 34 ] [ 0 ] [ 1539 1710 1885 ] [   54   43   14 ] [  17238   9114   7960 ] [ 0 ],1.00,1.00,1.00,1.00,10.44,37.18,0.00,0.00,0.00,0.00,0.00,0.00,0.00,0.00,0.00,0.00,0.00,0.00,-0.00,-0.00,0.00,0
1.31421,8,35,225,0,DRIVE [ 35 ] [ 1 ] [ 1596 1706 1885 ] [    0    0    0 ] [      0      0      0 ] [ 0 ],drive [ 34 ] [ 0 ] [ 1568 1709 1885 ] [   50   42   12 ] [  17238   9114   7960 ] [ 0 ],1.00,1.00,1.00,1.00,8.07,35.34,0.00,0.00,0.00,0.00,0.00,0.00,0.00,0.00,0.00,0.00,0.00,0.00,-0.00,-0.00,0.00,0
1.32612,6,34,224,0,DRIVE [ 35 ] [ 1 ] [ 1623 1701 1885 ] [    0    0    0 ] [      0      0      0 ] [ 0 ],drive [ 35 ] [ 0 ] [ 1596 1706 1885 ] [   50   42   12 ] [  17238   9114   7960 ] [ 0 ],1.00,1.00,1.00,1.00,5.72,33.86,0.00,0.00,0.00,0.00,0.00,0.00,0.00,0.00,0.00,0.00,0.00,0.00,-0.00,-0.00,0.00,0
1.33684,3,32,223,0,DRIVE [ 36 ] [ 1 ] [ 1649 1695 1885 ] [    0    0    0 ] [      0      0      0 ] [ 0 ],drive [ 35 ] [ 0 ] [ 1623 1701 1885 ] [   50   42   12 ] [  17238   9114   7960 ] [ 0 ],1.00,1.00,1.00,1.00,3.37,32.47,0.00,0.00,0.00,0.00,0.00,0.00,0.00,0.00,0.00,0.00,0.00,0.00,-0.00,-0.00,0.00,0
1.34808,1,31,221,0,DRIVE [ 36 ] [ 1 ] [ 1672 1687 1885 ] [    0    0    0 ] [      0      0      0 ] [ 0 ],drive [ 36 ] [ 0 ] [ 1649 1695 1885 ] [   50   42   12 ] [  17106   9114   7955 ] [ 0 ],1.00,1.00,1.00,1.00,1.10,31.11,0.00,0.00,0.00,0.00,0.00,0.00,0.00,0.00,0.00,0.00,0.00,0.00,-0.00,-0.00,0.00,0
1.35922,-1,30,219,0,DRIVE [ 37 ] [ 1 ] [ 1693 1678 1885 ] [    0    0    0 ] [      0      0      0 ] [ 0 ],drive [ 36 ] [ 0 ] [ 1672 1687 1885 ] [   50   42   12 ] [  17106   9114   7955 ] [ 0 ],1.00,1.00,1.00,1.00,-1.05,29.92,0.00,0.00,0.00,0.00,0.00,0.00,0.00,0.00,0.00,0.00,0.00,0.00,0.00,-0.00,0.00,0
1.37031,-3,29,217,0,DRIVE [ 37 ] [ 1 ] [ 1711 1668 1885 ] [    0    0    0 ] [      0      0      0 ] [ 0 ],drive [ 37 ] [ 0 ] [ 1693 1678 1885 ] [   26   42    8 ] [  17106   9114   7955 ] [ 0 ],1.00,1.00,1.00,1.00,-3.05,28.90,0.00,0.00,0.00,0.00,0.00,0.00,0.00,0.00,0.00,0.00,0.00,0.00,0.00,-0.00,0.00,0
1.38062,-5,28,215,0,DRIVE [ 38 ] [ 1 ] [ 1727 1656 1885 ] [    0    0    0 ] [      0      0      0 ] [ 0 ],drive [ 37 ] [ 0 ] [ 1711 1668 1885 ] [   26   42    8 ] [  17106   9114   7955 ] [ 0 ],1.00,1.00,1.00,1.00,-5.00,28.13,0.00,0.00,0.00,0.00,0.00,0.00,0.00,0.00,0.00,0.00,0.00,0.00,0.00,-0.00,0.00,0
1.39264,-7,27,213,0,DRIVE [ 38 ] [ 1 ] [ 1742 1642 1885 ] [    0    0    0 ] [      0      0      0 ] [ 0 ],drive [ 38 ] [ 0 ] [ 1727 1656 1885 ] [   26   42    8 ] [  17106   9114   7955 ] [ 0 ],1.00,1.00,1.00,1.00,-6.92,27.36,0.00,0.00,0.00,0.00,0.00,0.00,0.00,0.00,0.00,0.00,0.00,0.00,0.00,-0.00,0.00,0
1.40315,-9,27,211,0,DRIVE [ 39 ] [ 1 ] [ 1756 1627 1885 ] [    0    0    0 ] [      0      0      0 ] [ 0 ],drive [ 38 ] [ 0 ] [ 1742 1642 1885 ] [   26   42    8 ] [  16953   9114   7954 ] [ 0 ],1.00,1.00,1.00,1.00,-8.82,26.60,0.00,0.00,0.00,0.00,0.00,0.00,0.00,0.00,0.00,0.00,0.00,0.00,0.00,-0.00,0.00,0
1.41431,-11,26,209,0,DRIVE [ 39 ] [ 1 ] [ 1770 1610 1885 ] [    0    0    0 ] [      0      0      0 ] [ 0 ],drive [ 39 ] [ 0 ] [ 1756 1627 1885 ] [   31   47    8 ] [  16953   9114   7954 ] [ 0 ],1.00,1.00,1.00,1.00,-10.75,25.88,0.00,0.00,0.00,0.00,0.00,0.00,0.00,0.00,0.00,0.00,0.00,0.00,0.00,-0.00,0.00,0
1.42512,-13,25,207,0,DRIVE [ 40 ] [ 1 ] [ 1783 1591 1885 ] [    0    0    0 ] [      0      0      0 ] [ 0 ],drive [ 39 ] [ 0 ] [ 1770 1610 1885 ] [   31   47    8 ] [  16953   9114   7954 ] [ 0 ],1.00,1.00,1.00,1.00,-12.65,25.18,0.00,0.00,0.00,0.00,0.00,0.00,0.00,0.00,0.00,0.00,0.00,0.00,0.00,-0.00,0.00,0
1.43664,-14,25,205,0,DRIVE [ 40 ] [ 1 ] [ 1794 1571 1885 ] [    0    0    0 ] [      0      0      0 ] [ 0 ],drive [ 40 ] [ 0 ] [ 1783 1591 1885 ] [   31   47    8 ] [  16953   9114   7954 ] [ 0 ],1.00,1.00,1.00,1.00,-14.42,24.56,0.00,0.00,0.00,0.00,0.00,0.00,0.00,0.00,0.00,0.00,0.00,0.00,0.00,-0.00,0.00,0
1.44684,-16,24,203,0,DRIVE [ 41 ] [ 1 ] [ 1806 1549 1885 ] [    0    0    0 ] [      0      0      0 ] [ 0 ],drive [ 40 ] [ 0 ] [ 1794 1571 1885 ] [   31   47    8 ] [  16799   9114   7954 ] [ 0 ],1.00,1.00,1.00,1.00,-16.18,23.98,0.00,0.00,0.00,0.00,0.00,0.00,0.00,0.00,0.00,0.00,0.00,0.00,0.00,-0.00,0.00,0
1.45903,-18,23,201,0,DRIVE [ 41 ] [ 1 ] [ 1817 1526 1885 ] [    0    0    0 ] [      0      0      0 ] [ 0 ],drive [ 41 ] [ 0 ] [ 1806 1549 1885 ] [   31   47    8 ] [  16799   9114   7954 ] [ 0 ],1.00,1.00,1.00,1.00,-17.97,23.39,0.00,0.00,0.00,0.00,0.00,-0.00,0.00,0.00,0.00,0.00,0.00,0.00,0.00,0.00,0.00,0
1.47184,-20,23,200,0,DRIVE [ 42 ] [ 1 ] [ 1829 1498 1885 ] [    0    0    0 ] [      0      0      0 ] [ 0 ],drive [ 41 ] [ 0 ] [ 1817 1526 1885 ] [   30   53    8 ] [  16799   9114   7954 ] [ 0 ],1.00,1.00,1.00,1.00,-19.92,22.84,0.00,0.00,0.00,0.00,0.00,-0.00,0.00,0.00,0.00,0.00,0.00,0.00,0.00,0.00,0.00,0
1.48447,-22,22,198,0,DRIVE [ 42 ] [ 1 ] [ 1841 1468 1885 ] [    0    0    0 ] [      0      0      0 ] [ 0 ],drive [ 42 ] [ 0 ] [ 1829 1498 1885 ] [   30   53    8 ] [  16799   9114   7954 ] [ 0 ],1.00,1.00,1.00,1.00,-21.95,22.33,0.00,0.00,0.00,0.00,0.00,-0.00,0.00,0.00,0.00,0.00,0.00,0.00,0.00,0.00,0.00,0
1.49719,-24,22,195,0,DRIVE [ 43 ] [ 1 ] [ 1853 1434 1885 ] [    0    0    0 ] [      0      0      0 ] [ 0 ],drive [ 42 ] [ 0 ] [ 1841 1468 1885 ] [   30   53    8 ] [  16799   9114   7954 ] [ 0 ],1.00,1.00,1.00,1.00,-24.00,21.82,0.00,0.00,0.00,0.00,0.00,-0.00,0.00,0.00,0.00,0.00,0.00,0.00,0.00,0.00,0.00,0
1.50958,-26,21,193,0,DRIVE [ 43 ] [ 1 ] [ 1865 1398 1885 ] [    0    0    0 ] [      0      0      0 ] [ 0 ],drive [ 43 ] [ 0 ] [ 1853 1434 1885 ] [   30   53    8 ] [  16743   9130   7953 ] [ 0 ],1.00,1.00,1.00,1.00,-26.05,21.29,0.00,0.00,0.00,0.00,0.00,-0.00,0.00,0.00,0.00,0.00,0.00,0.00,0.00,0.00,0.00,0
1.52029,-28,21,191,0,DRIVE [ 44 ] [ 1 ] [ 1878 1362 1885 ] [    0    0    0 ] [      0      0      0 ] [ 0 ],drive [ 43 ] [ 0 ] [ 1865 1398 1885 ] [   29   49    3 ] [  16743   9130   7953 ] [ 0 ],1.00,1.00,1.00,1.00,-28.03,20.73,0.00,0.00,0.00,0.00,0.00,-0.00,0.00,0.00,0.00,0.00,0.00,0.00,0.00,0.00,0.00,0
1.53144,-30,20,188,0,DRIVE [ 44 ] [ 1 ] [ 1878 1334 1880 ] [    0    0    0 ] [      0      0      0 ] [ 0 ],drive [ 44 ] [ 0 ] [ 1878 1362 1885 ] [   29   49    3 ] [  16743   9130   7953 ] [ 0 ],1.00,1.00,1.00,1.00,-29.91,20.20,0.00,0.00,0.00,0.00,0.00,-0.00,0.00,0.00,0.00,0.00,0.00,0.00,0.00,0.00,0.00,0
1.54233,-32,20,186,0,DRIVE [ 45 ] [ 1 ] [ 1878 1318 1870 ] [    0    0    0 ] [      0      0      0 ] [ 0 ],drive [ 44 ] [ 0 ] [ 1878 1334 1880 ] [   29   49    3 ] [  16743   9130   7953 ] [ 0 ],1.00,1.00,1.00,1.00,-31.72,19.72,0.00,0.00,0.00,0.00,0.00,-0.00,0.00,0.00,0.00,0.00,0.00,0.00,0.00,0.00,0.00,0
1.55345,-33,19,184,0,DRIVE [ 45 ] [ 1 ] [ 1878 1303 1860 ] [    0    0    0 ] [      0      0      0 ] [ 0 ],drive [ 45 ] [ 0 ] [ 1878 1318 1870 ] [   29   49    3 ] [  16625   9223   7891 ] [ 0 ],1.00,1.00,1.00,1.00,-33.41,19.22,0.00,0.00,0.00,0.00,0.00,-0.00,0.00,0.00,0.00,0.00,0.00,0.00,0.00,0.00,0.00,0
1.56403,-35,19,182,0,DRIVE [ 46 ] [ 1 ] [ 1878 1289 1850 ] [    0    0    0 ] [      0      0      0 ] [ 0 ],drive [ 45 ] [ 0 ] [ 1878 1303 1860 ] [   11   78   23 ] [  16625   9223   7891 ] [ 0 ],1.00,1.00,1.00,1.00,-34.96,18.71,0.00,0.00,0.00,0.00,0.00,-0.00,0.00,0.00,0.00,0.00,0.00,0.00,0.00,0.00,0.00,0
1.57505,-36,18,179,0,DRIVE [ 46 ] [ 1 ] [ 1878 1275 1841 ] [    0    0    0 ] [      0      0      0 ] [ 0 ],drive [ 46 ] [ 0 ] [ 1878 1289 1850 ] [   11   78   23 ] [  16625   9223   7891 ] [ 0 ],1.00,1.00,1.00,1.00,-36.33,18.22,0.00,0.00,0.00,0.00,0.00,-0.00,0.00,0.00,0.00,0.00,0.00,0.00,0.00,0.00,0.00,0
1.58632,-37,18,177,0,DRIVE [ 47 ] [ 1 ] [ 1878 1263 1833 ] [    0    0    0 ] [      0      0      0 ] [ 0 ],drive [ 46 ] [ 0 ] [ 1878 1275 1841 ] [   11   78   23 ] [  16625   9223   7891 ] [ 0 ],1.00,1.00,1.00,1.00,-37.43,17.80,0.00,0.00,0.00,0.00,0.00,-0.00,0.00,0.00,0.00,0.00,0.00,0.00,0.00,0.00,0.00,0
1.59849,-38,17,175,0,DRIVE [ 47 ] [ 1 ] [ 1878 1254 1827 ] [    0    0    0 ] [      0      0      0 ] [ 0 ],drive [ 47 ] [ 0 ] [ 1878 1263 1833 ] [   11   78   23 ] [  16257   9670   7893 ] [ 0 ],1.00,1.00,1.00,1.00,-38.11,17.39,0.00,0.00,0.00,0.00,0.00,-0.00,0.00,0.00,0.00,0.00,0.00,0.00,0.00,0.00,0.00,0
1.60938,-38,17,173,0,DRIVE [ 48 ] [ 1 ] [ 1878 1249 1823 ] [    0    0    0 ] [      0      0      0 ] [ 0 ],drive [ 47 ] [ 0 ] [ 1878 1254 1827 ] [   11   78   23 ] [  16257   9670   7893 ] [ 0 ],1.00,1.00,1.00,1.00,-38.44,17.03,0.00,0.00,0.00,0.00,0.00,-0.00,0.00,0.00,0.00,0.00,0.00,0.00,0.00,0.00,0.00,0
1.62163,-38,17,171,0,DRIVE [ 48 ] [ 1 ] [ 1878 1248 1819 ] [    0    0    0 ] [      0      0      0 ] [ 0 ],drive [ 48 ] [ 0 ] [ 1878 1249 1823 ] [   16   82   26 ] [  16257   9670   7893 ] [ 0 ],1.00,1.00,1.00,1.00,-38.42,16.63,0.00,0.00,0.00,0.00,0.00,-0.00,0.00,0.00,0.00,0.00,0.00,0.00,0.00,0.00,0.00,0
1.63206,-38,16,170,0,DRIVE [ 49 ] [ 1 ] [ 1878 1249 1817 ] [    0    0    0 ] [      0      0      0 ] [ 0 ],drive [ 48 ] [ 0 ] [ 1878 1248 1819 ] [   16   82   26 ] [  16257   9670   7893 ] [ 0 ],1.00,1.00,1.00,1.00,-38.20,16.25,0.00,0.00,0.00,0.00,0.00,-0.00,0.00,0.00,0.00,0.00,0.00,0.00,0.00,0.00,0.00,0
1.64294,-38,16,168,0,DRIVE [ 49 ] [ 1 ] [ 1878 1251 1816 ] [    0    0    0 ] [      0      0      0 ] [ 0 ],drive [ 49 ] [ 0 ] [ 1878 1249 1817 ] [   16   82   26 ] [  16257   9670   7893 ] [ 0 ],1.00,1.00,1.00,1.00,-37.80,15.93,0.00,0.00,0.00,0.00,0.00,-0.00,0.00,0.00,0.00,0.00,0.00,0.00,0.00,0.00,0.00,0
1.65304,-37,16,166,0,DRIVE [ 50 ] [ 1 ] [ 1878 1253 1816 ] [    0    0    0 ] [      0      0      0 ] [ 0 ],drive [ 49 ] [ 0 ] [ 1878 1251 1816 ] [   16   82   26 ] [  16098   9906   7900 ] [ 0 ],1.00,1.00,1.00,1.00,-37.29,15.67,0.00,0.00,0.00,0.00,0.00,-0.00,0.00,0.00,0.00,0.00,0.00,0.00,0.00,0.00,0.00,0
1.66393,-37,15,164,0,DRIVE [ 50 ] [ 1 ] [ 1878 1256 1816 ] [    0    0    0 ] [      0      0      0 ] [ 0 ],drive [ 50 ] [ 0 ] [ 1878 1253 1816 ] [   12   79   21 ] [  16098   9906   7900 ] [ 0 ],1.00,1.00,1.00,1.00,-36.69,15.38,0.00,0.00,0.00,0.00,0.00,-0.00,0.00,0.00,0.00,0.00,0.00,0.00,0.00,0.00,0.00,0
1.67468,-36,15,162,0,DRIVE [ 51 ] [ 1 ] [ 1878 1257 1817 ] [    0    0    0 ] [      0      0      0 ] [ 0 ],drive [ 50 ] [ 0 ] [ 1878 1256 1816 ] [   12   79   21 ] [  16098   9906   7900 ] [ 0 ],1.00,1.00,1.00,1.00,-36.11,15.23,0.00,0.00,0.00,0.00,0.00,-0.00,0.00,0.00,0.00,0.00,0.00,0.00,0.00,0.00,0.00,0
1.68506,-36,15,160,0,DRIVE [ 51 ] [ 1 ] [ 1878 1256 1818 ] [    0    0    0 ] [      0      0      0 ] [ 0 ],drive [ 51 ] [ 0 ] [ 1878 1257 1817 ] [   12   79   21 ] [  16098   9906   7900 ] [ 0 ],1.00,1.00,1.00,1.00,-35.59,15.19,0.00,0.00,0.00,0.00,0.00,-0.00,0.00,0.00,0.00,0.00,0.00,0.00,0.00,0.00,0.00,0
1.69597,-35,15,158,0,DRIVE [ 52 ] [ 1 ] [ 1878 1254 1821 ] [    0    0    0 ] [      0      0      0 ] [ 0 ],drive [ 51 ] [ 0 ] [ 1878 1256 1818 ] [   12   79   21 ] [  16098   9906   7900 ] [ 0 ],1.00,1.00,1.00,1.00,-35.00,15.23,0.00,0.00,0.00,0.00,0.00,-0.00,0.00,0.00,0.00,0.00,0.00,0.00,0.00,0.00,0.00,0
1.70659,-34,15,156,0,DRIVE [ 52 ] [ 1 ] [ 1878 1252 1824 ] [    0    0    0 ] [      0      0      0 ] [ 0 ],drive [ 52 ] [ 0 ] [ 1878 1254 1821 ] [   12   79   21 ] [  15927   9982   7920 ] [ 0 ],1.00,1.00,1.00,1.00,-34.30,15.38,0.00,0.00,0.00,0.00,0.00,-0.00,0.00,0.00,0.00,0.00,0.00,0.00,0.00,0.00,0.00,0
1.71655,-33,16,154,0,DRIVE [ 53 ] [ 1 ] [ 1878 1250 1830 ] [    0    0    0 ] [      0      0      0 ] [ 0 ],drive [ 52 ] [ 0 ] [ 1878 1252 1824 ] [    7   63    9 ] [  15927   9982   7920 ] [ 0 ],1.00,1.00,1.00,1.00,-33.44,15.64,0.00,0.00,0.00,0.00,0.00,-0.00,0.00,0.00,0.00,0.00,0.00,0.00,0.00,0.00,0.00,0
1.7272,-33,16,152,0,DRIVE [ 53 ] [ 1 ] [ 1878 1247 1836 ] [    0    0    0 ] [      0      0      0 ] [ 0 ],drive [ 53 ] [ 0 ] [ 1878 1250 1830 ] [    7   63    9 ] [  15927   9982   7920 ] [ 0 ],1.00,1.00,1.00,1.00,-32.55,16.00,0.00,0.00,0.00,0.00,0.00,-0.00,0.00,0.00,0.00,0.00,0.00,0.00,0.00,0.00,0.00,0
1.73723,-32,16,150,0,DRIVE [ 54 ] [ 1 ] [ 1878 1244 1843 ] [    0    0    0 ] [      0      0      0 ] [ 0 ],drive [ 53 ] [ 0 ] [ 1878 1247 1836 ] [    7   63    9 ] [  15927   9982   7920 ] [ 0 ],1.00,1.00,1.00,1.00,-31.58,16.39,0.00,0.00,0.00,0.00,0.00,-0.00,0.00,0.00,0.00,0.00,0.00,0.00,0.00,0.00,0.00,0
1.74794,-31,17,148,0,DRIVE [ 54 ] [ 1 ] [ 1878 1242 1850 ] [    0    0    0 ] [      0      0      0 ] [ 0 ],drive [ 54 ] [ 0 ] [ 1878 1244 1843 ] [    7   63    9 ] [  15903   9989   7933 ] [ 0 ],1.00,1.00,1.00,1.00,-30.55,16.72,0.00,0.00,0.00,0.00,0.00,-0.00,0.00,0.00,0.00,0.00,0.00,0.00,0.00,0.00,0.00,0
1.75844,-30,17,146,0,DRIVE [ 55 ] [ 1 ] [ 1878 1241 1857 ] [    0    0    0 ] [      0      0      0 ] [ 0 ],drive [ 54 ] [ 0 ] [ 1878 1242 1850 ] [    7   63    9 ] [  15903   9989   7933 ] [ 0 ],1.00,1.00,1.00,1.00,-29.51,16.97,0.00,0.00,0.00,0.00,0.00,-0.00,0.00,0.00,0.00,0.00,0.00,0.00,0.00,0.00,0.00,0
1.76961,-28,17,144,0,DRIVE [ 55 ] [ 1 ] [ 1878 1240 1864 ] [    0    0    0 ] [      0      0      0 ] [ 0 ],drive [ 55 ] [ 0 ] [ 1878 1241 1857 ] [    6   80    7 ] [  15903   9989   7933 ] [ 0 ],1.00,1.00,1.00,1.00,-28.46,17.19,0.00,0.00,0.00,0.00,0.00,-0.00,0.00,0.00,0.00,0.00,0.00,0.00,0.00,0.00,0.00,0
1.77939,-27,17,142,0,DRIVE [ 56 ] [ 1 ] [ 1878 1241 1871 ] [    0    0    0 ] [      0      0      0 ] [ 0 ],drive [ 55 ] [ 0 ] [ 1878 1240 1864 ] [    6   80    7 ] [  15903   9989   7933 ] [ 0 ],1.00,1.00,1.00,1.00,-27.32,17.36,0.00,0.00,0.00,0.00,0.00,-0.00,0.00,0.00,0.00,0.00,0.00,0.00,0.00,-0.00,0.00,0
1.78953,-26,18,140,0,DRIVE [ 56 ] [ 1 ] [ 1878 1243 1879 ] [    0    0    0 ] [      0      0      0 ] [ 0 ],drive [ 56 ] [ 0 ] [ 1878 1241 1871 ] [    6   80    7 ] [  15903   9989   7933 ] [ 0 ],1.00,1.00,1.00,1.00,-26.05,17.51,0.00,0.00,0.00,0.00,0.00,-0.00,0.00,0.00,0.00,0.00,0.00,0.00,0.00,-0.00,0.00,0
1.80021,-25,18,138,0,DRIVE [ 57 ] [ 1 ] [ 1882 1254 1879 ] [    0    0    0 ] [      0      0      0 ] [ 0 ],drive [ 56 ] [ 0 ] [ 1878 1243 1879 ] [    6   80    7 ] [  15844  10100   7932 ] [ 0 ],1.00,1.00,1.00,1.00,-24.66,17.63,0.00,0.00,0.00,0.00,0.00,-0.00,0.00,0.00,0.00,0.00,0.00,0.00,0.00,-0.00,0.00,0
1.81044,-23,18,136,0,DRIVE [ 57 ] [ 1 ] [ 1871 1279 1879 ] [    0    0    0 ] [      0      0      0 ] [ 0 ],drive [ 57 ] [ 0 ] [ 1882 1254 1879 ] [    6   80    7 ] [  15844  10100   7932 ] [ 0 ],1.00,1.00,1.00,1.00,-23.17,17.75,0.00,0.00,0.00,0.00,0.00,-0.00,0.00,0.00,0.00,0.00,0.00,0.00,0.00,-0.00,0.00,0
1.82101,-22,18,134,0,DRIVE [ 58 ] [ 1 ] [ 1860 1304 1879 ] [    0    0    0 ] [      0      0      0 ] [ 0 ],drive [ 57 ] [ 0 ] [ 1871 1279 1879 ] [   13   64    5 ] [  15844  10100   7932 ] [ 0 ],1.00,1.00,1.00,1.00,-21.66,17.90,0.00,0.00,0.00,0.00,0.00,-0.00,0.00,0.00,0.00,0.00,0.00,0.00,0.00,-0.00,0.00,0
1.83139,-20,18,132,0,DRIVE [ 58 ] [ 1 ] [ 1848 1328 1879 ] [    0    0    0 ] [      0      0      0 ] [ 0 ],drive [ 58 ] [ 0 ] [ 1860 1304 1879 ] [   13   64    5 ] [  15844  10100   7932 ] [ 0 ],1.00,1.00,1.00,1.00,-20.23,18.07,0.00,0.00,0.00,0.00,0.00,-0.00,0.00,0.00,0.00,0.00,0.00,0.00,0.00,-0.00,0.00,0
1.84204,-19,18,130,0,DRIVE [ 59 ] [ 1 ] [ 1836 1352 1879 ] [    0    0    0 ] [      0      0      0 ] [ 0 ],drive [ 58 ] [ 0 ] [ 1848 1328 1879 ] [   13   64    5 ] [  15844  10100   7932 ] [ 0 ],1.00,1.00,1.00,1.00,-18.79,18.25,0.00,0.00,0.00,0.00,0.00,-0.00,0.00,0.00,0.00,0.00,0.00,0.00,0.00,-0.00,0.00,0
1.85223,-17,18,128,0,DRIVE [ 59 ] [ 1 ] [ 1824 1375 1879 ] [    0    0    0 ] [      0      0      0 ] [ 0 ],drive [ 59 ] [ 0 ] [ 1836 1352 1879 ] [   13   64    5 ] [  15809  10100   7931 ] [ 0 ],1.00,1.00,1.00,1.00,-17.33,18.41,0.00,0.00,0.00,0.00,0.00,-0.00,0.00,0.00,0.00,0.00,0.00,0.00,0.00,-0.00,0.00,0
1.86288,-16,19,126,0,DRIVE [ 60 ] [ 1 ] [ 1811 1398 1879 ] [    0    0    0 ] [      0      0      0 ] [ 0 ],drive [ 59 ] [ 0 ] [ 1824 1375 1879 ] [   16   52    6 ] [  15809  10100   7931 ] [ 0 ],1.00,1.00,1.00,1.00,-15.89,18.60,0.00,0.00,0.00,0.00,0.00,-0.00,0.00,0.00,0.00,0.00,0.00,0.00,0.00,-0.00,0.00,0
1.87304,-15,19,124,0,DRIVE [ 60 ] [ 1 ] [ 1798 1419 1879 ] [    0    0    0 ] [      0      0      0 ] [ 0 ],drive [ 60 ] [ 0 ] [ 1811 1398 1879 ] [   16   52    6 ] [  15809  10100   7931 ] [ 0 ],1.00,1.00,1.00,1.00,-14.51,18.79,0.00,0.00,0.00,0.00,0.00,-0.00,0.00,0.00,0.00,0.00,0.00,0.00,0.00,-0.00,0.00,0
1.88305,-13,19,122,0,DRIVE [ 61 ] [ 1 ] [ 1784 1439 1879 ] [    0    0    0 ] [      0      0      0 ] [ 0 ],drive [ 60 ] [ 0 ] [ 1798 1419 1879 ] [   16   52    6 ] [  15809  10100   7931 ] [ 0 ],1.00,1.00,1.00,1.00,-13.13,18.94,0.00,0.00,0.00,0.00,0.00,-0.00,0.00,0.00,0.00,0.00,0.00,0.00,0.00,-0.00,0.00,0
1.89335,-12,19,121,0,DRIVE [ 61 ] [ 1 ] [ 1771 1459 1879 ] [    0    0    0 ] [      0      0      0 ] [ 0 ],drive [ 61 ] [ 0 ] [ 1784 1439 1879 ] [   16   52    6 ] [  15809  10100   7931 ] [ 0 ],1.00,1.00,1.00,1.00,-11.80,19.06,0.00,0.00,0.00,0.00,0.00,-0.00,0.00,0.00,0.00,0.00,0.00,0.00,0.00,-0.00,0.00,0
1.90377,-10,19,119,0,DRIVE [ 62 ] [ 1 ] [ 1757 1479 1879 ] [    0    0    0 ] [      0      0      0 ] [ 0 ],drive [ 61 ] [ 0 ] [ 1771 1459 1879 ] [   16   52    6 ] [  15812  10095   7931 ] [ 0 ],1.00,1.00,1.00,1.00,-10.46,19.14,0.00,0.00,0.00,0.00,0.00,-0.00,0.00,0.00,0.00,0.00,0.00,0.00,0.00,-0.00,0.00,0
1.91336,-9,19,117,0,DRIVE [ 62 ] [ 1 ] [ 1743 1499 1879 ] [    0    0    0 ] [      0      0      0 ] [ 0 ],drive [ 62 ] [ 0 ] [ 1757 1479 1879 ] [   28   42    6 ] [  15812  10095   7931 ] [ 0 ],1.00,1.00,1.00,1.00,-9.13,19.18,0.00,0.00,0.00,0.00,0.00,-0.00,0.00,0.00,0.00,0.00,0.00,0.00,0.00,-0.00,0.00,0
1.92339,-8,19,115,0,DRIVE [ 63 ] [ 1 ] [ 1729 1517 1879 ] [    0    0    0 ] [      0      0      0 ] [ 0 ],drive [ 62 ] [ 0 ] [ 1743 1499 1879 ] [   28   42    6 ] [  15812  10095   7931 ] [ 0 ],1.00,1.00,1.00,1.00,-7.86,19.20,0.00,0.00,0.00,0.00,0.00,-0.00,0.00,0.00,0.00,0.00,0.00,0.00,0.00,-0.00,0.00,0
1.93477,-7,19,113,0,DRIVE [ 63 ] [ 1 ] [ 1714 1535 1879 ] [    0    0    0 ] [      0      0      0 ] [ 0 ],drive [ 63 ] [ 0 ] [ 1729 1517 1879 ] [   28   42    6 ] [  15812  10095   7931 ] [ 0 ],1.00,1.00,1.00,1.00,-6.57,19.17,0.00,0.00,0.00,0.00,0.00,-0.00,0.00,0.00,0.00,0.00,0.00,0.00,0.00,-0.00,0.00,0
1.94528,-5,19,111,0,DRIVE [ 64 ] [ 1 ] [ 1700 1553 1879 ] [    0    0    0 ] [      0      0      0 ] [ 0 ],drive [ 63 ] [ 0 ] [ 1714 1535 1879 ] [   28   42    6 ] [  15812  10095   7931 ] [ 0 ],1.00,1.00,1.00,1.00,-5.34,19.11,0.00,0.00,0.00,0.00,0.00,-0.00,0.00,0.00,0.00,0.00,0.00,0.00,0.00,-0.00,0.00,0
1.95581,-4,19,110,0,DRIVE [ 64 ] [ 1 ] [ 1685 1568 1879 ] [    0    0    0 ] [      0      0      0 ] [ 0 ],drive [ 64 ] [ 0 ] [ 1700 1553 1879 ] [   28   42    6 ] [  15820  10084   7931 ] [ 0 ],1.00,1.00,1.00,1.00,-4.20,19.03,0.00,0.00,0.00,0.00,0.00,-0.00,0.00,0.00,0.00,0.00,0.00,0.00,0.00,-0.00,0.00,0
1.96658,-3,19,108,0,DRIVE [ 65 ] [ 1 ] [ 1671 1582 1879 ] [    0    0    0 ] [      0      0      0 ] [ 0 ],drive [ 64 ] [ 0 ] [ 1685 1568 1879 ] [   43   38    5 ] [  15820  10084   7931 ] [ 0 ],1.00,1.00,1.00,1.00,-3.13,18.92,0.00,0.00,0.00,0.00,0.00,-0.00,0.00,0.00,0.00,0.00,0.00,0.00,0.00,-0.00,0.00,0
1.97887,-2,19,106,0,DRIVE [ 65 ] [ 1 ] [ 1657 1596 1879 ] [    0    0    0 ] [      0      0      0 ] [ 0 ],drive [ 65 ] [ 0 ] [ 1671 1582 1879 ] [   43   38    5 ] [  15820  10084   7931 ] [ 0 ],1.00,1.00,1.00,1.00,-2.13,18.77,0.00,0.00,0.00,0.00,0.00,-0.00,0.00,0.00,0.00,0.00,0.00,0.00,0.00,-0.00,0.00,0
1.99051,-1,19,104,0,DRIVE [ 66 ] [ 1 ] [ 1643 1609 1879 ] [    0    0    0 ] [      0      0      0 ] [ 0 ],drive [ 65 ] [ 0 ] [ 1657 1596 1879 ] [   43   38    5 ] [  15820  10084   7931 ] [ 0 ],1.00,1.00,1.00,1.00,-1.15,18.58,0.00,0.00,0.00,0.00,0.00,-0.00,0.00,0.00,0.00,0.00,0.00,0.00,0.00,-0.00,0.00,0
2.00296,0,18,103,0,DRIVE [ 66 ] [ 1 ] [ 1628 1623 1879 ] [    0    0    0 ] [      0      0      0 ] [ 0 ],drive [ 66 ] [ 0 ] [ 1643 1609 1879 ] [   43   38    5 ] [  15831  10055   7931 ] [ 0 ],1.00,1.00,1.00,1.00,-0.17,18.39,0.00,0.00,0.00,0.00,0.00,-0.00,0.00,0.00,0.00,0.00,0.00,0.00,0.00,-0.00,0.00,0
2.01376,1,18,101,0,DRIVE [ 67 ] [ 1 ] [ 1612 1636 1879 ] [    0    0    0 ] [      0      0      0 ] [ 0 ],drive [ 66 ] [ 0 ] [ 1628 1623 1879 ] [   49   45    6 ] [  15831  10055   7931 ] [ 0 ],1.00,1.00,1.00,1.00,0.81,18.18,0.00,0.00,0.00,0.00,0.00,-0.00,0.00,0.00,0.00,0.00,0.00,0.00,-0.00,-0.00,0.00,0
2.02424,2,18,100,0,DRIVE [ 67 ] [ 1 ] [ 1595 1648 1879 ] [    0    0    0 ] [      0      0      0 ] [ 0 ],drive [ 67 ] [ 0 ] [ 1612 1636 1879 ] [   49   45    6 ] [  15831  10055   7931 ] [ 0 ],1.00,1.00,1.00,1.00,1.76,17.99,0.00,0.00,0.00,0.00,0.00,-0.00,0.00,0.00,0.00,0.00,0.00,0.00,-0.00,-0.00,0.00,0
2.03436,3,18,98,0,DRIVE [ 68 ] [ 1 ] [ 1577 1659 1879 ] [    0    0    0 ] [      0      0      0 ] [ 0 ],drive [ 67 ] [ 0 ] [ 1595 1648 1879 ] [   49   45    6 ] [  15831  10055   7931 ] [ 0 ],1.00,1.00,1.00,1.00,2.66,17.81,0.00,0.00,0.00,0.00,0.00,-0.00,0.00,0.00,0.00,0.00,0.00,0.00,0.00,0.00,0.00,0
2.04704,3,18,96,0,DRIVE [ 68 ] [ 1 ] [ 1560 1669 1879 ] [    0    0    0 ] [      0      0      0 ] [ 0 ],drive [ 68 ] [ 0 ] [ 1577 1659 1879 ] [   49   45    6 ] [  15831  10055   7931 ] [ 0 ],1.00,1.00,1.00,1.00,3.46,17.62,0.00,0.00,0.00,0.00,0.00,-0.00,0.00,0.00,0.00,0.00,0.00,0.00,0.00,0.00,0.00,0
2.05867,4,17,95,0,DRIVE [ 69 ] [ 1 ] [ 1544 1678 1879 ] [    0    0    0 ] [      0      0      0 ] [ 0 ],drive [ 68 ] [ 0 ] [ 1560 1669 1879 ] [   49   45    6 ] [  15901   9973   7931 ] [ 0 ],1.00,1.00,1.00,1.00,4.14,17.39,0.00,0.00,0.00,0.00,0.00,-0.00,0.00,0.00,0.00,0.00,0.00,0.00,0.00,0.00,0.00,0
2.06925,5,17,93,0,DRIVE [ 69 ] [ 1 ] [ 1530 1685 1879 ] [    0    0    0 ] [      0      0      0 ] [ 0 ],drive [ 69 ] [ 0 ] [ 1544 1678 1879 ] [   41   41    6 ] [  15901   9973   7931 ] [ 0 ],1.00,1.00,1.00,1.00,4.72,17.11,0.00,0.00,0.00,0.00,0.00,-0.00,0.00,0.00,0.00,0.00,0.00,0.00,0.00,0.00,0.00,0
2.07981,5,17,91,0,DRIVE [ 70 ] [ 1 ] [ 1518 1693 1879 ] [    0    0    0 ] [      0      0      0 ] [ 0 ],drive [ 69 ] [ 0 ] [ 1530 1685 1879 ] [   41   41    6 ] [  15901   9973   7931 ] [ 0 ],1.00,1.00,1.00,1.00,5.24,16.82,0.00,0.00,0.00,0.00,0.00,-0.00,0.00,0.00,0.00,0.00,0.00,0.00,0.00,0.00,0.00,0
2.09047,6,17,90,0,DRIVE [ 70 ] [ 1 ] [ 1505 1700 1879 ] [    0    0    0 ] [      0      0      0 ] [ 0 ],drive [ 70 ] [ 0 ] [ 1518 1693 1879 ] [   41   41    6 ] [  15901   9973   7931 ] [ 0 ],1.00,1.00,1.00,1.00,5.70,16.52,0.00,0.00,0.00,0.00,0.00,-0.00,0.00,0.00,0.00,0.00,0.00,0.00,0.00,0.00,0.00,0
2.10225,6,16,88,0,DRIVE [ 71 ] [ 1 ] [ 1494 1707 1879 ] [    0    0    0 ] [      0      0      0 ] [ 0 ],drive [ 70 ] [ 0 ] [ 1505 1700 1879 ] [   41   41    6 ] [  16014   9924   7928 ] [ 0 ],1.00,1.00,1.00,1.00,6.10,16.19,0.00,0.00,0.00,0.00,0.00,-0.00,0.00,0.00,0.00,0.00,0.00,0.00,0.00,0.00,0.00,0
2.11473,6,16,87,0,DRIVE [ 71 ] [ 1 ] [ 1485 1714 1879 ] [    0    0    0 ] [      0      0      0 ] [ 0 ],drive [ 71 ] [ 0 ] [ 1494 1707 1879 ] [   47   38    9 ] [  16014   9924   7928 ] [ 0 ],1.00,1.00,1.00,1.00,6.44,15.82,0.00,0.00,0.00,0.00,0.00,-0.00,0.00,0.00,0.00,0.00,0.00,0.00,0.00,0.00,0.00,0
2.12761,7,16,85,0,DRIVE [ 72 ] [ 1 ] [ 1476 1719 1879 ] [    0    0    0 ] [      0      0      0 ] [ 0 ],drive [ 71 ] [ 0 ] [ 1485 1714 1879 ] [   47   38    9 ] [  16014   9924   7928 ] [ 0 ],1.00,1.00,1.00,1.00,6.70,15.52,0.00,0.00,0.00,0.00,0.00,-0.00,0.00,0.00,0.00,0.00,0.00,0.00,0.00,0.00,0.00,0
2.13967,7,15,84,0,DRIVE [ 72 ] [ 1 ] [ 1466 1723 1879 ] [    0    0    0 ] [      0      0      0 ] [ 0 ],drive [ 72 ] [ 0 ] [ 1476 1719 1879 ] [   47   38    9 ] [  16014   9924   7928 ] [ 0 ],1.00,1.00,1.00,1.00,6.91,15.24,0.00,0.00,0.00,0.00,0.00,-0.00,0.00,0.00,0.00,0.00,0.00,0.00,0.00,0.00,0.00,0
2.14986,7,15,82,0,DRIVE [ 73 ] [ 1 ] [ 1458 1726 1879 ] [    0    0    0 ] [      0      0      0 ] [ 0 ],drive [ 72 ] [ 0 ] [ 1466 1723 1879 ] [   47   38    9 ] [  16075   9807   7925 ] [ 0 ],1.00,1.00,1.00,1.00,7.05,15.01,0.00,0.00,0.00,0.00,0.00,-0.00,0.00,0.00,0.00,0.00,0.00,0.00,0.00,0.00,0.00,0
2.16016,7,15,80,0,DRIVE [ 73 ] [ 1 ] [ 1452 1728 1879 ] [    0    0    0 ] [      0      0      0 ] [ 0 ],drive [ 73 ] [ 0 ] [ 1458 1726 1879 ] [   47   38    9 ] [  16075   9807   7925 ] [ 0 ],1.00,1.00,1.00,1.00,7.11,14.74,0.00,0.00,0.00,0.00,0.00,-0.00,0.00,0.00,0.00,0.00,0.00,0.00,0.00,0.00,0.00,0
2.17073,7,14,79,0,DRIVE [ 74 ] [ 1 ] [ 1450 1729 1879 ] [    0    0    0 ] [      0      0      0 ] [ 0 ],drive [ 73 ] [ 0 ] [ 1452 1728 1879 ] [   64   40    9 ] [  16075   9807   7925 ] [ 0 ],1.00,1.00,1.00,1.00,7.06,14.45,0.00,0.00,0.00,0.00,0.00,-0.00,0.00,0.00,0.00,0.00,0.00,0.00,0.00,0.00,0.00,0
2.18373,7,14,77,0,DRIVE [ 74 ] [ 1 ] [ 1453 1728 1879 ] [    0    0    0 ] [      0      0      0 ] [ 0 ],drive [ 74 ] [ 0 ] [ 1450 1729 1879 ] [   64   40    9 ] [  16075   9807   7925 ] [ 0 ],1.00,1.00,1.00,1.00,6.82,14.16,0.00,0.00,0.00,0.00,0.00,-0.00,0.00,0.00,0.00,0.00,0.00,0.00,0.00,0.00,0.00,0
2.19469,6,14,76,0,DRIVE [ 75 ] [ 1 ] [ 1461 1723 1879 ] [    0    0    0 ] [      0      0      0 ] [ 0 ],drive [ 74 ] [ 0 ] [ 1453 1728 1879 ] [   64   40    9 ] [  16075   9807   7925 ] [ 0 ],1.00,1.00,1.00,1.00,6.38,13.89,0.00,0.00,0.00,0.00,0.00,-0.00,0.00,0.00,0.00,0.00,0.00,0.00,0.00,0.00,0.00,0
2.20561,6,14,74,0,DRIVE [ 75 ] [ 1 ] [ 1474 1715 1879 ] [    0    0    0 ] [      0      0      0 ] [ 0 ],drive [ 75 ] [ 0 ] [ 1461 1723 1879 ] [   64   40    9 ] [  16330   9640   7908 ] [ 0 ],1.00,1.00,1.00,1.00,5.78,13.68,0.00,0.00,0.00,0.00,0.00,-0.00,0.00,0.00,0.00,0.00,0.00,0.00,-0.00,-0.00,0.00,0
2.21554,5,13,72,0,DRIVE [ 76 ] [ 1 ] [ 1489 1705 1879 ] [    0    0    0 ] [      0      0      0 ] [ 0 ],drive [ 75 ] [ 0 ] [ 1474 1715 1879 ] [   43   38   16 ] [  16330   9640   7908 ] [ 0 ],1.00,1.00,1.00,1.00,5.07,13.48,0.00,0.00,0.00,0.00,0.00,-0.00,0.00,0.00,0.00,0.00,0.00,0.00,-0.00,-0.00,0.00,0
2.22668,4,13,71,0,DRIVE [ 76 ] [ 1 ] [ 1506 1691 1879 ] [    0    0    0 ] [      0      0      0 ] [ 0 ],drive [ 76 ] [ 0 ] [ 1489 1705 1879 ] [   43   38   16 ] [  16330   9640   7908 ] [ 0 ],1.00,1.00,1.00,1.00,4.29,13.36,0.00,0.00,0.00,0.00,0.00,-0.00,0.00,0.00,0.00,0.00,0.00,0.00,-0.00,-0.00,0.00,0
2.23855,3,13,69,0,DRIVE [ 77 ] [ 1 ] [ 1522 1675 1879 ] [    0    0    0 ] [      0      0      0 ] [ 0 ],drive [ 76 ] [ 0 ] [ 1506 1691 1879 ] [   43   38   16 ] [  16330   9640   7908 ] [ 0 ],1.00,1.00,1.00,1.00,3.49,13.25,0.00,0.00,0.00,0.00,0.00,-0.00,0.00,0.00,0.00,0.00,0.00,0.00,-0.00,-0.00,0.00,0
2.25026,3,13,68,0,DRIVE [ 77 ] [ 1 ] [ 1537 1658 1879 ] [    0    0    0 ] [      0      0      0 ] [ 0 ],drive [ 77 ] [ 0 ] [ 1522 1675 1879 ] [   43   38   16 ] [  16358   9545   7907 ] [ 0 ],1.00,1.00,1.00,1.00,2.68,13.17,0.00,0.00,0.00,0.00,0.00,-0.00,0.00,0.00,0.00,0.00,0.00,0.00,-0.00,-0.00,0.00,0
2.26075,2,13,66,0,DRIVE [ 78 ] [ 1 ] [ 1553 1638 1879 ] [    0    0    0 ] [      0      0      0 ] [ 0 ],drive [ 77 ] [ 0 ] [ 1537 1658 1879 ] [   43   38   16 ] [  16358   9545   7907 ] [ 0 ],1.00,1.00,1.00,1.00,1.88,13.08,0.00,0.00,0.00,0.00,0.00,-0.00,0.00,0.00,0.00,0.00,0.00,0.00,-0.00,-0.00,0.00,0
2.27226,1,13,65,0,DRIVE [ 78 ] [ 1 ] [ 1567 1618 1879 ] [    0    0    0 ] [      0      0      0 ] [ 0 ],drive [ 78 ] [ 0 ] [ 1553 1638 1879 ] [   38   34   15 ] [  16358   9545   7907 ] [ 0 ],1.00,1.00,1.00,1.00,1.09,13.00,0.00,0.00,0.00,0.00,0.00,-0.00,0.00,0.00,0.00,0.00,0.00,0.00,-0.00,-0.00,0.00,0
2.28219,0,13,63,0,DRIVE [ 79 ] [ 1 ] [ 1580 1596 1879 ] [    0    0    0 ] [      0      0      0 ] [ 0 ],drive [ 78 ] [ 0 ] [ 1567 1618 1879 ] [   38   34   15 ] [  16358   9545   7907 ] [ 0 ],1.00,1.00,1.00,1.00,0.34,12.92,0.00,0.00,0.00,0.00,0.00,-0.00,0.00,0.00,0.00,0.00,0.00,0.00,-0.00,-0.00,0.00,0
2.29472,0,13,62,0,DRIVE [ 79 ] [ 1 ] [ 1591 1574 1879 ] [    0    0    0 ] [      0      0      0 ] [ 0 ],drive [ 79 ] [ 0 ] [ 1580 1596 1879 ] [   38   34   15 ] [  16358   9545   7907 ] [ 0 ],1.00,1.00,1.00,1.00,-0.34,12.85,0.00,0.00,0.00,0.00,0.00,-0.00,0.00,0.00,0.00,0.00,0.00,0.00,0.00,-0.00,0.00,0
2.30687,-1,13,60,0,DRIVE [ 80 ] [ 1 ] [ 1601 1552 1879 ] [    0    0    0 ] [      0      0      0 ] [ 0 ],drive [ 79 ] [ 0 ] [ 1591 1574 1879 ] [   38   34   15 ] [  16349   9545   7897 ] [ 0 ],1.00,1.00,1.00,1.00,-0.96,12.78,0.00,0.00,0.00,0.00,0.00,-0.00,0.00,0.00,0.00,0.00,0.00,0.00,0.00,-0.00,0.00,0
2.31846,-2,13,59,0,DRIVE [ 80 ] [ 1 ] [ 1609 1531 1879 ] [    0    0    0 ] [      0      0      0 ] [ 0 ],drive [ 80 ] [ 0 ] [ 1601 1552 1879 ] [   32   42   26 ] [  16349   9545   7897 ] [ 0 ],1.00,1.00,1.00,1.00,-1.52,12.68,0.00,0.00,0.00,0.00,0.00,-0.00,0.00,0.00,0.00,0.00,0.00,0.00,0.00,-0.00,0.00,0
2.32864,-2,13,57,0,DRIVE [ 81 ] [ 1 ] [ 1617 1510 1879 ] [    0    0    0 ] [      0      0      0 ] [ 0 ],drive [ 80 ] [ 0 ] [ 1609 1531 1879 ] [   32   42   26 ] [  16349   9545   7897 ] [ 0 ],1.00,1.00,1.00,1.00,-2.02,12.58,0.00,0.00,0.00,0.00,0.00,-0.00,0.00,0.00,0.00,0.00,0.00,0.00,0.00,-0.00,0.00,0
2.33873,-2,12,56,0,DRIVE [ 81 ] [ 1 ] [ 1624 1490 1879 ] [    0    0    0 ] [      0      0      0 ] [ 0 ],drive [ 81 ] [ 0 ] [ 1617 1510 1879 ] [   32   42   26 ] [  16349   9545   7897 ] [ 0 ],1.00,1.00,1.00,1.00,-2.47,12.47,0.00,0.00,0.00,0.00,0.00,-0.00,0.00,0.00,0.00,0.00,0.00,0.00,0.00,-0.00,0.00,0
2.35036,-3,12,54,0,DRIVE [ 82 ] [ 1 ] [ 1629 1469 1879 ] [    0    0    0 ] [      0      0      0 ] [ 0 ],drive [ 81 ] [ 0 ] [ 1624 1490 1879 ] [   32   42   26 ] [  16340   9547   7869 ] [ 0 ],1.00,1.00,1.00,1.00,-2.88,12.36,0.00,0.00,0.00,0.00,0.00,-0.00,0.00,0.00,0.00,0.00,0.00,0.00,0.00,-0.00,0.00,0
2.36239,-3,12,53,0,DRIVE [ 82 ] [ 1 ] [ 1633 1449 1879 ] [    0    0    0 ] [      0      0      0 ] [ 0 ],drive [ 82 ] [ 0 ] [ 1629 1469 1879 ] [   35   51   24 ] [  16340   9547   7869 ] [ 0 ],1.00,1.00,1.00,1.00,-3.22,12.28,0.00,0.00,0.00,0.00,0.00,-0.00,0.00,0.00,0.00,0.00,0.00,0.00,0.00,-0.00,0.00,0
2.37432,-4,12,52,0,DRIVE [ 83 ] [ 1 ] [ 1636 1430 1879 ] [    0    0    0 ] [      0      0      0 ] [ 0 ],drive [ 82 ] [ 0 ] [ 1633 1449 1879 ] [   35   51   24 ] [  16340   9547   7869 ] [ 0 ],1.00,1.00,1.00,1.00,-3.50,12.18,0.00,0.00,0.00,0.00,0.00,-0.00,0.00,0.00,0.00,0.00,0.00,0.00,0.00,-0.00,0.00,0
2.38637,-4,12,51,1,DRIVE [ 83 ] [ 1 ] [ 1635 1412 1879 ] [    0    0    0 ] [      0      0      0 ] [ 0 ],drive [ 83 ] [ 0 ] [ 1636 1430 1879 ] [   35   51   24 ] [  16340   9547   7869 ] [ 0 ],1.00,1.00,1.00,1.00,-3.71,12.18,0.00,0.00,0.00,0.00,0.00,-0.00,0.00,0.00,0.00,0.00,0.00,0.00,0.00,-0.00,0.00,0
