timestamp,Xmm,Ymm,Zmm,TouchDetected,OutgoingPacket,IncomingPacket,GainPropAb, GainPropAd, GainPropFl, GainPropEx,PropA, PropB, PropC,GainIntegAb, GainIntegAd, GainIntegFl, GainIntegEx,IntegA, IntegB, IntegC,GainDerivAb, GainDerivAd, GainDerivFl, GainDerivEx,DerivA, DerivB, DerivC,Heading5
0.095839,189,116,402,0,DRIVE [ 46 ] [ 1 ] [ 1883 1904 1905 ] [    0    0    0 ] [      0      0      0 ] [ 0 ],drive [ 46 ] [ 0 ] [ 1905 1886 1905 ] [    5    5   17 ] [  11134   9424  10248 ] [ 0 ],1.00,1.00,1.20,1.40,189.09,162.84,0.00,0.00,0.00,0.00,0.00,0.00,0.00,0.00,0.00,0.00,0.00,0.00,0.00,0.00,0.00,0
0.108542,185,114,400,0,DRIVE [ 47 ] [ 1 ] [ 1863 1903 1905 ] [    0    0    0 ] [      0      0      0 ] [ 0 ],drive [ 46 ] [ 0 ] [ 1883 1904 1905 ] [    5    5   17 ] [  11080   9424  10249 ] [ 0 ],1.00,1.00,1.20,1.40,185.00,159.10,0.00,0.00,0.00,0.00,0.00,0.00,0.00,0.00,0.00,0.00,0.00,0.00,0.00,0.00,0.00,0
0.120987,189,115,413,0,DRIVE [ 47 ] [ 1 ] [ 1842 1902 1905 ] [    0    0    0 ] [      0      0      0 ] [ 0 ],drive [ 47 ] [ 0 ] [ 1863 1903 1905 ] [   22    4   16 ] [  11080   9424  10249 ] [ 0 ],1.00,1.00,1.20,1.40,188.54,161.08,0.00,0.00,0.00,0.00,0.00,0.00,0.00,0.00,0.00,0.00,0.00,0.00,0.00,0.00,0.00,0
0.133354,187,114,411,0,DRIVE [ 48 ] [ 1 ] [ 1822 1901 1905 ] [    0    0    0 ] [      0      0      0 ] [ 0 ],drive [ 47 ] [ 0 ] [ 1842 1902 1905 ] [   22    4   16 ] [  11080   9424  10249 ] [ 0 ],1.00,1.00,1.20,1.40,186.56,159.07,0.00,0.00,0.00,0.00,0.00,0.00,0.00,0.00,0.00,0.00,0.00,0.00,-0.00,-0.00,0.00,0
0.146159,187,113,415,0,DRIVE [ 48 ] [ 1 ] [ 1802 1900 1905 ] [    0    0    0 ] [      0      0      0 ] [ 0 ],drive [ 48 ] [ 0 ] [ 1822 1901 1905 ] [   22    4   16 ] [  11080   9424  10249 ] [ 0 ],1.00,1.00,1.20,1.40,186.55,158.78,0.00,0.00,0.00,0.00,0.00,0.00,0.00,0.00,0.00,0.00,0.00,0.00,-0.00,-0.00,0.00,0
0.159177,185,112,413,0,DRIVE [ 49 ] [ 1 ] [ 1782 1899 1905 ] [    0    0    0 ] [      0      0      0 ] [ 0 ],drive [ 48 ] [ 0 ] [ 1802 1900 1905 ] [   22    4   16 ] [  11076   9424  10249 ] [ 0 ],1.00,1.00,1.20,1.40,184.57,156.68,0.00,0.00,0.00,0.00,0.00,0.00,0.00,0.00,0.00,0.00,0.00,0.00,-0.00,-0.00,0.00,0
0.17209,184,111,415,0,DRIVE [ 49 ] [ 1 ] [ 1762 1898 1905 ] [    0    0    0 ] [      0      0      0 ] [ 0 ],drive [ 49 ] [ 0 ] [ 1782 1899 1905 ] [   25    4   16 ] [  11076   9424  10249 ] [ 0 ],1.00,1.00,1.20,1.40,184.17,155.86,0.00,0.00,0.00,0.00,0.00,0.00,0.00,0.00,0.00,0.00,0.00,0.00,-0.00,-0.00,0.00,0
0.184841,184,111,418,0,DRIVE [ 50 ] [ 1 ] [ 1743 1897 1905 ] [    0    0    0 ] [      0      0      0 ] [ 0 ],drive [ 49 ] [ 0 ] [ 1762 1898 1905 ] [   25    4   16 ] [  11076   9424  10249 ] [ 0 ],1.00,1.00,1.20,1.40,183.75,154.94,0.00,0.00,0.00,0.00,0.00,0.00,0.00,0.00,0.00,0.00,0.00,0.00,-0.00,-0.00,0.00,0
0.197399,183,109,418,0,DRIVE [ 50 ] [ 1 ] [ 1724 1897 1905 ] [    0    0    0 ] [      0      0      0 ] [ 0 ],drive [ 50 ] [ 0 ] [ 1743 1897 1905 ] [   25    4   16 ] [  11076   9424  10249 ] [ 0 ],1.00,1.00,1.20,1.40,182.56,153.11,0.00,0.00,0.00,0.00,0.00,0.00,0.00,0.00,0.00,0.00,0.00,0.00,-0.00,-0.00,0.00,0
0.210155,182,108,419,0,DRIVE [ 51 ] [ 1 ] [ 1705 1896 1905 ] [    0    0    0 ] [      0      0      0 ] [ 0 ],drive [ 50 ] [ 0 ] [ 1724 1897 1905 ] [   25    4   16 ] [  11091   9424  10249 ] [ 0 ],1.00,1.00,1.20,1.40,181.67,151.60,0.00,0.00,0.00,0.00,0.00,0.00,0.00,0.00,0.00,0.00,0.00,0.00,-0.00,-0.00,0.00,0
0.223151,180,107,418,0,DRIVE [ 51 ] [ 1 ] [ 1687 1895 1905 ] [    0    0    0 ] [      0      0      0 ] [ 0 ],drive [ 51 ] [ 0 ] [ 1705 1896 1905 ] [   25   16   17 ] [  11091   9424  10249 ] [ 0 ],1.00,1.00,1.20,1.40,179.90,149.53,0.00,0.00,0.00,0.00,0.00,0.00,0.00,0.00,0.00,0.00,0.00,0.00,-0.00,-0.00,0.00,0
0.235911,179,106,419,0,DRIVE [ 52 ] [ 1 ] [ 1668 1895 1905 ] [    0    0    0 ] [      0      0      0 ] [ 0 ],drive [ 51 ] [ 0 ] [ 1687 1895 1905 ] [   25   16   17 ] [  11091   9424  10249 ] [ 0 ],1.00,1.00,1.20,1.40,179.17,148.33,0.00,0.00,0.00,0.00,0.00,0.00,0.00,0.00,0.00,0.00,0.00,0.00,-0.00,-0.00,0.00,0
0.248303,177,104,416,0,DRIVE [ 52 ] [ 1 ] [ 1650 1894 1905 ] [    0    0    0 ] [      0      0      0 ] [ 0 ],drive [ 52 ] [ 0 ] [ 1668 1895 1905 ] [   25   16   17 ] [  11091   9424  10249 ] [ 0 ],1.00,1.00,1.20,1.40,177.24,146.29,0.00,0.00,0.00,0.00,0.00,0.00,0.00,0.00,0.00,0.00,0.00,0.00,-0.00,-0.00,0.00,0
0.261348,177,104,417,0,DRIVE [ 53 ] [ 1 ] [ 1632 1894 1905 ] [    0    0    0 ] [      0      0      0 ] [ 0 ],drive [ 52 ] [ 0 ] [ 1650 1894 1905 ] [   25   16   17 ] [  11111   9515  10249 ] [ 0 ],1.00,1.00,1.20,1.40,176.85,145.53,0.00,0.00,0.00,0.00,0.00,0.00,0.00,0.00,0.00,0.00,0.00,0.00,-0.00,-0.00,0.00,0
0.274214,177,104,417,0,DRIVE [ 53 ] [ 1 ] [ 1612 1893 1905 ] [    0    0    0 ] [      0      0      0 ] [ 0 ],drive [ 53 ] [ 0 ] [ 1632 1894 1905 ] [   27    5   17 ] [  11111   9515  10249 ] [ 0 ],1.00,1.00,1.20,1.40,176.91,145.05,0.00,0.00,0.00,0.00,0.00,0.00,0.00,0.00,0.00,0.00,0.00,0.00,-0.00,-0.00,0.00,0
0.289517,177,103,417,0,DRIVE [ 54 ] [ 1 ] [ 1593 1893 1905 ] [    0    0    0 ] [      0      0      0 ] [ 0 ],drive [ 53 ] [ 0 ] [ 1612 1893 1905 ] [   27    5   17 ] [  11111   9515  10249 ] [ 0 ],1.00,1.00,1.20,1.40,177.01,144.56,0.00,0.00,0.00,0.00,0.00,0.00,0.00,0.00,0.00,0.00,0.00,0.00,-0.00,-0.00,0.00,0
0.302396,177,103,417,0,DRIVE [ 54 ] [ 1 ] [ 1569 1892 1905 ] [    0    0    0 ] [      0      0      0 ] [ 0 ],drive [ 54 ] [ 0 ] [ 1593 1893 1905 ] [   27    5   17 ] [  11111   9515  10249 ] [ 0 ],1.00,1.00,1.20,1.40,176.86,143.59,0.00,0.00,0.00,0.00,0.00,0.00,0.00,0.00,0.00,0.00,0.00,0.00,-0.00,-0.00,0.00,0
0.314992,178,103,418,0,DRIVE [ 55 ] [ 1 ] [ 1549 1892 1905 ] [    0    0    0 ] [      0      0      0 ] [ 0 ],drive [ 54 ] [ 0 ] [ 1569 1892 1905 ] [   27    5   17 ] [  11136   9546  10246 ] [ 0 ],1.00,1.00,1.20,1.40,178.00,143.80,0.00,0.00,0.00,0.00,0.00,0.00,0.00,0.00,0.00,0.00,0.00,0.00,-0.00,-0.00,0.00,0
0.327983,179,103,417,0,DRIVE [ 55 ] [ 1 ] [ 1528 1892 1905 ] [    0    0    0 ] [      0      0      0 ] [ 0 ],drive [ 55 ] [ 0 ] [ 1549 1892 1905 ] [   47   22   13 ] [  11136   9546  10246 ] [ 0 ],1.00,1.00,1.20,1.40,178.77,143.66,0.00,0.00,0.00,0.00,0.00,0.00,0.00,0.00,0.00,0.00,0.00,0.00,-0.00,-0.00,0.00,0
0.341028,180,103,416,0,DRIVE [ 56 ] [ 1 ] [ 1505 1892 1905 ] [    0    0    0 ] [      0      0      0 ] [ 0 ],drive [ 55 ] [ 0 ] [ 1528 1892 1905 ] [   47   22   13 ] [  11136   9546  10246 ] [ 0 ],1.00,1.00,1.20,1.40,179.67,143.58,0.00,0.00,0.00,0.00,0.00,0.00,0.00,0.00,0.00,0.00,0.00,0.00,-0.00,-0.00,0.00,0
0.353924,181,103,416,0,DRIVE [ 56 ] [ 1 ] [ 1482 1892 1905 ] [    0    0    0 ] [      0      0      0 ] [ 0 ],drive [ 56 ] [ 0 ] [ 1505 1892 1905 ] [   47   22   13 ] [  11136   9546  10246 ] [ 0 ],1.00,1.00,1.20,1.40,181.31,143.90,0.00,0.00,0.00,0.00,0.00,0.00,0.00,0.00,0.00,0.00,0.00,0.00,-0.00,-0.00,0.00,0
0.367503,181,102,413,0,DRIVE [ 57 ] [ 1 ] [ 1458 1892 1905 ] [    0    0    0 ] [      0      0      0 ] [ 0 ],drive [ 56 ] [ 0 ] [ 1482 1892 1905 ] [   47   22   13 ] [  11275   9614  10241 ] [ 0 ],1.00,1.00,1.20,1.40,181.26,142.61,0.00,0.00,0.00,0.00,0.00,0.00,0.00,0.00,0.00,0.00,0.00,0.00,-0.00,-0.00,0.00,0
0.379714,182,101,410,0,DRIVE [ 57 ] [ 1 ] [ 1433 1892 1905 ] [    0    0    0 ] [      0      0      0 ] [ 0 ],drive [ 57 ] [ 0 ] [ 1458 1892 1905 ] [   44    9    0 ] [  11275   9614  10241 ] [ 0 ],1.00,1.00,1.20,1.40,181.85,141.79,0.00,0.00,0.00,0.00,0.00,0.00,0.00,0.00,0.00,0.00,0.00,0.00,-0.00,-0.00,0.00,0
0.392361,182,100,406,0,DRIVE [ 58 ] [ 1 ] [ 1410 1893 1905 ] [    0    0    0 ] [      0      0      0 ] [ 0 ],drive [ 57 ] [ 0 ] [ 1433 1892 1905 ] [   44    9    0 ] [  11275   9614  10241 ] [ 0 ],1.00,1.00,1.20,1.40,181.81,140.50,0.00,0.00,0.00,0.00,0.00,0.00,0.00,0.00,0.00,0.00,0.00,0.00,-0.00,-0.00,0.00,0
0.404799,182,99,403,0,DRIVE [ 58 ] [ 1 ] [ 1386 1894 1905 ] [    0    0    0 ] [      0      0      0 ] [ 0 ],drive [ 58 ] [ 0 ] [ 1410 1893 1905 ] [   44    9    0 ] [  11522   9614  10119 ] [ 0 ],1.00,1.00,1.20,1.40,182.22,138.99,0.00,0.00,0.00,0.00,0.00,0.00,0.00,0.00,0.00,0.00,0.00,0.00,-0.00,-0.00,0.00,0
0.417363,182,98,399,0,DRIVE [ 59 ] [ 1 ] [ 1362 1896 1905 ] [    0    0    0 ] [      0      0      0 ] [ 0 ],drive [ 58 ] [ 0 ] [ 1386 1894 1905 ] [   44    9    0 ] [  11522   9614  10119 ] [ 0 ],1.00,1.00,1.20,1.40,182.23,136.71,0.00,0.00,0.00,0.00,0.00,0.00,0.00,0.00,0.00,0.00,0.00,0.00,-0.00,-0.00,0.00,0
0.429774,182,96,395,0,DRIVE [ 59 ] [ 1 ] [ 1337 1898 1905 ] [    0    0    0 ] [      0      0      0 ] [ 0 ],drive [ 59 ] [ 0 ] [ 1362 1896 1905 ] [   64    8    6 ] [  11522   9614  10119 ] [ 0 ],1.00,1.00,1.20,1.40,182.44,134.17,0.00,0.00,0.00,0.00,0.00,0.00,0.00,0.00,0.00,0.00,0.00,0.00,-0.00,-0.00,0.00,0
0.442526,183,94,392,0,DRIVE [ 60 ] [ 1 ] [ 1313 1901 1905 ] [    0    0    0 ] [      0      0      0 ] [ 0 ],drive [ 59 ] [ 0 ] [ 1337 1898 1905 ] [   64    8    6 ] [  11522   9614  10119 ] [ 0 ],1.00,1.00,1.20,1.40,183.03,131.90,0.00,0.00,0.00,0.00,0.00,0.00,0.00,0.00,0.00,0.00,0.00,0.00,-0.00,-0.00,0.00,0
0.45525,184,93,390,0,DRIVE [ 60 ] [ 1 ] [ 1287 1904 1905 ] [    0    0    0 ] [      0      0      0 ] [ 0 ],drive [ 60 ] [ 0 ] [ 1313 1901 1905 ] [   64    8    6 ] [  11792   9614  10022 ] [ 0 ],1.00,1.00,1.20,1.40,184.09,129.78,0.00,0.00,0.00,0.00,0.00,0.00,0.00,0.00,0.00,0.00,0.00,0.00,-0.00,-0.00,0.00,0
0.467697,185,91,388,0,DRIVE [ 61 ] [ 1 ] [ 1265 1904 1903 ] [    0    0    0 ] [      0      0      0 ] [ 0 ],drive [ 60 ] [ 0 ] [ 1287 1904 1905 ] [   64    8    6 ] [  11792   9614  10022 ] [ 0 ],1.00,1.00,1.20,1.40,185.17,127.52,0.00,0.00,0.00,0.00,0.00,0.00,0.00,0.00,0.00,0.00,0.00,0.00,-0.00,-0.00,0.00,0
0.480506,185,89,383,0,DRIVE [ 61 ] [ 1 ] [ 1245 1904 1899 ] [    0    0    0 ] [      0      0      0 ] [ 0 ],drive [ 61 ] [ 0 ] [ 1265 1904 1903 ] [   56   11   16 ] [  11792   9614  10022 ] [ 0 ],1.00,1.00,1.20,1.40,185.35,124.05,0.00,0.00,0.00,0.00,0.00,0.00,0.00,0.00,0.00,0.00,0.00,0.00,-0.00,-0.00,0.00,0
0.493265,187,87,380,0,DRIVE [ 62 ] [ 1 ] [ 1224 1904 1895 ] [    0    0    0 ] [      0      0      0 ] [ 0 ],drive [ 61 ] [ 0 ] [ 1245 1904 1899 ] [   56   11   16 ] [  11792   9614  10022 ] [ 0 ],1.00,1.00,1.20,1.40,186.58,121.78,0.00,0.00,0.00,0.00,0.00,0.00,0.00,0.00,0.00,0.00,0.00,0.00,-0.00,-0.00,0.00,0
0.505678,187,85,375,0,DRIVE [ 62 ] [ 1 ] [ 1202 1904 1892 ] [    0    0    0 ] [      0      0      0 ] [ 0 ],drive [ 62 ] [ 0 ] [ 1224 1904 1895 ] [   56   11   16 ] [  12093   9579  10008 ] [ 0 ],1.00,1.00,1.20,1.40,186.73,119.46,0.00,0.00,0.00,0.00,0.00,0.00,0.00,0.00,0.00,0.00,0.00,0.00,-0.00,-0.00,0.00,0
0.518287,188,84,372,0,DRIVE [ 63 ] [ 1 ] [ 1179 1904 1888 ] [    0    0    0 ] [      0      0      0 ] [ 0 ],drive [ 62 ] [ 0 ] [ 1202 1904 1892 ] [   56   11   16 ] [  12093   9579  10008 ] [ 0 ],1.00,1.00,1.20,1.40,187.52,117.72,0.00,0.00,0.00,0.00,0.00,0.00,0.00,0.00,0.00,0.00,0.00,0.00,-0.00,-0.00,0.00,0
0.530328,189,83,369,0,DRIVE [ 63 ] [ 1 ] [ 1156 1904 1884 ] [    0    0    0 ] [      0      0      0 ] [ 0 ],drive [ 63 ] [ 0 ] [ 1179 1904 1888 ] [   84   21    3 ] [  12093   9579  10008 ] [ 0 ],1.00,1.00,1.20,1.40,188.65,116.13,0.00,0.00,0.00,0.00,0.00,0.00,0.00,0.00,0.00,0.00,0.00,0.00,-0.00,-0.00,0.00,0
0.54276,189,82,365,0,DRIVE [ 64 ] [ 1 ] [ 1133 1904 1881 ] [    0    0    0 ] [      0      0      0 ] [ 0 ],drive [ 63 ] [ 0 ] [ 1156 1904 1884 ] [   84   21    3 ] [  12093   9579  10008 ] [ 0 ],1.00,1.00,1.20,1.40,189.38,114.34,0.00,0.00,0.00,0.00,0.00,0.00,0.00,0.00,0.00,0.00,0.00,0.00,-0.00,-0.00,0.00,0
0.555253,191,80,362,0,DRIVE [ 64 ] [ 1 ] [ 1111 1904 1876 ] [    0    0    0 ] [      0      0      0 ] [ 0 ],drive [ 64 ] [ 0 ] [ 1133 1904 1881 ] [   84   21    3 ] [  12646   9539   9855 ] [ 0 ],1.00,1.00,1.20,1.40,190.54,112.48,0.00,0.00,0.00,0.00,0.00,0.00,0.00,0.00,0.00,0.00,0.00,0.00,0.00,0.00,0.00,0
0.567617,192,79,360,0,DRIVE [ 65 ] [ 1 ] [ 1090 1904 1871 ] [    0    0    0 ] [      0      0      0 ] [ 0 ],drive [ 64 ] [ 0 ] [ 1111 1904 1876 ] [   84   21    3 ] [  12646   9539   9855 ] [ 0 ],1.00,1.00,1.20,1.40,191.85,110.63,0.00,0.00,0.00,0.00,0.00,0.00,0.00,0.00,0.00,0.00,0.00,0.00,0.00,0.00,0.00,0
0.579711,193,77,358,0,DRIVE [ 65 ] [ 1 ] [ 1071 1904 1866 ] [    0    0    0 ] [      0      0      0 ] [ 0 ],drive [ 65 ] [ 0 ] [ 1090 1904 1871 ] [   75   11    4 ] [  12646   9539   9855 ] [ 0 ],1.00,1.00,1.20,1.40,192.89,108.45,0.00,0.00,0.00,0.00,0.00,0.00,0.00,0.00,0.00,0.00,0.00,0.00,0.00,0.00,0.00,0
0.592081,193,76,356,0,DRIVE [ 66 ] [ 1 ] [ 1055 1904 1860 ] [    0    0    0 ] [      0      0      0 ] [ 0 ],drive [ 65 ] [ 0 ] [ 1071 1904 1866 ] [   75   11    4 ] [  12646   9539   9855 ] [ 0 ],1.00,1.00,1.20,1.40,193.19,105.76,0.00,0.00,0.00,0.00,0.00,0.00,0.00,0.00,0.00,0.00,0.00,0.00,0.00,0.00,0.00,0
0.603877,192,73,353,0,DRIVE [ 66 ] [ 1 ] [ 1044 1904 1854 ] [    0    0    0 ] [      0      0      0 ] [ 0 ],drive [ 66 ] [ 0 ] [ 1055 1904 1860 ] [   75   11    4 ] [  13153   9462   9594 ] [ 0 ],1.00,1.00,1.20,1.40,192.39,102.07,0.00,0.00,0.00,0.00,0.00,0.00,0.00,0.00,0.00,0.00,0.00,0.00,-0.00,-0.00,0.00,0
0.616778,191,71,350,0,DRIVE [ 67 ] [ 1 ] [ 1031 1904 1849 ] [    0    0    0 ] [      0      0      0 ] [ 0 ],drive [ 66 ] [ 0 ] [ 1044 1904 1854 ] [   75   11    4 ] [  13153   9462   9594 ] [ 0 ],1.00,1.00,1.20,1.40,191.46,99.15,0.00,0.00,0.00,0.00,0.00,0.00,0.00,0.00,0.00,0.00,0.00,0.00,-0.00,-0.00,0.00,0
0.628901,191,69,348,0,DRIVE [ 67 ] [ 1 ] [ 1015 1904 1844 ] [    0    0    0 ] [      0      0      0 ] [ 0 ],drive [ 67 ] [ 0 ] [ 1031 1904 1849 ] [  100   25   22 ] [  13153   9462   9594 ] [ 0 ],1.00,1.00,1.20,1.40,191.27,97.09,0.00,0.00,0.00,0.00,0.00,0.00,0.00,0.00,0.00,0.00,0.00,0.00,-0.00,-0.00,0.00,0
0.641431,191,68,347,0,DRIVE [ 68 ] [ 1 ] [ 1005 1904 1839 ] [    0    0    0 ] [      0      0      0 ] [ 0 ],drive [ 67 ] [ 0 ] [ 1015 1904 1844 ] [  100   25   22 ] [  13153   9462   9594 ] [ 0 ],1.00,1.00,1.20,1.40,191.35,95.31,0.00,0.00,0.00,0.00,0.00,0.00,0.00,0.00,0.00,0.00,0.00,0.00,-0.00,-0.00,0.00,0
0.653281,191,67,344,0,DRIVE [ 68 ] [ 1 ] [ 1005 1904 1834 ] [    0    0    0 ] [      0      0      0 ] [ 0 ],drive [ 68 ] [ 0 ] [ 1005 1904 1839 ] [  100   25   22 ] [  13320   9413   9560 ] [ 0 ],1.00,1.00,1.20,1.40,191.44,93.79,0.00,0.00,0.00,0.00,0.00,0.00,0.00,0.00,0.00,0.00,0.00,0.00,-0.00,-0.00,0.00,0
0.665146,192,66,342,0,DRIVE [ 69 ] [ 1 ] [ 1005 1904 1830 ] [    0    0    0 ] [      0      0      0 ] [ 0 ],drive [ 68 ] [ 0 ] [ 1005 1904 1834 ] [  100   25   22 ] [  13320   9413   9560 ] [ 0 ],1.00,1.00,1.20,1.40,191.61,92.60,0.00,0.00,0.00,0.00,0.00,0.00,0.00,0.00,0.00,0.00,0.00,0.00,-0.00,-0.00,0.00,0
0.677323,192,65,339,0,DRIVE [ 69 ] [ 1 ] [ 1005 1904 1826 ] [    0    0    0 ] [      0      0      0 ] [ 0 ],drive [ 69 ] [ 0 ] [ 1005 1904 1830 ] [   97   25   23 ] [  13320   9413   9560 ] [ 0 ],1.00,1.00,1.20,1.40,191.95,91.63,0.00,0.00,0.00,0.00,0.00,0.00,0.00,0.00,0.00,0.00,0.00,0.00,-0.00,-0.00,0.00,0
0.689461,192,65,337,0,DRIVE [ 70 ] [ 1 ] [ 1005 1904 1822 ] [    0    0    0 ] [      0      0      0 ] [ 0 ],drive [ 69 ] [ 0 ] [ 1005 1904 1826 ] [   97   25   23 ] [  13320   9413   9560 ] [ 0 ],1.00,1.00,1.20,1.40,191.97,90.62,0.00,0.00,0.00,0.00,0.00,0.00,0.00,0.00,0.00,0.00,0.00,0.00,-0.00,-0.00,0.00,0
0.701549,192,64,335,0,DRIVE [ 70 ] [ 1 ] [ 1005 1904 1819 ] [    0    0    0 ] [      0      0      0 ] [ 0 ],drive [ 70 ] [ 0 ] [ 1005 1904 1822 ] [   97   25   23 ] [  13320   9413   9560 ] [ 0 ],1.00,1.00,1.20,1.40,192.12,90.19,0.00,0.00,0.00,0.00,0.00,0.00,0.00,0.00,0.00,0.00,0.00,0.00,-0.00,-0.00,0.00,0
0.71335,192,64,332,0,DRIVE [ 71 ] [ 1 ] [ 1005 1904 1816 ] [    0    0    0 ] [      0      0      0 ] [ 0 ],drive [ 70 ] [ 0 ] [ 1005 1904 1819 ] [   97   25   23 ] [  13433   9326   9554 ] [ 0 ],1.00,1.00,1.20,1.40,191.66,89.79,0.00,0.00,0.00,0.00,0.00,0.00,0.00,0.00,0.00,0.00,0.00,0.00,-0.00,-0.00,0.00,0
0.725691,191,64,329,0,DRIVE [ 71 ] [ 1 ] [ 1005 1904 1815 ] [    0    0    0 ] [      0      0      0 ] [ 0 ],drive [ 71 ] [ 0 ] [ 1005 1904 1816 ] [   87    3   22 ] [  13433   9326   9554 ] [ 0 ],1.00,1.00,1.20,1.40,191.28,90.04,0.00,0.00,0.00,0.00,0.00,0.00,0.00,0.00,0.00,0.00,0.00,0.00,-0.00,-0.00,0.00,0
0.737826,190,64,325,0,DRIVE [ 72 ] [ 1 ] [ 1005 1904 1814 ] [    0    0    0 ] [      0      0      0 ] [ 0 ],drive [ 71 ] [ 0 ] [ 1005 1904 1815 ] [   87    3   22 ] [  13433   9326   9554 ] [ 0 ],1.00,1.00,1.20,1.40,190.50,90.13,0.00,0.00,0.00,0.00,0.00,0.00,0.00,0.00,0.00,0.00,0.00,0.00,-0.00,-0.00,0.00,0
0.750131,190,64,321,0,DRIVE [ 72 ] [ 1 ] [ 1005 1904 1812 ] [    0    0    0 ] [      0      0      0 ] [ 0 ],drive [ 72 ] [ 0 ] [ 1005 1904 1814 ] [   87    3   22 ] [  13433   9326   9554 ] [ 0 ],1.00,1.00,1.20,1.40,190.19,90.25,0.00,0.00,0.00,0.00,0.00,0.00,0.00,0.00,0.00,0.00,0.00,0.00,-0.00,-0.00,0.00,0
0.761912,190,64,319,0,DRIVE [ 73 ] [ 1 ] [ 1005 1904 1810 ] [    0    0    0 ] [      0      0      0 ] [ 0 ],drive [ 72 ] [ 0 ] [ 1005 1904 1812 ] [   87    3   22 ] [  13531   9147   9508 ] [ 0 ],1.00,1.00,1.20,1.40,190.02,90.20,0.00,0.00,0.00,0.00,0.00,0.00,0.00,0.00,0.00,0.00,0.00,0.00,-0.00,-0.00,0.00,0
0.774307,189,65,316,0,DRIVE [ 73 ] [ 1 ] [ 1005 1904 1810 ] [    0    0    0 ] [      0      0      0 ] [ 0 ],drive [ 73 ] [ 0 ] [ 1005 1904 1810 ] [  101   19   28 ] [  13531   9147   9508 ] [ 0 ],1.00,1.00,1.20,1.40,189.15,90.53,0.00,0.00,0.00,0.00,0.00,0.00,0.00,0.00,0.00,0.00,0.00,0.00,-0.00,-0.00,0.00,0
0.786338,188,65,313,0,DRIVE [ 74 ] [ 1 ] [ 1005 1904 1811 ] [    0    0    0 ] [      0      0      0 ] [ 0 ],drive [ 73 ] [ 0 ] [ 1005 1904 1810 ] [  101   19   28 ] [  13531   9147   9508 ] [ 0 ],1.00,1.00,1.20,1.40,187.78,90.94,0.00,0.00,0.00,0.00,0.00,0.00,0.00,0.00,0.00,0.00,0.00,0.00,-0.00,-0.00,0.00,0
0.798139,186,65,310,0,DRIVE [ 74 ] [ 1 ] [ 1005 1904 1813 ] [    0    0    0 ] [      0      0      0 ] [ 0 ],drive [ 74 ] [ 0 ] [ 1005 1904 1811 ] [  101   19   28 ] [  13531   9147   9508 ] [ 0 ],1.00,1.00,1.20,1.40,186.04,91.36,0.00,0.00,0.00,0.00,0.00,0.00,0.00,0.00,0.00,0.00,0.00,0.00,-0.00,-0.00,0.00,0
0.810519,185,66,308,0,DRIVE [ 75 ] [ 1 ] [ 1005 1904 1814 ] [    0    0    0 ] [      0      0      0 ] [ 0 ],drive [ 74 ] [ 0 ] [ 1005 1904 1813 ] [  101   19   28 ] [  13695   9102   9461 ] [ 0 ],1.00,1.00,1.20,1.40,184.87,92.05,0.00,0.00,0.00,0.00,0.00,0.00,0.00,0.00,0.00,0.00,0.00,0.00,-0.00,-0.00,0.00,0
0.822613,183,66,306,0,DRIVE [ 75 ] [ 1 ] [ 1005 1904 1816 ] [    0    0    0 ] [      0      0      0 ] [ 0 ],drive [ 75 ] [ 0 ] [ 1005 1904 1814 ] [  105   18    6 ] [  13695   9102   9461 ] [ 0 ],1.00,1.00,1.20,1.40,183.07,92.14,0.00,0.00,0.00,0.00,0.00,0.00,0.00,0.00,0.00,0.00,0.00,0.00,-0.00,-0.00,0.00,0
0.834385,181,66,304,0,DRIVE [ 76 ] [ 1 ] [ 1005 1904 1817 ] [    0    0    0 ] [      0      0      0 ] [ 0 ],drive [ 75 ] [ 0 ] [ 1005 1904 1816 ] [  105   18    6 ] [  13695   9102   9461 ] [ 0 ],1.00,1.00,1.20,1.40,181.25,91.99,0.00,0.00,0.00,0.00,0.00,0.00,0.00,0.00,0.00,0.00,0.00,0.00,-0.00,-0.00,0.00,0
0.845786,180,65,303,0,DRIVE [ 76 ] [ 1 ] [ 1005 1904 1817 ] [    0    0    0 ] [      0      0      0 ] [ 0 ],drive [ 76 ] [ 0 ] [ 1005 1904 1817 ] [  105   18    6 ] [  13695   9102   9461 ] [ 0 ],1.00,1.00,1.20,1.40,179.73,91.67,0.00,0.00,0.00,0.00,0.00,0.00,0.00,0.00,0.00,0.00,0.00,0.00,-0.00,-0.00,0.00,0
0.857678,177,65,301,0,DRIVE [ 77 ] [ 1 ] [ 1005 1904 1817 ] [    0    0    0 ] [      0      0      0 ] [ 0 ],drive [ 76 ] [ 0 ] [ 1005 1904 1817 ] [  105   18    6 ] [  13967   9071   9313 ] [ 0 ],1.00,1.00,1.20,1.40,177.47,90.82,0.00,0.00,0.00,0.00,0.00,0.00,0.00,0.00,0.00,0.00,0.00,0.00,-0.00,-0.00,0.00,0
0.869726,175,64,300,0,DRIVE [ 77 ] [ 1 ] [ 1005 1904 1817 ] [    0    0    0 ] [      0      0      0 ] [ 0 ],drive [ 77 ] [ 0 ] [ 1005 1904 1817 ] [   85    3   10 ] [  13967   9071   9313 ] [ 0 ],1.00,1.00,1.20,1.40,175.32,89.65,0.00,0.00,0.00,0.00,0.00,0.00,0.00,0.00,0.00,0.00,0.00,0.00,-0.00,-0.00,0.00,0
0.881106,173,63,298,0,DRIVE [ 78 ] [ 1 ] [ 1005 1904 1815 ] [    0    0    0 ] [      0      0      0 ] [ 0 ],drive [ 77 ] [ 0 ] [ 1005 1904 1817 ] [   85    3   10 ] [  13967   9071   9313 ] [ 0 ],1.00,1.00,1.20,1.40,172.51,87.86,0.00,0.00,0.00,0.00,0.00,0.00,0.00,0.00,0.00,0.00,0.00,0.00,-0.00,-0.00,0.00,0
0.892892,170,62,297,0,DRIVE [ 78 ] [ 1 ] [ 1005 1904 1815 ] [    0    0    0 ] [      0      0      0 ] [ 0 ],drive [ 78 ] [ 0 ] [ 1005 1904 1815 ] [   85    3   10 ] [  13967   9071   9313 ] [ 0 ],1.00,1.00,1.20,1.40,169.54,86.13,0.00,0.00,0.00,0.00,0.00,0.00,0.00,0.00,0.00,0.00,0.00,0.00,-0.00,-0.00,0.00,0
0.903991,166,61,296,0,DRIVE [ 79 ] [ 1 ] [ 1005 1904 1815 ] [    0    0    0 ] [      0      0      0 ] [ 0 ],drive [ 78 ] [ 0 ] [ 1005 1904 1815 ] [   85    3   10 ] [  14107   8832   9286 ] [ 0 ],1.00,1.00,1.20,1.40,166.39,84.75,0.00,0.00,0.00,0.00,0.00,0.00,0.00,0.00,0.00,0.00,0.00,0.00,-0.00,-0.00,0.00,0
0.916196,161,59,294,0,DRIVE [ 79 ] [ 1 ] [ 1005 1904 1819 ] [    0    0    0 ] [      0      0      0 ] [ 0 ],drive [ 79 ] [ 0 ] [ 1005 1904 1815 ] [   85    3   10 ] [  14107   8832   9286 ] [ 0 ],1.00,1.00,1.20,1.40,161.10,82.90,0.00,0.00,0.00,0.00,0.00,0.00,0.00,0.00,0.00,0.00,0.00,0.00,-0.00,-0.00,0.00,0
0.927521,156,58,293,0,DRIVE [ 80 ] [ 1 ] [ 1005 1904 1822 ] [    0    0    0 ] [      0      0      0 ] [ 0 ],drive [ 79 ] [ 0 ] [ 1005 1904 1819 ] [  107    2   19 ] [  14107   8832   9286 ] [ 0 ],1.00,1.00,1.20,1.40,156.42,81.13,0.00,0.00,0.00,0.00,0.00,0.00,0.00,0.00,0.00,0.00,0.00,0.00,-0.00,-0.00,0.00,0
0.939477,152,57,292,0,DRIVE [ 80 ] [ 1 ] [ 1005 1904 1823 ] [    0    0    0 ] [      0      0      0 ] [ 0 ],drive [ 80 ] [ 0 ] [ 1005 1904 1822 ] [  107    2   19 ] [  14107   8832   9286 ] [ 0 ],1.00,1.00,1.20,1.40,152.35,79.12,0.00,0.00,0.00,0.00,0.00,0.00,0.00,0.00,0.00,0.00,0.00,0.00,-0.00,-0.00,0.00,0
0.951304,148,55,292,0,DRIVE [ 81 ] [ 1 ] [ 1005 1904 1822 ] [    0    0    0 ] [      0      0      0 ] [ 0 ],drive [ 80 ] [ 0 ] [ 1005 1904 1823 ] [  107    2   19 ] [  14107   8832   9286 ] [ 0 ],1.00,1.00,1.20,1.40,148.45,76.74,0.00,0.00,0.00,0.00,0.00,0.00,0.00,0.00,0.00,0.00,0.00,0.00,-0.00,-0.00,0.00,0
0.962668,145,53,293,0,DRIVE [ 81 ] [ 1 ] [ 1005 1904 1820 ] [    0    0    0 ] [      0      0      0 ] [ 0 ],drive [ 81 ] [ 0 ] [ 1005 1904 1822 ] [  107    2   19 ] [  14276   8829   9204 ] [ 0 ],1.00,1.00,1.20,1.40,145.33,74.20,0.00,0.00,0.00,0.00,0.00,0.00,0.00,0.00,0.00,0.00,0.00,0.00,-0.00,-0.00,0.00,0
0.974572,142,51,293,0,DRIVE [ 82 ] [ 1 ] [ 1005 1904 1817 ] [    0    0    0 ] [      0      0      0 ] [ 0 ],drive [ 81 ] [ 0 ] [ 1005 1904 1820 ] [   85   14   26 ] [  14276   8829   9204 ] [ 0 ],1.00,1.00,1.20,1.40,142.22,71.25,0.00,0.00,0.00,0.00,0.00,0.00,0.00,0.00,0.00,0.00,0.00,0.00,-0.00,-0.00,0.00,0
0.986183,139,48,294,0,DRIVE [ 82 ] [ 1 ] [ 1005 1904 1812 ] [    0    0    0 ] [      0      0      0 ] [ 0 ],drive [ 82 ] [ 0 ] [ 1005 1904 1817 ] [   85   14   26 ] [  14276   8829   9204 ] [ 0 ],1.00,1.00,1.20,1.40,138.70,67.63,0.00,0.00,0.00,0.00,0.00,0.00,0.00,0.00,0.00,0.00,0.00,0.00,-0.00,-0.00,0.00,0
0.997372,135,46,294,0,DRIVE [ 83 ] [ 1 ] [ 1005 1904 1806 ] [    0    0    0 ] [      0      0      0 ] [ 0 ],drive [ 82 ] [ 0 ] [ 1005 1904 1812 ] [   85   14   26 ] [  14276   8829   9204 ] [ 0 ],1.00,1.00,1.20,1.40,135.12,63.78,0.00,0.00,0.00,0.00,0.00,0.00,0.00,0.00,0.00,0.00,0.00,0.00,-0.00,-0.00,0.00,0
1.00914,131,43,294,0,DRIVE [ 83 ] [ 1 ] [ 1005 1904 1800 ] [    0    0    0 ] [      0      0      0 ] [ 0 ],drive [ 83 ] [ 0 ] [ 1005 1904 1806 ] [   85   14   26 ] [  14629   8755   9060 ] [ 0 ],1.00,1.00,1.20,1.40,130.98,59.54,0.00,0.00,0.00,0.00,0.00,0.00,0.00,0.00,0.00,0.00,0.00,0.00,-0.00,-0.00,0.00,0
1.02066,127,40,293,0,DRIVE [ 84 ] [ 1 ] [ 1005 1904 1795 ] [    0    0    0 ] [      0      0      0 ] [ 0 ],drive [ 83 ] [ 0 ] [ 1005 1904 1800 ] [  102   10   33 ] [  14629   8755   9060 ] [ 0 ],1.00,1.00,1.20,1.40,126.71,55.57,0.00,0.00,0.00,0.00,0.00,0.00,0.00,0.00,0.00,0.00,0.00,0.00,-0.00,-0.00,0.00,0
1.0329,122,37,292,0,DRIVE [ 84 ] [ 1 ] [ 1005 1904 1791 ] [    0    0    0 ] [      0      0      0 ] [ 0 ],drive [ 84 ] [ 0 ] [ 1005 1904 1795 ] [  102   10   33 ] [  14629   8755   9060 ] [ 0 ],1.00,1.00,1.20,1.40,121.60,51.68,0.00,0.00,0.00,0.00,0.00,0.00,0.00,0.00,0.00,0.00,0.00,0.00,-0.00,-0.00,0.00,0
1.04403,117,34,290,0,DRIVE [ 85 ] [ 1 ] [ 1005 1904 1788 ] [    0    0    0 ] [      0      0      0 ] [ 0 ],drive [ 84 ] [ 0 ] [ 1005 1904 1791 ] [  102   10   33 ] [  14629   8755   9060 ] [ 0 ],1.00,1.00,1.20,1.40,116.60,47.92,0.00,0.00,0.00,0.00,0.00,0.00,0.00,0.00,0.00,0.00,0.00,0.00,-0.00,-0.00,0.00,0
1.05588,112,32,289,0,DRIVE [ 85 ] [ 1 ] [ 1005 1904 1786 ] [    0    0    0 ] [      0      0      0 ] [ 0 ],drive [ 85 ] [ 0 ] [ 1005 1904 1788 ] [  102   10   33 ] [  14760   8723   8986 ] [ 0 ],1.00,1.00,1.20,1.40,111.88,44.74,0.00,0.00,0.00,0.00,0.00,0.00,0.00,0.00,0.00,0.00,0.00,0.00,-0.00,-0.00,0.00,0
1.06869,107,30,287,0,DRIVE [ 86 ] [ 1 ] [ 1005 1904 1785 ] [    0    0    0 ] [      0      0      0 ] [ 0 ],drive [ 85 ] [ 0 ] [ 1005 1904 1786 ] [  102   10   33 ] [  14760   8723   8986 ] [ 0 ],1.00,1.00,1.20,1.40,106.83,41.63,0.00,0.00,0.00,0.00,0.00,0.00,0.00,0.00,0.00,0.00,0.00,0.00,-0.00,-0.00,0.00,0
1.07995,102,28,285,0,DRIVE [ 86 ] [ 1 ] [ 1005 1904 1785 ] [    0    0    0 ] [      0      0      0 ] [ 0 ],drive [ 86 ] [ 0 ] [ 1005 1904 1785 ] [   86    8   29 ] [  14760   8723   8986 ] [ 0 ],1.00,1.00,1.20,1.40,101.91,39.00,0.00,0.00,0.00,0.00,0.00,0.00,0.00,0.00,0.00,0.00,0.00,0.00,-0.00,-0.00,0.00,0
1.09143,97,26,285,0,DRIVE [ 87 ] [ 1 ] [ 1005 1904 1789 ] [    0    0    0 ] [      0      0      0 ] [ 0 ],drive [ 86 ] [ 0 ] [ 1005 1904 1785 ] [   86    8   29 ] [  14760   8723   8986 ] [ 0 ],1.00,1.00,1.20,1.40,97.25,36.96,0.00,0.00,0.00,0.00,0.00,0.00,0.00,0.00,0.00,0.00,0.00,0.00,-0.00,-0.00,0.00,0
1.10272,93,25,284,0,DRIVE [ 87 ] [ 1 ] [ 1031 1904 1794 ] [    0    0    0 ] [      0      0      0 ] [ 0 ],drive [ 87 ] [ 0 ] [ 1005 1904 1789 ] [   86    8   29 ] [  14764   8701   8985 ] [ 0 ],1.00,1.00,1.20,1.40,92.81,35.34,0.00,0.00,0.00,0.00,0.00,0.00,0.00,0.00,0.00,0.00,0.00,0.00,-0.00,-0.00,0.00,0
1.11385,88,24,283,0,DRIVE [ 88 ] [ 1 ] [ 1067 1904 1799 ] [    0    0    0 ] [      0      0      0 ] [ 0 ],drive [ 87 ] [ 0 ] [ 1031 1904 1794 ] [   86    8   29 ] [  14764   8701   8985 ] [ 0 ],1.00,1.00,1.20,1.40,88.14,33.81,0.00,0.00,0.00,0.00,0.00,0.00,0.00,0.00,0.00,0.00,0.00,0.00,-0.00,-0.00,0.00,0
1.12556,84,23,282,0,DRIVE [ 88 ] [ 1 ] [ 1101 1904 1806 ] [    0    0    0 ] [      0      0      0 ] [ 0 ],drive [ 88 ] [ 0 ] [ 1067 1904 1799 ] [   87   14   23 ] [  14764   8701   8985 ] [ 0 ],1.00,1.00,1.20,1.40,83.56,32.54,0.00,0.00,0.00,0.00,0.00,0.00,0.00,0.00,0.00,0.00,0.00,0.00,-0.00,-0.00,0.00,0
1.13708,79,23,281,0,DRIVE [ 89 ] [ 1 ] [ 1134 1904 1814 ] [    0    0    0 ] [      0      0      0 ] [ 0 ],drive [ 88 ] [ 0 ] [ 1101 1904 1806 ] [   87   14   23 ] [  14764   8701   8985 ] [ 0 ],1.00,1.00,1.20,1.40,79.03,31.50,0.00,0.00,0.00,0.00,0.00,0.00,0.00,0.00,0.00,0.00,0.00,0.00,-0.00,-0.00,0.00,0
1.14947,75,22,280,0,DRIVE [ 89 ] [ 1 ] [ 1166 1904 1822 ] [    0    0    0 ] [      0      0      0 ] [ 0 ],drive [ 89 ] [ 0 ] [ 1134 1904 1814 ] [   87   14   23 ] [  14764   8701   8985 ] [ 0 ],1.00,1.00,1.20,1.40,74.51,30.68,0.00,0.00,0.00,0.00,0.00,0.00,0.00,0.00,0.00,0.00,0.00,0.00,-0.00,-0.00,0.00,0
1.16059,70,21,278,0,DRIVE [ 90 ] [ 1 ] [ 1197 1904 1831 ] [    0    0    0 ] [      0      0      0 ] [ 0 ],drive [ 89 ] [ 0 ] [ 1166 1904 1822 ] [   87   14   23 ] [  14761   8687   8958 ] [ 0 ],1.00,1.00,1.20,1.40,69.95,29.95,0.00,0.00,0.00,0.00,0.00,0.00,0.00,0.00,0.00,0.00,0.00,0.00,-0.00,-0.00,0.00,0
1.17241,65,21,277,0,DRIVE [ 90 ] [ 1 ] [ 1227 1904 1840 ] [    0    0    0 ] [      0      0      0 ] [ 0 ],drive [ 90 ] [ 0 ] [ 1197 1904 1831 ] [   70   18   30 ] [  14761   8687   8958 ] [ 0 ],1.00,1.00,1.20,1.40,65.47,29.27,0.00,0.00,0.00,0.00,0.00,0.00,0.00,0.00,0.00,0.00,0.00,0.00,-0.00,-0.00,0.00,0
1.18418,61,20,275,0,DRIVE [ 91 ] [ 1 ] [ 1257 1904 1849 ] [    0    0    0 ] [      0      0      0 ] [ 0 ],drive [ 90 ] [ 0 ] [ 1227 1904 1840 ] [   70   18   30 ] [  14761   8687   8958 ] [ 0 ],1.00,1.00,1.20,1.40,61.15,28.51,0.00,0.00,0.00,0.00,0.00,0.00,0.00,0.00,0.00,0.00,0.00,0.00,-0.00,-0.00,0.00,0
1.19545,57,20,274,0,DRIVE [ 91 ] [ 1 ] [ 1287 1904 1857 ] [    0    0    0 ] [      0      0      0 ] [ 0 ],drive [ 91 ] [ 0 ] [ 1257 1904 1849 ] [   70   18   30 ] [  14761   8687   8958 ] [ 0 ],1.00,1.00,1.20,1.40,57.02,27.69,0.00,0.00,0.00,0.00,0.00,0.00,0.00,0.00,0.00,0.00,0.00,0.00,-0.00,-0.00,0.00,0
1.20711,53,19,272,0,DRIVE [ 92 ] [ 1 ] [ 1316 1904 1864 ] [    0    0    0 ] [      0      0      0 ] [ 0 ],drive [ 91 ] [ 0 ] [ 1287 1904 1857 ] [   70   18   30 ] [  14754   8687   8838 ] [ 0 ],1.00,1.00,1.20,1.40,53.09,26.80,0.00,0.00,0.00,0.00,0.00,0.00,0.00,0.00,0.00,0.00,0.00,0.00,-0.00,-0.00,0.00,0
1.21866,49,18,271,0,DRIVE [ 92 ] [ 1 ] [ 1347 1904 1870 ] [    0    0    0 ] [      0      0      0 ] [ 0 ],drive [ 92 ] [ 0 ] [ 1316 1904 1864 ] [   57   18   17 ] [  14754   8687   8838 ] [ 0 ],1.00,1.00,1.20,1.40,49.28,25.80,0.00,0.00,0.00,0.00,0.00,0.00,0.00,0.00,0.00,0.00,0.00,0.00,-0.00,-0.00,0.00,0
1.22996,45,18,270,0,DRIVE [ 93 ] [ 1 ] [ 1377 1904 1877 ] [    0    0    0 ] [      0      0      0 ] [ 0 ],drive [ 92 ] [ 0 ] [ 1347 1904 1870 ] [   57   18   17 ] [  14754   8687   8838 ] [ 0 ],1.00,1.00,1.20,1.40,45.48,24.88,0.00,0.00,0.00,0.00,0.00,0.00,0.00,0.00,0.00,0.00,0.00,0.00,-0.00,-0.00,0.00,0
1.2417,42,17,268,0,DRIVE [ 93 ] [ 1 ] [ 1405 1904 1884 ] [    0    0    0 ] [      0      0      0 ] [ 0 ],drive [ 93 ] [ 0 ] [ 1377 1904 1877 ] [   57   18   17 ] [  14754   8687   8838 ] [ 0 ],1.00,1.00,1.20,1.40,41.76,24.05,0.00,0.00,0.00,0.00,0.00,0.00,0.00,0.00,0.00,0.00,0.00,0.00,-0.00,-0.00,0.00,0
1.25321,38,17,266,0,DRIVE [ 94 ] [ 1 ] [ 1432 1904 1892 ] [    0    0    0 ] [      0      0      0 ] [ 0 ],drive [ 93 ] [ 0 ] [ 1405 1904 1884 ] [   57   18   17 ] [  14744   8687   8760 ] [ 0 ],1.00,1.00,1.20,1.40,37.98,23.29,0.00,0.00,0.00,0.00,0.00,0.00,0.00,0.00,0.00,0.00,0.00,0.00,-0.00,-0.00,0.00,0
1.26441,34,16,265,0,DRIVE [ 94 ] [ 1 ] [ 1459 1904 1899 ] [    0    0    0 ] [      0      0      0 ] [ 0 ],drive [ 94 ] [ 0 ] [ 1432 1904 1892 ] [   57   18   17 ] [  14744   8687   8760 ] [ 0 ],1.00,1.00,1.20,1.40,34.42,22.59,0.00,0.00,0.00,0.00,0.00,0.00,0.00,0.00,0.00,0.00,0.00,0.00,-0.00,-0.00,0.00,0
1.27623,31,16,263,0,DRIVE [ 95 ] [ 1 ] [ 1488 1904 1899 ] [    0    0    0 ] [      0      0      0 ] [ 0 ],drive [ 94 ] [ 0 ] [ 1459 1904 1899 ] [   53   17    9 ] [  14744   8687   8760 ] [ 0 ],1.00,1.00,1.20,1.40,30.86,21.79,0.00,0.00,0.00,0.00,0.00,0.00,0.00,0.00,0.00,0.00,0.00,0.00,-0.00,-0.00,0.00,0
1.28794,27,15,261,0,DRIVE [ 95 ] [ 1 ] [ 1530 1895 1899 ] [    0    0    0 ] [      0      0      0 ] [ 0 ],drive [ 95 ] [ 0 ] [ 1488 1904 1899 ] [   53   17    9 ] [  14744   8687   8760 ] [ 0 ],1.00,1.00,1.20,1.40,27.26,21.20,0.00,0.00,0.00,0.00,0.00,0.00,0.00,0.00,0.00,0.00,0.00,0.00,-0.00,-0.00,0.00,0
1.29966,23,15,259,0,DRIVE [ 96 ] [ 1 ] [ 1584 1883 1899 ] [    0    0    0 ] [      0      0      0 ] [ 0 ],drive [ 95 ] [ 0 ] [ 1530 1895 1899 ] [   53   17    9 ] [  14744   8687   8760 ] [ 0 ],1.00,1.00,1.20,1.40,22.61,20.50,0.00,0.00,0.00,0.00,0.00,0.00,0.00,0.00,0.00,0.00,0.00,0.00,-0.00,-0.00,0.00,0
1.31084,18,14,257,0,DRIVE [ 96 ] [ 1 ] [ 1631 1871 1899 ] [    0    0    0 ] [      0      0      0 ] [ 0 ],drive [ 96 ] [ 0 ] [ 1584 1883 1899 ] [   53   17    9 ] [  14711   8686   8684 ] [ 0 ],1.00,1.00,1.20,1.40,18.41,19.89,0.00,0.00,0.00,0.00,0.00,0.00,0.00,0.00,0.00,0.00,0.00,0.00,-0.00,-0.00,0.00,0
1.32258,15,14,255,0,DRIVE [ 97 ] [ 1 ] [ 1673 1861 1899 ] [    0    0    0 ] [      0      0      0 ] [ 0 ],drive [ 96 ] [ 0 ] [ 1631 1871 1899 ] [   33   19   19 ] [  14711   8686   8684 ] [ 0 ],1.00,1.00,1.20,1.40,14.61,19.16,0.00,0.00,0.00,0.00,0.00,0.00,0.00,0.00,0.00,0.00,0.00,0.00,-0.00,-0.00,0.00,0
1.33492,11,13,253,0,DRIVE [ 97 ] [ 1 ] [ 1711 1851 1899 ] [    0    0    0 ] [      0      0      0 ] [ 0 ],drive [ 97 ] [ 0 ] [ 1673 1861 1899 ] [   33   19   19 ] [  14711   8686   8684 ] [ 0 ],1.00,1.00,1.20,1.40,11.07,18.36,0.00,0.00,0.00,0.00,0.00,0.00,0.00,0.00,0.00,0.00,0.00,0.00,-0.00,-0.00,0.00,0
1.34603,8,13,252,0,DRIVE [ 98 ] [ 1 ] [ 1745 1842 1899 ] [    0    0    0 ] [      0      0      0 ] [ 0 ],drive [ 97 ] [ 0 ] [ 1711 1851 1899 ] [   33   19   19 ] [  14711   8686   8684 ] [ 0 ],1.00,1.00,1.20,1.40,7.85,17.54,0.00,0.00,0.00,0.00,0.00,0.00,0.00,0.00,0.00,0.00,0.00,0.00,-0.00,-0.00,0.00,0
1.35789,5,12,250,0,DRIVE [ 98 ] [ 1 ] [ 1773 1831 1899 ] [    0    0    0 ] [      0      0      0 ] [ 0 ],drive [ 98 ] [ 0 ] [ 1745 1842 1899 ] [   33   19   19 ] [  14329   8685   8648 ] [ 0 ],1.00,1.00,1.20,1.40,4.73,16.91,0.00,0.00,0.00,0.00,0.00,0.00,0.00,0.00,0.00,0.00,0.00,0.00,-0.00,-0.00,0.00,0
1.36947,2,12,247,0,DRIVE [ 99 ] [ 1 ] [ 1795 1818 1899 ] [    0    0    0 ] [      0      0      0 ] [ 0 ],drive [ 98 ] [ 0 ] [ 1773 1831 1899 ] [   26   21   19 ] [  14329   8685   8648 ] [ 0 ],1.00,1.00,1.20,1.40,1.85,16.53,0.00,0.00,0.00,0.00,0.00,0.00,0.00,0.00,0.00,0.00,0.00,0.00,-0.00,-0.00,0.00,0
1.38086,-1,12,244,0,DRIVE [ 99 ] [ 1 ] [ 1812 1803 1899 ] [    0    0    0 ] [      0      0      0 ] [ 0 ],drive [ 99 ] [ 0 ] [ 1795 1818 1899 ] [   26   21   19 ] [  14329   8685   8648 ] [ 0 ],1.00,1.00,1.20,1.40,-0.68,16.31,0.00,0.00,0.00,0.00,0.00,0.00,0.00,0.00,0.00,0.00,0.00,0.00,0.00,-0.00,0.00,0
1.39259,-3,12,242,0,DRIVE [ 00 ] [ 1 ] [ 1824 1788 1899 ] [    0    0    0 ] [      0      0      0 ] [ 0 ],drive [ 99 ] [ 0 ] [ 1812 1803 1899 ] [   26   21   19 ] [  14329   8685   8648 ] [ 0 ],1.00,1.00,1.20,1.40,-2.83,16.13,0.00,0.00,0.00,0.00,0.00,0.00,0.00,0.00,0.00,0.00,0.00,0.00,0.00,0.00,0.00,0
1.40434,-5,11,240,0,DRIVE [ 00 ] [ 1 ] [ 1833 1774 1899 ] [    0    0    0 ] [      0      0      0 ] [ 0 ],drive [ 00 ] [ 0 ] [ 1824 1788 1899 ] [   26   21   19 ] [  13720   8698   8654 ] [ 0 ],1.00,1.00,1.20,1.40,-4.64,16.00,0.00,0.00,0.00,0.00,0.00,0.00,0.00,0.00,0.00,0.00,0.00,0.00,0.00,0.00,0.00,0
1.41628,-6,11,237,0,DRIVE [ 01 ] [ 1 ] [ 1841 1759 1899 ] [    0    0    0 ] [      0      0      0 ] [ 0 ],drive [ 00 ] [ 0 ] [ 1833 1774 1899 ] [   26   21   19 ] [  13720   8698   8654 ] [ 0 ],1.00,1.00,1.20,1.40,-6.24,15.93,0.00,0.00,0.00,0.00,0.00,0.00,0.00,0.00,0.00,0.00,0.00,0.00,0.00,0.00,0.00,0
1.4275,-8,11,235,0,DRIVE [ 01 ] [ 1 ] [ 1847 1744 1899 ] [    0    0    0 ] [      0      0      0 ] [ 0 ],drive [ 01 ] [ 0 ] [ 1841 1759 1899 ] [   23   19   23 ] [  13720   8698   8654 ] [ 0 ],1.00,1.00,1.20,1.40,-7.68,15.85,0.00,0.00,0.00,0.00,0.00,0.00,0.00,0.00,0.00,0.00,0.00,0.00,0.00,0.00,0.00,0
1.43955,-9,11,233,0,DRIVE [ 02 ] [ 1 ] [ 1852 1729 1899 ] [    0    0    0 ] [      0      0      0 ] [ 0 ],drive [ 01 ] [ 0 ] [ 1847 1744 1899 ] [   23   19   23 ] [  13720   8698   8654 ] [ 0 ],1.00,1.00,1.20,1.40,-9.01,15.84,0.00,0.00,0.00,0.00,0.00,0.00,0.00,0.00,0.00,0.00,0.00,0.00,0.00,0.00,0.00,0
1.45139,-10,11,231,0,DRIVE [ 02 ] [ 1 ] [ 1858 1715 1899 ] [    0    0    0 ] [      0      0      0 ] [ 0 ],drive [ 02 ] [ 0 ] [ 1852 1729 1899 ] [   23   19   23 ] [  13720   8698   8654 ] [ 0 ],1.00,1.00,1.20,1.40,-10.23,15.77,0.00,0.00,0.00,0.00,0.00,0.00,0.00,0.00,0.00,0.00,0.00,0.00,0.00,0.00,0.00,0
1.463,-11,11,229,0,DRIVE [ 03 ] [ 1 ] [ 1863 1701 1899 ] [    0    0    0 ] [      0      0      0 ] [ 0 ],drive [ 02 ] [ 0 ] [ 1858 1715 1899 ] [   23   19   23 ] [  13335   8760   8656 ] [ 0 ],1.00,1.00,1.20,1.40,-11.33,15.60,0.00,0.00,0.00,0.00,0.00,0.00,0.00,0.00,0.00,0.00,0.00,0.00,0.00,0.00,0.00,0
1.47454,-12,11,226,0,DRIVE [ 03 ] [ 1 ] [ 1867 1689 1899 ] [    0    0    0 ] [      0      0      0 ] [ 0 ],drive [ 03 ] [ 0 ] [ 1863 1701 1899 ] [   14   28   23 ] [  13335   8760   8656 ] [ 0 ],1.00,1.00,1.20,1.40,-12.29,15.39,0.00,0.00,0.00,0.00,0.00,0.00,0.00,0.00,0.00,0.00,0.00,0.00,0.00,0.00,0.00,0
1.48611,-13,11,224,0,DRIVE [ 04 ] [ 1 ] [ 1872 1675 1899 ] [    0    0    0 ] [      0      0      0 ] [ 0 ],drive [ 03 ] [ 0 ] [ 1867 1689 1899 ] [   14   28   23 ] [  13335   8760   8656 ] [ 0 ],1.00,1.00,1.20,1.40,-13.25,15.18,0.00,0.00,0.00,0.00,0.00,0.00,0.00,0.00,0.00,0.00,0.00,0.00,0.00,0.00,0.00,0
1.49751,-14,11,222,0,DRIVE [ 04 ] [ 1 ] [ 1876 1662 1899 ] [    0    0    0 ] [      0      0      0 ] [ 0 ],drive [ 04 ] [ 0 ] [ 1872 1675 1899 ] [   14   28   23 ] [  13335   8760   8656 ] [ 0 ],1.00,1.00,1.20,1.40,-14.19,15.13,0.00,0.00,0.00,0.00,0.00,0.00,0.00,0.00,0.00,0.00,0.00,0.00,0.00,0.00,0.00,0
1.50943,-15,11,220,0,DRIVE [ 05 ] [ 1 ] [ 1880 1650 1899 ] [    0    0    0 ] [      0      0      0 ] [ 0 ],drive [ 04 ] [ 0 ] [ 1876 1662 1899 ] [   14   28   23 ] [  13161   8867   8669 ] [ 0 ],1.00,1.00,1.20,1.40,-14.94,14.97,0.00,0.00,0.00,0.00,0.00,0.00,0.00,0.00,0.00,0.00,0.00,0.00,0.00,0.00,0.00,0
1.52142,-16,11,218,0,DRIVE [ 05 ] [ 1 ] [ 1883 1639 1899 ] [    0    0    0 ] [      0      0      0 ] [ 0 ],drive [ 05 ] [ 0 ] [ 1880 1650 1899 ] [    7   47   11 ] [  13161   8867   8669 ] [ 0 ],1.00,1.00,1.20,1.40,-15.61,14.87,0.00,0.00,0.00,0.00,0.00,0.00,0.00,0.00,0.00,0.00,0.00,0.00,0.00,0.00,0.00,0
1.53276,-16,11,217,0,DRIVE [ 06 ] [ 1 ] [ 1885 1627 1899 ] [    0    0    0 ] [      0      0      0 ] [ 0 ],drive [ 05 ] [ 0 ] [ 1883 1639 1899 ] [    7   47   11 ] [  13161   8867   8669 ] [ 0 ],1.00,1.00,1.20,1.40,-16.34,14.88,0.00,0.00,0.00,0.00,0.00,0.00,0.00,0.00,0.00,0.00,0.00,0.00,0.00,0.00,0.00,0
1.54477,-17,11,214,0,DRIVE [ 06 ] [ 1 ] [ 1886 1614 1899 ] [    0    0    0 ] [      0      0      0 ] [ 0 ],drive [ 06 ] [ 0 ] [ 1885 1627 1899 ] [    7   47   11 ] [  13161   8867   8669 ] [ 0 ],1.00,1.00,1.20,1.40,-16.98,15.13,0.00,0.00,0.00,0.00,0.00,0.00,0.00,0.00,0.00,0.00,0.00,0.00,0.00,0.00,0.00,0
1.55684,-17,11,212,0,DRIVE [ 07 ] [ 1 ] [ 1885 1602 1899 ] [    0    0    0 ] [      0      0      0 ] [ 0 ],drive [ 06 ] [ 0 ] [ 1886 1614 1899 ] [    7   47   11 ] [  12698   9017   8853 ] [ 0 ],1.00,1.00,1.20,1.40,-17.49,15.67,0.00,0.00,0.00,0.00,0.00,0.00,0.00,0.00,0.00,0.00,0.00,0.00,0.00,0.00,0.00,0
1.56872,-18,12,211,0,DRIVE [ 07 ] [ 1 ] [ 1880 1593 1899 ] [    0    0    0 ] [      0      0      0 ] [ 0 ],drive [ 07 ] [ 0 ] [ 1885 1602 1899 ] [   27   30   20 ] [  12698   9017   8853 ] [ 0 ],1.00,1.00,1.20,1.40,-17.74,16.62,0.00,0.00,0.00,0.00,0.00,0.00,0.00,0.00,0.00,0.00,0.00,0.00,0.00,0.00,0.00,0
1.58,-18,13,209,0,DRIVE [ 08 ] [ 1 ] [ 1873 1588 1899 ] [    0    0    0 ] [      0      0      0 ] [ 0 ],drive [ 07 ] [ 0 ] [ 1880 1593 1899 ] [   27   30   20 ] [  12698   9017   8853 ] [ 0 ],1.00,1.00,1.20,1.40,-17.65,17.67,0.00,0.00,0.00,0.00,0.00,0.00,0.00,0.00,0.00,0.00,0.00,0.00,0.00,0.00,0.00,0
1.59183,-17,13,207,0,DRIVE [ 08 ] [ 1 ] [ 1864 1584 1899 ] [    0    0    0 ] [      0      0      0 ] [ 0 ],drive [ 08 ] [ 0 ] [ 1873 1588 1899 ] [   27   30   20 ] [  12698   9017   8853 ] [ 0 ],1.00,1.00,1.20,1.40,-17.35,18.89,0.00,0.00,0.00,0.00,0.00,0.00,0.00,0.00,0.00,0.00,0.00,0.00,0.00,0.00,0.00,0
1.60326,-17,14,204,0,DRIVE [ 09 ] [ 1 ] [ 1854 1582 1899 ] [    0    0    0 ] [      0      0      0 ] [ 0 ],drive [ 08 ] [ 0 ] [ 1864 1584 1899 ] [   27   30   20 ] [  12328   9182   8972 ] [ 0 ],1.00,1.00,1.20,1.40,-16.82,20.17,0.00,0.00,0.00,0.00,0.00,0.00,0.00,0.00,0.00,0.00,0.00,0.00,0.00,0.00,0.00,0
1.61467,-16,15,202,0,DRIVE [ 09 ] [ 1 ] [ 1842 1582 1899 ] [    0    0    0 ] [      0      0      0 ] [ 0 ],drive [ 09 ] [ 0 ] [ 1854 1582 1899 ] [   27   30   20 ] [  12328   9182   8972 ] [ 0 ],1.00,1.00,1.20,1.40,-16.08,21.33,0.00,0.00,0.00,0.00,0.00,0.00,0.00,0.00,0.00,0.00,0.00,0.00,0.00,0.00,0.00,0
1.6264,-15,16,200,0,DRIVE [ 10 ] [ 1 ] [ 1830 1584 1899 ] [    0    0    0 ] [      0      0      0 ] [ 0 ],drive [ 09 ] [ 0 ] [ 1842 1582 1899 ] [    8   34   17 ] [  12328   9182   8972 ] [ 0 ],1.00,1.00,1.20,1.40,-15.20,22.51,0.00,0.00,0.00,0.00,0.00,0.00,0.00,0.00,0.00,0.00,0.00,0.00,0.00,0.00,0.00,0
1.63791,-14,17,197,0,DRIVE [ 10 ] [ 1 ] [ 1817 1587 1899 ] [    0    0    0 ] [      0      0      0 ] [ 0 ],drive [ 10 ] [ 0 ] [ 1830 1584 1899 ] [    8   34   17 ] [  12328   9182   8972 ] [ 0 ],1.00,1.00,1.20,1.40,-14.18,23.60,0.00,0.00,0.00,0.00,0.00,0.00,0.00,0.00,0.00,0.00,0.00,0.00,0.00,0.00,0.00,0
1.64968,-13,18,195,0,DRIVE [ 11 ] [ 1 ] [ 1803 1592 1899 ] [    0    0    0 ] [      0      0      0 ] [ 0 ],drive [ 10 ] [ 0 ] [ 1817 1587 1899 ] [    8   34   17 ] [  12328   9182   8972 ] [ 0 ],1.00,1.00,1.20,1.40,-13.05,24.61,0.00,0.00,0.00,0.00,0.00,0.00,0.00,0.00,0.00,0.00,0.00,0.00,0.00,0.00,0.00,0
1.66057,-12,18,193,0,DRIVE [ 11 ] [ 1 ] [ 1788 1595 1899 ] [    0    0    0 ] [      0      0      0 ] [ 0 ],drive [ 11 ] [ 0 ] [ 1803 1592 1899 ] [    8   34   17 ] [  12267   9191   8997 ] [ 0 ],1.00,1.00,1.20,1.40,-11.92,25.71,0.00,0.00,0.00,0.00,0.00,0.00,0.00,0.00,0.00,0.00,0.00,0.00,0.00,0.00,0.00,0
1.67191,-11,19,191,0,DRIVE [ 12 ] [ 1 ] [ 1773 1598 1899 ] [    0    0    0 ] [      0      0      0 ] [ 0 ],drive [ 11 ] [ 0 ] [ 1788 1595 1899 ] [   11   33   26 ] [  12267   9191   8997 ] [ 0 ],1.00,1.00,1.20,1.40,-10.74,26.81,0.00,0.00,0.00,0.00,0.00,0.00,0.00,0.00,0.00,0.00,0.00,0.00,0.00,0.00,0.00,0
1.68344,-9,20,189,0,DRIVE [ 12 ] [ 1 ] [ 1748 1603 1899 ] [    0    0    0 ] [      0      0      0 ] [ 0 ],drive [ 12 ] [ 0 ] [ 1773 1598 1899 ] [   11   33   26 ] [  12267   9191   8997 ] [ 0 ],1.00,1.00,1.20,1.40,-8.87,28.46,0.00,0.00,0.00,0.00,0.00,0.00,0.00,0.00,0.00,0.00,0.00,0.00,0.00,0.00,0.00,0
1.69521,-7,21,186,0,DRIVE [ 13 ] [ 1 ] [ 1721 1608 1899 ] [    0    0    0 ] [      0      0      0 ] [ 0 ],drive [ 12 ] [ 0 ] [ 1748 1603 1899 ] [   11   33   26 ] [  12267   9191   8997 ] [ 0 ],1.00,1.00,1.20,1.40,-6.85,30.04,0.00,0.00,0.00,0.00,0.00,0.00,0.00,0.00,0.00,0.00,0.00,0.00,0.00,0.00,0.00,0
1.70656,-5,23,184,0,DRIVE [ 13 ] [ 1 ] [ 1692 1613 1899 ] [    0    0    0 ] [      0      0      0 ] [ 0 ],drive [ 13 ] [ 0 ] [ 1721 1608 1899 ] [   11   33   26 ] [  12267   9191   9033 ] [ 0 ],1.00,1.00,1.20,1.40,-4.73,31.60,0.00,0.00,0.00,0.00,0.00,0.00,0.00,0.00,0.00,0.00,0.00,0.00,0.00,0.00,0.00,0
1.71777,-2,24,181,0,DRIVE [ 14 ] [ 1 ] [ 1660 1619 1899 ] [    0    0    0 ] [      0      0      0 ] [ 0 ],drive [ 13 ] [ 0 ] [ 1692 1613 1899 ] [   21   32   19 ] [  12267   9191   9033 ] [ 0 ],1.00,1.00,1.20,1.40,-2.49,33.16,0.00,0.00,0.00,0.00,0.00,0.00,0.00,0.00,0.00,0.00,0.00,0.00,0.00,0.00,0.00,0
1.72863,0,25,179,0,DRIVE [ 14 ] [ 1 ] [ 1626 1624 1899 ] [    0    0    0 ] [      0      0      0 ] [ 0 ],drive [ 14 ] [ 0 ] [ 1660 1619 1899 ] [   21   32   19 ] [  12267   9191   9033 ] [ 0 ],1.00,1.00,1.20,1.40,-0.12,34.66,0.00,0.00,0.00,0.00,0.00,0.00,0.00,0.00,0.00,0.00,0.00,0.00,0.00,0.00,0.00,0
1.74011,2,26,177,0,DRIVE [ 15 ] [ 1 ] [ 1590 1630 1899 ] [    0    0    0 ] [      0      0      0 ] [ 0 ],drive [ 14 ] [ 0 ] [ 1626 1624 1899 ] [   21   32   19 ] [  12267   9191   9033 ] [ 0 ],1.00,1.00,1.20,1.40,2.33,36.17,0.00,0.00,0.00,0.00,0.00,0.00,0.00,0.00,0.00,0.00,0.00,0.00,0.00,0.00,0.00,0
1.75167,5,27,176,0,DRIVE [ 15 ] [ 1 ] [ 1551 1634 1899 ] [    0    0    0 ] [      0      0      0 ] [ 0 ],drive [ 15 ] [ 0 ] [ 1590 1630 1899 ] [   21   32   19 ] [  12267   9191   9033 ] [ 0 ],1.00,1.00,1.20,1.40,4.85,37.69,0.00,0.00,0.00,0.00,0.00,0.00,0.00,0.00,0.00,0.00,0.00,0.00,0.00,0.00,0.00,0
1.7626,7,28,174,0,DRIVE [ 16 ] [ 1 ] [ 1510 1638 1899 ] [    0    0    0 ] [      0      0      0 ] [ 0 ],drive [ 15 ] [ 0 ] [ 1551 1634 1899 ] [   21   32   19 ] [  12284   9190   9054 ] [ 0 ],1.00,1.00,1.20,1.40,7.36,39.22,0.00,0.00,0.00,0.00,0.00,0.00,0.00,0.00,0.00,0.00,0.00,0.00,0.00,0.00,0.00,0
1.77406,10,29,172,0,DRIVE [ 16 ] [ 1 ] [ 1468 1642 1899 ] [    0    0    0 ] [      0      0      0 ] [ 0 ],drive [ 16 ] [ 0 ] [ 1510 1638 1899 ] [   42   29    8 ] [  12284   9190   9054 ] [ 0 ],1.00,1.00,1.20,1.40,9.91,40.60,0.00,0.00,0.00,0.00,0.00,0.00,0.00,0.00,0.00,0.00,0.00,0.00,0.00,0.00,0.00,0
1.78527,12,30,169,0,DRIVE [ 17 ] [ 1 ] [ 1425 1646 1899 ] [    0    0    0 ] [      0      0      0 ] [ 0 ],drive [ 16 ] [ 0 ] [ 1468 1642 1899 ] [   42   29    8 ] [  12284   9190   9054 ] [ 0 ],1.00,1.00,1.20,1.40,12.38,41.85,0.00,0.00,0.00,0.00,0.00,0.00,0.00,0.00,0.00,0.00,0.00,0.00,0.00,0.00,0.00,0
1.79638,15,31,167,0,DRIVE [ 17 ] [ 1 ] [ 1381 1651 1899 ] [    0    0    0 ] [      0      0      0 ] [ 0 ],drive [ 17 ] [ 0 ] [ 1425 1646 1899 ] [   42   29    8 ] [  12284   9190   9054 ] [ 0 ],1.00,1.00,1.20,1.40,14.88,43.02,0.00,0.00,0.00,0.00,0.00,0.00,0.00,0.00,0.00,0.00,0.00,0.00,0.00,0.00,0.00,0
1.80781,17,31,165,0,DRIVE [ 18 ] [ 1 ] [ 1336 1656 1899 ] [    0    0    0 ] [      0      0      0 ] [ 0 ],drive [ 17 ] [ 0 ] [ 1381 1651 1899 ] [   42   29    8 ] [  12423   9186   9054 ] [ 0 ],1.00,1.00,1.20,1.40,17.40,44.08,0.00,0.00,0.00,0.00,0.00,0.00,0.00,0.00,0.00,0.00,0.00,0.00,0.00,0.00,0.00,0
1.81891,20,32,163,0,DRIVE [ 18 ] [ 1 ] [ 1291 1662 1899 ] [    0    0    0 ] [      0      0      0 ] [ 0 ],drive [ 18 ] [ 0 ] [ 1336 1656 1899 ] [   71   27   11 ] [  12423   9186   9054 ] [ 0 ],1.00,1.00,1.20,1.40,19.87,44.96,0.00,0.00,0.00,0.00,0.00,0.00,0.00,0.00,0.00,0.00,0.00,0.00,0.00,0.00,0.00,0
1.82971,22,33,161,0,DRIVE [ 19 ] [ 1 ] [ 1248 1670 1899 ] [    0    0    0 ] [      0      0      0 ] [ 0 ],drive [ 18 ] [ 0 ] [ 1291 1662 1899 ] [   71   27   11 ] [  12423   9186   9054 ] [ 0 ],1.00,1.00,1.20,1.40,22.26,45.53,0.00,0.00,0.00,0.00,0.00,0.00,0.00,0.00,0.00,0.00,0.00,0.00,0.00,0.00,0.00,0
1.84088,25,33,159,0,DRIVE [ 19 ] [ 1 ] [ 1205 1679 1899 ] [    0    0    0 ] [      0      0      0 ] [ 0 ],drive [ 19 ] [ 0 ] [ 1248 1670 1899 ] [   71   27   11 ] [  12423   9186   9054 ] [ 0 ],1.00,1.00,1.20,1.40,24.52,45.79,0.00,0.00,0.00,0.00,0.00,0.00,0.00,0.00,0.00,0.00,0.00,0.00,0.00,0.00,0.00,0
1.85185,27,33,157,0,DRIVE [ 20 ] [ 1 ] [ 1165 1690 1899 ] [    0    0    0 ] [      0      0      0 ] [ 0 ],drive [ 19 ] [ 0 ] [ 1205 1679 1899 ] [   71   27   11 ] [  12423   9186   9054 ] [ 0 ],1.00,1.00,1.20,1.40,26.71,45.84,0.00,0.00,0.00,0.00,0.00,0.00,0.00,0.00,0.00,0.00,0.00,0.00,0.00,0.00,0.00,0
1.86272,29,33,155,0,DRIVE [ 20 ] [ 1 ] [ 1127 1702 1899 ] [    0    0    0 ] [      0      0      0 ] [ 0 ],drive [ 20 ] [ 0 ] [ 1165 1690 1899 ] [   71   27   11 ] [  12825   9170   9042 ] [ 0 ],1.00,1.00,1.20,1.40,28.76,45.63,0.00,0.00,0.00,0.00,0.00,0.00,0.00,0.00,0.00,0.00,0.00,0.00,0.00,0.00,0.00,0
1.87378,31,32,153,0,DRIVE [ 21 ] [ 1 ] [ 1091 1714 1899 ] [    0    0    0 ] [      0      0      0 ] [ 0 ],drive [ 20 ] [ 0 ] [ 1127 1702 1899 ] [   89   32   23 ] [  12825   9170   9042 ] [ 0 ],1.00,1.00,1.20,1.40,30.66,45.28,0.00,0.00,0.00,0.00,0.00,0.00,0.00,0.00,0.00,0.00,0.00,0.00,0.00,0.00,0.00,0
1.88489,32,32,152,0,DRIVE [ 21 ] [ 1 ] [ 1058 1727 1899 ] [    0    0    0 ] [      0      0      0 ] [ 0 ],drive [ 21 ] [ 0 ] [ 1091 1714 1899 ] [   89   32   23 ] [  12825   9170   9042 ] [ 0 ],1.00,1.00,1.20,1.40,32.41,44.76,0.00,0.00,0.00,0.00,0.00,0.00,0.00,0.00,0.00,0.00,0.00,0.00,0.00,0.00,0.00,0
1.8957,34,31,150,0,DRIVE [ 22 ] [ 1 ] [ 1028 1741 1899 ] [    0    0    0 ] [      0      0      0 ] [ 0 ],drive [ 21 ] [ 0 ] [ 1058 1727 1899 ] [   89   32   23 ] [  12825   9170   9042 ] [ 0 ],1.00,1.00,1.20,1.40,33.95,43.97,0.00,0.00,0.00,0.00,0.00,0.00,0.00,0.00,0.00,0.00,0.00,0.00,0.00,0.00,0.00,0
1.90682,35,31,148,0,DRIVE [ 22 ] [ 1 ] [ 1005 1755 1899 ] [    0    0    0 ] [      0      0      0 ] [ 0 ],drive [ 22 ] [ 0 ] [ 1028 1741 1899 ] [   89   32   23 ] [  13137   9140   8975 ] [ 0 ],1.00,1.00,1.20,1.40,35.36,43.13,0.00,0.00,0.00,0.00,0.00,0.00,0.00,0.00,0.00,0.00,0.00,0.00,0.00,0.00,0.00,0
1.91779,37,30,147,0,DRIVE [ 23 ] [ 1 ] [ 1005 1770 1899 ] [    0    0    0 ] [      0      0      0 ] [ 0 ],drive [ 22 ] [ 0 ] [ 1005 1755 1899 ] [   82   38    9 ] [  13137   9140   8975 ] [ 0 ],1.00,1.00,1.20,1.40,36.65,42.09,0.00,0.00,0.00,0.00,0.00,0.00,0.00,0.00,0.00,0.00,0.00,0.00,0.00,0.00,0.00,0
1.92849,38,29,145,0,DRIVE [ 23 ] [ 1 ] [ 1005 1784 1899 ] [    0    0    0 ] [      0      0      0 ] [ 0 ],drive [ 23 ] [ 0 ] [ 1005 1770 1899 ] [   82   38    9 ] [  13137   9140   8975 ] [ 0 ],1.00,1.00,1.20,1.40,37.79,41.03,0.00,0.00,0.00,0.00,0.00,0.00,0.00,0.00,0.00,0.00,0.00,0.00,0.00,0.00,0.00,0
1.93965,39,28,144,0,DRIVE [ 24 ] [ 1 ] [ 1005 1799 1899 ] [    0    0    0 ] [      0      0      0 ] [ 0 ],drive [ 23 ] [ 0 ] [ 1005 1784 1899 ] [   82   38    9 ] [  13137   9140   8975 ] [ 0 ],1.00,1.00,1.20,1.40,38.80,39.88,0.00,0.00,0.00,0.00,0.00,0.00,0.00,0.00,0.00,0.00,0.00,0.00,0.00,0.00,0.00,0
1.95056,39,28,142,0,DRIVE [ 24 ] [ 1 ] [ 1005 1812 1899 ] [    0    0    0 ] [      0      0      0 ] [ 0 ],drive [ 24 ] [ 0 ] [ 1005 1799 1899 ] [   82   38    9 ] [  13137   9140   8975 ] [ 0 ],1.00,1.00,1.20,1.40,39.50,38.66,0.00,0.00,0.00,0.00,0.00,0.00,0.00,0.00,0.00,0.00,0.00,0.00,0.00,0.00,0.00,0
1.96128,40,27,141,0,DRIVE [ 25 ] [ 1 ] [ 1005 1825 1899 ] [    0    0    0 ] [      0      0      0 ] [ 0 ],drive [ 24 ] [ 0 ] [ 1005 1812 1899 ] [   82   38    9 ] [  13569   8963   8918 ] [ 0 ],1.00,1.00,1.20,1.40,39.90,37.36,0.00,0.00,0.00,0.00,0.00,0.00,0.00,0.00,0.00,0.00,0.00,0.00,0.00,0.00,0.00,0
1.97243,40,26,140,0,DRIVE [ 25 ] [ 1 ] [ 1005 1836 1899 ] [    0    0    0 ] [      0      0      0 ] [ 0 ],drive [ 25 ] [ 0 ] [ 1005 1825 1899 ] [   97   36    1 ] [  13569   8963   8918 ] [ 0 ],1.00,1.00,1.20,1.40,40.01,36.04,0.00,0.00,0.00,0.00,0.00,0.00,0.00,0.00,0.00,0.00,0.00,0.00,0.00,0.00,0.00,0
1.98351,40,25,138,0,DRIVE [ 26 ] [ 1 ] [ 1005 1847 1899 ] [    0    0    0 ] [      0      0      0 ] [ 0 ],drive [ 25 ] [ 0 ] [ 1005 1836 1899 ] [   97   36    1 ] [  13569   8963   8918 ] [ 0 ],1.00,1.00,1.20,1.40,39.90,34.71,0.00,0.00,0.00,0.00,0.00,0.00,0.00,0.00,0.00,0.00,0.00,0.00,0.00,0.00,0.00,0
1.9942,40,24,137,0,DRIVE [ 26 ] [ 1 ] [ 1005 1856 1899 ] [    0    0    0 ] [      0      0      0 ] [ 0 ],drive [ 26 ] [ 0 ] [ 1005 1847 1899 ] [   97   36    1 ] [  13569   8963   8918 ] [ 0 ],1.00,1.00,1.20,1.40,39.66,33.36,0.00,0.00,0.00,0.00,0.00,0.00,0.00,0.00,0.00,0.00,0.00,0.00,0.00,0.00,0.00,0
2.00537,39,23,136,0,DRIVE [ 27 ] [ 1 ] [ 1005 1865 1899 ] [    0    0    0 ] [      0      0      0 ] [ 0 ],drive [ 26 ] [ 0 ] [ 1005 1856 1899 ] [   97   36    1 ] [  13726   8811   8779 ] [ 0 ],1.00,1.00,1.20,1.40,39.38,32.12,0.00,0.00,0.00,0.00,0.00,0.00,0.00,0.00,0.00,0.00,0.00,0.00,0.00,0.00,0.00,0
2.0166,39,22,134,0,DRIVE [ 27 ] [ 1 ] [ 1005 1873 1899 ] [    0    0    0 ] [      0      0      0 ] [ 0 ],drive [ 27 ] [ 0 ] [ 1005 1865 1899 ] [   97   36    1 ] [  13726   8811   8779 ] [ 0 ],1.00,1.00,1.20,1.40,39.04,30.93,0.00,0.00,0.00,0.00,0.00,0.00,0.00,0.00,0.00,0.00,0.00,0.00,0.00,0.00,0.00,0
2.02729,38,21,133,0,DRIVE [ 28 ] [ 1 ] [ 1005 1880 1899 ] [    0    0    0 ] [      0      0      0 ] [ 0 ],drive [ 27 ] [ 0 ] [ 1005 1873 1899 ] [   97   23   21 ] [  13726   8811   8779 ] [ 0 ],1.00,1.00,1.20,1.40,38.44,29.68,0.00,0.00,0.00,0.00,0.00,0.00,0.00,0.00,0.00,0.00,0.00,0.00,0.00,0.00,0.00,0
2.03834,38,20,132,0,DRIVE [ 28 ] [ 1 ] [ 1005 1884 1899 ] [    0    0    0 ] [      0      0      0 ] [ 0 ],drive [ 28 ] [ 0 ] [ 1005 1880 1899 ] [   97   23   21 ] [  13726   8811   8779 ] [ 0 ],1.00,1.00,1.20,1.40,37.54,28.59,0.00,0.00,0.00,0.00,0.00,0.00,0.00,0.00,0.00,0.00,0.00,0.00,0.00,0.00,0.00,0
2.04927,36,20,130,0,DRIVE [ 29 ] [ 1 ] [ 1005 1885 1899 ] [    0    0    0 ] [      0      0      0 ] [ 0 ],drive [ 28 ] [ 0 ] [ 1005 1884 1899 ] [   97   23   21 ] [  13726   8811   8779 ] [ 0 ],1.00,1.00,1.20,1.40,36.35,27.63,0.00,0.00,0.00,0.00,0.00,0.00,0.00,0.00,0.00,0.00,0.00,0.00,0.00,0.00,0.00,0
2.05977,35,19,129,0,DRIVE [ 29 ] [ 1 ] [ 1005 1884 1899 ] [    0    0    0 ] [      0      0      0 ] [ 0 ],drive [ 29 ] [ 0 ] [ 1005 1885 1899 ] [   97   23   21 ] [  14103   8420   8734 ] [ 0 ],1.00,1.00,1.20,1.40,34.91,26.74,0.00,0.00,0.00,0.00,0.00,0.00,0.00,0.00,0.00,0.00,0.00,0.00,0.00,0.00,0.00,0
2.07073,33,18,128,0,DRIVE [ 30 ] [ 1 ] [ 1005 1882 1899 ] [    0    0    0 ] [      0      0      0 ] [ 0 ],drive [ 29 ] [ 0 ] [ 1005 1884 1899 ] [   84   28   23 ] [  14103   8420   8734 ] [ 0 ],1.00,1.00,1.20,1.40,33.35,25.81,0.00,0.00,0.00,0.00,0.00,0.00,0.00,0.00,0.00,0.00,0.00,0.00,0.00,0.00,0.00,0
2.08252,32,18,126,0,DRIVE [ 30 ] [ 1 ] [ 1026 1880 1899 ] [    0    0    0 ] [      0      0      0 ] [ 0 ],drive [ 30 ] [ 0 ] [ 1005 1882 1899 ] [   84   28   23 ] [  14103   8420   8734 ] [ 0 ],1.00,1.00,1.20,1.40,31.71,24.87,0.00,0.00,0.00,0.00,0.00,0.00,0.00,0.00,0.00,0.00,0.00,0.00,-0.00,-0.00,0.00,0
2.09338,30,17,125,0,DRIVE [ 31 ] [ 1 ] [ 1061 1878 1899 ] [    0    0    0 ] [      0      0      0 ] [ 0 ],drive [ 30 ] [ 0 ] [ 1026 1880 1899 ] [   84   28   23 ] [  14103   8420   8734 ] [ 0 ],1.00,1.00,1.20,1.40,30.07,23.81,0.00,0.00,0.00,0.00,0.00,0.00,0.00,0.00,0.00,0.00,0.00,0.00,-0.00,-0.00,0.00,0
2.10447,29,16,124,0,DRIVE [ 31 ] [ 1 ] [ 1094 1878 1899 ] [    0    0    0 ] [      0      0      0 ] [ 0 ],drive [ 31 ] [ 0 ] [ 1061 1878 1899 ] [   84   28   23 ] [  14204   8318   8630 ] [ 0 ],1.00,1.00,1.20,1.40,28.52,22.73,0.00,0.00,0.00,0.00,0.00,0.00,0.00,0.00,0.00,0.00,0.00,0.00,-0.00,-0.00,0.00,0
2.11535,27,15,123,0,DRIVE [ 32 ] [ 1 ] [ 1124 1879 1899 ] [    0    0    0 ] [      0      0      0 ] [ 0 ],drive [ 31 ] [ 0 ] [ 1094 1878 1899 ] [   84   28   23 ] [  14204   8318   8630 ] [ 0 ],1.00,1.00,1.20,1.40,27.12,21.66,0.00,0.00,0.00,0.00,0.00,0.00,0.00,0.00,0.00,0.00,0.00,0.00,-0.00,-0.00,0.00,0
2.12619,26,15,122,0,DRIVE [ 32 ] [ 1 ] [ 1150 1880 1899 ] [    0    0    0 ] [      0      0      0 ] [ 0 ],drive [ 32 ] [ 0 ] [ 1124 1879 1899 ] [   81   25    4 ] [  14204   8318   8630 ] [ 0 ],1.00,1.00,1.20,1.40,25.89,20.63,0.00,0.00,0.00,0.00,0.00,0.00,0.00,0.00,0.00,0.00,0.00,0.00,-0.00,-0.00,0.00,0
2.13715,25,14,120,0,DRIVE [ 33 ] [ 1 ] [ 1175 1882 1899 ] [    0    0    0 ] [      0      0      0 ] [ 0 ],drive [ 32 ] [ 0 ] [ 1150 1880 1899 ] [   81   25    4 ] [  14204   8318   8630 ] [ 0 ],1.00,1.00,1.20,1.40,24.77,19.66,0.00,0.00,0.00,0.00,0.00,0.00,0.00,0.00,0.00,0.00,0.00,0.00,-0.00,-0.00,0.00,0
2.14794,24,13,119,0,DRIVE [ 33 ] [ 1 ] [ 1199 1884 1899 ] [    0    0    0 ] [      0      0      0 ] [ 0 ],drive [ 33 ] [ 0 ] [ 1175 1882 1899 ] [   81   25    4 ] [  14204   8318   8630 ] [ 0 ],1.00,1.00,1.20,1.40,23.70,18.69,0.00,0.00,0.00,0.00,0.00,0.00,0.00,0.00,0.00,0.00,0.00,0.00,-0.00,-0.00,0.00,0
2.15856,23,13,118,0,DRIVE [ 34 ] [ 1 ] [ 1223 1886 1899 ] [    0    0    0 ] [      0      0      0 ] [ 0 ],drive [ 33 ] [ 0 ] [ 1199 1884 1899 ] [   81   25    4 ] [  14197   8318   8630 ] [ 0 ],1.00,1.00,1.20,1.40,22.67,17.68,0.00,0.00,0.00,0.00,0.00,0.00,0.00,0.00,0.00,0.00,0.00,0.00,-0.00,-0.00,0.00,0
2.16948,22,12,117,0,DRIVE [ 34 ] [ 1 ] [ 1248 1890 1899 ] [    0    0    0 ] [      0      0      0 ] [ 0 ],drive [ 34 ] [ 0 ] [ 1223 1886 1899 ] [   66   24    4 ] [  14197   8318   8630 ] [ 0 ],1.00,1.00,1.20,1.40,21.64,16.57,0.00,0.00,0.00,0.00,0.00,0.00,0.00,0.00,0.00,0.00,0.00,0.00,-0.00,-0.00,0.00,0
2.18038,21,11,116,0,DRIVE [ 35 ] [ 1 ] [ 1274 1894 1899 ] [    0    0    0 ] [      0      0      0 ] [ 0 ],drive [ 34 ] [ 0 ] [ 1248 1890 1899 ] [   66   24    4 ] [  14197   8318   8630 ] [ 0 ],1.00,1.00,1.20,1.40,20.59,15.42,0.00,0.00,0.00,0.00,0.00,0.00,0.00,0.00,0.00,0.00,0.00,0.00,-0.00,-0.00,0.00,0
2.1915,20,10,115,0,DRIVE [ 35 ] [ 1 ] [ 1302 1900 1899 ] [    0    0    0 ] [      0      0      0 ] [ 0 ],drive [ 35 ] [ 0 ] [ 1274 1894 1899 ] [   66   24    4 ] [  14197   8318   8630 ] [ 0 ],1.00,1.00,1.20,1.40,19.52,14.19,0.00,0.00,0.00,0.00,0.00,0.00,0.00,0.00,0.00,0.00,0.00,0.00,-0.00,-0.00,0.00,0
2.2023,18,9,114,0,DRIVE [ 36 ] [ 1 ] [ 1332 1905 1899 ] [    0    0    0 ] [      0      0      0 ] [ 0 ],drive [ 35 ] [ 0 ] [ 1302 1900 1899 ] [   66   24    4 ] [  14189   8318   8628 ] [ 0 ],1.00,1.00,1.20,1.40,18.43,12.92,0.00,0.00,0.00,0.00,0.00,0.00,0.00,0.00,0.00,0.00,0.00,0.00,-0.00,-0.00,0.00,0
2.21303,17,8,113,0,DRIVE [ 36 ] [ 1 ] [ 1374 1905 1901 ] [    0    0    0 ] [      0      0      0 ] [ 0 ],drive [ 36 ] [ 0 ] [ 1332 1905 1899 ] [   66   24    4 ] [  14189   8318   8628 ] [ 0 ],1.00,1.00,1.20,1.40,17.29,11.63,0.00,0.00,0.00,0.00,0.00,0.00,0.00,0.00,0.00,0.00,0.00,0.00,-0.00,-0.00,0.00,0
2.22417,16,7,112,0,DRIVE [ 37 ] [ 1 ] [ 1417 1905 1896 ] [    0    0    0 ] [      0      0      0 ] [ 0 ],drive [ 36 ] [ 0 ] [ 1374 1905 1901 ] [   56   23    2 ] [  14189   8318   8628 ] [ 0 ],1.00,1.00,1.20,1.40,16.09,10.36,0.00,0.00,0.00,0.00,0.00,0.00,0.00,0.00,0.00,0.00,0.00,0.00,-0.00,-0.00,0.00,0
2.23524,15,6,111,0,DRIVE [ 37 ] [ 1 ] [ 1462 1905 1893 ] [    0    0    0 ] [      0      0      0 ] [ 0 ],drive [ 37 ] [ 0 ] [ 1417 1905 1896 ] [   56   23    2 ] [  14189   8318   8628 ] [ 0 ],1.00,1.00,1.20,1.40,14.79,9.08,0.00,0.00,0.00,0.00,0.00,0.00,0.00,0.00,0.00,0.00,0.00,0.00,-0.00,-0.00,0.00,0
2.24613,13,6,110,0,DRIVE [ 38 ] [ 1 ] [ 1509 1905 1890 ] [    0    0    0 ] [      0      0      0 ] [ 0 ],drive [ 37 ] [ 0 ] [ 1462 1905 1893 ] [   56   23    2 ] [  14189   8318   8628 ] [ 0 ],1.00,1.00,1.20,1.40,13.41,7.83,0.00,0.00,0.00,0.00,0.00,0.00,0.00,0.00,0.00,0.00,0.00,0.00,-0.00,-0.00,0.00,0
2.25726,12,5,109,0,DRIVE [ 38 ] [ 1 ] [ 1558 1905 1887 ] [    0    0    0 ] [      0      0      0 ] [ 0 ],drive [ 38 ] [ 0 ] [ 1509 1905 1890 ] [   56   23    2 ] [  14159   8318   8624 ] [ 0 ],1.00,1.00,1.20,1.40,11.97,6.57,0.00,0.00,0.00,0.00,0.00,0.00,0.00,0.00,0.00,0.00,0.00,0.00,-0.00,-0.00,0.00,0
2.2685,10,4,108,0,DRIVE [ 39 ] [ 1 ] [ 1608 1905 1885 ] [    0    0    0 ] [      0      0      0 ] [ 0 ],drive [ 38 ] [ 0 ] [ 1558 1905 1887 ] [   63   22    3 ] [  14159   8318   8624 ] [ 0 ],1.00,1.00,1.20,1.40,10.47,5.33,0.00,0.00,0.00,0.00,0.00,0.00,0.00,0.00,0.00,0.00,0.00,0.00,-0.00,-0.00,0.00,0
2.27922,9,3,107,0,DRIVE [ 39 ] [ 1 ] [ 1657 1905 1883 ] [    0    0    0 ] [      0      0      0 ] [ 0 ],drive [ 39 ] [ 0 ] [ 1608 1905 1885 ] [   63   22    3 ] [  14159   8318   8624 ] [ 0 ],1.00,1.00,1.20,1.40,8.96,4.14,0.00,0.00,0.00,0.00,0.00,0.00,0.00,0.00,0.00,0.00,0.00,0.00,-0.00,-0.00,0.00,0
2.29046,7,2,106,0,DRIVE [ 40 ] [ 1 ] [ 1705 1905 1882 ] [    0    0    0 ] [      0      0      0 ] [ 0 ],drive [ 39 ] [ 0 ] [ 1657 1905 1883 ] [   63   22    3 ] [  14159   8318   8624 ] [ 0 ],1.00,1.00,1.20,1.40,7.44,3.04,0.00,0.00,0.00,0.00,0.00,0.00,0.00,0.00,0.00,0.00,0.00,0.00,-0.00,-0.00,0.00,0
2.30148,6,1,105,0,DRIVE [ 40 ] [ 1 ] [ 1751 1905 1883 ] [    0    0    0 ] [      0      0      0 ] [ 0 ],drive [ 40 ] [ 0 ] [ 1705 1905 1882 ] [   63   22    3 ] [  14159   8318   8624 ] [ 0 ],1.00,1.00,1.20,1.40,5.92,2.09,0.00,0.00,0.00,0.00,0.00,0.00,0.00,0.00,0.00,0.00,0.00,0.00,-0.00,-0.00,0.00,0
2.31216,4,1,103,0,DRIVE [ 41 ] [ 1 ] [ 1794 1905 1886 ] [    0    0    0 ] [      0      0      0 ] [ 0 ],drive [ 40 ] [ 0 ] [ 1751 1905 1883 ] [   63   22    3 ] [  13856   8318   8626 ] [ 0 ],1.00,1.00,1.20,1.40,4.43,1.30,0.00,0.00,0.00,0.00,0.00,0.00,0.00,0.00,0.00,0.00,0.00,0.00,-0.00,-0.00,0.00,0
2.32317,3,0,102,0,DRIVE [ 41 ] [ 1 ] [ 1834 1905 1889 ] [    0    0    0 ] [      0      0      0 ] [ 0 ],drive [ 41 ] [ 0 ] [ 1794 1905 1886 ] [   21   22    9 ] [  13856   8318   8626 ] [ 0 ],1.00,1.00,1.20,1.40,2.98,0.63,0.00,0.00,0.00,0.00,0.00,0.00,0.00,0.00,0.00,0.00,0.00,0.00,-0.00,-0.00,0.00,0
2.33496,2,0,101,0,DRIVE [ 42 ] [ 1 ] [ 1871 1905 1894 ] [    0    0    0 ] [      0      0      0 ] [ 0 ],drive [ 41 ] [ 0 ] [ 1834 1905 1889 ] [   21   22    9 ] [  13856   8318   8626 ] [ 0 ],1.00,1.00,1.20,1.40,1.56,0.12,0.00,0.00,0.00,0.00,0.00,0.00,0.00,0.00,0.00,0.00,0.00,0.00,-0.00,-0.00,0.00,0
2.34554,0,0,100,0,DRIVE [ 42 ] [ 1 ] [ 1903 1905 1901 ] [    0    0    0 ] [      0      0      0 ] [ 0 ],drive [ 42 ] [ 0 ] [ 1871 1905 1894 ] [   21   22    9 ] [  13856   8318   8626 ] [ 0 ],1.00,1.00,1.20,1.40,0.16,-0.17,0.00,0.00,0.00,0.00,0.00,0.00,0.00,0.00,0.00,0.00,0.00,0.00,-0.00,0.00,0.00,0
2.35763,-1,0,99,0,DRIVE [ 43 ] [ 1 ] [ 1903 1883 1891 ] [    0    0    0 ] [      0      0      0 ] [ 0 ],drive [ 42 ] [ 0 ] [ 1903 1905 1901 ] [   21   22    9 ] [  13095   8318   8679 ] [ 0 ],1.00,1.00,1.20,1.40,-1.19,-0.29,0.00,0.00,0.00,0.00,0.00,0.00,0.00,0.00,0.00,0.00,0.00,0.00,0.00,0.00,0.00,0
2.37181,-2,0,98,0,DRIVE [ 43 ] [ 1 ] [ 1903 1856 1881 ] [    0    0    0 ] [      0      0      0 ] [ 0 ],drive [ 43 ] [ 0 ] [ 1903 1883 1891 ] [   17   24    1 ] [  13095   8318   8679 ] [ 0 ],1.00,1.00,1.20,1.40,-2.43,-0.28,0.00,0.00,0.00,0.00,0.00,0.00,0.00,0.00,0.00,0.00,0.00,0.00,0.00,0.00,0.00,0
2.38296,-4,0,97,0,DRIVE [ 44 ] [ 1 ] [ 1903 1827 1874 ] [    0    0    0 ] [      0      0      0 ] [ 0 ],drive [ 43 ] [ 0 ] [ 1903 1856 1881 ] [   17   24    1 ] [  13095   8318   8679 ] [ 0 ],1.00,1.00,1.20,1.40,-3.60,-0.04,0.00,0.00,0.00,0.00,0.00,0.00,0.00,0.00,0.00,0.00,0.00,0.00,0.00,0.00,0.00,0
2.39351,-5,0,96,0,DRIVE [ 44 ] [ 1 ] [ 1903 1794 1871 ] [    0    0    0 ] [      0      0      0 ] [ 0 ],drive [ 44 ] [ 0 ] [ 1903 1827 1874 ] [   17   24    1 ] [  13095   8318   8679 ] [ 0 ],1.00,1.00,1.20,1.40,-4.72,0.45,0.00,0.00,0.00,0.00,0.00,0.00,0.00,0.00,0.00,0.00,0.00,0.00,0.00,0.00,0.00,0
2.40462,-6,1,95,0,DRIVE [ 45 ] [ 1 ] [ 1903 1760 1868 ] [    0    0    0 ] [      0      0      0 ] [ 0 ],drive [ 44 ] [ 0 ] [ 1903 1794 1871 ] [   17   24    1 ] [  12365   8328   8891 ] [ 0 ],1.00,1.00,1.20,1.40,-5.81,0.99,0.00,0.00,0.00,0.00,0.00,0.00,0.00,0.00,0.00,0.00,0.00,0.00,0.00,0.00,0.00,0
2.41566,-7,1,94,0,DRIVE [ 45 ] [ 1 ] [ 1903 1723 1866 ] [    0    0    0 ] [      0      0      0 ] [ 0 ],drive [ 45 ] [ 0 ] [ 1903 1760 1868 ] [   17   24    1 ] [  12365   8328   8891 ] [ 0 ],1.00,1.00,1.20,1.40,-6.87,1.60,0.00,0.00,0.00,0.00,0.00,0.00,0.00,0.00,0.00,0.00,0.00,0.00,0.00,0.00,0.00,0
2.42626,-8,2,93,0,DRIVE [ 46 ] [ 1 ] [ 1903 1687 1866 ] [    0    0    0 ] [      0      0      0 ] [ 0 ],drive [ 45 ] [ 0 ] [ 1903 1723 1866 ] [   12   15   10 ] [  12365   8328   8891 ] [ 0 ],1.00,1.00,1.20,1.40,-7.84,2.22,0.00,0.00,0.00,0.00,0.00,0.00,0.00,0.00,0.00,0.00,0.00,0.00,0.00,0.00,0.00,0
2.43729,-9,2,92,0,DRIVE [ 46 ] [ 1 ] [ 1903 1652 1867 ] [    0    0    0 ] [      0      0      0 ] [ 0 ],drive [ 46 ] [ 0 ] [ 1903 1687 1866 ] [   12   15   10 ] [  12365   8328   8891 ] [ 0 ],1.00,1.00,1.20,1.40,-8.68,2.90,0.00,0.00,0.00,0.00,0.00,0.00,0.00,0.00,0.00,0.00,0.00,0.00,0.00,0.00,0.00,0
2.44918,-9,3,91,0,DRIVE [ 47 ] [ 1 ] [ 1903 1618 1869 ] [    0    0    0 ] [      0      0      0 ] [ 0 ],drive [ 46 ] [ 0 ] [ 1903 1652 1867 ] [   12   15   10 ] [  12365   8328   8891 ] [ 0 ],1.00,1.00,1.20,1.40,-9.40,3.61,0.00,0.00,0.00,0.00,0.00,0.00,0.00,0.00,0.00,0.00,0.00,0.00,0.00,0.00,0.00,0
2.45978,-10,3,90,0,DRIVE [ 47 ] [ 1 ] [ 1903 1583 1872 ] [    0    0    0 ] [      0      0      0 ] [ 0 ],drive [ 47 ] [ 0 ] [ 1903 1618 1869 ] [   12   15   10 ] [  12072   8466   8995 ] [ 0 ],1.00,1.00,1.20,1.40,-10.07,4.34,0.00,0.00,0.00,0.00,0.00,0.00,0.00,0.00,0.00,0.00,0.00,0.00,0.00,0.00,0.00,0
2.471,-11,4,89,0,DRIVE [ 48 ] [ 1 ] [ 1903 1549 1876 ] [    0    0    0 ] [      0      0      0 ] [ 0 ],drive [ 47 ] [ 0 ] [ 1903 1583 1872 ] [   17   44   30 ] [  12072   8466   8995 ] [ 0 ],1.00,1.00,1.20,1.40,-10.64,5.08,0.00,0.00,0.00,0.00,0.00,0.00,0.00,0.00,0.00,0.00,0.00,0.00,0.00,0.00,0.00,0
2.48245,-11,4,88,0,DRIVE [ 48 ] [ 1 ] [ 1903 1518 1881 ] [    0    0    0 ] [      0      0      0 ] [ 0 ],drive [ 48 ] [ 0 ] [ 1903 1549 1876 ] [   17   44   30 ] [  12072   8466   8995 ] [ 0 ],1.00,1.00,1.20,1.40,-11.07,5.80,0.00,0.00,0.00,0.00,0.00,0.00,0.00,0.00,0.00,0.00,0.00,0.00,0.00,0.00,0.00,0
2.49317,-11,5,88,0,DRIVE [ 49 ] [ 1 ] [ 1903 1488 1889 ] [    0    0    0 ] [      0      0      0 ] [ 0 ],drive [ 48 ] [ 0 ] [ 1903 1518 1881 ] [   17   44   30 ] [  12072   8466   8995 ] [ 0 ],1.00,1.00,1.20,1.40,-11.29,6.60,0.00,0.00,0.00,0.00,0.00,0.00,0.00,0.00,0.00,0.00,0.00,0.00,0.00,0.00,0.00,0
2.50426,-11,5,87,0,DRIVE [ 49 ] [ 1 ] [ 1903 1462 1900 ] [    0    0    0 ] [      0      0      0 ] [ 0 ],drive [ 49 ] [ 0 ] [ 1903 1488 1889 ] [   17   44   30 ] [  11755   8890   9069 ] [ 0 ],1.00,1.00,1.20,1.40,-11.20,7.43,0.00,0.00,0.00,0.00,0.00,0.00,0.00,0.00,0.00,0.00,0.00,0.00,0.00,0.00,0.00,0
2.51837,-11,6,87,0,DRIVE [ 50 ] [ 1 ] [ 1894 1455 1900 ] [    0    0    0 ] [      0      0      0 ] [ 0 ],drive [ 49 ] [ 0 ] [ 1903 1462 1900 ] [   17   44   30 ] [  11755   8890   9069 ] [ 0 ],1.00,1.00,1.20,1.40,-10.87,8.42,0.00,0.00,0.00,0.00,0.00,0.00,0.00,0.00,0.00,0.00,0.00,0.00,0.00,0.00,0.00,0
2.529,-10,7,86,0,DRIVE [ 50 ] [ 1 ] [ 1872 1465 1900 ] [    0    0    0 ] [      0      0      0 ] [ 0 ],drive [ 50 ] [ 0 ] [ 1894 1455 1900 ] [   23   49   26 ] [  11755   8890   9069 ] [ 0 ],1.00,1.00,1.20,1.40,-10.27,9.50,0.00,0.00,0.00,0.00,0.00,0.00,0.00,0.00,0.00,0.00,0.00,0.00,0.00,0.00,0.00,0
2.53989,-9,8,85,0,DRIVE [ 51 ] [ 1 ] [ 1848 1480 1900 ] [    0    0    0 ] [      0      0      0 ] [ 0 ],drive [ 50 ] [ 0 ] [ 1872 1465 1900 ] [   23   49   26 ] [  11755   8890   9069 ] [ 0 ],1.00,1.00,1.20,1.40,-9.45,10.54,0.00,0.00,0.00,0.00,0.00,0.00,0.00,0.00,0.00,0.00,0.00,0.00,0.00,0.00,0.00,0
2.55081,-9,8,85,0,DRIVE [ 51 ] [ 1 ] [ 1822 1496 1900 ] [    0    0    0 ] [      0      0      0 ] [ 0 ],drive [ 51 ] [ 0 ] [ 1848 1480 1900 ] [   23   49   26 ] [  11755   8890   9069 ] [ 0 ],1.00,1.00,1.20,1.40,-8.52,11.53,0.00,0.00,0.00,0.00,0.00,0.00,0.00,0.00,0.00,0.00,0.00,0.00,0.00,0.00,0.00,0
2.56115,-8,9,84,0,DRIVE [ 52 ] [ 1 ] [ 1796 1508 1900 ] [    0    0    0 ] [      0      0      0 ] [ 0 ],drive [ 51 ] [ 0 ] [ 1822 1496 1900 ] [   23   49   26 ] [  11375   9311   9115 ] [ 0 ],1.00,1.00,1.20,1.40,-7.58,12.52,0.00,0.00,0.00,0.00,0.00,0.00,0.00,0.00,0.00,0.00,0.00,0.00,0.00,0.00,0.00,0
2.57204,-7,10,83,0,DRIVE [ 52 ] [ 1 ] [ 1770 1514 1900 ] [    0    0    0 ] [      0      0      0 ] [ 0 ],drive [ 52 ] [ 0 ] [ 1796 1508 1900 ] [   10   46   26 ] [  11375   9311   9115 ] [ 0 ],1.00,1.00,1.20,1.40,-6.77,13.43,0.00,0.00,0.00,0.00,0.00,0.00,0.00,0.00,0.00,0.00,0.00,0.00,0.00,0.00,0.00,0
2.583,-6,10,82,0,DRIVE [ 53 ] [ 1 ] [ 1747 1514 1900 ] [    0    0    0 ] [      0      0      0 ] [ 0 ],drive [ 52 ] [ 0 ] [ 1770 1514 1900 ] [   10   46   26 ] [  11375   9311   9115 ] [ 0 ],1.00,1.00,1.20,1.40,-6.16,14.29,0.00,0.00,0.00,0.00,0.00,0.00,0.00,0.00,0.00,0.00,0.00,0.00,0.00,0.00,0.00,0
2.59318,-6,11,81,0,DRIVE [ 53 ] [ 1 ] [ 1729 1512 1900 ] [    0    0    0 ] [      0      0      0 ] [ 0 ],drive [ 53 ] [ 0 ] [ 1747 1514 1900 ] [   10   46   26 ] [  11375   9311   9115 ] [ 0 ],1.00,1.00,1.20,1.40,-5.73,14.95,0.00,0.00,0.00,0.00,0.00,0.00,0.00,0.00,0.00,0.00,0.00,0.00,0.00,0.00,0.00,0
2.60403,-5,11,81,0,DRIVE [ 54 ] [ 1 ] [ 1716 1508 1900 ] [    0    0    0 ] [      0      0      0 ] [ 0 ],drive [ 53 ] [ 0 ] [ 1729 1512 1900 ] [   10   46   26 ] [  11348   9315   9110 ] [ 0 ],1.00,1.00,1.20,1.40,-5.45,15.43,0.00,0.00,0.00,0.00,0.00,0.00,0.00,0.00,0.00,0.00,0.00,0.00,0.00,0.00,0.00,0
2.61567,-5,11,80,0,DRIVE [ 54 ] [ 1 ] [ 1705 1504 1900 ] [    0    0    0 ] [      0      0      0 ] [ 0 ],drive [ 54 ] [ 0 ] [ 1716 1508 1900 ] [   10   46   26 ] [  11348   9315   9110 ] [ 0 ],1.00,1.00,1.20,1.40,-5.25,15.77,0.00,0.00,0.00,0.00,0.00,0.00,0.00,0.00,0.00,0.00,0.00,0.00,0.00,0.00,0.00,0
2.62598,-5,11,79,0,DRIVE [ 55 ] [ 1 ] [ 1698 1502 1900 ] [    0    0    0 ] [      0      0      0 ] [ 0 ],drive [ 54 ] [ 0 ] [ 1705 1504 1900 ] [   22   42   19 ] [  11348   9315   9110 ] [ 0 ],1.00,1.00,1.20,1.40,-5.06,15.96,0.00,0.00,0.00,0.00,0.00,0.00,0.00,0.00,0.00,0.00,0.00,0.00,0.00,0.00,0.00,0
2.63678,-5,11,78,0,DRIVE [ 55 ] [ 1 ] [ 1693 1504 1900 ] [    0    0    0 ] [      0      0      0 ] [ 0 ],drive [ 55 ] [ 0 ] [ 1698 1502 1900 ] [   22   42   19 ] [  11348   9315   9110 ] [ 0 ],1.00,1.00,1.20,1.40,-4.85,15.96,0.00,0.00,0.00,0.00,0.00,0.00,0.00,0.00,0.00,0.00,0.00,0.00,0.00,0.00,0.00,0
2.64706,-5,11,78,0,DRIVE [ 56 ] [ 1 ] [ 1690 1510 1900 ] [    0    0    0 ] [      0      0      0 ] [ 0 ],drive [ 55 ] [ 0 ] [ 1693 1504 1900 ] [   22   42   19 ] [  11348   9315   9110 ] [ 0 ],1.00,1.00,1.20,1.40,-4.56,15.77,0.00,0.00,0.00,0.00,0.00,0.00,0.00,0.00,0.00,0.00,0.00,0.00,0.00,0.00,0.00,0
2.65797,-4,11,77,0,DRIVE [ 56 ] [ 1 ] [ 1688 1520 1900 ] [    0    0    0 ] [      0      0      0 ] [ 0 ],drive [ 56 ] [ 0 ] [ 1690 1510 1900 ] [   22   42   19 ] [  11478   9316   9040 ] [ 0 ],1.00,1.00,1.20,1.40,-4.24,15.46,0.00,0.00,0.00,0.00,0.00,0.00,0.00,0.00,0.00,0.00,0.00,0.00,0.00,0.00,0.00,0
2.66875,-4,11,76,0,DRIVE [ 57 ] [ 1 ] [ 1688 1534 1900 ] [    0    0    0 ] [      0      0      0 ] [ 0 ],drive [ 56 ] [ 0 ] [ 1688 1520 1900 ] [   35   45   11 ] [  11478   9316   9040 ] [ 0 ],1.00,1.00,1.20,1.40,-3.85,15.03,0.00,0.00,0.00,0.00,0.00,0.00,0.00,0.00,0.00,0.00,0.00,0.00,0.00,0.00,0.00,0
2.67926,-3,10,76,0,DRIVE [ 57 ] [ 1 ] [ 1687 1549 1900 ] [    0    0    0 ] [      0      0      0 ] [ 0 ],drive [ 57 ] [ 0 ] [ 1688 1534 1900 ] [   35   45   11 ] [  11478   9316   9040 ] [ 0 ],1.00,1.00,1.20,1.40,-3.43,14.62,0.00,0.00,0.00,0.00,0.00,0.00,0.00,0.00,0.00,0.00,0.00,0.00,0.00,0.00,0.00,0
2.69127,-3,10,75,0,DRIVE [ 58 ] [ 1 ] [ 1682 1561 1900 ] [    0    0    0 ] [      0      0      0 ] [ 0 ],drive [ 57 ] [ 0 ] [ 1687 1549 1900 ] [   35   45   11 ] [  11478   9316   9040 ] [ 0 ],1.00,1.00,1.20,1.40,-2.98,14.35,0.00,0.00,0.00,0.00,0.00,0.00,0.00,0.00,0.00,0.00,0.00,0.00,0.00,0.00,0.00,0
2.70309,-2,10,74,0,DRIVE [ 58 ] [ 1 ] [ 1673 1572 1900 ] [    0    0    0 ] [      0      0      0 ] [ 0 ],drive [ 58 ] [ 0 ] [ 1682 1561 1900 ] [   35   45   11 ] [  11555   9317   8970 ] [ 0 ],1.00,1.00,1.20,1.40,-2.45,14.25,0.00,0.00,0.00,0.00,0.00,0.00,0.00,0.00,0.00,0.00,0.00,0.00,0.00,0.00,0.00,0
2.71343,-2,10,73,0,DRIVE [ 59 ] [ 1 ] [ 1659 1582 1900 ] [    0    0    0 ] [      0      0      0 ] [ 0 ],drive [ 58 ] [ 0 ] [ 1673 1572 1900 ] [   35   45   11 ] [  11555   9317   8970 ] [ 0 ],1.00,1.00,1.20,1.40,-1.84,14.26,0.00,0.00,0.00,0.00,0.00,0.00,0.00,0.00,0.00,0.00,0.00,0.00,0.00,0.00,0.00,0
2.72433,-1,10,72,0,DRIVE [ 59 ] [ 1 ] [ 1642 1594 1900 ] [    0    0    0 ] [      0      0      0 ] [ 0 ],drive [ 59 ] [ 0 ] [ 1659 1582 1900 ] [   28   38    5 ] [  11555   9317   8970 ] [ 0 ],1.00,1.00,1.20,1.40,-1.14,14.30,0.00,0.00,0.00,0.00,0.00,0.00,0.00,0.00,0.00,0.00,0.00,0.00,0.00,0.00,0.00,0
2.73504,0,10,71,0,DRIVE [ 60 ] [ 1 ] [ 1622 1605 1900 ] [    0    0    0 ] [      0      0      0 ] [ 0 ],drive [ 59 ] [ 0 ] [ 1642 1594 1900 ] [   28   38    5 ] [  11555   9317   8970 ] [ 0 ],1.00,1.00,1.20,1.40,-0.40,14.40,0.00,0.00,0.00,0.00,0.00,0.00,0.00,0.00,0.00,0.00,0.00,0.00,0.00,0.00,0.00,0
2.74704,0,10,71,0,DRIVE [ 60 ] [ 1 ] [ 1599 1615 1900 ] [    0    0    0 ] [      0      0      0 ] [ 0 ],drive [ 60 ] [ 0 ] [ 1622 1605 1900 ] [   28   38    5 ] [  11555   9317   8970 ] [ 0 ],1.00,1.00,1.20,1.40,0.38,14.52,0.00,0.00,0.00,0.00,0.00,0.00,0.00,0.00,0.00,0.00,0.00,0.00,0.00,0.00,0.00,0
2.75944,1,10,70,0,DRIVE [ 61 ] [ 1 ] [ 1575 1627 1900 ] [    0    0    0 ] [      0      0      0 ] [ 0 ],drive [ 60 ] [ 0 ] [ 1599 1615 1900 ] [   28   38    5 ] [  11560   9313   8970 ] [ 0 ],1.00,1.00,1.20,1.40,1.20,14.62,0.00,0.00,0.00,0.00,0.00,0.00,0.00,0.00,0.00,0.00,0.00,0.00,0.00,0.00,0.00,0
2.77113,2,11,69,0,DRIVE [ 61 ] [ 1 ] [ 1549 1639 1900 ] [    0    0    0 ] [      0      0      0 ] [ 0 ],drive [ 61 ] [ 0 ] [ 1575 1627 1900 ] [   32   34    0 ] [  11560   9313   8970 ] [ 0 ],1.00,1.00,1.20,1.40,2.05,14.71,0.00,0.00,0.00,0.00,0.00,0.00,0.00,0.00,0.00,0.00,0.00,0.00,0.00,0.00,0.00,0
2.78209,3,11,68,0,DRIVE [ 62 ] [ 1 ] [ 1520 1651 1900 ] [    0    0    0 ] [      0      0      0 ] [ 0 ],drive [ 61 ] [ 0 ] [ 1549 1639 1900 ] [   32   34    0 ] [  11560   9313   8970 ] [ 0 ],1.00,1.00,1.20,1.40,2.95,14.75,0.00,0.00,0.00,0.00,0.00,0.00,0.00,0.00,0.00,0.00,0.00,0.00,0.00,0.00,0.00,0
2.79251,4,11,67,0,DRIVE [ 62 ] [ 1 ] [ 1491 1665 1900 ] [    0    0    0 ] [      0      0      0 ] [ 0 ],drive [ 62 ] [ 0 ] [ 1520 1651 1900 ] [   32   34    0 ] [  11560   9313   8970 ] [ 0 ],1.00,1.00,1.20,1.40,3.87,14.72,0.00,0.00,0.00,0.00,0.00,0.00,0.00,0.00,0.00,0.00,0.00,0.00,0.00,0.00,0.00,0
2.80361,5,10,66,0,DRIVE [ 63 ] [ 1 ] [ 1460 1680 1900 ] [    0    0    0 ] [      0      0      0 ] [ 0 ],drive [ 62 ] [ 0 ] [ 1491 1665 1900 ] [   32   34    0 ] [  11626   9312   8861 ] [ 0 ],1.00,1.00,1.20,1.40,4.77,14.64,0.00,0.00,0.00,0.00,0.00,0.00,0.00,0.00,0.00,0.00,0.00,0.00,0.00,0.00,0.00,0
2.8156,6,10,65,0,DRIVE [ 63 ] [ 1 ] [ 1429 1692 1900 ] [    0    0    0 ] [      0      0      0 ] [ 0 ],drive [ 63 ] [ 0 ] [ 1460 1680 1900 ] [   32   34    0 ] [  11626   9312   8861 ] [ 0 ],1.00,1.00,1.20,1.40,5.60,14.61,0.00,0.00,0.00,0.00,0.00,0.00,0.00,0.00,0.00,0.00,0.00,0.00,0.00,0.00,0.00,0
2.82731,6,10,65,0,DRIVE [ 64 ] [ 1 ] [ 1400 1701 1900 ] [    0    0    0 ] [      0      0      0 ] [ 0 ],drive [ 63 ] [ 0 ] [ 1429 1692 1900 ] [   55   24    5 ] [  11626   9312   8861 ] [ 0 ],1.00,1.00,1.20,1.40,6.32,14.61,0.00,0.00,0.00,0.00,0.00,0.00,0.00,0.00,0.00,0.00,0.00,0.00,0.00,0.00,0.00,0
2.83924,7,10,64,0,DRIVE [ 64 ] [ 1 ] [ 1373 1708 1900 ] [    0    0    0 ] [      0      0      0 ] [ 0 ],drive [ 64 ] [ 0 ] [ 1400 1701 1900 ] [   55   24    5 ] [  11626   9312   8861 ] [ 0 ],1.00,1.00,1.20,1.40,6.91,14.62,0.00,0.00,0.00,0.00,0.00,0.00,0.00,0.00,0.00,0.00,0.00,0.00,0.00,0.00,0.00,0
2.84967,7,10,63,0,DRIVE [ 65 ] [ 1 ] [ 1348 1713 1900 ] [    0    0    0 ] [      0      0      0 ] [ 0 ],drive [ 64 ] [ 0 ] [ 1373 1708 1900 ] [   55   24    5 ] [  11626   9312   8861 ] [ 0 ],1.00,1.00,1.20,1.40,7.40,14.63,0.00,0.00,0.00,0.00,0.00,0.00,0.00,0.00,0.00,0.00,0.00,0.00,0.00,0.00,0.00,0
2.85986,8,10,62,0,DRIVE [ 65 ] [ 1 ] [ 1325 1718 1900 ] [    0    0    0 ] [      0      0      0 ] [ 0 ],drive [ 65 ] [ 0 ] [ 1348 1713 1900 ] [   55   24    5 ] [  11909   9216   8835 ] [ 0 ],1.00,1.00,1.20,1.40,7.83,14.63,0.00,0.00,0.00,0.00,0.00,0.00,0.00,0.00,0.00,0.00,0.00,0.00,0.00,0.00,0.00,0
2.8714,8,10,61,0,DRIVE [ 66 ] [ 1 ] [ 1302 1725 1900 ] [    0    0    0 ] [      0      0      0 ] [ 0 ],drive [ 65 ] [ 0 ] [ 1325 1718 1900 ] [   55   23   23 ] [  11909   9216   8835 ] [ 0 ],1.00,1.00,1.20,1.40,8.28,14.54,0.00,0.00,0.00,0.00,0.00,0.00,0.00,0.00,0.00,0.00,0.00,0.00,0.00,0.00,0.00,0
2.88338,9,10,60,0,DRIVE [ 66 ] [ 1 ] [ 1280 1734 1900 ] [    0    0    0 ] [      0      0      0 ] [ 0 ],drive [ 66 ] [ 0 ] [ 1302 1725 1900 ] [   55   23   23 ] [  11909   9216   8835 ] [ 0 ],1.00,1.00,1.20,1.40,8.73,14.33,0.00,0.00,0.00,0.00,0.00,0.00,0.00,0.00,0.00,0.00,0.00,0.00,0.00,0.00,0.00,0
2.89497,9,10,59,0,DRIVE [ 67 ] [ 1 ] [ 1259 1744 1900 ] [    0    0    0 ] [      0      0      0 ] [ 0 ],drive [ 66 ] [ 0 ] [ 1280 1734 1900 ] [   55   23   23 ] [  11909   9216   8835 ] [ 0 ],1.00,1.00,1.20,1.40,9.16,14.10,0.00,0.00,0.00,0.00,0.00,0.00,0.00,0.00,0.00,0.00,0.00,0.00,0.00,0.00,0.00,0
2.90578,10,10,59,1,DRIVE [ 67 ] [ 1 ] [ 1239 1753 1900 ] [    0    0    0 ] [      0      0      0 ] [ 0 ],drive [ 67 ] [ 0 ] [ 1259 1744 1900 ] [   55   23   23 ] [  12304   9117   8699 ] [ 0 ],1.00,1.00,1.20,1.40,9.54,13.85,0.00,0.00,0.00,0.00,0.00,0.00,0.00,0.00,0.00,0.00,0.00,0.00,0.00,0.00,0.00,0
