timestamp,Xmm,Ymm,Zmm,TouchDetected,OutgoingPacket,IncomingPacket,GainPropAb, GainPropAd, GainPropFl, GainPropEx,PropA, PropB, PropC,GainIntegAb, GainIntegAd, GainIntegFl, GainIntegEx,IntegA, IntegB, IntegC,GainDerivAb, GainDerivAd, GainDerivFl, GainDerivEx,DerivA, DerivB, DerivC,Heading5
0.00599762,-18,106,487,0,DRIVE [ 17 ] [ 1 ] [ 1644 1449 1806 ] [    0    0    0 ] [      0      0      0 ] [ 0 ],drive [ 16 ] [ 0 ] [ 1647 1433 1806 ] [   47   46   19 ] [   5028  25116   3476 ] [ 0 ],1.00,1.00,1.00,1.00,-18.15,105.80,0.00,0.00,0.00,0.00,0.00,0.00,0.00,0.00,0.00,0.00,0.00,0.00,0.00,0.00,0.00,0
0.0205177,-17,102,466,0,DRIVE [ 17 ] [ 1 ] [ 1641 1450 1806 ] [    0    0    0 ] [      0      0      0 ] [ 0 ],drive [ 17 ] [ 0 ] [ 1644 1449 1806 ] [   49   42   19 ] [   5028  25116   3476 ] [ 0 ],1.00,1.00,1.00,1.00,-16.87,101.51,0.00,0.00,0.00,0.00,0.00,0.00,0.00,0.00,0.00,0.00,0.00,0.00,0.00,-0.00,0.00,0
0.0336654,-17,102,468,0,DRIVE [ 18 ] [ 1 ] [ 1641 1451 1806 ] [    0    0    0 ] [      0      0      0 ] [ 0 ],drive [ 17 ] [ 0 ] [ 1641 1450 1806 ] [   49   42   19 ] [   5028  25116   3476 ] [ 0 ],1.00,1.00,1.00,1.00,-16.65,101.94,0.00,0.00,0.00,0.00,0.00,0.00,0.00,0.00,0.00,0.00,0.00,0.00,0.00,0.00,0.00,0
0.0473221,-16,102,465,0,DRIVE [ 18 ] [ 1 ] [ 1639 1451 1806 ] [    0    0    0 ] [      0      0      0 ] [ 0 ],drive [ 18 ] [ 0 ] [ 1641 1451 1806 ] [   49   42   19 ] [   5049  25116   3476 ] [ 0 ],1.00,1.00,1.00,1.00,-16.36,101.64,0.00,0.00,0.00,0.00,0.00,0.00,0.00,0.00,0.00,0.00,0.00,0.00,0.00,-0.00,0.00,0
0.0611932,-16,101,463,0,DRIVE [ 19 ] [ 1 ] [ 1638 1450 1806 ] [    0    0    0 ] [      0      0      0 ] [ 0 ],drive [ 18 ] [ 0 ] [ 1639 1451 1806 ] [   49   42   19 ] [   5049  25116   3476 ] [ 0 ],1.00,1.00,1.00,1.00,-16.20,101.46,0.00,0.00,0.00,0.00,0.00,0.00,0.00,0.00,0.00,0.00,0.00,0.00,0.00,-0.00,0.00,0
0.0748574,-16,101,462,0,DRIVE [ 19 ] [ 1 ] [ 1638 1450 1806 ] [    0    0    0 ] [      0      0      0 ] [ 0 ],drive [ 19 ] [ 0 ] [ 1638 1450 1806 ] [   29   43   19 ] [   5049  25116   3476 ] [ 0 ],1.00,1.00,1.00,1.00,-16.14,101.28,0.00,0.00,0.00,0.00,0.00,0.00,0.00,0.00,0.00,0.00,0.00,0.00,0.00,-0.00,0.00,0
0.0887441,-17,103,467,0,DRIVE [ 20 ] [ 1 ] [ 1638 1449 1806 ] [    0    0    0 ] [      0      0      0 ] [ 0 ],drive [ 19 ] [ 0 ] [ 1638 1450 1806 ] [   29   43   19 ] [   5049  25116   3476 ] [ 0 ],1.00,1.00,1.00,1.00,-16.53,102.56,0.00,0.00,0.00,0.00,0.00,0.00,0.00,0.00,0.00,0.00,0.00,0.00,0.00,0.00,0.00,0
0.102199,-17,104,473,0,DRIVE [ 20 ] [ 1 ] [ 1638 1449 1806 ] [    0    0    0 ] [      0      0      0 ] [ 0 ],drive [ 20 ] [ 0 ] [ 1638 1449 1806 ] [   29   43   19 ] [   5071  25116   3476 ] [ 0 ],1.00,1.00,1.00,1.00,-16.79,103.79,0.00,0.00,0.00,0.00,0.00,0.00,0.00,0.00,0.00,0.00,0.00,0.00,0.00,0.00,0.00,0
0.115729,-17,104,473,0,DRIVE [ 21 ] [ 1 ] [ 1639 1449 1806 ] [    0    0    0 ] [      0      0      0 ] [ 0 ],drive [ 20 ] [ 0 ] [ 1638 1449 1806 ] [   29   44   19 ] [   5071  25116   3476 ] [ 0 ],1.00,1.00,1.00,1.00,-16.89,103.61,0.00,0.00,0.00,0.00,0.00,0.00,0.00,0.00,0.00,0.00,0.00,0.00,0.00,0.00,0.00,0
0.128554,-17,104,473,0,DRIVE [ 21 ] [ 1 ] [ 1665 1485 1806 ] [    0    0    0 ] [      0      0      0 ] [ 0 ],drive [ 21 ] [ 0 ] [ 1639 1449 1806 ] [   29   44   19 ] [   5071  25116   3476 ] [ 0 ],1.00,1.00,1.00,1.00,-15.20,93.25,0.00,0.00,0.00,0.00,0.00,0.00,0.00,0.00,0.00,0.00,0.00,0.00,0.00,0.00,0.00,0
0.141986,-17,86,468,0,DRIVE [ 22 ] [ 1 ] [ 1689 1498 1806 ] [    0    0    0 ] [      0      0      0 ] [ 0 ],drive [ 21 ] [ 0 ] [ 1665 1485 1806 ] [   29   44   19 ] [   5071  25116   3476 ] [ 0 ],1.00,1.00,1.00,1.00,-16.79,85.80,0.00,0.00,0.00,0.00,0.00,0.00,0.00,0.00,0.00,0.00,0.00,0.00,0.00,-0.00,0.00,0
0.155246,-17,73,467,0,DRIVE [ 22 ] [ 1 ] [ 1727 1535 1806 ] [    0    0    0 ] [      0      0      0 ] [ 0 ],drive [ 22 ] [ 0 ] [ 1689 1498 1806 ] [   29   44   19 ] [   5071  25116   3476 ] [ 0 ],1.00,1.00,1.00,1.00,-16.83,72.98,0.00,0.00,0.00,0.00,0.00,0.00,0.00,0.00,0.00,0.00,0.00,0.00,0.00,-0.00,0.00,0
0.16857,-17,64,474,0,DRIVE [ 23 ] [ 1 ] [ 1757 1563 1806 ] [    0    0    0 ] [      0      0      0 ] [ 0 ],drive [ 22 ] [ 0 ] [ 1727 1535 1806 ] [   26   39   19 ] [   5071  25116   3476 ] [ 0 ],1.00,1.00,1.00,1.00,-17.26,64.07,0.00,0.00,0.00,0.00,0.00,0.00,0.00,0.00,0.00,0.00,0.00,0.00,0.00,-0.00,0.00,0
0.1819,-17,57,472,0,DRIVE [ 23 ] [ 1 ] [ 1778 1583 1806 ] [    0    0    0 ] [      0      0      0 ] [ 0 ],drive [ 23 ] [ 0 ] [ 1757 1563 1806 ] [   26   39   19 ] [   5071  25116   3476 ] [ 0 ],1.00,1.00,1.00,1.00,-17.35,56.89,0.00,0.00,0.00,0.00,0.00,0.00,0.00,0.00,0.00,0.00,0.00,0.00,0.00,-0.00,0.00,0
0.19519,-17,52,470,0,DRIVE [ 24 ] [ 1 ] [ 1793 1597 1806 ] [    0    0    0 ] [      0      0      0 ] [ 0 ],drive [ 23 ] [ 0 ] [ 1778 1583 1806 ] [   26   39   19 ] [   5071  25116   3476 ] [ 0 ],1.00,1.00,1.00,1.00,-17.34,51.55,0.00,0.00,0.00,0.00,0.00,0.00,0.00,0.00,0.00,0.00,0.00,0.00,0.00,-0.00,0.00,0
0.208552,-17,48,470,0,DRIVE [ 24 ] [ 1 ] [ 1804 1608 1806 ] [    0    0    0 ] [      0      0      0 ] [ 0 ],drive [ 24 ] [ 0 ] [ 1793 1597 1806 ] [   26   39   19 ] [   5064  25115   3476 ] [ 0 ],1.00,1.00,1.00,1.00,-17.36,47.84,0.00,0.00,0.00,0.00,0.00,-0.00,0.00,0.00,0.00,0.00,0.00,0.00,0.00,-0.00,0.00,0
0.222055,-17,45,470,0,DRIVE [ 25 ] [ 1 ] [ 1812 1616 1806 ] [    0    0    0 ] [      0      0      0 ] [ 0 ],drive [ 24 ] [ 0 ] [ 1804 1608 1806 ] [   28   31   18 ] [   5064  25115   3476 ] [ 0 ],1.00,1.00,1.00,1.00,-17.29,45.19,0.00,0.00,0.00,0.00,0.00,-0.00,0.00,0.00,0.00,0.00,0.00,0.00,0.00,-0.00,0.00,0
0.235619,-17,43,464,0,DRIVE [ 25 ] [ 1 ] [ 1817 1621 1806 ] [    0    0    0 ] [      0      0      0 ] [ 0 ],drive [ 25 ] [ 0 ] [ 1812 1616 1806 ] [   28   31   18 ] [   5064  25115   3476 ] [ 0 ],1.00,1.00,1.00,1.00,-16.94,42.85,0.00,0.00,0.00,0.00,0.00,-0.00,0.00,0.00,0.00,0.00,0.00,0.00,0.00,-0.00,0.00,0
0.248821,-17,42,465,0,DRIVE [ 26 ] [ 1 ] [ 1820 1626 1806 ] [    0    0    0 ] [      0      0      0 ] [ 0 ],drive [ 25 ] [ 0 ] [ 1817 1621 1806 ] [   28   31   18 ] [   5031  25111   3477 ] [ 0 ],1.00,1.00,1.00,1.00,-16.69,41.61,0.00,0.00,0.00,0.00,0.00,-0.00,0.00,0.00,0.00,0.00,0.00,0.00,0.00,-0.00,0.00,0
0.261994,-16,41,464,0,DRIVE [ 26 ] [ 1 ] [ 1822 1630 1806 ] [    0    0    0 ] [      0      0      0 ] [ 0 ],drive [ 26 ] [ 0 ] [ 1820 1626 1806 ] [   29   28   17 ] [   5031  25111   3477 ] [ 0 ],1.00,1.00,1.00,1.00,-16.41,40.70,0.00,0.00,0.00,0.00,0.00,-0.00,0.00,0.00,0.00,0.00,0.00,0.00,0.00,-0.00,0.00,0
0.275777,-16,40,466,0,DRIVE [ 27 ] [ 1 ] [ 1823 1632 1806 ] [    0    0    0 ] [      0      0      0 ] [ 0 ],drive [ 26 ] [ 0 ] [ 1822 1630 1806 ] [   29   28   17 ] [   5031  25111   3477 ] [ 0 ],1.00,1.00,1.00,1.00,-16.15,40.44,0.00,0.00,0.00,0.00,0.00,-0.00,0.00,0.00,0.00,0.00,0.00,0.00,0.00,-0.00,0.00,0
0.289115,-15,41,466,0,DRIVE [ 27 ] [ 1 ] [ 1821 1636 1806 ] [    0    0    0 ] [      0      0      0 ] [ 0 ],drive [ 27 ] [ 0 ] [ 1823 1632 1806 ] [   29   28   17 ] [   5031  25111   3477 ] [ 0 ],1.00,1.00,1.00,1.00,-15.44,40.52,0.00,0.00,0.00,0.00,0.00,-0.00,0.00,0.00,0.00,0.00,0.00,0.00,0.00,-0.00,0.00,0
0.302383,-14,41,464,0,DRIVE [ 28 ] [ 1 ] [ 1818 1639 1806 ] [    0    0    0 ] [      0      0      0 ] [ 0 ],drive [ 27 ] [ 0 ] [ 1821 1636 1806 ] [   29   28   17 ] [   5000  25110   3478 ] [ 0 ],1.00,1.00,1.00,1.00,-14.48,40.59,0.00,0.00,0.00,0.00,0.00,-0.00,0.00,0.00,0.00,0.00,0.00,0.00,0.00,-0.00,0.00,0
0.315784,-14,41,461,0,DRIVE [ 28 ] [ 1 ] [ 1815 1641 1806 ] [    0    0    0 ] [      0      0      0 ] [ 0 ],drive [ 28 ] [ 0 ] [ 1818 1639 1806 ] [   20   26   17 ] [   5000  25110   3478 ] [ 0 ],1.00,1.00,1.00,1.00,-13.58,40.84,0.00,0.00,0.00,0.00,0.00,-0.00,0.00,0.00,0.00,0.00,0.00,0.00,0.00,-0.00,0.00,0
0.328928,-13,41,457,0,DRIVE [ 29 ] [ 1 ] [ 1811 1644 1806 ] [    0    0    0 ] [      0      0      0 ] [ 0 ],drive [ 28 ] [ 0 ] [ 1815 1641 1806 ] [   20   26   17 ] [   5000  25110   3478 ] [ 0 ],1.00,1.00,1.00,1.00,-12.60,40.99,0.00,0.00,0.00,0.00,0.00,-0.00,0.00,0.00,0.00,0.00,0.00,0.00,0.00,-0.00,0.00,0
0.342248,-12,42,460,0,DRIVE [ 29 ] [ 1 ] [ 1808 1646 1806 ] [    0    0    0 ] [      0      0      0 ] [ 0 ],drive [ 29 ] [ 0 ] [ 1811 1644 1806 ] [   20   26   17 ] [   5000  25110   3478 ] [ 0 ],1.00,1.00,1.00,1.00,-11.94,41.65,0.00,0.00,0.00,0.00,0.00,-0.00,0.00,0.00,0.00,0.00,0.00,0.00,0.00,-0.00,0.00,0
0.355523,-11,42,457,0,DRIVE [ 30 ] [ 1 ] [ 1804 1647 1806 ] [    0    0    0 ] [      0      0      0 ] [ 0 ],drive [ 29 ] [ 0 ] [ 1808 1646 1806 ] [   20   26   17 ] [   4993  25108   3478 ] [ 0 ],1.00,1.00,1.00,1.00,-11.01,41.94,0.00,0.00,0.00,0.00,0.00,-0.00,0.00,0.00,0.00,0.00,0.00,0.00,0.00,-0.00,0.00,0
0.368762,-10,43,457,0,DRIVE [ 30 ] [ 1 ] [ 1799 1649 1806 ] [    0    0    0 ] [      0      0      0 ] [ 0 ],drive [ 30 ] [ 0 ] [ 1804 1647 1806 ] [   19   26   17 ] [   4993  25108   3478 ] [ 0 ],1.00,1.00,1.00,1.00,-10.14,42.56,0.00,0.00,0.00,0.00,0.00,-0.00,0.00,0.00,0.00,0.00,0.00,0.00,0.00,-0.00,0.00,0
0.381934,-9,43,459,0,DRIVE [ 31 ] [ 1 ] [ 1795 1652 1806 ] [    0    0    0 ] [      0      0      0 ] [ 0 ],drive [ 30 ] [ 0 ] [ 1799 1649 1806 ] [   19   26   17 ] [   4993  25108   3478 ] [ 0 ],1.00,1.00,1.00,1.00,-9.21,43.19,0.00,0.00,0.00,0.00,0.00,-0.00,0.00,0.00,0.00,0.00,0.00,0.00,0.00,-0.00,0.00,0
0.394665,-9,44,462,0,DRIVE [ 31 ] [ 1 ] [ 1792 1653 1806 ] [    0    0    0 ] [      0      0      0 ] [ 0 ],drive [ 31 ] [ 0 ] [ 1795 1652 1806 ] [   19   26   17 ] [   4993  25108   3478 ] [ 0 ],1.00,1.00,1.00,1.00,-8.55,43.98,0.00,0.00,0.00,0.00,0.00,-0.00,0.00,0.00,0.00,0.00,0.00,0.00,0.00,-0.00,0.00,0
0.407771,-9,44,462,0,DRIVE [ 32 ] [ 1 ] [ 1803 1670 1806 ] [    0    0    0 ] [      0      0      0 ] [ 0 ],drive [ 31 ] [ 0 ] [ 1792 1653 1806 ] [   19   26   17 ] [   4993  25108   3478 ] [ 0 ],1.00,1.00,1.00,1.00,-7.70,39.58,0.00,0.00,0.00,0.00,0.00,-0.00,0.00,0.00,0.00,0.00,0.00,0.00,0.00,-0.00,0.00,0
0.420741,-9,44,462,0,DRIVE [ 32 ] [ 1 ] [ 1813 1685 1806 ] [    0    0    0 ] [      0      0      0 ] [ 0 ],drive [ 32 ] [ 0 ] [ 1803 1670 1806 ] [   20   25   17 ] [   4993  25108   3478 ] [ 0 ],1.00,1.00,1.00,1.00,-6.93,35.62,0.00,0.00,0.00,0.00,0.00,-0.00,0.00,0.00,0.00,0.00,0.00,0.00,0.00,-0.00,0.00,0
0.433911,-7,45,463,0,DRIVE [ 33 ] [ 1 ] [ 1785 1659 1806 ] [    0    0    0 ] [      0      0      0 ] [ 0 ],drive [ 32 ] [ 0 ] [ 1813 1685 1806 ] [   20   25   17 ] [   4993  25108   3478 ] [ 0 ],1.00,1.00,1.00,1.00,-6.63,44.68,0.00,0.00,0.00,0.00,0.00,-0.00,0.00,0.00,0.00,0.00,0.00,0.00,0.00,-0.00,0.00,0
0.446874,-7,45,463,0,DRIVE [ 33 ] [ 1 ] [ 1797 1675 1806 ] [    0    0    0 ] [      0      0      0 ] [ 0 ],drive [ 33 ] [ 0 ] [ 1785 1659 1806 ] [   20   25   17 ] [   4993  25105   3477 ] [ 0 ],1.00,1.00,1.00,1.00,-5.97,40.21,0.00,0.00,0.00,0.00,0.00,-0.00,0.00,0.00,0.00,0.00,0.00,0.00,0.00,-0.00,0.00,0
0.459714,-5,45,465,0,DRIVE [ 34 ] [ 1 ] [ 1777 1665 1806 ] [    0    0    0 ] [      0      0      0 ] [ 0 ],drive [ 33 ] [ 0 ] [ 1797 1675 1806 ] [   20   25   17 ] [   4993  25105   3477 ] [ 0 ],1.00,1.00,1.00,1.00,-4.54,45.36,0.00,0.00,0.00,0.00,0.00,-0.00,0.00,0.00,0.00,0.00,0.00,0.00,0.00,-0.00,0.00,0
0.472836,-3,46,463,0,DRIVE [ 34 ] [ 1 ] [ 1769 1670 1806 ] [    0    0    0 ] [      0      0      0 ] [ 0 ],drive [ 34 ] [ 0 ] [ 1777 1665 1806 ] [   21   26   18 ] [   4993  25105   3477 ] [ 0 ],1.00,1.00,1.00,1.00,-2.59,45.69,0.00,0.00,0.00,0.00,0.00,-0.00,0.00,0.00,0.00,0.00,0.00,0.00,0.00,-0.00,0.00,0
0.485837,-3,46,463,0,DRIVE [ 35 ] [ 1 ] [ 1783 1686 1806 ] [    0    0    0 ] [      0      0      0 ] [ 0 ],drive [ 34 ] [ 0 ] [ 1769 1670 1806 ] [   21   26   18 ] [   4993  25105   3477 ] [ 0 ],1.00,1.00,1.00,1.00,-2.33,41.12,0.00,0.00,0.00,0.00,0.00,-0.00,0.00,0.00,0.00,0.00,0.00,0.00,0.00,-0.00,0.00,0
0.498834,-3,46,463,0,DRIVE [ 35 ] [ 1 ] [ 1795 1699 1806 ] [    0    0    0 ] [      0      0      0 ] [ 0 ],drive [ 35 ] [ 0 ] [ 1783 1686 1806 ] [   21   26   18 ] [   4995  25105   3477 ] [ 0 ],1.00,1.00,1.00,1.00,-2.10,37.01,0.00,0.00,0.00,0.00,0.00,-0.00,0.00,0.00,0.00,0.00,0.00,0.00,0.00,-0.00,0.00,0
0.511597,1,47,462,0,DRIVE [ 36 ] [ 1 ] [ 1755 1679 1806 ] [    0    0    0 ] [      0      0      0 ] [ 0 ],drive [ 35 ] [ 0 ] [ 1795 1699 1806 ] [   22   24   18 ] [   4995  25105   3477 ] [ 0 ],1.00,1.00,1.00,1.00,0.91,46.71,0.00,0.00,0.00,0.00,0.00,-0.00,0.00,0.00,0.00,0.00,0.00,0.00,-0.00,-0.00,0.00,0
0.523885,4,47,459,0,DRIVE [ 36 ] [ 1 ] [ 1741 1685 1806 ] [    0    0    0 ] [      0      0      0 ] [ 0 ],drive [ 36 ] [ 0 ] [ 1755 1679 1806 ] [   22   24   18 ] [   4995  25105   3477 ] [ 0 ],1.00,1.00,1.00,1.00,3.94,47.32,0.00,0.00,0.00,0.00,0.00,-0.00,0.00,0.00,0.00,0.00,0.00,0.00,-0.00,-0.00,0.00,0
0.537049,7,48,458,0,DRIVE [ 37 ] [ 1 ] [ 1728 1691 1806 ] [    0    0    0 ] [      0      0      0 ] [ 0 ],drive [ 36 ] [ 0 ] [ 1741 1685 1806 ] [   22   24   18 ] [   4995  25105   3477 ] [ 0 ],1.00,1.00,1.00,1.00,6.76,48.11,0.00,0.00,0.00,0.00,0.00,-0.00,0.00,0.00,0.00,0.00,0.00,0.00,-0.00,-0.00,0.00,0
0.550128,9,49,459,0,DRIVE [ 37 ] [ 1 ] [ 1715 1696 1806 ] [    0    0    0 ] [      0      0      0 ] [ 0 ],drive [ 37 ] [ 0 ] [ 1728 1691 1806 ] [   22   24   18 ] [   4996  25104   3477 ] [ 0 ],1.00,1.00,1.00,1.00,9.49,49.07,0.00,0.00,0.00,0.00,0.00,-0.00,0.00,0.00,0.00,0.00,0.00,0.00,-0.00,-0.00,0.00,0
0.562833,9,49,459,0,DRIVE [ 38 ] [ 1 ] [ 1734 1709 1806 ] [    0    0    0 ] [      0      0      0 ] [ 0 ],drive [ 37 ] [ 0 ] [ 1715 1696 1806 ] [   28   23   17 ] [   4996  25104   3477 ] [ 0 ],1.00,1.00,1.00,1.00,8.54,44.16,0.00,0.00,0.00,0.00,0.00,-0.00,0.00,0.00,0.00,0.00,0.00,0.00,-0.00,-0.00,0.00,0
0.576483,13,50,459,0,DRIVE [ 38 ] [ 1 ] [ 1697 1701 1806 ] [    0    0    0 ] [      0      0      0 ] [ 0 ],drive [ 38 ] [ 0 ] [ 1734 1709 1806 ] [   28   23   17 ] [   4996  25104   3477 ] [ 0 ],1.00,1.00,1.00,1.00,12.84,50.26,0.00,0.00,0.00,0.00,0.00,-0.00,0.00,0.00,0.00,0.00,0.00,0.00,0.00,0.00,0.00,0
0.588733,13,50,459,0,DRIVE [ 39 ] [ 1 ] [ 1718 1713 1806 ] [    0    0    0 ] [      0      0      0 ] [ 0 ],drive [ 38 ] [ 0 ] [ 1697 1701 1806 ] [   28   23   17 ] [   4996  25104   3477 ] [ 0 ],1.00,1.00,1.00,1.00,11.56,45.23,0.00,0.00,0.00,0.00,0.00,-0.00,0.00,0.00,0.00,0.00,0.00,0.00,0.00,0.00,0.00,0
0.601558,13,50,459,0,DRIVE [ 39 ] [ 1 ] [ 1737 1724 1806 ] [    0    0    0 ] [      0      0      0 ] [ 0 ],drive [ 39 ] [ 0 ] [ 1718 1713 1806 ] [   28   23   17 ] [   5000  25104   3477 ] [ 0 ],1.00,1.00,1.00,1.00,10.40,40.71,0.00,0.00,0.00,0.00,0.00,-0.00,0.00,0.00,0.00,0.00,0.00,0.00,0.00,0.00,0.00,0
0.614416,13,50,459,0,DRIVE [ 40 ] [ 1 ] [ 1753 1734 1806 ] [    0    0    0 ] [      0      0      0 ] [ 0 ],drive [ 39 ] [ 0 ] [ 1737 1724 1806 ] [   37   21   17 ] [   5000  25104   3477 ] [ 0 ],1.00,1.00,1.00,1.00,9.36,36.64,0.00,0.00,0.00,0.00,0.00,-0.00,0.00,0.00,0.00,0.00,0.00,0.00,0.00,0.00,0.00,0
0.627047,13,50,459,0,DRIVE [ 40 ] [ 1 ] [ 1769 1743 1806 ] [    0    0    0 ] [      0      0      0 ] [ 0 ],drive [ 40 ] [ 0 ] [ 1753 1734 1806 ] [   37   21   17 ] [   5000  25104   3477 ] [ 0 ],1.00,1.00,1.00,1.00,8.42,32.97,0.00,0.00,0.00,0.00,0.00,-0.00,0.00,0.00,0.00,0.00,0.00,0.00,0.00,0.00,0.00,0
0.639343,13,50,459,0,DRIVE [ 41 ] [ 1 ] [ 1782 1751 1806 ] [    0    0    0 ] [      0      0      0 ] [ 0 ],drive [ 40 ] [ 0 ] [ 1769 1743 1806 ] [   37   21   17 ] [   5000  25104   3477 ] [ 0 ],1.00,1.00,1.00,1.00,7.58,29.68,0.00,0.00,0.00,0.00,0.00,-0.00,0.00,0.00,0.00,0.00,0.00,0.00,0.00,0.00,0.00,0
0.651993,13,50,459,0,DRIVE [ 41 ] [ 1 ] [ 1794 1758 1806 ] [    0    0    0 ] [      0      0      0 ] [ 0 ],drive [ 41 ] [ 0 ] [ 1782 1751 1806 ] [   37   21   17 ] [   4999  25098   3478 ] [ 0 ],1.00,1.00,1.00,1.00,6.82,26.71,0.00,0.00,0.00,0.00,0.00,-0.00,0.00,0.00,0.00,0.00,0.00,0.00,0.00,0.00,0.00,0
0.664976,13,50,459,0,DRIVE [ 42 ] [ 1 ] [ 1805 1765 1806 ] [    0    0    0 ] [      0      0      0 ] [ 0 ],drive [ 41 ] [ 0 ] [ 1794 1758 1806 ] [   23   23   17 ] [   4999  25098   3478 ] [ 0 ],1.00,1.00,1.00,1.00,6.14,24.04,0.00,0.00,0.00,0.00,0.00,-0.00,0.00,0.00,0.00,0.00,0.00,0.00,0.00,0.00,0.00,0
0.678528,13,50,459,0,DRIVE [ 42 ] [ 1 ] [ 1815 1771 1806 ] [    0    0    0 ] [      0      0      0 ] [ 0 ],drive [ 42 ] [ 0 ] [ 1805 1765 1806 ] [   23   23   17 ] [   4999  25098   3478 ] [ 0 ],1.00,1.00,1.00,1.00,5.53,21.63,0.00,0.00,0.00,0.00,0.00,-0.00,0.00,0.00,0.00,0.00,0.00,0.00,0.00,0.00,0.00,0
0.691017,25,54,456,0,DRIVE [ 43 ] [ 1 ] [ 1631 1718 1806 ] [    0    0    0 ] [      0      0      0 ] [ 0 ],drive [ 42 ] [ 0 ] [ 1815 1771 1806 ] [   23   23   17 ] [   4999  25098   3478 ] [ 0 ],1.00,1.00,1.00,1.00,24.59,53.96,0.00,0.00,0.00,0.00,0.00,-0.00,0.00,0.00,0.00,0.00,0.00,0.00,0.00,0.00,0.00,0
0.703944,25,54,456,0,DRIVE [ 43 ] [ 1 ] [ 1658 1729 1806 ] [    0    0    0 ] [      0      0      0 ] [ 0 ],drive [ 43 ] [ 0 ] [ 1631 1718 1806 ] [   23   23   17 ] [   4994  25078   3478 ] [ 0 ],1.00,1.00,1.00,1.00,22.13,48.56,0.00,0.00,0.00,0.00,0.00,-0.00,0.00,0.00,0.00,0.00,0.00,0.00,0.00,0.00,0.00,0
0.716549,25,54,456,0,DRIVE [ 44 ] [ 1 ] [ 1683 1738 1806 ] [    0    0    0 ] [      0      0      0 ] [ 0 ],drive [ 43 ] [ 0 ] [ 1658 1729 1806 ] [   25   32   17 ] [   4994  25078   3478 ] [ 0 ],1.00,1.00,1.00,1.00,19.92,43.71,0.00,0.00,0.00,0.00,0.00,-0.00,0.00,0.00,0.00,0.00,0.00,0.00,0.00,0.00,0.00,0
0.728771,25,54,456,0,DRIVE [ 44 ] [ 1 ] [ 1705 1746 1806 ] [    0    0    0 ] [      0      0      0 ] [ 0 ],drive [ 44 ] [ 0 ] [ 1683 1738 1806 ] [   25   32   17 ] [   4994  25078   3478 ] [ 0 ],1.00,1.00,1.00,1.00,17.93,39.34,0.00,0.00,0.00,0.00,0.00,-0.00,0.00,0.00,0.00,0.00,0.00,0.00,0.00,0.00,0.00,0
0.741467,25,54,456,0,DRIVE [ 45 ] [ 1 ] [ 1725 1754 1806 ] [    0    0    0 ] [      0      0      0 ] [ 0 ],drive [ 44 ] [ 0 ] [ 1705 1746 1806 ] [   25   32   17 ] [   4994  25078   3478 ] [ 0 ],1.00,1.00,1.00,1.00,16.13,35.40,0.00,0.00,0.00,0.00,0.00,-0.00,0.00,0.00,0.00,0.00,0.00,0.00,0.00,0.00,0.00,0
0.754342,25,54,456,0,DRIVE [ 45 ] [ 1 ] [ 1743 1761 1806 ] [    0    0    0 ] [      0      0      0 ] [ 0 ],drive [ 45 ] [ 0 ] [ 1725 1754 1806 ] [   25   32   17 ] [   5063  25077   3478 ] [ 0 ],1.00,1.00,1.00,1.00,14.52,31.86,0.00,0.00,0.00,0.00,0.00,-0.00,0.00,0.00,0.00,0.00,0.00,0.00,0.00,0.00,0.00,0
0.767166,25,54,456,0,DRIVE [ 46 ] [ 1 ] [ 1759 1767 1806 ] [    0    0    0 ] [      0      0      0 ] [ 0 ],drive [ 45 ] [ 0 ] [ 1743 1761 1806 ] [   31   27   17 ] [   5063  25077   3478 ] [ 0 ],1.00,1.00,1.00,1.00,13.07,28.68,0.00,0.00,0.00,0.00,0.00,-0.00,0.00,0.00,0.00,0.00,0.00,0.00,0.00,0.00,0.00,0
0.779909,25,54,456,0,DRIVE [ 46 ] [ 1 ] [ 1774 1773 1806 ] [    0    0    0 ] [      0      0      0 ] [ 0 ],drive [ 46 ] [ 0 ] [ 1759 1767 1806 ] [   31   27   17 ] [   5063  25077   3478 ] [ 0 ],1.00,1.00,1.00,1.00,11.76,25.81,0.00,0.00,0.00,0.00,0.00,-0.00,0.00,0.00,0.00,0.00,0.00,0.00,0.00,0.00,0.00,0
0.792319,25,54,456,0,DRIVE [ 47 ] [ 1 ] [ 1787 1778 1806 ] [    0    0    0 ] [      0      0      0 ] [ 0 ],drive [ 46 ] [ 0 ] [ 1774 1773 1806 ] [   31   27   17 ] [   5063  25077   3478 ] [ 0 ],1.00,1.00,1.00,1.00,10.59,23.23,0.00,0.00,0.00,0.00,0.00,-0.00,0.00,0.00,0.00,0.00,0.00,0.00,0.00,0.00,0.00,0
0.805187,25,54,456,0,DRIVE [ 47 ] [ 1 ] [ 1799 1782 1806 ] [    0    0    0 ] [      0      0      0 ] [ 0 ],drive [ 47 ] [ 0 ] [ 1787 1778 1806 ] [   31   27   17 ] [   5052  25076   3478 ] [ 0 ],1.00,1.00,1.00,1.00,9.53,20.91,0.00,0.00,0.00,0.00,0.00,-0.00,0.00,0.00,0.00,0.00,0.00,0.00,0.00,0.00,0.00,0
0.818566,25,54,456,0,DRIVE [ 48 ] [ 1 ] [ 1809 1786 1806 ] [    0    0    0 ] [      0      0      0 ] [ 0 ],drive [ 47 ] [ 0 ] [ 1799 1782 1806 ] [   35   27   18 ] [   5052  25076   3478 ] [ 0 ],1.00,1.00,1.00,1.00,8.57,18.81,0.00,0.00,0.00,0.00,0.00,-0.00,0.00,0.00,0.00,0.00,0.00,0.00,0.00,0.00,0.00,0
0.831161,25,54,456,0,DRIVE [ 48 ] [ 1 ] [ 1819 1790 1806 ] [    0    0    0 ] [      0      0      0 ] [ 0 ],drive [ 48 ] [ 0 ] [ 1809 1786 1806 ] [   35   27   18 ] [   5052  25076   3478 ] [ 0 ],1.00,1.00,1.00,1.00,7.72,16.93,0.00,0.00,0.00,0.00,0.00,-0.00,0.00,0.00,0.00,0.00,0.00,0.00,0.00,0.00,0.00,0
0.843879,25,54,456,0,DRIVE [ 49 ] [ 1 ] [ 1827 1793 1806 ] [    0    0    0 ] [      0      0      0 ] [ 0 ],drive [ 48 ] [ 0 ] [ 1819 1790 1806 ] [   35   27   18 ] [   5052  25076   3478 ] [ 0 ],1.00,1.00,1.00,1.00,6.95,15.24,0.00,0.00,0.00,0.00,0.00,-0.00,0.00,0.00,0.00,0.00,0.00,0.00,0.00,0.00,0.00,0
0.857294,25,54,456,0,DRIVE [ 49 ] [ 1 ] [ 1835 1796 1806 ] [    0    0    0 ] [      0      0      0 ] [ 0 ],drive [ 49 ] [ 0 ] [ 1827 1793 1806 ] [   35   27   18 ] [   5005  25068   3478 ] [ 0 ],1.00,1.00,1.00,1.00,6.25,13.72,0.00,0.00,0.00,0.00,0.00,-0.00,0.00,0.00,0.00,0.00,0.00,0.00,0.00,0.00,0.00,0
0.870488,25,54,456,0,DRIVE [ 50 ] [ 1 ] [ 1842 1799 1806 ] [    0    0    0 ] [      0      0      0 ] [ 0 ],drive [ 49 ] [ 0 ] [ 1835 1796 1806 ] [   25   32   17 ] [   5005  25068   3478 ] [ 0 ],1.00,1.00,1.00,1.00,5.63,12.34,0.00,0.00,0.00,0.00,0.00,-0.00,0.00,0.00,0.00,0.00,0.00,0.00,0.00,0.00,0.00,0
0.883458,25,54,456,0,DRIVE [ 50 ] [ 1 ] [ 1849 1802 1806 ] [    0    0    0 ] [      0      0      0 ] [ 0 ],drive [ 50 ] [ 0 ] [ 1842 1799 1806 ] [   25   32   17 ] [   5005  25068   3478 ] [ 0 ],1.00,1.00,1.00,1.00,5.06,11.11,0.00,0.00,0.00,0.00,0.00,-0.00,0.00,0.00,0.00,0.00,0.00,0.00,0.00,0.00,0.00,0
0.896416,25,54,456,0,DRIVE [ 51 ] [ 1 ] [ 1854 1804 1806 ] [    0    0    0 ] [      0      0      0 ] [ 0 ],drive [ 50 ] [ 0 ] [ 1849 1802 1806 ] [   25   32   17 ] [   4975  25028   3480 ] [ 0 ],1.00,1.00,1.00,1.00,4.56,10.00,0.00,0.00,0.00,0.00,0.00,-0.00,0.00,0.00,0.00,0.00,0.00,0.00,0.00,0.00,0.00,0
0.909412,25,54,456,0,DRIVE [ 51 ] [ 1 ] [ 1859 1806 1806 ] [    0    0    0 ] [      0      0      0 ] [ 0 ],drive [ 51 ] [ 0 ] [ 1854 1804 1806 ] [   25   32   17 ] [   4975  25028   3480 ] [ 0 ],1.00,1.00,1.00,1.00,4.10,9.00,0.00,0.00,0.00,0.00,0.00,-0.00,0.00,0.00,0.00,0.00,0.00,0.00,0.00,0.00,0.00,0
0.922227,25,54,456,0,DRIVE [ 52 ] [ 1 ] [ 1864 1807 1806 ] [    0    0    0 ] [      0      0      0 ] [ 0 ],drive [ 51 ] [ 0 ] [ 1859 1806 1806 ] [   21   19   15 ] [   4975  25028   3480 ] [ 0 ],1.00,1.00,1.00,1.00,3.69,8.10,0.00,0.00,0.00,0.00,0.00,-0.00,0.00,0.00,0.00,0.00,0.00,0.00,0.00,0.00,0.00,0
0.935044,25,54,456,0,DRIVE [ 52 ] [ 1 ] [ 1868 1809 1806 ] [    0    0    0 ] [      0      0      0 ] [ 0 ],drive [ 52 ] [ 0 ] [ 1864 1807 1806 ] [   21   19   15 ] [   4975  25028   3480 ] [ 0 ],1.00,1.00,1.00,1.00,3.32,7.29,0.00,0.00,0.00,0.00,0.00,-0.00,0.00,0.00,0.00,0.00,0.00,0.00,0.00,0.00,0.00,0
0.947684,25,54,456,0,DRIVE [ 53 ] [ 1 ] [ 1872 1810 1806 ] [    0    0    0 ] [      0      0      0 ] [ 0 ],drive [ 52 ] [ 0 ] [ 1868 1809 1806 ] [   21   19   15 ] [   4890  24963   3486 ] [ 0 ],1.00,1.00,1.00,1.00,2.99,6.56,0.00,0.00,0.00,0.00,0.00,-0.00,0.00,0.00,0.00,0.00,0.00,0.00,0.00,0.00,0.00,0
0.960322,25,54,456,0,DRIVE [ 53 ] [ 1 ] [ 1875 1812 1806 ] [    0    0    0 ] [      0      0      0 ] [ 0 ],drive [ 53 ] [ 0 ] [ 1872 1810 1806 ] [   21   19   15 ] [   4890  24963   3486 ] [ 0 ],1.00,1.00,1.00,1.00,2.69,5.90,0.00,0.00,0.00,0.00,0.00,-0.00,0.00,0.00,0.00,0.00,0.00,0.00,0.00,0.00,0.00,0
0.972572,25,54,456,0,DRIVE [ 54 ] [ 1 ] [ 1878 1813 1806 ] [    0    0    0 ] [      0      0      0 ] [ 0 ],drive [ 53 ] [ 0 ] [ 1875 1812 1806 ] [   18   14   13 ] [   4890  24963   3486 ] [ 0 ],1.00,1.00,1.00,1.00,2.42,5.31,0.00,0.00,0.00,0.00,0.00,-0.00,0.00,0.00,0.00,0.00,0.00,0.00,0.00,0.00,0.00,0
0.98549,111,78,380,0,DRIVE [ 54 ] [ 1 ] [ 1025 1823 1806 ] [    0    0    0 ] [      0      0      0 ] [ 0 ],drive [ 54 ] [ 0 ] [ 1878 1813 1806 ] [   18   14   13 ] [   4890  24963   3486 ] [ 0 ],1.00,1.00,1.00,1.00,111.46,78.11,0.00,0.00,0.00,0.00,0.00,0.00,0.00,0.00,0.00,0.00,0.00,0.00,0.00,0.00,0.00,0
0.999151,113,79,378,0,DRIVE [ 55 ] [ 1 ] [ 1025 1823 1905 ] [    0    0    0 ] [      0      0      0 ] [ 0 ],drive [ 54 ] [ 0 ] [ 1025 1823 1806 ] [   18   14   13 ] [   4886  24872   3486 ] [ 0 ],1.00,1.00,1.00,1.00,112.84,78.81,0.00,0.00,0.00,0.00,0.00,0.00,0.00,0.00,0.00,0.00,0.00,0.00,0.00,0.00,0.00,0
1.01179,113,79,376,0,DRIVE [ 55 ] [ 1 ] [ 1025 1823 1904 ] [    0    0    0 ] [      0      0      0 ] [ 0 ],drive [ 55 ] [ 0 ] [ 1025 1823 1905 ] [   88   18   13 ] [   4886  24872   3486 ] [ 0 ],1.00,1.00,1.00,1.00,113.22,78.81,0.00,0.00,0.00,0.00,0.00,0.00,0.00,0.00,0.00,0.00,0.00,0.00,0.00,0.00,0.00,0
1.02422,114,79,375,0,DRIVE [ 56 ] [ 1 ] [ 1025 1823 1903 ] [    0    0    0 ] [      0      0      0 ] [ 0 ],drive [ 55 ] [ 0 ] [ 1025 1823 1904 ] [   88   18   13 ] [   4886  24872   3486 ] [ 0 ],1.00,1.00,1.00,1.00,114.03,79.02,0.00,0.00,0.00,0.00,0.00,0.00,0.00,0.00,0.00,0.00,0.00,0.00,0.00,0.00,0.00,0
1.03713,115,79,373,0,DRIVE [ 56 ] [ 1 ] [ 1025 1823 1901 ] [    0    0    0 ] [      0      0      0 ] [ 0 ],drive [ 56 ] [ 0 ] [ 1025 1823 1903 ] [   88   18   13 ] [   4886  24872   3486 ] [ 0 ],1.00,1.00,1.00,1.00,114.82,79.05,0.00,0.00,0.00,0.00,0.00,0.00,0.00,0.00,0.00,0.00,0.00,0.00,0.00,0.00,0.00,0
1.04985,115,79,373,0,DRIVE [ 57 ] [ 1 ] [ 1025 1823 1902 ] [    0    0    0 ] [      0      0      0 ] [ 0 ],drive [ 56 ] [ 0 ] [ 1025 1823 1901 ] [   88   18   13 ] [   6589  24733   3274 ] [ 0 ],1.00,1.00,1.00,1.00,103.34,71.14,0.00,0.00,0.00,0.00,0.00,0.00,0.00,0.00,0.00,0.00,0.00,0.00,0.00,0.00,0.00,0
1.06199,115,79,373,0,DRIVE [ 57 ] [ 1 ] [ 1045 1823 1902 ] [    0    0    0 ] [      0      0      0 ] [ 0 ],drive [ 57 ] [ 0 ] [ 1025 1823 1902 ] [  104   13   25 ] [   6589  24733   3274 ] [ 0 ],1.00,1.00,1.00,1.00,93.01,64.03,0.00,0.00,0.00,0.00,0.00,0.00,0.00,0.00,0.00,0.00,0.00,0.00,0.00,0.00,0.00,0
1.07397,115,79,373,0,DRIVE [ 58 ] [ 1 ] [ 1127 1823 1902 ] [    0    0    0 ] [      0      0      0 ] [ 0 ],drive [ 57 ] [ 0 ] [ 1045 1823 1902 ] [  104   13   25 ] [   6589  24733   3274 ] [ 0 ],1.00,1.00,1.00,1.00,83.71,57.62,0.00,0.00,0.00,0.00,0.00,0.00,0.00,0.00,0.00,0.00,0.00,0.00,0.00,0.00,0.00,0
1.08565,115,79,373,0,DRIVE [ 58 ] [ 1 ] [ 1202 1823 1903 ] [    0    0    0 ] [      0      0      0 ] [ 0 ],drive [ 58 ] [ 0 ] [ 1127 1823 1902 ] [  104   13   25 ] [   6589  24733   3274 ] [ 0 ],1.00,1.00,1.00,1.00,75.34,51.86,0.00,0.00,0.00,0.00,0.00,0.00,0.00,0.00,0.00,0.00,0.00,0.00,0.00,0.00,0.00,0
1.09766,113,76,374,0,DRIVE [ 59 ] [ 1 ] [ 1025 1823 1897 ] [    0    0    0 ] [      0      0      0 ] [ 0 ],drive [ 58 ] [ 0 ] [ 1202 1823 1903 ] [  104   13   25 ] [   7036  24674   3039 ] [ 0 ],1.00,1.00,1.00,1.00,113.18,76.37,0.00,0.00,0.00,0.00,0.00,0.00,0.00,0.00,0.00,0.00,0.00,0.00,-0.00,-0.00,0.00,0
1.10995,110,73,369,0,DRIVE [ 59 ] [ 1 ] [ 1025 1823 1894 ] [    0    0    0 ] [      0      0      0 ] [ 0 ],drive [ 59 ] [ 0 ] [ 1025 1823 1897 ] [  104   13   25 ] [   7036  24674   3039 ] [ 0 ],1.00,1.00,1.00,1.00,110.13,73.16,0.00,0.00,0.00,0.00,0.00,0.00,0.00,0.00,0.00,0.00,0.00,0.00,-0.00,-0.00,0.00,0
1.12218,108,71,365,0,DRIVE [ 60 ] [ 1 ] [ 1025 1823 1891 ] [    0    0    0 ] [      0      0      0 ] [ 0 ],drive [ 59 ] [ 0 ] [ 1025 1823 1894 ] [   69   10    2 ] [   7036  24674   3039 ] [ 0 ],1.00,1.00,1.00,1.00,107.74,70.51,0.00,0.00,0.00,0.00,0.00,0.00,0.00,0.00,0.00,0.00,0.00,0.00,-0.00,-0.00,0.00,0
1.1345,106,68,362,0,DRIVE [ 60 ] [ 1 ] [ 1025 1823 1888 ] [    0    0    0 ] [      0      0      0 ] [ 0 ],drive [ 60 ] [ 0 ] [ 1025 1823 1891 ] [   69   10    2 ] [   7036  24674   3039 ] [ 0 ],1.00,1.00,1.00,1.00,106.02,68.48,0.00,0.00,0.00,0.00,0.00,0.00,0.00,0.00,0.00,0.00,0.00,0.00,-0.00,-0.00,0.00,0
1.14714,105,67,358,0,DRIVE [ 61 ] [ 1 ] [ 1025 1823 1886 ] [    0    0    0 ] [      0      0      0 ] [ 0 ],drive [ 60 ] [ 0 ] [ 1025 1823 1888 ] [   69   10    2 ] [   7061  24671   3047 ] [ 0 ],1.00,1.00,1.00,1.00,104.88,66.87,0.00,0.00,0.00,0.00,0.00,0.00,0.00,0.00,0.00,0.00,0.00,0.00,-0.00,-0.00,0.00,0
1.15967,104,66,355,0,DRIVE [ 61 ] [ 1 ] [ 1025 1823 1883 ] [    0    0    0 ] [      0      0      0 ] [ 0 ],drive [ 61 ] [ 0 ] [ 1025 1823 1886 ] [   69   10    2 ] [   7061  24671   3047 ] [ 0 ],1.00,1.00,1.00,1.00,104.30,65.52,0.00,0.00,0.00,0.00,0.00,0.00,0.00,0.00,0.00,0.00,0.00,0.00,-0.00,-0.00,0.00,0
1.17171,105,65,354,0,DRIVE [ 62 ] [ 1 ] [ 1025 1823 1879 ] [    0    0    0 ] [      0      0      0 ] [ 0 ],drive [ 61 ] [ 0 ] [ 1025 1823 1883 ] [   81    8    2 ] [   7061  24671   3047 ] [ 0 ],1.00,1.00,1.00,1.00,105.10,64.81,0.00,0.00,0.00,0.00,0.00,0.00,0.00,0.00,0.00,0.00,0.00,0.00,-0.00,-0.00,0.00,0
1.18432,105,64,350,0,DRIVE [ 62 ] [ 1 ] [ 1025 1823 1875 ] [    0    0    0 ] [      0      0      0 ] [ 0 ],drive [ 62 ] [ 0 ] [ 1025 1823 1879 ] [   81    8    2 ] [   7061  24671   3047 ] [ 0 ],1.00,1.00,1.00,1.00,105.18,63.69,0.00,0.00,0.00,0.00,0.00,0.00,0.00,0.00,0.00,0.00,0.00,0.00,-0.00,-0.00,0.00,0
1.19636,105,63,346,0,DRIVE [ 63 ] [ 1 ] [ 1025 1823 1872 ] [    0    0    0 ] [      0      0      0 ] [ 0 ],drive [ 62 ] [ 0 ] [ 1025 1823 1875 ] [   81    8    2 ] [   7382  24634   3030 ] [ 0 ],1.00,1.00,1.00,1.00,105.04,62.55,0.00,0.00,0.00,0.00,0.00,0.00,0.00,0.00,0.00,0.00,0.00,0.00,-0.00,-0.00,0.00,0
1.20898,105,61,343,0,DRIVE [ 63 ] [ 1 ] [ 1025 1823 1868 ] [    0    0    0 ] [      0      0      0 ] [ 0 ],drive [ 63 ] [ 0 ] [ 1025 1823 1872 ] [   81    8    2 ] [   7382  24634   3030 ] [ 0 ],1.00,1.00,1.00,1.00,105.14,61.42,0.00,0.00,0.00,0.00,0.00,0.00,0.00,0.00,0.00,0.00,0.00,0.00,-0.00,-0.00,0.00,0
1.22149,105,60,340,0,DRIVE [ 64 ] [ 1 ] [ 1025 1823 1865 ] [    0    0    0 ] [      0      0      0 ] [ 0 ],drive [ 63 ] [ 0 ] [ 1025 1823 1868 ] [  102   28   15 ] [   7382  24634   3030 ] [ 0 ],1.00,1.00,1.00,1.00,104.57,60.34,0.00,0.00,0.00,0.00,0.00,0.00,0.00,0.00,0.00,0.00,0.00,0.00,-0.00,-0.00,0.00,0
1.23403,104,59,337,0,DRIVE [ 64 ] [ 1 ] [ 1025 1823 1864 ] [    0    0    0 ] [      0      0      0 ] [ 0 ],drive [ 64 ] [ 0 ] [ 1025 1823 1865 ] [  102   28   15 ] [   7382  24634   3030 ] [ 0 ],1.00,1.00,1.00,1.00,103.60,59.50,0.00,0.00,0.00,0.00,0.00,0.00,0.00,0.00,0.00,0.00,0.00,0.00,-0.00,-0.00,0.00,0
1.24643,102,59,335,0,DRIVE [ 65 ] [ 1 ] [ 1025 1823 1865 ] [    0    0    0 ] [      0      0      0 ] [ 0 ],drive [ 64 ] [ 0 ] [ 1025 1823 1864 ] [  102   28   15 ] [   7755  24530   2917 ] [ 0 ],1.00,1.00,1.00,1.00,102.21,58.79,0.00,0.00,0.00,0.00,0.00,0.00,0.00,0.00,0.00,0.00,0.00,0.00,-0.00,-0.00,0.00,0
1.25835,101,58,332,0,DRIVE [ 65 ] [ 1 ] [ 1025 1823 1866 ] [    0    0    0 ] [      0      0      0 ] [ 0 ],drive [ 65 ] [ 0 ] [ 1025 1823 1865 ] [  102   28   15 ] [   7755  24530   2917 ] [ 0 ],1.00,1.00,1.00,1.00,100.61,58.10,0.00,0.00,0.00,0.00,0.00,0.00,0.00,0.00,0.00,0.00,0.00,0.00,-0.00,-0.00,0.00,0
1.27073,99,57,330,0,DRIVE [ 66 ] [ 1 ] [ 1025 1823 1868 ] [    0    0    0 ] [      0      0      0 ] [ 0 ],drive [ 65 ] [ 0 ] [ 1025 1823 1866 ] [   93   16   22 ] [   7755  24530   2917 ] [ 0 ],1.00,1.00,1.00,1.00,98.68,57.41,0.00,0.00,0.00,0.00,0.00,0.00,0.00,0.00,0.00,0.00,0.00,0.00,-0.00,-0.00,0.00,0
1.2834,97,57,328,0,DRIVE [ 66 ] [ 1 ] [ 1025 1823 1869 ] [    0    0    0 ] [      0      0      0 ] [ 0 ],drive [ 66 ] [ 0 ] [ 1025 1823 1868 ] [   93   16   22 ] [   7755  24530   2917 ] [ 0 ],1.00,1.00,1.00,1.00,96.96,56.62,0.00,0.00,0.00,0.00,0.00,0.00,0.00,0.00,0.00,0.00,0.00,0.00,-0.00,-0.00,0.00,0
1.29555,95,56,326,0,DRIVE [ 67 ] [ 1 ] [ 1025 1823 1870 ] [    0    0    0 ] [      0      0      0 ] [ 0 ],drive [ 66 ] [ 0 ] [ 1025 1823 1869 ] [   93   16   22 ] [   7957  24528   2762 ] [ 0 ],1.00,1.00,1.00,1.00,95.06,55.75,0.00,0.00,0.00,0.00,0.00,0.00,0.00,0.00,0.00,0.00,0.00,0.00,-0.00,-0.00,0.00,0
1.30726,93,55,323,0,DRIVE [ 67 ] [ 1 ] [ 1025 1823 1871 ] [    0    0    0 ] [      0      0      0 ] [ 0 ],drive [ 67 ] [ 0 ] [ 1025 1823 1870 ] [   93   16   22 ] [   7957  24528   2762 ] [ 0 ],1.00,1.00,1.00,1.00,93.16,54.69,0.00,0.00,0.00,0.00,0.00,0.00,0.00,0.00,0.00,0.00,0.00,0.00,-0.00,-0.00,0.00,0
1.31963,91,54,320,0,DRIVE [ 68 ] [ 1 ] [ 1025 1823 1871 ] [    0    0    0 ] [      0      0      0 ] [ 0 ],drive [ 67 ] [ 0 ] [ 1025 1823 1871 ] [   97   17    5 ] [   7957  24528   2762 ] [ 0 ],1.00,1.00,1.00,1.00,91.29,53.72,0.00,0.00,0.00,0.00,0.00,0.00,0.00,0.00,0.00,0.00,0.00,0.00,-0.00,-0.00,0.00,0
1.33212,90,53,318,0,DRIVE [ 68 ] [ 1 ] [ 1025 1823 1872 ] [    0    0    0 ] [      0      0      0 ] [ 0 ],drive [ 68 ] [ 0 ] [ 1025 1823 1871 ] [   97   17    5 ] [   7957  24528   2762 ] [ 0 ],1.00,1.00,1.00,1.00,89.51,52.71,0.00,0.00,0.00,0.00,0.00,0.00,0.00,0.00,0.00,0.00,0.00,0.00,-0.00,-0.00,0.00,0
1.34462,88,52,315,0,DRIVE [ 69 ] [ 1 ] [ 1025 1823 1872 ] [    0    0    0 ] [      0      0      0 ] [ 0 ],drive [ 68 ] [ 0 ] [ 1025 1823 1872 ] [   97   17    5 ] [   7957  24528   2762 ] [ 0 ],1.00,1.00,1.00,1.00,87.75,51.59,0.00,0.00,0.00,0.00,0.00,0.00,0.00,0.00,0.00,0.00,0.00,0.00,-0.00,-0.00,0.00,0
1.3567,86,51,312,0,DRIVE [ 69 ] [ 1 ] [ 1029 1823 1873 ] [    0    0    0 ] [      0      0      0 ] [ 0 ],drive [ 69 ] [ 0 ] [ 1025 1823 1872 ] [   97   17    5 ] [   8014  24466   2715 ] [ 0 ],1.00,1.00,1.00,1.00,86.12,50.83,0.00,0.00,0.00,0.00,0.00,0.00,0.00,0.00,0.00,0.00,0.00,0.00,-0.00,-0.00,0.00,0
1.36913,85,50,311,0,DRIVE [ 70 ] [ 1 ] [ 1035 1823 1875 ] [    0    0    0 ] [      0      0      0 ] [ 0 ],drive [ 69 ] [ 0 ] [ 1029 1823 1873 ] [   90   16    7 ] [   8014  24466   2715 ] [ 0 ],1.00,1.00,1.00,1.00,84.64,50.37,0.00,0.00,0.00,0.00,0.00,0.00,0.00,0.00,0.00,0.00,0.00,0.00,-0.00,-0.00,0.00,0
1.3813,83,50,309,0,DRIVE [ 70 ] [ 1 ] [ 1042 1823 1878 ] [    0    0    0 ] [      0      0      0 ] [ 0 ],drive [ 70 ] [ 0 ] [ 1035 1823 1875 ] [   90   16    7 ] [   8014  24466   2715 ] [ 0 ],1.00,1.00,1.00,1.00,82.94,50.09,0.00,0.00,0.00,0.00,0.00,0.00,0.00,0.00,0.00,0.00,0.00,0.00,-0.00,-0.00,0.00,0
1.39311,81,50,308,0,DRIVE [ 71 ] [ 1 ] [ 1049 1823 1881 ] [    0    0    0 ] [      0      0      0 ] [ 0 ],drive [ 70 ] [ 0 ] [ 1042 1823 1878 ] [   90   16    7 ] [   8014  24466   2715 ] [ 0 ],1.00,1.00,1.00,1.00,81.18,49.82,0.00,0.00,0.00,0.00,0.00,0.00,0.00,0.00,0.00,0.00,0.00,0.00,-0.00,-0.00,0.00,0
1.40542,79,49,306,0,DRIVE [ 71 ] [ 1 ] [ 1058 1823 1884 ] [    0    0    0 ] [      0      0      0 ] [ 0 ],drive [ 71 ] [ 0 ] [ 1049 1823 1881 ] [   90   16    7 ] [   8213  24389   2606 ] [ 0 ],1.00,1.00,1.00,1.00,79.28,49.44,0.00,0.00,0.00,0.00,0.00,0.00,0.00,0.00,0.00,0.00,0.00,0.00,-0.00,-0.00,0.00,0
1.41744,78,49,306,0,DRIVE [ 72 ] [ 1 ] [ 1068 1823 1887 ] [    0    0    0 ] [      0      0      0 ] [ 0 ],drive [ 71 ] [ 0 ] [ 1058 1823 1884 ] [  102   33   24 ] [   8213  24389   2606 ] [ 0 ],1.00,1.00,1.00,1.00,77.69,49.18,0.00,0.00,0.00,0.00,0.00,0.00,0.00,0.00,0.00,0.00,0.00,0.00,-0.00,-0.00,0.00,0
1.42925,78,49,306,0,DRIVE [ 72 ] [ 1 ] [ 1148 1823 1889 ] [    0    0    0 ] [      0      0      0 ] [ 0 ],drive [ 72 ] [ 0 ] [ 1068 1823 1887 ] [  102   33   24 ] [   8213  24389   2606 ] [ 0 ],1.00,1.00,1.00,1.00,69.92,44.26,0.00,0.00,0.00,0.00,0.00,0.00,0.00,0.00,0.00,0.00,0.00,0.00,-0.00,-0.00,0.00,0
1.44201,75,48,305,0,DRIVE [ 73 ] [ 1 ] [ 1090 1823 1889 ] [    0    0    0 ] [      0      0      0 ] [ 0 ],drive [ 72 ] [ 0 ] [ 1148 1823 1889 ] [  102   33   24 ] [   8213  24389   2606 ] [ 0 ],1.00,1.00,1.00,1.00,74.95,47.76,0.00,0.00,0.00,0.00,0.00,0.00,0.00,0.00,0.00,0.00,0.00,0.00,-0.00,-0.00,0.00,0
1.45361,72,46,303,0,DRIVE [ 73 ] [ 1 ] [ 1112 1823 1890 ] [    0    0    0 ] [      0      0      0 ] [ 0 ],drive [ 73 ] [ 0 ] [ 1090 1823 1889 ] [  102   33   24 ] [   8521  24329   2452 ] [ 0 ],1.00,1.00,1.00,1.00,72.09,46.25,0.00,0.00,0.00,0.00,0.00,0.00,0.00,0.00,0.00,0.00,0.00,0.00,-0.00,-0.00,0.00,0
1.46537,72,46,303,0,DRIVE [ 74 ] [ 1 ] [ 1188 1823 1892 ] [    0    0    0 ] [      0      0      0 ] [ 0 ],drive [ 73 ] [ 0 ] [ 1112 1823 1890 ] [   72    8   26 ] [   8521  24329   2452 ] [ 0 ],1.00,1.00,1.00,1.00,64.88,41.62,0.00,0.00,0.00,0.00,0.00,0.00,0.00,0.00,0.00,0.00,0.00,0.00,-0.00,-0.00,0.00,0
1.47644,72,46,303,0,DRIVE [ 74 ] [ 1 ] [ 1257 1823 1893 ] [    0    0    0 ] [      0      0      0 ] [ 0 ],drive [ 74 ] [ 0 ] [ 1188 1823 1892 ] [   72    8   26 ] [   8521  24329   2452 ] [ 0 ],1.00,1.00,1.00,1.00,58.39,37.46,0.00,0.00,0.00,0.00,0.00,0.00,0.00,0.00,0.00,0.00,0.00,0.00,-0.00,-0.00,0.00,0
1.48769,72,46,303,0,DRIVE [ 75 ] [ 1 ] [ 1320 1823 1894 ] [    0    0    0 ] [      0      0      0 ] [ 0 ],drive [ 74 ] [ 0 ] [ 1257 1823 1893 ] [   72    8   26 ] [   8521  24329   2452 ] [ 0 ],1.00,1.00,1.00,1.00,52.55,33.72,0.00,0.00,0.00,0.00,0.00,0.00,0.00,0.00,0.00,0.00,0.00,0.00,-0.00,-0.00,0.00,0
1.49969,72,46,303,0,DRIVE [ 75 ] [ 1 ] [ 1377 1823 1895 ] [    0    0    0 ] [      0      0      0 ] [ 0 ],drive [ 75 ] [ 0 ] [ 1320 1823 1894 ] [   72    8   26 ] [   8520  24316   2387 ] [ 0 ],1.00,1.00,1.00,1.00,47.30,30.34,0.00,0.00,0.00,0.00,0.00,0.00,0.00,0.00,0.00,0.00,0.00,0.00,-0.00,-0.00,0.00,0
1.51132,72,46,303,0,DRIVE [ 76 ] [ 1 ] [ 1429 1823 1896 ] [    0    0    0 ] [      0      0      0 ] [ 0 ],drive [ 75 ] [ 0 ] [ 1377 1823 1895 ] [   53   20    2 ] [   8520  24316   2387 ] [ 0 ],1.00,1.00,1.00,1.00,42.57,27.31,0.00,0.00,0.00,0.00,0.00,0.00,0.00,0.00,0.00,0.00,0.00,0.00,-0.00,-0.00,0.00,0
1.5224,72,46,303,0,DRIVE [ 76 ] [ 1 ] [ 1476 1823 1897 ] [    0    0    0 ] [      0      0      0 ] [ 0 ],drive [ 76 ] [ 0 ] [ 1429 1823 1896 ] [   53   20    2 ] [   8520  24316   2387 ] [ 0 ],1.00,1.00,1.00,1.00,38.31,24.58,0.00,0.00,0.00,0.00,0.00,0.00,0.00,0.00,0.00,0.00,0.00,0.00,-0.00,-0.00,0.00,0
1.53416,72,46,303,0,DRIVE [ 77 ] [ 1 ] [ 1518 1823 1898 ] [    0    0    0 ] [      0      0      0 ] [ 0 ],drive [ 76 ] [ 0 ] [ 1476 1823 1897 ] [   53   20    2 ] [   8520  24316   2387 ] [ 0 ],1.00,1.00,1.00,1.00,34.48,22.12,0.00,0.00,0.00,0.00,0.00,0.00,0.00,0.00,0.00,0.00,0.00,0.00,-0.00,-0.00,0.00,0
1.54563,72,46,303,0,DRIVE [ 77 ] [ 1 ] [ 1557 1823 1899 ] [    0    0    0 ] [      0      0      0 ] [ 0 ],drive [ 77 ] [ 0 ] [ 1518 1823 1898 ] [   53   20    2 ] [   8497  24268   2330 ] [ 0 ],1.00,1.00,1.00,1.00,31.03,19.91,0.00,0.00,0.00,0.00,0.00,0.00,0.00,0.00,0.00,0.00,0.00,0.00,-0.00,-0.00,0.00,0
1.55653,72,46,303,0,DRIVE [ 78 ] [ 1 ] [ 1591 1823 1899 ] [    0    0    0 ] [      0      0      0 ] [ 0 ],drive [ 77 ] [ 0 ] [ 1557 1823 1899 ] [   53   20    2 ] [   8497  24268   2330 ] [ 0 ],1.00,1.00,1.00,1.00,27.93,17.92,0.00,0.00,0.00,0.00,0.00,0.00,0.00,0.00,0.00,0.00,0.00,0.00,-0.00,-0.00,0.00,0
1.56822,72,46,303,0,DRIVE [ 78 ] [ 1 ] [ 1622 1823 1900 ] [    0    0    0 ] [      0      0      0 ] [ 0 ],drive [ 78 ] [ 0 ] [ 1591 1823 1899 ] [   40   29   14 ] [   8497  24268   2330 ] [ 0 ],1.00,1.00,1.00,1.00,25.13,16.13,0.00,0.00,0.00,0.00,0.00,0.00,0.00,0.00,0.00,0.00,0.00,0.00,-0.00,-0.00,0.00,0
1.5796,72,46,303,0,DRIVE [ 79 ] [ 1 ] [ 1651 1823 1900 ] [    0    0    0 ] [      0      0      0 ] [ 0 ],drive [ 78 ] [ 0 ] [ 1622 1823 1900 ] [   40   29   14 ] [   8497  24268   2330 ] [ 0 ],1.00,1.00,1.00,1.00,22.62,14.51,0.00,0.00,0.00,0.00,0.00,0.00,0.00,0.00,0.00,0.00,0.00,0.00,-0.00,-0.00,0.00,0
1.5905,72,46,303,0,DRIVE [ 79 ] [ 1 ] [ 1676 1823 1901 ] [    0    0    0 ] [      0      0      0 ] [ 0 ],drive [ 79 ] [ 0 ] [ 1651 1823 1900 ] [   40   29   14 ] [   8497  24268   2330 ] [ 0 ],1.00,1.00,1.00,1.00,20.36,13.06,0.00,0.00,0.00,0.00,0.00,0.00,0.00,0.00,0.00,0.00,0.00,0.00,-0.00,-0.00,0.00,0
1.60217,72,46,303,0,DRIVE [ 80 ] [ 1 ] [ 1699 1823 1901 ] [    0    0    0 ] [      0      0      0 ] [ 0 ],drive [ 79 ] [ 0 ] [ 1676 1823 1901 ] [   40   29   14 ] [   8374  24267   2260 ] [ 0 ],1.00,1.00,1.00,1.00,18.32,11.76,0.00,0.00,0.00,0.00,0.00,0.00,0.00,0.00,0.00,0.00,0.00,0.00,-0.00,-0.00,0.00,0
1.61356,72,46,303,0,DRIVE [ 80 ] [ 1 ] [ 1719 1823 1902 ] [    0    0    0 ] [      0      0      0 ] [ 0 ],drive [ 80 ] [ 0 ] [ 1699 1823 1901 ] [   26   31    3 ] [   8374  24267   2260 ] [ 0 ],1.00,1.00,1.00,1.00,16.49,10.58,0.00,0.00,0.00,0.00,0.00,0.00,0.00,0.00,0.00,0.00,0.00,0.00,-0.00,-0.00,0.00,0
1.62506,72,46,303,0,DRIVE [ 81 ] [ 1 ] [ 1738 1823 1902 ] [    0    0    0 ] [      0      0      0 ] [ 0 ],drive [ 80 ] [ 0 ] [ 1719 1823 1902 ] [   26   31    3 ] [   8374  24267   2260 ] [ 0 ],1.00,1.00,1.00,1.00,14.84,9.52,0.00,0.00,0.00,0.00,0.00,0.00,0.00,0.00,0.00,0.00,0.00,0.00,-0.00,-0.00,0.00,0
1.63613,72,46,303,0,DRIVE [ 81 ] [ 1 ] [ 1755 1823 1902 ] [    0    0    0 ] [      0      0      0 ] [ 0 ],drive [ 81 ] [ 0 ] [ 1738 1823 1902 ] [   26   31    3 ] [   8374  24267   2260 ] [ 0 ],1.00,1.00,1.00,1.00,13.36,8.57,0.00,0.00,0.00,0.00,0.00,0.00,0.00,0.00,0.00,0.00,0.00,0.00,-0.00,-0.00,0.00,0
1.64764,72,46,303,0,DRIVE [ 82 ] [ 1 ] [ 1770 1823 1903 ] [    0    0    0 ] [      0      0      0 ] [ 0 ],drive [ 81 ] [ 0 ] [ 1755 1823 1902 ] [   26   31    3 ] [   8107  24265   2258 ] [ 0 ],1.00,1.00,1.00,1.00,12.02,7.71,0.00,0.00,0.00,0.00,0.00,0.00,0.00,0.00,0.00,0.00,0.00,0.00,-0.00,-0.00,0.00,0
1.6585,72,46,303,0,DRIVE [ 82 ] [ 1 ] [ 1783 1823 1903 ] [    0    0    0 ] [      0      0      0 ] [ 0 ],drive [ 82 ] [ 0 ] [ 1770 1823 1903 ] [   26   31    3 ] [   8107  24265   2258 ] [ 0 ],1.00,1.00,1.00,1.00,10.82,6.94,0.00,0.00,0.00,0.00,0.00,0.00,0.00,0.00,0.00,0.00,0.00,0.00,-0.00,-0.00,0.00,0
1.67014,72,46,303,0,DRIVE [ 83 ] [ 1 ] [ 1795 1823 1903 ] [    0    0    0 ] [      0      0      0 ] [ 0 ],drive [ 82 ] [ 0 ] [ 1783 1823 1903 ] [   37   31    3 ] [   8107  24265   2258 ] [ 0 ],1.00,1.00,1.00,1.00,9.74,6.25,0.00,0.00,0.00,0.00,0.00,0.00,0.00,0.00,0.00,0.00,0.00,0.00,-0.00,-0.00,0.00,0
1.68123,72,46,303,0,DRIVE [ 83 ] [ 1 ] [ 1806 1823 1903 ] [    0    0    0 ] [      0      0      0 ] [ 0 ],drive [ 83 ] [ 0 ] [ 1795 1823 1903 ] [   37   31    3 ] [   8107  24265   2258 ] [ 0 ],1.00,1.00,1.00,1.00,8.76,5.62,0.00,0.00,0.00,0.00,0.00,0.00,0.00,0.00,0.00,0.00,0.00,0.00,-0.00,-0.00,0.00,0
1.69255,72,46,303,0,DRIVE [ 84 ] [ 1 ] [ 1816 1823 1904 ] [    0    0    0 ] [      0      0      0 ] [ 0 ],drive [ 83 ] [ 0 ] [ 1806 1823 1903 ] [   37   31    3 ] [   8107  24265   2258 ] [ 0 ],1.00,1.00,1.00,1.00,7.89,5.06,0.00,0.00,0.00,0.00,0.00,0.00,0.00,0.00,0.00,0.00,0.00,0.00,-0.00,-0.00,0.00,0
1.7035,72,46,303,0,DRIVE [ 84 ] [ 1 ] [ 1825 1823 1904 ] [    0    0    0 ] [      0      0      0 ] [ 0 ],drive [ 84 ] [ 0 ] [ 1816 1823 1904 ] [   37   31    3 ] [   7697  24265   2252 ] [ 0 ],1.00,1.00,1.00,1.00,7.10,4.55,0.00,0.00,0.00,0.00,0.00,0.00,0.00,0.00,0.00,0.00,0.00,0.00,-0.00,-0.00,0.00,0
1.715,72,46,303,0,DRIVE [ 85 ] [ 1 ] [ 1833 1823 1904 ] [    0    0    0 ] [      0      0      0 ] [ 0 ],drive [ 84 ] [ 0 ] [ 1825 1823 1904 ] [   11   31    4 ] [   7697  24265   2252 ] [ 0 ],1.00,1.00,1.00,1.00,6.39,4.10,0.00,0.00,0.00,0.00,0.00,0.00,0.00,0.00,0.00,0.00,0.00,0.00,-0.00,-0.00,0.00,0
1.72605,72,46,303,0,DRIVE [ 85 ] [ 1 ] [ 1840 1823 1904 ] [    0    0    0 ] [      0      0      0 ] [ 0 ],drive [ 85 ] [ 0 ] [ 1833 1823 1904 ] [   11   31    4 ] [   7697  24265   2252 ] [ 0 ],1.00,1.00,1.00,1.00,5.75,3.69,0.00,0.00,0.00,0.00,0.00,0.00,0.00,0.00,0.00,0.00,0.00,0.00,-0.00,-0.00,0.00,0
1.73747,72,46,303,0,DRIVE [ 86 ] [ 1 ] [ 1847 1823 1904 ] [    0    0    0 ] [      0      0      0 ] [ 0 ],drive [ 85 ] [ 0 ] [ 1840 1823 1904 ] [   11   31    4 ] [   7697  24265   2252 ] [ 0 ],1.00,1.00,1.00,1.00,5.18,3.32,0.00,0.00,0.00,0.00,0.00,0.00,0.00,0.00,0.00,0.00,0.00,0.00,-0.00,-0.00,0.00,0
1.74862,72,46,303,0,DRIVE [ 86 ] [ 1 ] [ 1853 1823 1904 ] [    0    0    0 ] [      0      0      0 ] [ 0 ],drive [ 86 ] [ 0 ] [ 1847 1823 1904 ] [   11   31    4 ] [   7506  24263   2253 ] [ 0 ],1.00,1.00,1.00,1.00,4.66,2.99,0.00,0.00,0.00,0.00,0.00,0.00,0.00,0.00,0.00,0.00,0.00,0.00,-0.00,-0.00,0.00,0
1.75978,72,46,303,0,DRIVE [ 87 ] [ 1 ] [ 1858 1823 1904 ] [    0    0    0 ] [      0      0      0 ] [ 0 ],drive [ 86 ] [ 0 ] [ 1853 1823 1904 ] [   10   31    3 ] [   7506  24263   2253 ] [ 0 ],1.00,1.00,1.00,1.00,4.19,2.69,0.00,0.00,0.00,0.00,0.00,0.00,0.00,0.00,0.00,0.00,0.00,0.00,-0.00,-0.00,0.00,0
1.77064,72,46,303,0,DRIVE [ 87 ] [ 1 ] [ 1863 1823 1904 ] [    0    0    0 ] [      0      0      0 ] [ 0 ],drive [ 87 ] [ 0 ] [ 1858 1823 1904 ] [   10   31    3 ] [   7506  24263   2253 ] [ 0 ],1.00,1.00,1.00,1.00,3.77,2.42,0.00,0.00,0.00,0.00,0.00,0.00,0.00,0.00,0.00,0.00,0.00,0.00,-0.00,-0.00,0.00,0
1.78181,72,46,303,0,DRIVE [ 88 ] [ 1 ] [ 1867 1823 1904 ] [    0    0    0 ] [      0      0      0 ] [ 0 ],drive [ 87 ] [ 0 ] [ 1863 1823 1904 ] [   10   31    3 ] [   7506  24263   2253 ] [ 0 ],1.00,1.00,1.00,1.00,3.40,2.18,0.00,0.00,0.00,0.00,0.00,0.00,0.00,0.00,0.00,0.00,0.00,0.00,-0.00,-0.00,0.00,0
1.79265,72,46,303,0,DRIVE [ 88 ] [ 1 ] [ 1871 1823 1905 ] [    0    0    0 ] [      0      0      0 ] [ 0 ],drive [ 88 ] [ 0 ] [ 1867 1823 1904 ] [   10   31    3 ] [   7506  24263   2253 ] [ 0 ],1.00,1.00,1.00,1.00,3.06,1.96,0.00,0.00,0.00,0.00,0.00,0.00,0.00,0.00,0.00,0.00,0.00,0.00,-0.00,-0.00,0.00,0
1.80389,72,46,303,0,DRIVE [ 89 ] [ 1 ] [ 1874 1823 1905 ] [    0    0    0 ] [      0      0      0 ] [ 0 ],drive [ 88 ] [ 0 ] [ 1871 1823 1905 ] [   10   31    3 ] [   7403  24236   2252 ] [ 0 ],1.00,1.00,1.00,1.00,2.75,1.76,0.00,0.00,0.00,0.00,0.00,0.00,0.00,0.00,0.00,0.00,0.00,0.00,-0.00,-0.00,0.00,0
1.81526,-31,20,249,0,DRIVE [ 89 ] [ 1 ] [ 1874 1396 1896 ] [    0    0    0 ] [      0      0      0 ] [ 0 ],drive [ 89 ] [ 0 ] [ 1874 1823 1905 ] [   31   10    3 ] [   7403  24236   2252 ] [ 0 ],1.00,1.00,1.00,1.00,-31.47,20.02,0.00,0.00,0.00,0.00,0.00,0.00,0.00,0.00,0.00,0.00,0.00,0.00,0.00,0.00,0.00,0
1.82652,-34,20,251,0,DRIVE [ 90 ] [ 1 ] [ 1874 1382 1886 ] [    0    0    0 ] [      0      0      0 ] [ 0 ],drive [ 89 ] [ 0 ] [ 1874 1396 1896 ] [   31   10    3 ] [   7403  24236   2252 ] [ 0 ],1.00,1.00,1.00,1.00,-34.45,19.84,0.00,0.00,0.00,0.00,0.00,0.00,0.00,0.00,0.00,0.00,0.00,0.00,0.00,0.00,0.00,0
1.83739,-36,19,248,0,DRIVE [ 90 ] [ 1 ] [ 1874 1370 1880 ] [    0    0    0 ] [      0      0      0 ] [ 0 ],drive [ 90 ] [ 0 ] [ 1874 1382 1886 ] [   31   10    3 ] [   7403  24236   2252 ] [ 0 ],1.00,1.00,1.00,1.00,-35.97,19.48,0.00,0.00,0.00,0.00,0.00,-0.00,0.00,0.00,0.00,0.00,0.00,0.00,0.00,0.00,0.00,0
1.84883,-37,19,246,0,DRIVE [ 91 ] [ 1 ] [ 1874 1363 1876 ] [    0    0    0 ] [      0      0      0 ] [ 0 ],drive [ 90 ] [ 0 ] [ 1874 1370 1880 ] [   31   10    3 ] [   7051  24257   2253 ] [ 0 ],1.00,1.00,1.00,1.00,-36.72,19.17,0.00,0.00,0.00,0.00,0.00,-0.00,0.00,0.00,0.00,0.00,0.00,0.00,0.00,0.00,0.00,0
1.85996,-38,19,246,0,DRIVE [ 91 ] [ 1 ] [ 1874 1358 1872 ] [    0    0    0 ] [      0      0      0 ] [ 0 ],drive [ 91 ] [ 0 ] [ 1874 1363 1876 ] [   10   65    4 ] [   7051  24257   2253 ] [ 0 ],1.00,1.00,1.00,1.00,-37.77,18.94,0.00,0.00,0.00,0.00,0.00,-0.00,0.00,0.00,0.00,0.00,0.00,0.00,0.00,0.00,0.00,0
1.87141,-38,19,243,0,DRIVE [ 92 ] [ 1 ] [ 1874 1352 1868 ] [    0    0    0 ] [      0      0      0 ] [ 0 ],drive [ 91 ] [ 0 ] [ 1874 1358 1872 ] [   10   65    4 ] [   7051  24257   2253 ] [ 0 ],1.00,1.00,1.00,1.00,-38.34,18.53,0.00,0.00,0.00,0.00,0.00,-0.00,0.00,0.00,0.00,0.00,0.00,0.00,0.00,0.00,0.00,0
1.88253,-39,18,240,0,DRIVE [ 92 ] [ 1 ] [ 1874 1348 1864 ] [    0    0    0 ] [      0      0      0 ] [ 0 ],drive [ 92 ] [ 0 ] [ 1874 1352 1868 ] [   10   65    4 ] [   7051  24257   2253 ] [ 0 ],1.00,1.00,1.00,1.00,-38.77,18.04,0.00,0.00,0.00,0.00,0.00,-0.00,0.00,0.00,0.00,0.00,0.00,0.00,0.00,0.00,0.00,0
1.89377,-39,17,238,0,DRIVE [ 93 ] [ 1 ] [ 1874 1348 1859 ] [    0    0    0 ] [      0      0      0 ] [ 0 ],drive [ 92 ] [ 0 ] [ 1874 1348 1864 ] [   10   65    4 ] [   7051  24257   2253 ] [ 0 ],1.00,1.00,1.00,1.00,-38.96,17.38,0.00,0.00,0.00,0.00,0.00,-0.00,0.00,0.00,0.00,0.00,0.00,0.00,0.00,0.00,0.00,0
1.90479,-39,17,236,0,DRIVE [ 93 ] [ 1 ] [ 1874 1347 1855 ] [    0    0    0 ] [      0      0      0 ] [ 0 ],drive [ 93 ] [ 0 ] [ 1874 1348 1859 ] [   10   65    4 ] [   6785  24539   2260 ] [ 0 ],1.00,1.00,1.00,1.00,-39.36,16.82,0.00,0.00,0.00,0.00,0.00,-0.00,0.00,0.00,0.00,0.00,0.00,0.00,0.00,0.00,0.00,0
1.91793,-40,16,234,0,DRIVE [ 94 ] [ 1 ] [ 1874 1345 1851 ] [    0    0    0 ] [      0      0      0 ] [ 0 ],drive [ 93 ] [ 0 ] [ 1874 1347 1855 ] [   22   56    7 ] [   6785  24539   2260 ] [ 0 ],1.00,1.00,1.00,1.00,-39.78,16.31,0.00,0.00,0.00,0.00,0.00,-0.00,0.00,0.00,0.00,0.00,0.00,0.00,0.00,0.00,0.00,0
1.92938,-40,16,233,0,DRIVE [ 94 ] [ 1 ] [ 1874 1342 1847 ] [    0    0    0 ] [      0      0      0 ] [ 0 ],drive [ 94 ] [ 0 ] [ 1874 1345 1851 ] [   22   56    7 ] [   6785  24539   2260 ] [ 0 ],1.00,1.00,1.00,1.00,-40.27,15.87,0.00,0.00,0.00,0.00,0.00,-0.00,0.00,0.00,0.00,0.00,0.00,0.00,0.00,0.00,0.00,0
1.94005,-41,15,231,0,DRIVE [ 95 ] [ 1 ] [ 1874 1339 1842 ] [    0    0    0 ] [      0      0      0 ] [ 0 ],drive [ 94 ] [ 0 ] [ 1874 1342 1847 ] [   22   56    7 ] [   6785  24539   2260 ] [ 0 ],1.00,1.00,1.00,1.00,-40.86,15.43,0.00,0.00,0.00,0.00,0.00,-0.00,0.00,0.00,0.00,0.00,0.00,0.00,0.00,0.00,0.00,0
1.95142,-41,15,229,0,DRIVE [ 95 ] [ 1 ] [ 1874 1334 1839 ] [    0    0    0 ] [      0      0      0 ] [ 0 ],drive [ 95 ] [ 0 ] [ 1874 1339 1842 ] [   22   56    7 ] [   6654  24539   2280 ] [ 0 ],1.00,1.00,1.00,1.00,-41.33,15.07,0.00,0.00,0.00,0.00,0.00,-0.00,0.00,0.00,0.00,0.00,0.00,0.00,0.00,0.00,0.00,0
1.96287,-42,15,229,0,DRIVE [ 96 ] [ 1 ] [ 1874 1329 1834 ] [    0    0    0 ] [      0      0      0 ] [ 0 ],drive [ 95 ] [ 0 ] [ 1874 1334 1839 ] [   28   57   20 ] [   6654  24539   2280 ] [ 0 ],1.00,1.00,1.00,1.00,-42.08,14.78,0.00,0.00,0.00,0.00,0.00,-0.00,0.00,0.00,0.00,0.00,0.00,0.00,0.00,0.00,0.00,0
1.97484,-43,15,227,0,DRIVE [ 96 ] [ 1 ] [ 1874 1322 1830 ] [    0    0    0 ] [      0      0      0 ] [ 0 ],drive [ 96 ] [ 0 ] [ 1874 1329 1834 ] [   28   57   20 ] [   6654  24539   2280 ] [ 0 ],1.00,1.00,1.00,1.00,-42.79,14.54,0.00,0.00,0.00,0.00,0.00,-0.00,0.00,0.00,0.00,0.00,0.00,0.00,0.00,0.00,0.00,0
1.98559,-44,14,226,0,DRIVE [ 97 ] [ 1 ] [ 1874 1316 1826 ] [    0    0    0 ] [      0      0      0 ] [ 0 ],drive [ 96 ] [ 0 ] [ 1874 1322 1830 ] [   28   57   20 ] [   6654  24539   2280 ] [ 0 ],1.00,1.00,1.00,1.00,-43.55,14.29,0.00,0.00,0.00,0.00,0.00,-0.00,0.00,0.00,0.00,0.00,0.00,0.00,0.00,0.00,0.00,0
1.99685,-44,14,224,0,DRIVE [ 97 ] [ 1 ] [ 1874 1311 1822 ] [    0    0    0 ] [      0      0      0 ] [ 0 ],drive [ 97 ] [ 0 ] [ 1874 1316 1826 ] [   28   57   20 ] [   6586  24539   2292 ] [ 0 ],1.00,1.00,1.00,1.00,-43.95,13.93,0.00,0.00,0.00,0.00,0.00,-0.00,0.00,0.00,0.00,0.00,0.00,0.00,0.00,0.00,0.00,0
2.00731,-44,14,221,0,DRIVE [ 98 ] [ 1 ] [ 1874 1306 1819 ] [    0    0    0 ] [      0      0      0 ] [ 0 ],drive [ 97 ] [ 0 ] [ 1874 1311 1822 ] [   28   57   20 ] [   6586  24539   2292 ] [ 0 ],1.00,1.00,1.00,1.00,-44.17,13.65,0.00,0.00,0.00,0.00,0.00,-0.00,0.00,0.00,0.00,0.00,0.00,0.00,0.00,0.00,0.00,0
2.01874,-44,13,219,0,DRIVE [ 98 ] [ 1 ] [ 1874 1302 1816 ] [    0    0    0 ] [      0      0      0 ] [ 0 ],drive [ 98 ] [ 0 ] [ 1874 1306 1819 ] [   14   58   30 ] [   6586  24539   2292 ] [ 0 ],1.00,1.00,1.00,1.00,-44.33,13.36,0.00,0.00,0.00,0.00,0.00,-0.00,0.00,0.00,0.00,0.00,0.00,0.00,0.00,0.00,0.00,0
2.02961,-44,13,217,0,DRIVE [ 99 ] [ 1 ] [ 1874 1300 1813 ] [    0    0    0 ] [      0      0      0 ] [ 0 ],drive [ 98 ] [ 0 ] [ 1874 1302 1816 ] [   14   58   30 ] [   6586  24539   2292 ] [ 0 ],1.00,1.00,1.00,1.00,-44.38,13.01,0.00,0.00,0.00,0.00,0.00,-0.00,0.00,0.00,0.00,0.00,0.00,0.00,0.00,0.00,0.00,0
2.04151,-44,13,215,0,DRIVE [ 99 ] [ 1 ] [ 1874 1299 1810 ] [    0    0    0 ] [      0      0      0 ] [ 0 ],drive [ 99 ] [ 0 ] [ 1874 1300 1813 ] [   14   58   30 ] [   6586  24539   2292 ] [ 0 ],1.00,1.00,1.00,1.00,-44.36,12.62,0.00,0.00,0.00,0.00,0.00,-0.00,0.00,0.00,0.00,0.00,0.00,0.00,0.00,0.00,0.00,0
2.05204,-44,12,213,0,DRIVE [ 00 ] [ 1 ] [ 1874 1298 1808 ] [    0    0    0 ] [      0      0      0 ] [ 0 ],drive [ 99 ] [ 0 ] [ 1874 1299 1810 ] [   14   58   30 ] [   6561  24545   2304 ] [ 0 ],1.00,1.00,1.00,1.00,-44.35,12.24,0.00,0.00,0.00,0.00,0.00,-0.00,0.00,0.00,0.00,0.00,0.00,0.00,0.00,0.00,0.00,0
2.06333,-44,12,212,0,DRIVE [ 00 ] [ 1 ] [ 1874 1298 1804 ] [    0    0    0 ] [      0      0      0 ] [ 0 ],drive [ 00 ] [ 0 ] [ 1874 1298 1808 ] [   19   59   37 ] [   6561  24545   2304 ] [ 0 ],1.00,1.00,1.00,1.00,-44.36,11.80,0.00,0.00,0.00,0.00,0.00,-0.00,0.00,0.00,0.00,0.00,0.00,0.00,0.00,0.00,0.00,0
2.0742,-44,11,210,0,DRIVE [ 01 ] [ 1 ] [ 1874 1299 1802 ] [    0    0    0 ] [      0      0      0 ] [ 0 ],drive [ 00 ] [ 0 ] [ 1874 1298 1804 ] [   19   59   37 ] [   6561  24545   2304 ] [ 0 ],1.00,1.00,1.00,1.00,-44.33,11.39,0.00,0.00,0.00,0.00,0.00,-0.00,0.00,0.00,0.00,0.00,0.00,0.00,0.00,0.00,0.00,0
2.08541,-44,11,208,0,DRIVE [ 01 ] [ 1 ] [ 1874 1300 1799 ] [    0    0    0 ] [      0      0      0 ] [ 0 ],drive [ 01 ] [ 0 ] [ 1874 1299 1802 ] [   19   59   37 ] [   6561  24545   2304 ] [ 0 ],1.00,1.00,1.00,1.00,-44.08,10.96,0.00,0.00,0.00,0.00,0.00,-0.00,0.00,0.00,0.00,0.00,0.00,0.00,0.00,0.00,0.00,0
2.09636,-44,11,207,0,DRIVE [ 02 ] [ 1 ] [ 1874 1302 1797 ] [    0    0    0 ] [      0      0      0 ] [ 0 ],drive [ 01 ] [ 0 ] [ 1874 1300 1799 ] [   19   59   37 ] [   6474  24545   2360 ] [ 0 ],1.00,1.00,1.00,1.00,-43.88,10.55,0.00,0.00,0.00,0.00,0.00,-0.00,0.00,0.00,0.00,0.00,0.00,0.00,0.00,0.00,0.00,0
2.10757,-44,10,205,0,DRIVE [ 02 ] [ 1 ] [ 1874 1304 1795 ] [    0    0    0 ] [      0      0      0 ] [ 0 ],drive [ 02 ] [ 0 ] [ 1874 1302 1797 ] [   19   59   37 ] [   6474  24545   2360 ] [ 0 ],1.00,1.00,1.00,1.00,-43.53,10.14,0.00,0.00,0.00,0.00,0.00,-0.00,0.00,0.00,0.00,0.00,0.00,0.00,0.00,0.00,0.00,0
2.11793,-43,10,204,0,DRIVE [ 03 ] [ 1 ] [ 1874 1307 1793 ] [    0    0    0 ] [      0      0      0 ] [ 0 ],drive [ 02 ] [ 0 ] [ 1874 1304 1795 ] [   14   59   13 ] [   6474  24545   2360 ] [ 0 ],1.00,1.00,1.00,1.00,-43.31,9.82,0.00,0.00,0.00,0.00,0.00,-0.00,0.00,0.00,0.00,0.00,0.00,0.00,0.00,0.00,0.00,0
2.12892,-43,9,202,0,DRIVE [ 03 ] [ 1 ] [ 1874 1310 1791 ] [    0    0    0 ] [      0      0      0 ] [ 0 ],drive [ 03 ] [ 0 ] [ 1874 1307 1793 ] [   14   59   13 ] [   6474  24545   2360 ] [ 0 ],1.00,1.00,1.00,1.00,-42.93,9.40,0.00,0.00,0.00,0.00,0.00,-0.00,0.00,0.00,0.00,0.00,0.00,0.00,0.00,-0.00,0.00,0
2.13942,-42,9,201,0,DRIVE [ 04 ] [ 1 ] [ 1874 1314 1790 ] [    0    0    0 ] [      0      0      0 ] [ 0 ],drive [ 03 ] [ 0 ] [ 1874 1310 1791 ] [   14   59   13 ] [   6474  24545   2360 ] [ 0 ],1.00,1.00,1.00,1.00,-42.50,8.99,0.00,0.00,0.00,0.00,0.00,-0.00,0.00,0.00,0.00,0.00,0.00,0.00,0.00,-0.00,0.00,0
2.15047,-42,9,200,0,DRIVE [ 04 ] [ 1 ] [ 1874 1318 1788 ] [    0    0    0 ] [      0      0      0 ] [ 0 ],drive [ 04 ] [ 0 ] [ 1874 1314 1790 ] [   14   59   13 ] [   6470  24547   2373 ] [ 0 ],1.00,1.00,1.00,1.00,-42.16,8.60,0.00,0.00,0.00,0.00,0.00,-0.00,0.00,0.00,0.00,0.00,0.00,0.00,0.00,-0.00,0.00,0
2.16131,-42,8,199,0,DRIVE [ 05 ] [ 1 ] [ 1874 1324 1787 ] [    0    0    0 ] [      0      0      0 ] [ 0 ],drive [ 04 ] [ 0 ] [ 1874 1318 1788 ] [    3   58   13 ] [   6470  24547   2373 ] [ 0 ],1.00,1.00,1.00,1.00,-41.68,8.17,0.00,0.00,0.00,0.00,0.00,-0.00,0.00,0.00,0.00,0.00,0.00,0.00,0.00,-0.00,0.00,0
2.17161,-41,8,197,0,DRIVE [ 05 ] [ 1 ] [ 1874 1330 1787 ] [    0    0    0 ] [      0      0      0 ] [ 0 ],drive [ 05 ] [ 0 ] [ 1874 1324 1787 ] [    3   58   13 ] [   6470  24547   2373 ] [ 0 ],1.00,1.00,1.00,1.00,-41.05,7.85,0.00,0.00,0.00,0.00,0.00,-0.00,0.00,0.00,0.00,0.00,0.00,0.00,0.00,-0.00,0.00,0
2.18242,-40,8,196,0,DRIVE [ 06 ] [ 1 ] [ 1874 1337 1787 ] [    0    0    0 ] [      0      0      0 ] [ 0 ],drive [ 05 ] [ 0 ] [ 1874 1330 1787 ] [    3   58   13 ] [   6470  24547   2373 ] [ 0 ],1.00,1.00,1.00,1.00,-40.21,7.54,0.00,0.00,0.00,0.00,0.00,-0.00,0.00,0.00,0.00,0.00,0.00,0.00,0.00,-0.00,0.00,0
2.19257,-39,7,195,0,DRIVE [ 06 ] [ 1 ] [ 1874 1347 1789 ] [    0    0    0 ] [      0      0      0 ] [ 0 ],drive [ 06 ] [ 0 ] [ 1874 1337 1787 ] [    3   58   13 ] [   6470  24547   2373 ] [ 0 ],1.00,1.00,1.00,1.00,-39.37,7.28,0.00,0.00,0.00,0.00,0.00,-0.00,0.00,0.00,0.00,0.00,0.00,0.00,0.00,-0.00,0.00,0
2.20351,-38,7,195,0,DRIVE [ 07 ] [ 1 ] [ 1874 1357 1791 ] [    0    0    0 ] [      0      0      0 ] [ 0 ],drive [ 06 ] [ 0 ] [ 1874 1347 1789 ] [    3   58   13 ] [   6361  24547   2404 ] [ 0 ],1.00,1.00,1.00,1.00,-38.45,7.04,0.00,0.00,0.00,0.00,0.00,-0.00,0.00,0.00,0.00,0.00,0.00,0.00,0.00,-0.00,0.00,0
2.2142,-37,7,193,0,DRIVE [ 07 ] [ 1 ] [ 1874 1368 1793 ] [    0    0    0 ] [      0      0      0 ] [ 0 ],drive [ 07 ] [ 0 ] [ 1874 1357 1791 ] [    7   55   34 ] [   6361  24547   2404 ] [ 0 ],1.00,1.00,1.00,1.00,-37.28,6.80,0.00,0.00,0.00,0.00,0.00,-0.00,0.00,0.00,0.00,0.00,0.00,0.00,0.00,-0.00,0.00,0
2.22479,-36,7,192,0,DRIVE [ 08 ] [ 1 ] [ 1874 1381 1796 ] [    0    0    0 ] [      0      0      0 ] [ 0 ],drive [ 07 ] [ 0 ] [ 1874 1368 1793 ] [    7   55   34 ] [   6361  24547   2404 ] [ 0 ],1.00,1.00,1.00,1.00,-36.06,6.54,0.00,0.00,0.00,0.00,0.00,-0.00,0.00,0.00,0.00,0.00,0.00,0.00,0.00,-0.00,0.00,0
2.23496,-35,6,192,0,DRIVE [ 08 ] [ 1 ] [ 1874 1395 1799 ] [    0    0    0 ] [      0      0      0 ] [ 0 ],drive [ 08 ] [ 0 ] [ 1874 1381 1796 ] [    7   55   34 ] [   6361  24547   2404 ] [ 0 ],1.00,1.00,1.00,1.00,-34.71,6.25,0.00,0.00,0.00,0.00,0.00,-0.00,0.00,0.00,0.00,0.00,0.00,0.00,0.00,-0.00,0.00,0
2.2456,-33,6,190,0,DRIVE [ 09 ] [ 1 ] [ 1874 1413 1803 ] [    0    0    0 ] [      0      0      0 ] [ 0 ],drive [ 08 ] [ 0 ] [ 1874 1395 1799 ] [    7   55   34 ] [   6331  24547   2419 ] [ 0 ],1.00,1.00,1.00,1.00,-33.15,5.86,0.00,0.00,0.00,0.00,0.00,-0.00,0.00,0.00,0.00,0.00,0.00,0.00,0.00,-0.00,0.00,0
2.25555,-32,5,189,0,DRIVE [ 09 ] [ 1 ] [ 1874 1429 1806 ] [    0    0    0 ] [      0      0      0 ] [ 0 ],drive [ 09 ] [ 0 ] [ 1874 1413 1803 ] [    7   55   34 ] [   6331  24547   2419 ] [ 0 ],1.00,1.00,1.00,1.00,-31.69,5.49,0.00,0.00,0.00,0.00,0.00,-0.00,0.00,0.00,0.00,0.00,0.00,0.00,0.00,-0.00,0.00,0
2.26615,-30,5,187,0,DRIVE [ 10 ] [ 1 ] [ 1874 1447 1809 ] [    0    0    0 ] [      0      0      0 ] [ 0 ],drive [ 09 ] [ 0 ] [ 1874 1429 1806 ] [    8   50   34 ] [   6331  24547   2419 ] [ 0 ],1.00,1.00,1.00,1.00,-30.07,5.05,0.00,0.00,0.00,0.00,0.00,-0.00,0.00,0.00,0.00,0.00,0.00,0.00,0.00,-0.00,0.00,0
2.2767,-28,5,185,0,DRIVE [ 10 ] [ 1 ] [ 1874 1464 1812 ] [    0    0    0 ] [      0      0      0 ] [ 0 ],drive [ 10 ] [ 0 ] [ 1874 1447 1809 ] [    8   50   34 ] [   6331  24547   2419 ] [ 0 ],1.00,1.00,1.00,1.00,-28.41,4.68,0.00,0.00,0.00,0.00,0.00,-0.00,0.00,0.00,0.00,0.00,0.00,0.00,0.00,-0.00,0.00,0
2.28686,-27,4,183,0,DRIVE [ 11 ] [ 1 ] [ 1874 1482 1816 ] [    0    0    0 ] [      0      0      0 ] [ 0 ],drive [ 10 ] [ 0 ] [ 1874 1464 1812 ] [    8   50   34 ] [   6331  24547   2419 ] [ 0 ],1.00,1.00,1.00,1.00,-26.79,4.31,0.00,0.00,0.00,0.00,0.00,-0.00,0.00,0.00,0.00,0.00,0.00,0.00,0.00,-0.00,0.00,0
2.29764,-25,4,181,0,DRIVE [ 11 ] [ 1 ] [ 1874 1499 1821 ] [    0    0    0 ] [      0      0      0 ] [ 0 ],drive [ 11 ] [ 0 ] [ 1874 1482 1816 ] [    8   50   34 ] [   6258  24546   2428 ] [ 0 ],1.00,1.00,1.00,1.00,-25.08,4.08,0.00,0.00,0.00,0.00,0.00,-0.00,0.00,0.00,0.00,0.00,0.00,0.00,0.00,-0.00,0.00,0
2.30809,-23,4,179,0,DRIVE [ 12 ] [ 1 ] [ 1874 1517 1827 ] [    0    0    0 ] [      0      0      0 ] [ 0 ],drive [ 11 ] [ 0 ] [ 1874 1499 1821 ] [    8   50   34 ] [   6258  24546   2428 ] [ 0 ],1.00,1.00,1.00,1.00,-23.38,3.94,0.00,0.00,0.00,0.00,0.00,-0.00,0.00,0.00,0.00,0.00,0.00,0.00,0.00,-0.00,0.00,0
2.31815,-22,4,178,0,DRIVE [ 12 ] [ 1 ] [ 1874 1532 1834 ] [    0    0    0 ] [      0      0      0 ] [ 0 ],drive [ 12 ] [ 0 ] [ 1874 1517 1827 ] [    4   43   18 ] [   6258  24546   2428 ] [ 0 ],1.00,1.00,1.00,1.00,-21.69,3.98,0.00,0.00,0.00,0.00,0.00,-0.00,0.00,0.00,0.00,0.00,0.00,0.00,0.00,-0.00,0.00,0
2.32844,-20,4,176,0,DRIVE [ 13 ] [ 1 ] [ 1874 1547 1842 ] [    0    0    0 ] [      0      0      0 ] [ 0 ],drive [ 12 ] [ 0 ] [ 1874 1532 1834 ] [    4   43   18 ] [   6258  24546   2428 ] [ 0 ],1.00,1.00,1.00,1.00,-20.00,4.17,0.00,0.00,0.00,0.00,0.00,-0.00,0.00,0.00,0.00,0.00,0.00,0.00,0.00,-0.00,0.00,0
2.33816,-18,4,174,0,DRIVE [ 13 ] [ 1 ] [ 1874 1562 1850 ] [    0    0    0 ] [      0      0      0 ] [ 0 ],drive [ 13 ] [ 0 ] [ 1874 1547 1842 ] [    4   43   18 ] [   6258  24546   2428 ] [ 0 ],1.00,1.00,1.00,1.00,-18.36,4.36,0.00,0.00,0.00,0.00,0.00,-0.00,0.00,0.00,0.00,0.00,0.00,0.00,0.00,-0.00,0.00,0
2.34852,-17,5,172,0,DRIVE [ 14 ] [ 1 ] [ 1874 1575 1859 ] [    0    0    0 ] [      0      0      0 ] [ 0 ],drive [ 13 ] [ 0 ] [ 1874 1562 1850 ] [    4   43   18 ] [   6131  24543   2489 ] [ 0 ],1.00,1.00,1.00,1.00,-16.78,4.58,0.00,0.00,0.00,0.00,0.00,-0.00,0.00,0.00,0.00,0.00,0.00,0.00,0.00,-0.00,0.00,0
2.35869,-15,5,171,0,DRIVE [ 14 ] [ 1 ] [ 1874 1588 1866 ] [    0    0    0 ] [      0      0      0 ] [ 0 ],drive [ 14 ] [ 0 ] [ 1874 1575 1859 ] [   24   35    5 ] [   6131  24543   2489 ] [ 0 ],1.00,1.00,1.00,1.00,-15.30,4.76,0.00,0.00,0.00,0.00,0.00,-0.00,0.00,0.00,0.00,0.00,0.00,0.00,0.00,-0.00,0.00,0
2.37013,-14,5,169,0,DRIVE [ 15 ] [ 1 ] [ 1874 1598 1873 ] [    0    0    0 ] [      0      0      0 ] [ 0 ],drive [ 14 ] [ 0 ] [ 1874 1588 1866 ] [   24   35    5 ] [   6131  24543   2489 ] [ 0 ],1.00,1.00,1.00,1.00,-13.96,4.96,0.00,0.00,0.00,0.00,0.00,-0.00,0.00,0.00,0.00,0.00,0.00,0.00,0.00,-0.00,0.00,0
2.38223,-13,5,167,0,DRIVE [ 15 ] [ 1 ] [ 1874 1608 1880 ] [    0    0    0 ] [      0      0      0 ] [ 0 ],drive [ 15 ] [ 0 ] [ 1874 1598 1873 ] [   24   35    5 ] [   6131  24543   2489 ] [ 0 ],1.00,1.00,1.00,1.00,-12.79,5.14,0.00,0.00,0.00,0.00,0.00,-0.00,0.00,0.00,0.00,0.00,0.00,0.00,0.00,-0.00,0.00,0
2.39394,-12,5,165,0,DRIVE [ 16 ] [ 1 ] [ 1874 1613 1886 ] [    0    0    0 ] [      0      0      0 ] [ 0 ],drive [ 15 ] [ 0 ] [ 1874 1608 1880 ] [   24   35    5 ] [   6131  24543   2489 ] [ 0 ],1.00,1.00,1.00,1.00,-11.75,5.40,0.00,0.00,0.00,0.00,0.00,-0.00,0.00,0.00,0.00,0.00,0.00,0.00,0.00,-0.00,0.00,0
2.40402,-11,6,164,0,DRIVE [ 16 ] [ 1 ] [ 1874 1619 1892 ] [    0    0    0 ] [      0      0      0 ] [ 0 ],drive [ 16 ] [ 0 ] [ 1874 1613 1886 ] [   24   35    5 ] [   6134  24537   2488 ] [ 0 ],1.00,1.00,1.00,1.00,-10.78,5.65,0.00,0.00,0.00,0.00,0.00,-0.00,0.00,0.00,0.00,0.00,0.00,0.00,0.00,-0.00,0.00,0
2.41433,-10,6,162,0,DRIVE [ 17 ] [ 1 ] [ 1874 1622 1898 ] [    0    0    0 ] [      0      0      0 ] [ 0 ],drive [ 16 ] [ 0 ] [ 1874 1619 1892 ] [   24   34    4 ] [   6134  24537   2488 ] [ 0 ],1.00,1.00,1.00,1.00,-9.93,5.93,0.00,0.00,0.00,0.00,0.00,-0.00,0.00,0.00,0.00,0.00,0.00,0.00,0.00,-0.00,0.00,0
2.42618,-9,6,161,0,DRIVE [ 17 ] [ 1 ] [ 1874 1625 1904 ] [    0    0    0 ] [      0      0      0 ] [ 0 ],drive [ 17 ] [ 0 ] [ 1874 1622 1898 ] [   24   34    4 ] [   6134  24537   2488 ] [ 0 ],1.00,1.00,1.00,1.00,-9.10,6.15,0.00,0.00,0.00,0.00,0.00,-0.00,0.00,0.00,0.00,0.00,0.00,0.00,0.00,-0.00,0.00,0
2.43812,-8,6,159,0,DRIVE [ 18 ] [ 1 ] [ 1901 1634 1904 ] [    0    0    0 ] [      0      0      0 ] [ 0 ],drive [ 17 ] [ 0 ] [ 1874 1625 1904 ] [   24   34    4 ] [   6134  24537   2488 ] [ 0 ],1.00,1.00,1.00,1.00,-8.34,6.35,0.00,0.00,0.00,0.00,0.00,-0.00,0.00,0.00,0.00,0.00,0.00,0.00,0.00,-0.00,0.00,0
2.45004,-8,7,157,0,DRIVE [ 18 ] [ 1 ] [ 1896 1645 1904 ] [    0    0    0 ] [      0      0      0 ] [ 0 ],drive [ 18 ] [ 0 ] [ 1901 1634 1904 ] [   24   34    4 ] [   6134  24532   2486 ] [ 0 ],1.00,1.00,1.00,1.00,-7.65,6.50,0.00,0.00,0.00,0.00,0.00,-0.00,0.00,0.00,0.00,0.00,0.00,0.00,0.00,-0.00,0.00,0
2.46119,-7,7,155,0,DRIVE [ 19 ] [ 1 ] [ 1891 1655 1904 ] [    0    0    0 ] [      0      0      0 ] [ 0 ],drive [ 18 ] [ 0 ] [ 1896 1645 1904 ] [   23   33    0 ] [   6134  24532   2486 ] [ 0 ],1.00,1.00,1.00,1.00,-6.98,6.63,0.00,0.00,0.00,0.00,0.00,-0.00,0.00,0.00,0.00,0.00,0.00,0.00,0.00,-0.00,0.00,0
2.47102,-6,7,153,0,DRIVE [ 19 ] [ 1 ] [ 1886 1666 1904 ] [    0    0    0 ] [      0      0      0 ] [ 0 ],drive [ 19 ] [ 0 ] [ 1891 1655 1904 ] [   23   33    0 ] [   6134  24532   2486 ] [ 0 ],1.00,1.00,1.00,1.00,-6.32,6.73,0.00,0.00,0.00,0.00,0.00,-0.00,0.00,0.00,0.00,0.00,0.00,0.00,0.00,-0.00,0.00,0
2.48228,-6,7,152,0,DRIVE [ 20 ] [ 1 ] [ 1881 1677 1904 ] [    0    0    0 ] [      0      0      0 ] [ 0 ],drive [ 19 ] [ 0 ] [ 1886 1666 1904 ] [   23   33    0 ] [   6134  24532   2486 ] [ 0 ],1.00,1.00,1.00,1.00,-5.60,6.80,0.00,0.00,0.00,0.00,0.00,-0.00,0.00,0.00,0.00,0.00,0.00,0.00,0.00,-0.00,0.00,0
2.49412,-5,7,150,0,DRIVE [ 20 ] [ 1 ] [ 1875 1690 1904 ] [    0    0    0 ] [      0      0      0 ] [ 0 ],drive [ 20 ] [ 0 ] [ 1881 1677 1904 ] [   23   33    0 ] [   6134  24532   2486 ] [ 0 ],1.00,1.00,1.00,1.00,-4.75,6.92,0.00,0.00,0.00,0.00,0.00,-0.00,0.00,0.00,0.00,0.00,0.00,0.00,0.00,-0.00,0.00,0
2.50576,-4,7,149,0,DRIVE [ 21 ] [ 1 ] [ 1867 1703 1904 ] [    0    0    0 ] [      0      0      0 ] [ 0 ],drive [ 20 ] [ 0 ] [ 1875 1690 1904 ] [   23   33    0 ] [   6000  24528   2487 ] [ 0 ],1.00,1.00,1.00,1.00,-3.85,7.10,0.00,0.00,0.00,0.00,0.00,-0.00,0.00,0.00,0.00,0.00,0.00,0.00,0.00,-0.00,0.00,0
2.51806,-3,7,147,0,DRIVE [ 21 ] [ 1 ] [ 1858 1715 1904 ] [    0    0    0 ] [      0      0      0 ] [ 0 ],drive [ 21 ] [ 0 ] [ 1867 1703 1904 ] [   29   33   -1 ] [   6000  24528   2487 ] [ 0 ],1.00,1.00,1.00,1.00,-2.88,7.25,0.00,0.00,0.00,0.00,0.00,-0.00,0.00,0.00,0.00,0.00,0.00,0.00,0.00,-0.00,0.00,0
2.52842,-2,7,145,0,DRIVE [ 22 ] [ 1 ] [ 1848 1726 1904 ] [    0    0    0 ] [      0      0      0 ] [ 0 ],drive [ 21 ] [ 0 ] [ 1858 1715 1904 ] [   29   33   -1 ] [   6000  24528   2487 ] [ 0 ],1.00,1.00,1.00,1.00,-1.88,7.43,0.00,0.00,0.00,0.00,0.00,-0.00,0.00,0.00,0.00,0.00,0.00,0.00,0.00,-0.00,0.00,0
2.53795,-1,8,144,0,DRIVE [ 22 ] [ 1 ] [ 1837 1736 1904 ] [    0    0    0 ] [      0      0      0 ] [ 0 ],drive [ 22 ] [ 0 ] [ 1848 1726 1904 ] [   29   33   -1 ] [   6000  24528   2487 ] [ 0 ],1.00,1.00,1.00,1.00,-0.90,7.54,0.00,0.00,0.00,0.00,0.00,-0.00,0.00,0.00,0.00,0.00,0.00,0.00,0.00,-0.00,0.00,0
2.55001,0,8,142,0,DRIVE [ 23 ] [ 1 ] [ 1826 1745 1904 ] [    0    0    0 ] [      0      0      0 ] [ 0 ],drive [ 22 ] [ 0 ] [ 1837 1736 1904 ] [   29   33   -1 ] [   5924  24459   2489 ] [ 0 ],1.00,1.00,1.00,1.00,0.05,7.62,0.00,0.00,0.00,0.00,0.00,-0.00,0.00,0.00,0.00,0.00,0.00,0.00,0.00,0.00,0.00,0
2.56194,1,8,140,0,DRIVE [ 23 ] [ 1 ] [ 1814 1755 1904 ] [    0    0    0 ] [      0      0      0 ] [ 0 ],drive [ 23 ] [ 0 ] [ 1826 1745 1904 ] [   34   27    0 ] [   5924  24459   2489 ] [ 0 ],1.00,1.00,1.00,1.00,1.05,7.62,0.00,0.00,0.00,0.00,0.00,-0.00,0.00,0.00,0.00,0.00,0.00,0.00,0.00,0.00,0.00,0
2.57378,2,8,139,0,DRIVE [ 24 ] [ 1 ] [ 1800 1763 1904 ] [    0    0    0 ] [      0      0      0 ] [ 0 ],drive [ 23 ] [ 0 ] [ 1814 1755 1904 ] [   34   27    0 ] [   5924  24459   2489 ] [ 0 ],1.00,1.00,1.00,1.00,2.05,7.59,0.00,0.00,0.00,0.00,0.00,-0.00,0.00,0.00,0.00,0.00,0.00,0.00,0.00,0.00,0.00,0
2.58604,3,8,137,0,DRIVE [ 24 ] [ 1 ] [ 1784 1772 1904 ] [    0    0    0 ] [      0      0      0 ] [ 0 ],drive [ 24 ] [ 0 ] [ 1800 1763 1904 ] [   34   27    0 ] [   5924  24459   2489 ] [ 0 ],1.00,1.00,1.00,1.00,3.08,7.50,0.00,0.00,0.00,0.00,0.00,-0.00,0.00,0.00,0.00,0.00,0.00,0.00,0.00,0.00,0.00,0
2.59597,4,7,136,0,DRIVE [ 25 ] [ 1 ] [ 1765 1781 1904 ] [    0    0    0 ] [      0      0      0 ] [ 0 ],drive [ 24 ] [ 0 ] [ 1784 1772 1904 ] [   34   27    0 ] [   5931  24441   2489 ] [ 0 ],1.00,1.00,1.00,1.00,4.16,7.40,0.00,0.00,0.00,0.00,0.00,-0.00,0.00,0.00,0.00,0.00,0.00,0.00,0.00,0.00,0.00,0
2.60555,5,7,135,0,DRIVE [ 25 ] [ 1 ] [ 1744 1789 1904 ] [    0    0    0 ] [      0      0      0 ] [ 0 ],drive [ 25 ] [ 0 ] [ 1765 1781 1904 ] [   34   27    0 ] [   5931  24441   2489 ] [ 0 ],1.00,1.00,1.00,1.00,5.24,7.31,0.00,0.00,0.00,0.00,0.00,-0.00,0.00,0.00,0.00,0.00,0.00,0.00,0.00,0.00,0.00,0
2.61784,6,7,133,0,DRIVE [ 26 ] [ 1 ] [ 1722 1796 1904 ] [    0    0    0 ] [      0      0      0 ] [ 0 ],drive [ 25 ] [ 0 ] [ 1744 1789 1904 ] [   39   26    0 ] [   5931  24441   2489 ] [ 0 ],1.00,1.00,1.00,1.00,6.26,7.23,0.00,0.00,0.00,0.00,0.00,-0.00,0.00,0.00,0.00,0.00,0.00,0.00,0.00,0.00,0.00,0
2.62992,7,7,131,0,DRIVE [ 26 ] [ 1 ] [ 1697 1803 1904 ] [    0    0    0 ] [      0      0      0 ] [ 0 ],drive [ 26 ] [ 0 ] [ 1722 1796 1904 ] [   39   26    0 ] [   5931  24441   2489 ] [ 0 ],1.00,1.00,1.00,1.00,7.28,7.17,0.00,0.00,0.00,0.00,0.00,-0.00,0.00,0.00,0.00,0.00,0.00,0.00,0.00,0.00,0.00,0
2.64175,8,7,129,0,DRIVE [ 27 ] [ 1 ] [ 1672 1811 1904 ] [    0    0    0 ] [      0      0      0 ] [ 0 ],drive [ 26 ] [ 0 ] [ 1697 1803 1904 ] [   39   26    0 ] [   5931  24441   2489 ] [ 0 ],1.00,1.00,1.00,1.00,8.26,7.06,0.00,0.00,0.00,0.00,0.00,-0.00,0.00,0.00,0.00,0.00,0.00,0.00,0.00,0.00,0.00,0
2.65166,9,7,128,0,DRIVE [ 27 ] [ 1 ] [ 1645 1819 1904 ] [    0    0    0 ] [      0      0      0 ] [ 0 ],drive [ 27 ] [ 0 ] [ 1672 1811 1904 ] [   39   26    0 ] [   6018  24340   2488 ] [ 0 ],1.00,1.00,1.00,1.00,9.28,6.91,0.00,0.00,0.00,0.00,0.00,-0.00,0.00,0.00,0.00,0.00,0.00,0.00,0.00,0.00,0.00,0
2.66239,10,7,127,0,DRIVE [ 28 ] [ 1 ] [ 1627 1819 1901 ] [    0    0    0 ] [      0      0      0 ] [ 0 ],drive [ 27 ] [ 0 ] [ 1645 1819 1904 ] [   41   10    1 ] [   6018  24340   2488 ] [ 0 ],1.00,1.00,1.00,1.00,10.28,6.71,0.00,0.00,0.00,0.00,0.00,-0.00,0.00,0.00,0.00,0.00,0.00,0.00,0.00,0.00,0.00,0
2.67385,11,7,126,0,DRIVE [ 28 ] [ 1 ] [ 1615 1819 1893 ] [    0    0    0 ] [      0      0      0 ] [ 0 ],drive [ 28 ] [ 0 ] [ 1627 1819 1901 ] [   41   10    1 ] [   6018  24340   2488 ] [ 0 ],1.00,1.00,1.00,1.00,11.27,6.51,0.00,0.00,0.00,0.00,0.00,-0.00,0.00,0.00,0.00,0.00,0.00,0.00,0.00,0.00,0.00,0
2.68574,12,6,125,0,DRIVE [ 29 ] [ 1 ] [ 1604 1819 1885 ] [    0    0    0 ] [      0      0      0 ] [ 0 ],drive [ 28 ] [ 0 ] [ 1615 1819 1893 ] [   41   10    1 ] [   6018  24340   2488 ] [ 0 ],1.00,1.00,1.00,1.00,12.22,6.25,0.00,0.00,0.00,0.00,0.00,-0.00,0.00,0.00,0.00,0.00,0.00,0.00,0.00,0.00,0.00,0
2.69811,13,6,123,0,DRIVE [ 29 ] [ 1 ] [ 1594 1819 1876 ] [    0    0    0 ] [      0      0      0 ] [ 0 ],drive [ 29 ] [ 0 ] [ 1604 1819 1885 ] [   41   10    1 ] [   6184  24278   2487 ] [ 0 ],1.00,1.00,1.00,1.00,13.11,5.93,0.00,0.00,0.00,0.00,0.00,-0.00,0.00,0.00,0.00,0.00,0.00,0.00,0.00,0.00,0.00,0
2.70977,14,6,122,0,DRIVE [ 30 ] [ 1 ] [ 1584 1819 1868 ] [    0    0    0 ] [      0      0      0 ] [ 0 ],drive [ 29 ] [ 0 ] [ 1594 1819 1876 ] [   33   29    2 ] [   6184  24278   2487 ] [ 0 ],1.00,1.00,1.00,1.00,13.90,5.61,0.00,0.00,0.00,0.00,0.00,-0.00,0.00,0.00,0.00,0.00,0.00,0.00,0.00,0.00,0.00,0
2.71913,15,5,120,0,DRIVE [ 30 ] [ 1 ] [ 1575 1819 1859 ] [    0    0    0 ] [      0      0      0 ] [ 0 ],drive [ 30 ] [ 0 ] [ 1584 1819 1868 ] [   33   29    2 ] [   6184  24278   2487 ] [ 0 ],1.00,1.00,1.00,1.00,14.62,5.25,0.00,0.00,0.00,0.00,0.00,-0.00,0.00,0.00,0.00,0.00,0.00,0.00,0.00,0.00,0.00,0
2.7313,15,5,119,0,DRIVE [ 31 ] [ 1 ] [ 1566 1819 1851 ] [    0    0    0 ] [      0      0      0 ] [ 0 ],drive [ 30 ] [ 0 ] [ 1575 1819 1859 ] [   33   29    2 ] [   6184  24278   2487 ] [ 0 ],1.00,1.00,1.00,1.00,15.26,4.91,0.00,0.00,0.00,0.00,0.00,-0.00,0.00,0.00,0.00,0.00,0.00,0.00,0.00,0.00,0.00,0
2.74234,16,5,117,0,DRIVE [ 31 ] [ 1 ] [ 1556 1819 1842 ] [    0    0    0 ] [      0      0      0 ] [ 0 ],drive [ 31 ] [ 0 ] [ 1566 1819 1851 ] [   33   29    2 ] [   6184  24278   2487 ] [ 0 ],1.00,1.00,1.00,1.00,15.99,4.56,0.00,0.00,0.00,0.00,0.00,-0.00,0.00,0.00,0.00,0.00,0.00,0.00,0.00,0.00,0.00,0
2.75436,17,4,116,0,DRIVE [ 32 ] [ 1 ] [ 1544 1819 1832 ] [    0    0    0 ] [      0      0      0 ] [ 0 ],drive [ 31 ] [ 0 ] [ 1556 1819 1842 ] [   33   29    2 ] [   6234  24218   2487 ] [ 0 ],1.00,1.00,1.00,1.00,16.77,4.19,0.00,0.00,0.00,0.00,0.00,-0.00,0.00,0.00,0.00,0.00,0.00,0.00,0.00,0.00,0.00,0
2.76623,18,4,115,0,DRIVE [ 32 ] [ 1 ] [ 1532 1819 1822 ] [    0    0    0 ] [      0      0      0 ] [ 0 ],drive [ 32 ] [ 0 ] [ 1544 1819 1832 ] [   37   13    4 ] [   6234  24218   2487 ] [ 0 ],1.00,1.00,1.00,1.00,17.57,3.81,0.00,0.00,0.00,0.00,0.00,-0.00,0.00,0.00,0.00,0.00,0.00,0.00,0.00,0.00,0.00,0
2.77834,18,3,113,0,DRIVE [ 33 ] [ 1 ] [ 1518 1819 1811 ] [    0    0    0 ] [      0      0      0 ] [ 0 ],drive [ 32 ] [ 0 ] [ 1532 1819 1822 ] [   37   13    4 ] [   6234  24218   2487 ] [ 0 ],1.00,1.00,1.00,1.00,18.40,3.43,0.00,0.00,0.00,0.00,0.00,-0.00,0.00,0.00,0.00,0.00,0.00,0.00,0.00,0.00,0.00,0
2.78761,19,3,111,0,DRIVE [ 33 ] [ 1 ] [ 1504 1819 1800 ] [    0    0    0 ] [      0      0      0 ] [ 0 ],drive [ 33 ] [ 0 ] [ 1518 1819 1811 ] [   37   13    4 ] [   6234  24218   2487 ] [ 0 ],1.00,1.00,1.00,1.00,19.17,3.06,0.00,0.00,0.00,0.00,0.00,-0.00,0.00,0.00,0.00,0.00,0.00,0.00,0.00,0.00,0.00,0
2.79803,20,3,110,0,DRIVE [ 34 ] [ 1 ] [ 1493 1819 1790 ] [    0    0    0 ] [      0      0      0 ] [ 0 ],drive [ 33 ] [ 0 ] [ 1504 1819 1800 ] [   37   13    4 ] [   6255  24214   2489 ] [ 0 ],1.00,1.00,1.00,1.00,19.85,2.67,0.00,0.00,0.00,0.00,0.00,-0.00,0.00,0.00,0.00,0.00,0.00,0.00,0.00,0.00,0.00,0
2.80999,21,2,108,0,DRIVE [ 34 ] [ 1 ] [ 1480 1819 1778 ] [    0    0    0 ] [      0      0      0 ] [ 0 ],drive [ 34 ] [ 0 ] [ 1493 1819 1790 ] [   37   13    4 ] [   6255  24214   2489 ] [ 0 ],1.00,1.00,1.00,1.00,20.53,2.26,0.00,0.00,0.00,0.00,0.00,-0.00,0.00,0.00,0.00,0.00,0.00,0.00,0.00,0.00,0.00,0
2.82165,21,2,107,0,DRIVE [ 35 ] [ 1 ] [ 1469 1819 1767 ] [    0    0    0 ] [      0      0      0 ] [ 0 ],drive [ 34 ] [ 0 ] [ 1480 1819 1778 ] [   53   11   10 ] [   6255  24214   2489 ] [ 0 ],1.00,1.00,1.00,1.00,21.15,1.81,0.00,0.00,0.00,0.00,0.00,-0.00,0.00,0.00,0.00,0.00,0.00,0.00,0.00,0.00,0.00,0
2.83407,22,1,106,0,DRIVE [ 35 ] [ 1 ] [ 1460 1819 1755 ] [    0    0    0 ] [      0      0      0 ] [ 0 ],drive [ 35 ] [ 0 ] [ 1469 1819 1767 ] [   53   11   10 ] [   6255  24214   2489 ] [ 0 ],1.00,1.00,1.00,1.00,21.69,1.30,0.00,0.00,0.00,0.00,0.00,-0.00,0.00,0.00,0.00,0.00,0.00,0.00,0.00,0.00,0.00,0
2.84576,22,1,104,0,DRIVE [ 36 ] [ 1 ] [ 1453 1819 1743 ] [    0    0    0 ] [      0      0      0 ] [ 0 ],drive [ 35 ] [ 0 ] [ 1460 1819 1755 ] [   53   11   10 ] [   6414  24200   2491 ] [ 0 ],1.00,1.00,1.00,1.00,22.12,0.78,0.00,0.00,0.00,0.00,0.00,-0.00,0.00,0.00,0.00,0.00,0.00,0.00,0.00,0.00,0.00,0
2.85524,22,0,103,0,DRIVE [ 36 ] [ 1 ] [ 1447 1819 1732 ] [    0    0    0 ] [      0      0      0 ] [ 0 ],drive [ 36 ] [ 0 ] [ 1453 1819 1743 ] [   53   11   10 ] [   6414  24200   2491 ] [ 0 ],1.00,1.00,1.00,1.00,22.44,0.26,0.00,0.00,0.00,0.00,0.00,-0.00,0.00,0.00,0.00,0.00,0.00,0.00,0.00,0.00,0.00,0
2.86617,23,0,101,0,DRIVE [ 37 ] [ 1 ] [ 1446 1819 1721 ] [    0    0    0 ] [      0      0      0 ] [ 0 ],drive [ 36 ] [ 0 ] [ 1447 1819 1732 ] [   61   23   14 ] [   6414  24200   2491 ] [ 0 ],1.00,1.00,1.00,1.00,22.59,-0.30,0.00,0.00,0.00,0.00,0.00,-0.00,0.00,0.00,0.00,0.00,0.00,0.00,0.00,0.00,0.00,0
2.87813,23,-1,100,0,DRIVE [ 37 ] [ 1 ] [ 1446 1819 1711 ] [    0    0    0 ] [      0      0      0 ] [ 0 ],drive [ 37 ] [ 0 ] [ 1446 1819 1721 ] [   61   23   14 ] [   6414  24200   2491 ] [ 0 ],1.00,1.00,1.00,1.00,22.60,-0.86,0.00,0.00,0.00,0.00,0.00,-0.00,0.00,0.00,0.00,0.00,0.00,0.00,0.00,0.00,0.00,0
2.88974,22,-1,99,0,DRIVE [ 38 ] [ 1 ] [ 1450 1819 1702 ] [    0    0    0 ] [      0      0      0 ] [ 0 ],drive [ 37 ] [ 0 ] [ 1446 1819 1711 ] [   61   23   14 ] [   6414  24200   2491 ] [ 0 ],1.00,1.00,1.00,1.00,22.48,-1.42,0.00,0.00,0.00,0.00,0.00,-0.00,0.00,0.00,0.00,0.00,0.00,0.00,0.00,0.00,0.00,0
2.90194,22,-2,97,0,DRIVE [ 38 ] [ 1 ] [ 1456 1819 1693 ] [    0    0    0 ] [      0      0      0 ] [ 0 ],drive [ 38 ] [ 0 ] [ 1450 1819 1702 ] [   61   23   14 ] [   6669  24076   2497 ] [ 0 ],1.00,1.00,1.00,1.00,22.23,-2.00,0.00,0.00,0.00,0.00,0.00,-0.00,0.00,0.00,0.00,0.00,0.00,0.00,0.00,0.00,0.00,0
2.91161,22,-3,96,0,DRIVE [ 39 ] [ 1 ] [ 1465 1819 1684 ] [    0    0    0 ] [      0      0      0 ] [ 0 ],drive [ 38 ] [ 0 ] [ 1456 1819 1693 ] [   65   24   19 ] [   6669  24076   2497 ] [ 0 ],1.00,1.00,1.00,1.00,21.88,-2.59,0.00,0.00,0.00,0.00,0.00,-0.00,0.00,0.00,0.00,0.00,0.00,0.00,0.00,0.00,0.00,0
2.92197,21,-3,95,0,DRIVE [ 39 ] [ 1 ] [ 1477 1819 1677 ] [    0    0    0 ] [      0      0      0 ] [ 0 ],drive [ 39 ] [ 0 ] [ 1465 1819 1684 ] [   65   24   19 ] [   6669  24076   2497 ] [ 0 ],1.00,1.00,1.00,1.00,21.38,-3.17,0.00,0.00,0.00,0.00,0.00,-0.00,0.00,0.00,0.00,0.00,0.00,0.00,0.00,0.00,0.00,0
2.93406,21,-4,94,0,DRIVE [ 40 ] [ 1 ] [ 1490 1819 1670 ] [    0    0    0 ] [      0      0      0 ] [ 0 ],drive [ 39 ] [ 0 ] [ 1477 1819 1677 ] [   65   24   19 ] [   6669  24076   2497 ] [ 0 ],1.00,1.00,1.00,1.00,20.83,-3.75,0.00,0.00,0.00,0.00,0.00,-0.00,0.00,0.00,0.00,0.00,0.00,0.00,0.00,0.00,0.00,0
2.94595,20,-4,93,0,DRIVE [ 40 ] [ 1 ] [ 1502 1819 1662 ] [    0    0    0 ] [      0      0      0 ] [ 0 ],drive [ 40 ] [ 0 ] [ 1490 1819 1670 ] [   65   24   19 ] [   6796  23975   2499 ] [ 0 ],1.00,1.00,1.00,1.00,20.30,-4.33,0.00,0.00,0.00,0.00,0.00,-0.00,0.00,0.00,0.00,0.00,0.00,0.00,0.00,0.00,0.00,0
2.95805,20,-5,92,0,DRIVE [ 41 ] [ 1 ] [ 1513 1819 1653 ] [    0    0    0 ] [      0      0      0 ] [ 0 ],drive [ 40 ] [ 0 ] [ 1502 1819 1662 ] [   65   24   19 ] [   6796  23975   2499 ] [ 0 ],1.00,1.00,1.00,1.00,19.82,-4.91,0.00,0.00,0.00,0.00,0.00,-0.00,0.00,0.00,0.00,0.00,0.00,0.00,0.00,0.00,0.00,0
2.96985,19,-5,90,0,DRIVE [ 41 ] [ 1 ] [ 1522 1819 1644 ] [    0    0    0 ] [      0      0      0 ] [ 0 ],drive [ 41 ] [ 0 ] [ 1513 1819 1653 ] [   41   11   26 ] [   6796  23975   2499 ] [ 0 ],1.00,1.00,1.00,1.00,19.42,-5.47,0.00,0.00,0.00,0.00,0.00,-0.00,0.00,0.00,0.00,0.00,0.00,0.00,0.00,0.00,0.00,0
2.97953,19,-6,89,0,DRIVE [ 42 ] [ 1 ] [ 1530 1819 1634 ] [    0    0    0 ] [      0      0      0 ] [ 0 ],drive [ 41 ] [ 0 ] [ 1522 1819 1644 ] [   41   11   26 ] [   6796  23975   2499 ] [ 0 ],1.00,1.00,1.00,1.00,19.05,-5.99,0.00,0.00,0.00,0.00,0.00,-0.00,0.00,0.00,0.00,0.00,0.00,0.00,0.00,0.00,0.00,0
2.98973,19,-6,88,0,DRIVE [ 42 ] [ 1 ] [ 1537 1819 1625 ] [    0    0    0 ] [      0      0      0 ] [ 0 ],drive [ 42 ] [ 0 ] [ 1530 1819 1634 ] [   41   11   26 ] [   6796  23975   2499 ] [ 0 ],1.00,1.00,1.00,1.00,18.72,-6.44,0.00,0.00,0.00,0.00,0.00,-0.00,0.00,0.00,0.00,0.00,0.00,0.00,0.00,0.00,0.00,0
3.00205,18,-7,87,0,DRIVE [ 43 ] [ 1 ] [ 1542 1819 1616 ] [    0    0    0 ] [      0      0      0 ] [ 0 ],drive [ 42 ] [ 0 ] [ 1537 1819 1625 ] [   41   11   26 ] [   6793  23975   2532 ] [ 0 ],1.00,1.00,1.00,1.00,18.39,-6.82,0.00,0.00,0.00,0.00,0.00,-0.00,0.00,0.00,0.00,0.00,0.00,0.00,0.00,0.00,0.00,0
3.01403,18,-7,86,0,DRIVE [ 43 ] [ 1 ] [ 1546 1819 1609 ] [    0    0    0 ] [      0      0      0 ] [ 0 ],drive [ 43 ] [ 0 ] [ 1542 1819 1616 ] [   37   12   28 ] [   6793  23975   2532 ] [ 0 ],1.00,1.00,1.00,1.00,18.09,-7.11,0.00,0.00,0.00,0.00,0.00,-0.00,0.00,0.00,0.00,0.00,0.00,0.00,0.00,0.00,0.00,0
3.02581,18,-7,84,0,DRIVE [ 44 ] [ 1 ] [ 1549 1819 1603 ] [    0    0    0 ] [      0      0      0 ] [ 0 ],drive [ 43 ] [ 0 ] [ 1546 1819 1609 ] [   37   12   28 ] [   6793  23975   2532 ] [ 0 ],1.00,1.00,1.00,1.00,17.81,-7.32,0.00,0.00,0.00,0.00,0.00,-0.00,0.00,0.00,0.00,0.00,0.00,0.00,0.00,0.00,0.00,0
3.03776,18,-8,83,0,DRIVE [ 44 ] [ 1 ] [ 1552 1819 1597 ] [    0    0    0 ] [      0      0      0 ] [ 0 ],drive [ 44 ] [ 0 ] [ 1549 1819 1603 ] [   37   12   28 ] [   6793  23975   2532 ] [ 0 ],1.00,1.00,1.00,1.00,17.58,-7.56,0.00,0.00,0.00,0.00,0.00,-0.00,0.00,0.00,0.00,0.00,0.00,0.00,0.00,0.00,0.00,0
3.04755,17,-8,82,0,DRIVE [ 45 ] [ 1 ] [ 1553 1819 1589 ] [    0    0    0 ] [      0      0      0 ] [ 0 ],drive [ 44 ] [ 0 ] [ 1552 1819 1597 ] [   37   12   28 ] [   6791  23975   2600 ] [ 0 ],1.00,1.00,1.00,1.00,17.40,-7.79,0.00,0.00,0.00,0.00,0.00,-0.00,0.00,0.00,0.00,0.00,0.00,0.00,0.00,0.00,0.00,0
3.05782,17,-8,81,0,DRIVE [ 45 ] [ 1 ] [ 1554 1819 1581 ] [    0    0    0 ] [      0      0      0 ] [ 0 ],drive [ 45 ] [ 0 ] [ 1553 1819 1589 ] [   37   12   28 ] [   6791  23975   2600 ] [ 0 ],1.00,1.00,1.00,1.00,17.26,-8.04,0.00,0.00,0.00,0.00,0.00,-0.00,0.00,0.00,0.00,0.00,0.00,0.00,0.00,0.00,0.00,0
3.07009,17,-8,80,0,DRIVE [ 46 ] [ 1 ] [ 1553 1819 1573 ] [    0    0    0 ] [      0      0      0 ] [ 0 ],drive [ 45 ] [ 0 ] [ 1554 1819 1581 ] [   35   11   25 ] [   6791  23975   2600 ] [ 0 ],1.00,1.00,1.00,1.00,17.16,-8.27,0.00,0.00,0.00,0.00,0.00,-0.00,0.00,0.00,0.00,0.00,0.00,0.00,0.00,0.00,0.00,0
3.08206,17,-8,79,0,DRIVE [ 46 ] [ 1 ] [ 1552 1819 1564 ] [    0    0    0 ] [      0      0      0 ] [ 0 ],drive [ 46 ] [ 0 ] [ 1553 1819 1573 ] [   35   11   25 ] [   6791  23975   2600 ] [ 0 ],1.00,1.00,1.00,1.00,17.09,-8.47,0.00,0.00,0.00,0.00,0.00,-0.00,0.00,0.00,0.00,0.00,0.00,0.00,0.00,0.00,0.00,0
3.09394,17,-9,78,0,DRIVE [ 47 ] [ 1 ] [ 1550 1819 1556 ] [    0    0    0 ] [      0      0      0 ] [ 0 ],drive [ 46 ] [ 0 ] [ 1552 1819 1564 ] [   35   11   25 ] [   6791  23975   2600 ] [ 0 ],1.00,1.00,1.00,1.00,17.00,-8.63,0.00,0.00,0.00,0.00,0.00,-0.00,0.00,0.00,0.00,0.00,0.00,0.00,0.00,0.00,0.00,0
3.10567,17,-9,77,0,DRIVE [ 47 ] [ 1 ] [ 1548 1819 1549 ] [    0    0    0 ] [      0      0      0 ] [ 0 ],drive [ 47 ] [ 0 ] [ 1550 1819 1556 ] [   35   11   25 ] [   6791  23975   2601 ] [ 0 ],1.00,1.00,1.00,1.00,16.89,-8.78,0.00,0.00,0.00,0.00,0.00,-0.00,0.00,0.00,0.00,0.00,0.00,0.00,0.00,0.00,0.00,0
3.11555,17,-9,76,0,DRIVE [ 48 ] [ 1 ] [ 1547 1819 1542 ] [    0    0    0 ] [      0      0      0 ] [ 0 ],drive [ 47 ] [ 0 ] [ 1548 1819 1549 ] [   35   15   28 ] [   6791  23975   2601 ] [ 0 ],1.00,1.00,1.00,1.00,16.76,-8.90,0.00,0.00,0.00,0.00,0.00,-0.00,0.00,0.00,0.00,0.00,0.00,0.00,0.00,0.00,0.00,0
3.12563,17,-9,75,0,DRIVE [ 48 ] [ 1 ] [ 1546 1819 1535 ] [    0    0    0 ] [      0      0      0 ] [ 0 ],drive [ 48 ] [ 0 ] [ 1547 1819 1542 ] [   35   15   28 ] [   6791  23975   2601 ] [ 0 ],1.00,1.00,1.00,1.00,16.64,-9.01,0.00,0.00,0.00,0.00,0.00,-0.00,0.00,0.00,0.00,0.00,0.00,0.00,0.00,0.00,0.00,0
3.138,16,-9,74,0,DRIVE [ 49 ] [ 1 ] [ 1546 1819 1529 ] [    0    0    0 ] [      0      0      0 ] [ 0 ],drive [ 48 ] [ 0 ] [ 1546 1819 1535 ] [   35   15   28 ] [   6791  23975   2601 ] [ 0 ],1.00,1.00,1.00,1.00,16.50,-9.12,0.00,0.00,0.00,0.00,0.00,-0.00,0.00,0.00,0.00,0.00,0.00,0.00,0.00,0.00,0.00,0
3.14985,16,-9,72,0,DRIVE [ 49 ] [ 1 ] [ 1545 1819 1522 ] [    0    0    0 ] [      0      0      0 ] [ 0 ],drive [ 49 ] [ 0 ] [ 1546 1819 1529 ] [   35   15   28 ] [   6791  23890   2635 ] [ 0 ],1.00,1.00,1.00,1.00,16.34,-9.21,0.00,0.00,0.00,0.00,0.00,-0.00,0.00,0.00,0.00,0.00,0.00,0.00,0.00,0.00,0.00,0
3.16192,16,-9,71,0,DRIVE [ 50 ] [ 1 ] [ 1546 1819 1516 ] [    0    0    0 ] [      0      0      0 ] [ 0 ],drive [ 49 ] [ 0 ] [ 1545 1819 1522 ] [   35    7   49 ] [   6791  23890   2635 ] [ 0 ],1.00,1.00,1.00,1.00,16.13,-9.32,0.00,0.00,0.00,0.00,0.00,-0.00,0.00,0.00,0.00,0.00,0.00,0.00,0.00,0.00,0.00,0
3.17354,16,-9,70,0,DRIVE [ 50 ] [ 1 ] [ 1548 1819 1510 ] [    0    0    0 ] [      0      0      0 ] [ 0 ],drive [ 50 ] [ 0 ] [ 1546 1819 1516 ] [   35    7   49 ] [   6791  23890   2635 ] [ 0 ],1.00,1.00,1.00,1.00,15.92,-9.41,0.00,0.00,0.00,0.00,0.00,-0.00,0.00,0.00,0.00,0.00,0.00,0.00,0.00,0.00,0.00,0
3.18314,16,-9,69,0,DRIVE [ 51 ] [ 1 ] [ 1549 1819 1505 ] [    0    0    0 ] [      0      0      0 ] [ 0 ],drive [ 50 ] [ 0 ] [ 1548 1819 1510 ] [   35    7   49 ] [   6791  23890   2635 ] [ 0 ],1.00,1.00,1.00,1.00,15.68,-9.49,0.00,0.00,0.00,0.00,0.00,-0.00,0.00,0.00,0.00,0.00,0.00,0.00,0.00,0.00,0.00,0
3.19345,15,-10,69,0,DRIVE [ 51 ] [ 1 ] [ 1551 1819 1499 ] [    0    0    0 ] [      0      0      0 ] [ 0 ],drive [ 51 ] [ 0 ] [ 1549 1819 1505 ] [   35    7   49 ] [   6793  23867   2728 ] [ 0 ],1.00,1.00,1.00,1.00,15.46,-9.59,0.00,0.00,0.00,0.00,0.00,-0.00,0.00,0.00,0.00,0.00,0.00,0.00,0.00,0.00,0.00,0
3.20589,15,-10,68,0,DRIVE [ 52 ] [ 1 ] [ 1554 1819 1491 ] [    0    0    0 ] [      0      0      0 ] [ 0 ],drive [ 51 ] [ 0 ] [ 1551 1819 1499 ] [   35    7   49 ] [   6793  23867   2728 ] [ 0 ],1.00,1.00,1.00,1.00,15.22,-9.74,0.00,0.00,0.00,0.00,0.00,-0.00,0.00,0.00,0.00,0.00,0.00,0.00,0.00,0.00,0.00,0
3.21783,15,-10,67,0,DRIVE [ 52 ] [ 1 ] [ 1557 1819 1484 ] [    0    0    0 ] [      0      0      0 ] [ 0 ],drive [ 52 ] [ 0 ] [ 1554 1819 1491 ] [   35    7   41 ] [   6793  23867   2728 ] [ 0 ],1.00,1.00,1.00,1.00,14.96,-9.89,0.00,0.00,0.00,0.00,0.00,-0.00,0.00,0.00,0.00,0.00,0.00,0.00,0.00,0.00,0.00,0
3.22971,15,-10,66,0,DRIVE [ 53 ] [ 1 ] [ 1563 1819 1476 ] [    0    0    0 ] [      0      0      0 ] [ 0 ],drive [ 52 ] [ 0 ] [ 1557 1819 1484 ] [   35    7   41 ] [   6793  23867   2728 ] [ 0 ],1.00,1.00,1.00,1.00,14.63,-10.06,0.00,0.00,0.00,0.00,0.00,-0.00,0.00,0.00,0.00,0.00,0.00,0.00,0.00,0.00,0.00,0
3.23977,14,-10,65,0,DRIVE [ 53 ] [ 1 ] [ 1570 1819 1469 ] [    0    0    0 ] [      0      0      0 ] [ 0 ],drive [ 53 ] [ 0 ] [ 1563 1819 1476 ] [   35    7   41 ] [   6793  23867   2728 ] [ 0 ],1.00,1.00,1.00,1.00,14.24,-10.20,0.00,0.00,0.00,0.00,0.00,-0.00,0.00,0.00,0.00,0.00,0.00,0.00,0.00,0.00,0.00,0
3.24961,14,-10,64,0,DRIVE [ 54 ] [ 1 ] [ 1578 1819 1463 ] [    0    0    0 ] [      0      0      0 ] [ 0 ],drive [ 53 ] [ 0 ] [ 1570 1819 1469 ] [   35    7   41 ] [   6793  23867   2731 ] [ 0 ],1.00,1.00,1.00,1.00,13.78,-10.33,0.00,0.00,0.00,0.00,0.00,-0.00,0.00,0.00,0.00,0.00,0.00,0.00,0.00,0.00,0.00,0
3.26168,13,-10,63,0,DRIVE [ 54 ] [ 1 ] [ 1588 1819 1459 ] [    0    0    0 ] [      0      0      0 ] [ 0 ],drive [ 54 ] [ 0 ] [ 1578 1819 1463 ] [   33    7   59 ] [   6793  23867   2731 ] [ 0 ],1.00,1.00,1.00,1.00,13.30,-10.40,0.00,0.00,0.00,0.00,0.00,-0.00,0.00,0.00,0.00,0.00,0.00,0.00,0.00,0.00,0.00,0
3.27365,13,-10,63,0,DRIVE [ 55 ] [ 1 ] [ 1598 1819 1457 ] [    0    0    0 ] [      0      0      0 ] [ 0 ],drive [ 54 ] [ 0 ] [ 1588 1819 1459 ] [   33    7   59 ] [   6793  23867   2731 ] [ 0 ],1.00,1.00,1.00,1.00,12.77,-10.41,0.00,0.00,0.00,0.00,0.00,-0.00,0.00,0.00,0.00,0.00,0.00,0.00,-0.00,0.00,0.00,0
3.28926,12,-10,62,0,DRIVE [ 55 ] [ 1 ] [ 1610 1819 1459 ] [    0    0    0 ] [      0      0      0 ] [ 0 ],drive [ 55 ] [ 0 ] [ 1598 1819 1457 ] [   33    7   59 ] [   6793  23867   2731 ] [ 0 ],1.00,1.00,1.00,1.00,12.22,-10.32,0.00,0.00,0.00,0.00,0.00,-0.00,0.00,0.00,0.00,0.00,0.00,0.00,-0.00,0.00,0.00,0
3.3009,12,-10,61,0,DRIVE [ 56 ] [ 1 ] [ 1621 1819 1468 ] [    0    0    0 ] [      0      0      0 ] [ 0 ],drive [ 55 ] [ 0 ] [ 1610 1819 1459 ] [   33    7   59 ] [   6790  23867   2893 ] [ 0 ],1.00,1.00,1.00,1.00,11.63,-10.04,0.00,0.00,0.00,0.00,0.00,-0.00,0.00,0.00,0.00,0.00,0.00,0.00,-0.00,0.00,0.00,0
3.31131,11,-10,60,0,DRIVE [ 56 ] [ 1 ] [ 1634 1819 1479 ] [    0    0    0 ] [      0      0      0 ] [ 0 ],drive [ 56 ] [ 0 ] [ 1621 1819 1468 ] [   31    7   42 ] [   6790  23867   2893 ] [ 0 ],1.00,1.00,1.00,1.00,11.01,-9.67,0.00,0.00,0.00,0.00,0.00,-0.00,0.00,0.00,0.00,0.00,0.00,0.00,-0.00,0.00,0.00,0
3.32154,10,-9,60,0,DRIVE [ 57 ] [ 1 ] [ 1646 1819 1495 ] [    0    0    0 ] [      0      0      0 ] [ 0 ],drive [ 56 ] [ 0 ] [ 1634 1819 1479 ] [   31    7   42 ] [   6790  23867   2893 ] [ 0 ],1.00,1.00,1.00,1.00,10.38,-9.20,0.00,0.00,0.00,0.00,0.00,-0.00,0.00,0.00,0.00,0.00,0.00,0.00,-0.00,0.00,0.00,0
3.33133,10,-9,59,0,DRIVE [ 57 ] [ 1 ] [ 1658 1819 1512 ] [    0    0    0 ] [      0      0      0 ] [ 0 ],drive [ 57 ] [ 0 ] [ 1646 1819 1495 ] [   31    7   42 ] [   6790  23867   2893 ] [ 0 ],1.00,1.00,1.00,1.00,9.76,-8.71,0.00,0.00,0.00,0.00,0.00,-0.00,0.00,0.00,0.00,0.00,0.00,0.00,-0.00,0.00,0.00,0
3.34276,9,-8,58,0,DRIVE [ 58 ] [ 1 ] [ 1670 1819 1529 ] [    0    0    0 ] [      0      0      0 ] [ 0 ],drive [ 57 ] [ 0 ] [ 1658 1819 1512 ] [   31    7   42 ] [   6790  23867   2893 ] [ 0 ],1.00,1.00,1.00,1.00,9.16,-8.21,0.00,0.00,0.00,0.00,0.00,-0.00,0.00,0.00,0.00,0.00,0.00,0.00,-0.00,0.00,0.00,0
3.35455,9,-8,57,0,DRIVE [ 58 ] [ 1 ] [ 1681 1819 1547 ] [    0    0    0 ] [      0      0      0 ] [ 0 ],drive [ 58 ] [ 0 ] [ 1670 1819 1529 ] [   31    7   42 ] [   6782  23867   2950 ] [ 0 ],1.00,1.00,1.00,1.00,8.60,-7.70,0.00,0.00,0.00,0.00,0.00,-0.00,0.00,0.00,0.00,0.00,0.00,0.00,-0.00,0.00,0.00,0
3.36693,8,-7,57,0,DRIVE [ 59 ] [ 1 ] [ 1691 1819 1568 ] [    0    0    0 ] [      0      0      0 ] [ 0 ],drive [ 58 ] [ 0 ] [ 1681 1819 1547 ] [   27    7   39 ] [   6782  23867   2950 ] [ 0 ],1.00,1.00,1.00,1.00,8.09,-7.14,0.00,0.00,0.00,0.00,0.00,-0.00,0.00,0.00,0.00,0.00,0.00,0.00,-0.00,0.00,0.00,0
3.37668,8,-7,56,0,DRIVE [ 59 ] [ 1 ] [ 1700 1819 1592 ] [    0    0    0 ] [      0      0      0 ] [ 0 ],drive [ 59 ] [ 0 ] [ 1691 1819 1568 ] [   27    7   39 ] [   6782  23867   2950 ] [ 0 ],1.00,1.00,1.00,1.00,7.63,-6.51,0.00,0.00,0.00,0.00,0.00,-0.00,0.00,0.00,0.00,0.00,0.00,0.00,-0.00,0.00,0.00,0
3.38621,7,-6,56,0,DRIVE [ 60 ] [ 1 ] [ 1707 1819 1619 ] [    0    0    0 ] [      0      0      0 ] [ 0 ],drive [ 59 ] [ 0 ] [ 1700 1819 1592 ] [   27    7   39 ] [   6782  23867   2950 ] [ 0 ],1.00,1.00,1.00,1.00,7.23,-5.81,0.00,0.00,0.00,0.00,0.00,-0.00,0.00,0.00,0.00,0.00,0.00,0.00,-0.00,0.00,0.00,0
3.39816,7,-5,55,0,DRIVE [ 60 ] [ 1 ] [ 1711 1819 1649 ] [    0    0    0 ] [      0      0      0 ] [ 0 ],drive [ 60 ] [ 0 ] [ 1707 1819 1619 ] [   27    7   39 ] [   6775  23867   2948 ] [ 0 ],1.00,1.00,1.00,1.00,6.89,-5.03,0.00,0.00,0.00,0.00,0.00,-0.00,0.00,0.00,0.00,0.00,0.00,0.00,-0.00,0.00,0.00,0
3.41139,7,-4,55,0,DRIVE [ 61 ] [ 1 ] [ 1712 1819 1681 ] [    0    0    0 ] [      0      0      0 ] [ 0 ],drive [ 60 ] [ 0 ] [ 1711 1819 1649 ] [   27    7   29 ] [   6775  23867   2948 ] [ 0 ],1.00,1.00,1.00,1.00,6.62,-4.17,0.00,0.00,0.00,0.00,0.00,-0.00,0.00,0.00,0.00,0.00,0.00,0.00,-0.00,0.00,0.00,0
3.42241,6,-3,54,0,DRIVE [ 61 ] [ 1 ] [ 1709 1819 1715 ] [    0    0    0 ] [      0      0      0 ] [ 0 ],drive [ 61 ] [ 0 ] [ 1712 1819 1681 ] [   27    7   29 ] [   6775  23867   2948 ] [ 0 ],1.00,1.00,1.00,1.00,6.43,-3.22,0.00,0.00,0.00,0.00,0.00,-0.00,0.00,0.00,0.00,0.00,0.00,0.00,-0.00,0.00,0.00,0
3.43417,6,-2,54,0,DRIVE [ 62 ] [ 1 ] [ 1700 1819 1749 ] [    0    0    0 ] [      0      0      0 ] [ 0 ],drive [ 61 ] [ 0 ] [ 1709 1819 1715 ] [   27    7   29 ] [   6775  23867   2948 ] [ 0 ],1.00,1.00,1.00,1.00,6.32,-2.18,0.00,0.00,0.00,0.00,0.00,-0.00,0.00,0.00,0.00,0.00,0.00,0.00,-0.00,0.00,0.00,0
3.4441,6,-1,53,0,DRIVE [ 62 ] [ 1 ] [ 1682 1819 1782 ] [    0    0    0 ] [      0      0      0 ] [ 0 ],drive [ 62 ] [ 0 ] [ 1700 1819 1749 ] [   27    7   29 ] [   6752  23867   2940 ] [ 0 ],1.00,1.00,1.00,1.00,6.25,-1.05,0.00,0.00,0.00,0.00,0.00,-0.00,0.00,0.00,0.00,0.00,0.00,0.00,-0.00,0.00,0.00,0
3.45509,6,0,53,0,DRIVE [ 63 ] [ 1 ] [ 1654 1819 1812 ] [    0    0    0 ] [      0      0      0 ] [ 0 ],drive [ 62 ] [ 0 ] [ 1682 1819 1782 ] [   27    7   29 ] [   6752  23867   2940 ] [ 0 ],1.00,1.00,1.00,1.00,6.25,0.14,0.00,0.00,0.00,0.00,0.00,-0.00,0.00,0.00,0.00,0.00,0.00,0.00,-0.00,-0.00,0.00,0
3.46623,6,1,53,0,DRIVE [ 63 ] [ 1 ] [ 1615 1819 1840 ] [    0    0    0 ] [      0      0      0 ] [ 0 ],drive [ 63 ] [ 0 ] [ 1654 1819 1812 ] [   35    7   23 ] [   6752  23867   2940 ] [ 0 ],1.00,1.00,1.00,1.00,6.27,1.35,0.00,0.00,0.00,0.00,0.00,-0.00,0.00,0.00,0.00,0.00,0.00,0.00,-0.00,-0.00,0.00,0
3.47817,6,3,52,0,DRIVE [ 64 ] [ 1 ] [ 1564 1819 1866 ] [    0    0    0 ] [      0      0      0 ] [ 0 ],drive [ 63 ] [ 0 ] [ 1615 1819 1840 ] [   35    7   23 ] [   6752  23867   2940 ] [ 0 ],1.00,1.00,1.00,1.00,6.33,2.58,0.00,0.00,0.00,0.00,0.00,-0.00,0.00,0.00,0.00,0.00,0.00,0.00,-0.00,-0.00,0.00,0
3.48996,6,4,52,0,DRIVE [ 64 ] [ 1 ] [ 1502 1819 1891 ] [    0    0    0 ] [      0      0      0 ] [ 0 ],drive [ 64 ] [ 0 ] [ 1564 1819 1866 ] [   35    7   23 ] [   6752  23867   2940 ] [ 0 ],1.00,1.00,1.00,1.00,6.42,3.81,0.00,0.00,0.00,0.00,0.00,-0.00,0.00,0.00,0.00,0.00,0.00,0.00,0.00,0.00,0.00,0
3.50133,6,5,52,0,DRIVE [ 65 ] [ 1 ] [ 1454 1812 1891 ] [    0    0    0 ] [      0      0      0 ] [ 0 ],drive [ 64 ] [ 0 ] [ 1502 1819 1891 ] [   35    7   23 ] [   6768  23867   2833 ] [ 0 ],1.00,1.00,1.00,1.00,6.50,5.03,0.00,0.00,0.00,0.00,0.00,-0.00,0.00,0.00,0.00,0.00,0.00,0.00,0.00,0.00,0.00,0
3.51204,7,6,51,0,DRIVE [ 65 ] [ 1 ] [ 1433 1784 1891 ] [    0    0    0 ] [      0      0      0 ] [ 0 ],drive [ 65 ] [ 0 ] [ 1454 1812 1891 ] [   38    7   30 ] [   6768  23867   2833 ] [ 0 ],1.00,1.00,1.00,1.00,6.57,6.25,0.00,0.00,0.00,0.00,0.00,-0.00,0.00,0.00,0.00,0.00,0.00,0.00,0.00,0.00,0.00,0
3.52164,7,7,51,0,DRIVE [ 66 ] [ 1 ] [ 1409 1754 1891 ] [    0    0    0 ] [      0      0      0 ] [ 0 ],drive [ 65 ] [ 0 ] [ 1433 1784 1891 ] [   38    7   30 ] [   6768  23867   2833 ] [ 0 ],1.00,1.00,1.00,1.00,6.62,7.47,0.00,0.00,0.00,0.00,0.00,-0.00,0.00,0.00,0.00,0.00,0.00,0.00,0.00,0.00,0.00,0
3.53372,7,9,51,0,DRIVE [ 66 ] [ 1 ] [ 1384 1724 1891 ] [    0    0    0 ] [      0      0      0 ] [ 0 ],drive [ 66 ] [ 0 ] [ 1409 1754 1891 ] [   38    7   30 ] [   6768  23867   2833 ] [ 0 ],1.00,1.00,1.00,1.00,6.63,8.67,0.00,0.00,0.00,0.00,0.00,-0.00,0.00,0.00,0.00,0.00,0.00,0.00,0.00,0.00,0.00,0
3.54566,7,10,51,0,DRIVE [ 67 ] [ 1 ] [ 1359 1690 1891 ] [    0    0    0 ] [      0      0      0 ] [ 0 ],drive [ 66 ] [ 0 ] [ 1384 1724 1891 ] [   38    7   30 ] [   6945  23867   2713 ] [ 0 ],1.00,1.00,1.00,1.00,6.58,9.95,0.00,0.00,0.00,0.00,0.00,-0.00,0.00,0.00,0.00,0.00,0.00,0.00,0.00,0.00,0.00,0
3.55767,6,11,50,0,DRIVE [ 67 ] [ 1 ] [ 1335 1654 1891 ] [    0    0    0 ] [      0      0      0 ] [ 0 ],drive [ 67 ] [ 0 ] [ 1359 1690 1891 ] [   38    7   30 ] [   6945  23867   2713 ] [ 0 ],1.00,1.00,1.00,1.00,6.46,11.23,0.00,0.00,0.00,0.00,0.00,-0.00,0.00,0.00,0.00,0.00,0.00,0.00,0.00,0.00,0.00,0
3.56874,6,13,50,0,DRIVE [ 68 ] [ 1 ] [ 1311 1617 1891 ] [    0    0    0 ] [      0      0      0 ] [ 0 ],drive [ 67 ] [ 0 ] [ 1335 1654 1891 ] [   75   16    2 ] [   6945  23867   2713 ] [ 0 ],1.00,1.00,1.00,1.00,6.29,12.50,0.00,0.00,0.00,0.00,0.00,-0.00,0.00,0.00,0.00,0.00,0.00,0.00,0.00,0.00,0.00,0
3.57897,6,14,50,0,DRIVE [ 68 ] [ 1 ] [ 1289 1580 1891 ] [    0    0    0 ] [      0      0      0 ] [ 0 ],drive [ 68 ] [ 0 ] [ 1311 1617 1891 ] [   75   16    2 ] [   6945  23867   2713 ] [ 0 ],1.00,1.00,1.00,1.00,6.08,13.73,0.00,0.00,0.00,0.00,0.00,-0.00,0.00,0.00,0.00,0.00,0.00,0.00,0.00,0.00,0.00,0
3.58993,6,15,50,0,DRIVE [ 69 ] [ 1 ] [ 1269 1543 1891 ] [    0    0    0 ] [      0      0      0 ] [ 0 ],drive [ 68 ] [ 0 ] [ 1289 1580 1891 ] [   75   16    2 ] [   6945  23867   2713 ] [ 0 ],1.00,1.00,1.00,1.00,5.83,14.91,0.00,0.00,0.00,0.00,0.00,-0.00,0.00,0.00,0.00,0.00,0.00,0.00,0.00,0.00,0.00,0
3.60409,6,16,49,0,DRIVE [ 69 ] [ 1 ] [ 1251 1505 1891 ] [    0    0    0 ] [      0      0      0 ] [ 0 ],drive [ 69 ] [ 0 ] [ 1269 1543 1891 ] [   75   16    2 ] [   7291  23874   2660 ] [ 0 ],1.00,1.00,1.00,1.00,5.54,16.03,0.00,0.00,0.00,0.00,0.00,-0.00,0.00,0.00,0.00,0.00,0.00,0.00,0.00,0.00,0.00,0
3.61464,5,17,49,0,DRIVE [ 70 ] [ 1 ] [ 1234 1468 1891 ] [    0    0    0 ] [      0      0      0 ] [ 0 ],drive [ 69 ] [ 0 ] [ 1251 1505 1891 ] [   60   38    4 ] [   7291  23874   2660 ] [ 0 ],1.00,1.00,1.00,1.00,5.21,17.11,0.00,0.00,0.00,0.00,0.00,-0.00,0.00,0.00,0.00,0.00,0.00,0.00,0.00,0.00,0.00,0
3.62611,5,18,49,0,DRIVE [ 70 ] [ 1 ] [ 1219 1431 1891 ] [    0    0    0 ] [      0      0      0 ] [ 0 ],drive [ 70 ] [ 0 ] [ 1234 1468 1891 ] [   60   38    4 ] [   7291  23874   2660 ] [ 0 ],1.00,1.00,1.00,1.00,4.86,18.14,0.00,0.00,0.00,0.00,0.00,-0.00,0.00,0.00,0.00,0.00,0.00,0.00,0.00,0.00,0.00,0
3.63576,5,19,48,0,DRIVE [ 71 ] [ 1 ] [ 1204 1395 1891 ] [    0    0    0 ] [      0      0      0 ] [ 0 ],drive [ 70 ] [ 0 ] [ 1219 1431 1891 ] [   60   38    4 ] [   7291  23874   2660 ] [ 0 ],1.00,1.00,1.00,1.00,4.51,19.12,0.00,0.00,0.00,0.00,0.00,-0.00,0.00,0.00,0.00,0.00,0.00,0.00,0.00,0.00,0.00,0
3.64588,4,20,48,0,DRIVE [ 71 ] [ 1 ] [ 1190 1360 1891 ] [    0    0    0 ] [      0      0      0 ] [ 0 ],drive [ 71 ] [ 0 ] [ 1204 1395 1891 ] [   60   38    4 ] [   7549  23899   2578 ] [ 0 ],1.00,1.00,1.00,1.00,4.18,20.03,0.00,0.00,0.00,0.00,0.00,-0.00,0.00,0.00,0.00,0.00,0.00,0.00,0.00,0.00,0.00,0
3.65828,4,21,48,0,DRIVE [ 72 ] [ 1 ] [ 1176 1325 1891 ] [    0    0    0 ] [      0      0      0 ] [ 0 ],drive [ 71 ] [ 0 ] [ 1190 1360 1891 ] [   60   38    4 ] [   7549  23899   2578 ] [ 0 ],1.00,1.00,1.00,1.00,3.83,20.92,0.00,0.00,0.00,0.00,0.00,-0.00,0.00,0.00,0.00,0.00,0.00,0.00,0.00,0.00,0.00,0
3.67013,4,22,47,0,DRIVE [ 72 ] [ 1 ] [ 1162 1293 1891 ] [    0    0    0 ] [      0      0      0 ] [ 0 ],drive [ 72 ] [ 0 ] [ 1176 1325 1891 ] [   76   62    7 ] [   7549  23899   2578 ] [ 0 ],1.00,1.00,1.00,1.00,3.52,21.71,0.00,0.00,0.00,0.00,0.00,-0.00,0.00,0.00,0.00,0.00,0.00,0.00,0.00,0.00,0.00,0
3.68187,3,22,47,0,DRIVE [ 73 ] [ 1 ] [ 1149 1267 1891 ] [    0    0    0 ] [      0      0      0 ] [ 0 ],drive [ 72 ] [ 0 ] [ 1162 1293 1891 ] [   76   62    7 ] [   7549  23899   2578 ] [ 0 ],1.00,1.00,1.00,1.00,3.31,22.38,0.00,0.00,0.00,0.00,0.00,-0.00,0.00,0.00,0.00,0.00,0.00,0.00,0.00,0.00,0.00,0
3.69386,3,23,47,0,DRIVE [ 73 ] [ 1 ] [ 1136 1248 1891 ] [    0    0    0 ] [      0      0      0 ] [ 0 ],drive [ 73 ] [ 0 ] [ 1149 1267 1891 ] [   76   62    7 ] [   7549  23899   2578 ] [ 0 ],1.00,1.00,1.00,1.00,3.20,22.90,0.00,0.00,0.00,0.00,0.00,-0.00,0.00,0.00,0.00,0.00,0.00,0.00,0.00,0.00,0.00,0
3.70311,3,23,47,0,DRIVE [ 74 ] [ 1 ] [ 1127 1234 1891 ] [    0    0    0 ] [      0      0      0 ] [ 0 ],drive [ 73 ] [ 0 ] [ 1136 1248 1891 ] [   76   62    7 ] [   7710  24110   2513 ] [ 0 ],1.00,1.00,1.00,1.00,3.10,23.27,0.00,0.00,0.00,0.00,0.00,-0.00,0.00,0.00,0.00,0.00,0.00,0.00,0.00,0.00,0.00,0
3.71373,3,23,46,0,DRIVE [ 74 ] [ 1 ] [ 1126 1224 1891 ] [    0    0    0 ] [      0      0      0 ] [ 0 ],drive [ 74 ] [ 0 ] [ 1127 1234 1891 ] [   75   81   18 ] [   7710  24110   2513 ] [ 0 ],1.00,1.00,1.00,1.00,2.97,23.43,0.00,0.00,0.00,0.00,0.00,-0.00,0.00,0.00,0.00,0.00,0.00,0.00,0.00,0.00,0.00,0
3.72544,3,23,46,0,DRIVE [ 75 ] [ 1 ] [ 1131 1215 1891 ] [    0    0    0 ] [      0      0      0 ] [ 0 ],drive [ 74 ] [ 0 ] [ 1126 1224 1891 ] [   75   81   18 ] [   7710  24110   2513 ] [ 0 ],1.00,1.00,1.00,1.00,2.72,23.49,0.00,0.00,0.00,0.00,0.00,-0.00,0.00,0.00,0.00,0.00,0.00,0.00,0.00,0.00,0.00,0
3.73783,2,23,46,0,DRIVE [ 75 ] [ 1 ] [ 1144 1209 1891 ] [    0    0    0 ] [      0      0      0 ] [ 0 ],drive [ 75 ] [ 0 ] [ 1131 1215 1891 ] [   75   81   18 ] [   7710  24110   2513 ] [ 0 ],1.00,1.00,1.00,1.00,2.41,23.36,0.00,0.00,0.00,0.00,0.00,-0.00,0.00,0.00,0.00,0.00,0.00,0.00,0.00,0.00,0.00,0
3.74977,2,23,46,0,DRIVE [ 76 ] [ 1 ] [ 1162 1207 1891 ] [    0    0    0 ] [      0      0      0 ] [ 0 ],drive [ 75 ] [ 0 ] [ 1144 1209 1891 ] [   75   81   18 ] [   8080  24258   2343 ] [ 0 ],1.00,1.00,1.00,1.00,2.07,23.06,0.00,0.00,0.00,0.00,0.00,-0.00,0.00,0.00,0.00,0.00,0.00,0.00,0.00,0.00,0.00,0
3.76177,2,23,46,0,DRIVE [ 76 ] [ 1 ] [ 1185 1207 1891 ] [    0    0    0 ] [      0      0      0 ] [ 0 ],drive [ 76 ] [ 0 ] [ 1162 1207 1891 ] [   90   83   27 ] [   8080  24258   2343 ] [ 0 ],1.00,1.00,1.00,1.00,1.69,22.60,0.00,0.00,0.00,0.00,0.00,-0.00,0.00,0.00,0.00,0.00,0.00,0.00,0.00,0.00,0.00,0
3.77108,1,22,46,0,DRIVE [ 77 ] [ 1 ] [ 1213 1211 1891 ] [    0    0    0 ] [      0      0      0 ] [ 0 ],drive [ 76 ] [ 0 ] [ 1185 1207 1891 ] [   90   83   27 ] [   8080  24258   2343 ] [ 0 ],1.00,1.00,1.00,1.00,1.30,22.00,0.00,0.00,0.00,0.00,0.00,-0.00,0.00,0.00,0.00,0.00,0.00,0.00,0.00,0.00,0.00,0
3.78154,1,21,46,0,DRIVE [ 77 ] [ 1 ] [ 1244 1219 1891 ] [    0    0    0 ] [      0      0      0 ] [ 0 ],drive [ 77 ] [ 0 ] [ 1213 1211 1891 ] [   90   83   27 ] [   8080  24258   2343 ] [ 0 ],1.00,1.00,1.00,1.00,0.91,21.28,0.00,0.00,0.00,0.00,0.00,-0.00,0.00,0.00,0.00,0.00,0.00,0.00,0.00,0.00,0.00,0
3.79364,0,21,46,0,DRIVE [ 78 ] [ 1 ] [ 1278 1226 1891 ] [    0    0    0 ] [      0      0      0 ] [ 0 ],drive [ 77 ] [ 0 ] [ 1244 1219 1891 ] [   90   83   27 ] [   8080  24258   2343 ] [ 0 ],1.00,1.00,1.00,1.00,0.48,20.52,0.00,0.00,0.00,0.00,0.00,-0.00,0.00,0.00,0.00,0.00,0.00,0.00,0.00,0.00,0.00,0
3.8057,0,20,46,0,DRIVE [ 78 ] [ 1 ] [ 1314 1234 1891 ] [    0    0    0 ] [      0      0      0 ] [ 0 ],drive [ 78 ] [ 0 ] [ 1278 1226 1891 ] [   90   83   27 ] [   8303  24430   2248 ] [ 0 ],1.00,1.00,1.00,1.00,0.05,19.66,0.00,0.00,0.00,0.00,0.00,-0.00,0.00,0.00,0.00,0.00,0.00,0.00,0.00,0.00,0.00,0
3.81782,0,19,46,1,DRIVE [ 79 ] [ 1 ] [ 1349 1245 1891 ] [    0    0    0 ] [      0      0      0 ] [ 0 ],drive [ 78 ] [ 0 ] [ 1314 1234 1891 ] [   70   65   10 ] [   8303  24430   2248 ] [ 0 ],1.00,1.00,1.00,1.00,-0.35,18.77,0.00,0.00,0.00,0.00,0.00,-0.00,0.00,0.00,0.00,0.00,0.00,0.00,0.00,0.00,0.00,0
