timestamp,Xmm,Ymm,Zmm,TouchDetected,OutgoingPacket,IncomingPacket,GainPropAb, GainPropAd, GainPropFl, GainPropEx,PropA, PropB, PropC,GainIntegAb, GainIntegAd, GainIntegFl, GainIntegEx,IntegA, IntegB, IntegC,GainDerivAb, GainDerivAd, GainDerivFl, GainDerivEx,DerivA, DerivB, DerivC,Heading5
0.125098,240,-15,467,0,DRIVE [ 08 ] [ 1 ] [ 1890 1905 1899 ] [    0    0    0 ] [      0      0      0 ] [ 0 ],drive [ 07 ] [ 0 ] [ 1900 1905 1905 ] [    8   10    4 ] [  11022   7798  10424 ] [ 0 ],1.10,1.10,1.10,1.10,264.41,-16.50,0.00,0.80,0.80,0.80,0.80,0.00,0.00,0.00,0.00,0.00,0.00,0.80,0.00,0.00,0.00,0
0.138023,247,-16,480,0,DRIVE [ 08 ] [ 1 ] [ 1875 1905 1892 ] [    0    0    0 ] [      0      0      0 ] [ 0 ],drive [ 08 ] [ 0 ] [ 1890 1905 1899 ] [    8   10    4 ] [  11022   7798  10424 ] [ 0 ],1.10,1.10,1.10,1.10,272.19,-17.17,0.00,0.80,0.80,0.80,0.80,0.00,0.00,0.00,0.00,0.00,0.00,0.80,0.00,0.00,0.00,0
0.151739,244,-15,473,0,DRIVE [ 09 ] [ 1 ] [ 1860 1905 1885 ] [    0    0    0 ] [      0      0      0 ] [ 0 ],drive [ 08 ] [ 0 ] [ 1875 1905 1892 ] [    8   10    4 ] [  11022   7798  10424 ] [ 0 ],1.10,1.10,1.10,1.10,268.69,-16.43,0.00,0.80,0.80,0.80,0.80,0.00,0.00,0.00,0.00,0.00,0.00,0.80,-0.00,0.00,0.00,0
0.165006,246,-15,475,0,DRIVE [ 09 ] [ 1 ] [ 1844 1905 1878 ] [    0    0    0 ] [      0      0      0 ] [ 0 ],drive [ 09 ] [ 0 ] [ 1860 1905 1885 ] [    8   10    4 ] [  11021   7781  10459 ] [ 0 ],1.10,1.10,1.10,1.10,270.92,-16.29,0.00,0.80,0.80,0.80,0.80,0.00,0.00,0.00,0.00,0.00,0.00,0.80,0.00,0.00,0.00,0
0.178498,246,-14,474,0,DRIVE [ 10 ] [ 1 ] [ 1828 1905 1871 ] [    0    0    0 ] [      0      0      0 ] [ 0 ],drive [ 09 ] [ 0 ] [ 1844 1905 1878 ] [   13   20    4 ] [  11021   7781  10459 ] [ 0 ],1.10,1.10,1.10,1.10,270.76,-15.77,0.00,0.80,0.80,0.80,0.80,0.00,0.00,0.00,0.00,0.00,0.00,0.80,0.00,0.00,0.00,0
0.191534,247,-14,475,0,DRIVE [ 10 ] [ 1 ] [ 1812 1905 1864 ] [    0    0    0 ] [      0      0      0 ] [ 0 ],drive [ 10 ] [ 0 ] [ 1828 1905 1871 ] [   13   20    4 ] [  11021   7781  10459 ] [ 0 ],1.10,1.10,1.10,1.10,271.68,-15.36,0.00,0.80,0.80,0.80,0.80,0.00,0.00,0.00,0.00,0.00,0.00,0.80,0.00,0.00,0.00,0
0.204544,247,-14,473,0,DRIVE [ 11 ] [ 1 ] [ 1797 1905 1858 ] [    0    0    0 ] [      0      0      0 ] [ 0 ],drive [ 10 ] [ 0 ] [ 1812 1905 1864 ] [   13   20    4 ] [  11021   7781  10459 ] [ 0 ],1.10,1.10,1.10,1.10,271.33,-14.89,0.00,0.80,0.80,0.80,0.80,0.00,0.00,0.00,0.00,0.00,0.00,0.80,0.00,0.00,0.00,0
0.21806,248,-13,474,0,DRIVE [ 11 ] [ 1 ] [ 1781 1905 1851 ] [    0    0    0 ] [      0      0      0 ] [ 0 ],drive [ 11 ] [ 0 ] [ 1797 1905 1858 ] [   13   20    4 ] [  11043   7760  10450 ] [ 0 ],1.10,1.10,1.10,1.10,272.61,-14.71,0.00,0.80,0.80,0.80,0.80,0.00,0.00,0.00,0.00,0.00,0.00,0.80,0.00,0.00,0.00,0
0.231383,245,-13,468,0,DRIVE [ 12 ] [ 1 ] [ 1765 1905 1844 ] [    0    0    0 ] [      0      0      0 ] [ 0 ],drive [ 11 ] [ 0 ] [ 1781 1905 1851 ] [   15    5    7 ] [  11043   7760  10450 ] [ 0 ],1.10,1.10,1.10,1.10,269.66,-14.46,0.00,0.80,0.80,0.80,0.80,0.00,0.00,0.00,0.00,0.00,0.00,0.80,-0.00,0.00,0.00,0
0.246282,246,-13,468,0,DRIVE [ 12 ] [ 1 ] [ 1749 1905 1837 ] [    0    0    0 ] [      0      0      0 ] [ 0 ],drive [ 12 ] [ 0 ] [ 1765 1905 1844 ] [   15    5    7 ] [  11043   7760  10450 ] [ 0 ],1.10,1.10,1.10,1.10,270.16,-14.47,0.00,0.80,0.80,0.80,0.80,0.00,0.00,0.00,0.00,0.00,0.00,0.80,-0.00,0.00,0.00,0
0.259322,244,-13,464,0,DRIVE [ 13 ] [ 1 ] [ 1731 1905 1829 ] [    0    0    0 ] [      0      0      0 ] [ 0 ],drive [ 12 ] [ 0 ] [ 1749 1905 1837 ] [   15    5    7 ] [  11235   7454  10451 ] [ 0 ],1.10,1.10,1.10,1.10,268.73,-14.27,0.00,0.80,0.80,0.80,0.80,0.00,0.00,0.00,0.00,0.00,0.00,0.80,-0.00,0.00,0.00,0
0.272314,245,-13,463,0,DRIVE [ 13 ] [ 1 ] [ 1715 1905 1822 ] [    0    0    0 ] [      0      0      0 ] [ 0 ],drive [ 13 ] [ 0 ] [ 1731 1905 1829 ] [   15    5    7 ] [  11235   7454  10451 ] [ 0 ],1.10,1.10,1.10,1.10,269.06,-14.05,0.00,0.80,0.80,0.80,0.80,0.00,0.00,0.00,0.00,0.00,0.00,0.80,-0.00,0.00,0.00,0
0.285944,243,-12,458,0,DRIVE [ 14 ] [ 1 ] [ 1699 1905 1816 ] [    0    0    0 ] [      0      0      0 ] [ 0 ],drive [ 13 ] [ 0 ] [ 1715 1905 1822 ] [   34   13    8 ] [  11235   7454  10451 ] [ 0 ],1.10,1.10,1.10,1.10,267.22,-12.95,0.00,0.80,0.80,0.80,0.80,0.00,0.00,0.00,0.00,0.00,0.00,0.80,-0.00,0.00,0.00,0
0.299089,242,-11,455,0,DRIVE [ 14 ] [ 1 ] [ 1681 1905 1809 ] [    0    0    0 ] [      0      0      0 ] [ 0 ],drive [ 14 ] [ 0 ] [ 1699 1905 1816 ] [   34   13    8 ] [  11235   7454  10451 ] [ 0 ],1.10,1.10,1.10,1.10,266.38,-11.67,0.00,0.80,0.80,0.80,0.80,0.00,0.00,0.00,0.00,0.00,0.00,0.80,-0.00,0.00,0.00,0
0.312307,242,-10,453,0,DRIVE [ 15 ] [ 1 ] [ 1664 1905 1803 ] [    0    0    0 ] [      0      0      0 ] [ 0 ],drive [ 14 ] [ 0 ] [ 1681 1905 1809 ] [   34   13    8 ] [  11419   7306  10449 ] [ 0 ],1.10,1.10,1.10,1.10,266.15,-10.48,0.00,0.80,0.80,0.80,0.80,0.00,0.00,0.00,0.00,0.00,0.00,0.80,-0.00,0.00,0.00,0
0.325171,242,-8,452,0,DRIVE [ 15 ] [ 1 ] [ 1647 1905 1797 ] [    0    0    0 ] [      0      0      0 ] [ 0 ],drive [ 15 ] [ 0 ] [ 1664 1905 1803 ] [   34   24   12 ] [  11419   7306  10449 ] [ 0 ],1.10,1.10,1.10,1.10,266.05,-9.35,0.00,0.80,0.80,0.80,0.80,0.00,0.00,0.00,0.00,0.00,0.00,0.80,-0.00,0.00,0.00,0
0.33815,241,-8,448,0,DRIVE [ 16 ] [ 1 ] [ 1630 1905 1790 ] [    0    0    0 ] [      0      0      0 ] [ 0 ],drive [ 15 ] [ 0 ] [ 1647 1905 1797 ] [   34   24   12 ] [  11419   7306  10449 ] [ 0 ],1.10,1.10,1.10,1.10,265.21,-8.74,0.00,0.80,0.80,0.80,0.80,0.00,0.00,0.00,0.00,0.00,0.00,0.80,-0.00,0.00,0.00,0
0.351457,242,-8,445,0,DRIVE [ 16 ] [ 1 ] [ 1611 1905 1782 ] [    0    0    0 ] [      0      0      0 ] [ 0 ],drive [ 16 ] [ 0 ] [ 1630 1905 1790 ] [   34   24   12 ] [  11419   7306  10449 ] [ 0 ],1.10,1.10,1.10,1.10,266.44,-8.82,0.00,0.80,0.80,0.80,0.80,0.00,0.00,0.00,0.00,0.00,0.00,0.80,-0.00,0.00,0.00,0
0.364567,242,-8,441,0,DRIVE [ 17 ] [ 1 ] [ 1592 1905 1774 ] [    0    0    0 ] [      0      0      0 ] [ 0 ],drive [ 16 ] [ 0 ] [ 1611 1905 1782 ] [   34   24   12 ] [  11766   7302  10441 ] [ 0 ],1.10,1.10,1.10,1.10,266.57,-9.18,0.00,0.80,0.80,0.80,0.80,0.00,0.00,0.00,0.00,0.00,0.00,0.80,-0.00,0.00,0.00,0
0.377904,242,-9,434,0,DRIVE [ 17 ] [ 1 ] [ 1573 1905 1765 ] [    0    0    0 ] [      0      0      0 ] [ 0 ],drive [ 17 ] [ 0 ] [ 1592 1905 1774 ] [   51   22   19 ] [  11766   7302  10441 ] [ 0 ],1.10,1.10,1.10,1.10,265.79,-9.74,0.00,0.80,0.80,0.80,0.80,0.00,0.00,0.00,0.00,0.00,0.00,0.80,-0.00,0.00,0.00,0
0.390656,242,-9,430,0,DRIVE [ 18 ] [ 1 ] [ 1553 1905 1756 ] [    0    0    0 ] [      0      0      0 ] [ 0 ],drive [ 17 ] [ 0 ] [ 1573 1905 1765 ] [   51   22   19 ] [  11766   7302  10441 ] [ 0 ],1.10,1.10,1.10,1.10,266.38,-10.38,0.00,0.80,0.80,0.80,0.80,0.00,0.00,0.00,0.00,0.00,0.00,0.80,-0.00,0.00,0.00,0
0.406458,251,-10,440,0,DRIVE [ 18 ] [ 1 ] [ 1533 1905 1747 ] [    0    0    0 ] [      0      0      0 ] [ 0 ],drive [ 18 ] [ 0 ] [ 1553 1905 1756 ] [   51   22   19 ] [  11766   7302  10441 ] [ 0 ],1.10,1.10,1.10,1.10,275.57,-11.31,0.00,0.80,0.80,0.80,0.80,0.00,0.00,0.00,0.00,0.00,0.00,0.80,0.00,0.00,0.00,0
0.42213,250,-11,434,0,DRIVE [ 19 ] [ 1 ] [ 1509 1905 1736 ] [    0    0    0 ] [      0      0      0 ] [ 0 ],drive [ 18 ] [ 0 ] [ 1533 1905 1747 ] [   51   22   19 ] [  11901   7228  10440 ] [ 0 ],1.10,1.10,1.10,1.10,274.90,-11.74,0.00,0.80,0.80,0.80,0.80,0.00,0.00,0.00,0.00,0.00,0.00,0.80,0.00,0.00,0.00,0
0.435237,250,-11,427,0,DRIVE [ 19 ] [ 1 ] [ 1483 1905 1724 ] [    0    0    0 ] [      0      0      0 ] [ 0 ],drive [ 19 ] [ 0 ] [ 1509 1905 1736 ] [   51   17   21 ] [  11901   7228  10440 ] [ 0 ],1.10,1.10,1.10,1.10,275.53,-11.90,0.00,0.80,0.80,0.80,0.80,0.00,0.00,0.00,0.00,0.00,0.00,0.80,0.00,0.00,0.00,0
0.449318,251,-11,421,0,DRIVE [ 20 ] [ 1 ] [ 1459 1905 1714 ] [    0    0    0 ] [      0      0      0 ] [ 0 ],drive [ 19 ] [ 0 ] [ 1483 1905 1724 ] [   51   17   21 ] [  11901   7228  10440 ] [ 0 ],1.10,1.10,1.10,1.10,276.04,-12.10,0.00,0.80,0.80,0.80,0.80,0.00,0.00,0.00,0.00,0.00,0.00,0.80,0.00,0.00,0.00,0
0.46205,251,-11,415,0,DRIVE [ 20 ] [ 1 ] [ 1435 1905 1703 ] [    0    0    0 ] [      0      0      0 ] [ 0 ],drive [ 20 ] [ 0 ] [ 1459 1905 1714 ] [   51   17   21 ] [  12166   7090  10441 ] [ 0 ],1.10,1.10,1.10,1.10,275.78,-12.18,0.00,0.80,0.80,0.80,0.80,0.00,0.00,0.00,0.00,0.00,0.00,0.80,0.00,0.00,0.00,0
0.475148,250,-11,408,0,DRIVE [ 21 ] [ 1 ] [ 1412 1905 1694 ] [    0    0    0 ] [      0      0      0 ] [ 0 ],drive [ 20 ] [ 0 ] [ 1435 1905 1703 ] [   53    4   25 ] [  12166   7090  10441 ] [ 0 ],1.10,1.10,1.10,1.10,275.19,-12.06,0.00,0.80,0.80,0.80,0.80,0.00,0.00,0.00,0.00,0.00,0.00,0.80,0.00,0.00,0.00,0
0.488497,250,-11,403,0,DRIVE [ 21 ] [ 1 ] [ 1388 1905 1683 ] [    0    0    0 ] [      0      0      0 ] [ 0 ],drive [ 21 ] [ 0 ] [ 1412 1905 1694 ] [   53    4   25 ] [  12166   7090  10441 ] [ 0 ],1.10,1.10,1.10,1.10,275.01,-12.15,0.00,0.80,0.80,0.80,0.80,0.00,0.00,0.00,0.00,0.00,0.00,0.80,0.00,0.00,0.00,0
0.503312,250,-11,398,0,DRIVE [ 22 ] [ 1 ] [ 1365 1905 1674 ] [    0    0    0 ] [      0      0      0 ] [ 0 ],drive [ 21 ] [ 0 ] [ 1388 1905 1683 ] [   53    4   25 ] [  12166   7090  10441 ] [ 0 ],1.10,1.10,1.10,1.10,274.55,-12.07,0.00,0.80,0.80,0.80,0.80,0.00,0.00,0.00,0.00,0.00,0.00,0.80,0.00,0.00,0.00,0
0.516389,248,-11,392,0,DRIVE [ 22 ] [ 1 ] [ 1342 1905 1664 ] [    0    0    0 ] [      0      0      0 ] [ 0 ],drive [ 22 ] [ 0 ] [ 1365 1905 1674 ] [   53    4   25 ] [  12668   6964  10423 ] [ 0 ],1.10,1.10,1.10,1.10,272.90,-11.94,0.00,0.80,0.80,0.80,0.80,0.00,0.00,0.00,0.00,0.00,0.00,0.80,0.00,0.00,0.00,0
0.529639,246,-11,388,0,DRIVE [ 23 ] [ 1 ] [ 1321 1905 1655 ] [    0    0    0 ] [      0      0      0 ] [ 0 ],drive [ 22 ] [ 0 ] [ 1342 1905 1664 ] [   62    5   42 ] [  12668   6964  10423 ] [ 0 ],1.10,1.10,1.10,1.10,271.07,-11.81,0.00,0.80,0.80,0.80,0.80,0.00,0.00,0.00,0.00,0.00,0.00,0.80,-0.00,0.00,0.00,0
0.542419,246,-11,385,0,DRIVE [ 23 ] [ 1 ] [ 1301 1905 1646 ] [    0    0    0 ] [      0      0      0 ] [ 0 ],drive [ 23 ] [ 0 ] [ 1321 1905 1655 ] [   62    5   42 ] [  12668   6964  10423 ] [ 0 ],1.10,1.10,1.10,1.10,270.77,-11.89,0.00,0.80,0.80,0.80,0.80,0.00,0.00,0.00,0.00,0.00,0.00,0.80,-0.00,0.00,0.00,0
0.556363,244,-11,380,0,DRIVE [ 24 ] [ 1 ] [ 1282 1905 1637 ] [    0    0    0 ] [      0      0      0 ] [ 0 ],drive [ 23 ] [ 0 ] [ 1301 1905 1646 ] [   62    5   42 ] [  12668   6964  10423 ] [ 0 ],1.10,1.10,1.10,1.10,268.57,-11.98,0.00,0.80,0.80,0.80,0.80,0.00,0.00,0.00,0.00,0.00,0.00,0.80,-0.00,0.00,0.00,0
0.569137,243,-11,378,0,DRIVE [ 24 ] [ 1 ] [ 1262 1905 1629 ] [    0    0    0 ] [      0      0      0 ] [ 0 ],drive [ 24 ] [ 0 ] [ 1282 1905 1637 ] [   62    5   42 ] [  12968   6883  10399 ] [ 0 ],1.10,1.10,1.10,1.10,267.64,-12.08,0.00,0.80,0.80,0.80,0.80,0.00,0.00,0.00,0.00,0.00,0.00,0.80,-0.00,0.00,0.00,0
0.582025,243,-11,377,0,DRIVE [ 25 ] [ 1 ] [ 1243 1905 1621 ] [    0    0    0 ] [      0      0      0 ] [ 0 ],drive [ 24 ] [ 0 ] [ 1262 1905 1629 ] [   82   14   48 ] [  12968   6883  10399 ] [ 0 ],1.10,1.10,1.10,1.10,267.62,-11.91,0.00,0.80,0.80,0.80,0.80,0.00,0.00,0.00,0.00,0.00,0.00,0.80,-0.00,0.00,0.00,0
0.595164,242,-10,373,0,DRIVE [ 25 ] [ 1 ] [ 1223 1905 1614 ] [    0    0    0 ] [      0      0      0 ] [ 0 ],drive [ 25 ] [ 0 ] [ 1243 1905 1621 ] [   82   14   48 ] [  12968   6883  10399 ] [ 0 ],1.10,1.10,1.10,1.10,265.67,-11.38,0.00,0.80,0.80,0.80,0.80,0.00,0.00,0.00,0.00,0.00,0.00,0.80,-0.00,0.00,0.00,0
0.608493,241,-10,370,0,DRIVE [ 26 ] [ 1 ] [ 1203 1905 1606 ] [    0    0    0 ] [      0      0      0 ] [ 0 ],drive [ 25 ] [ 0 ] [ 1223 1905 1614 ] [   82   14   48 ] [  12968   6883  10399 ] [ 0 ],1.10,1.10,1.10,1.10,264.65,-10.62,0.00,0.80,0.80,0.80,0.80,0.00,0.00,0.00,0.00,0.00,0.00,0.80,-0.00,0.00,0.00,0
0.621167,238,-9,364,0,DRIVE [ 26 ] [ 1 ] [ 1180 1905 1599 ] [    0    0    0 ] [      0      0      0 ] [ 0 ],drive [ 26 ] [ 0 ] [ 1203 1905 1606 ] [   82   14   48 ] [  13203   6727  10399 ] [ 0 ],1.10,1.10,1.10,1.10,262.05,-9.66,0.00,0.80,0.80,0.80,0.80,0.00,0.00,0.00,0.00,0.00,0.00,0.80,-0.00,0.00,0.00,0
0.634316,237,-8,361,0,DRIVE [ 27 ] [ 1 ] [ 1160 1905 1593 ] [    0    0    0 ] [      0      0      0 ] [ 0 ],drive [ 26 ] [ 0 ] [ 1180 1905 1599 ] [   71   14   54 ] [  13203   6727  10399 ] [ 0 ],1.10,1.10,1.10,1.10,260.15,-8.66,0.00,0.80,0.80,0.80,0.80,0.00,0.00,0.00,0.00,0.00,0.00,0.80,-0.00,0.00,0.00,0
0.647325,234,-7,357,0,DRIVE [ 27 ] [ 1 ] [ 1141 1905 1588 ] [    0    0    0 ] [      0      0      0 ] [ 0 ],drive [ 27 ] [ 0 ] [ 1160 1905 1593 ] [   71   14   54 ] [  13203   6727  10399 ] [ 0 ],1.10,1.10,1.10,1.10,257.49,-7.47,0.00,0.80,0.80,0.80,0.80,0.00,0.00,0.00,0.00,0.00,0.00,0.80,-0.00,0.00,0.00,0
0.660128,232,-6,356,0,DRIVE [ 28 ] [ 1 ] [ 1125 1905 1585 ] [    0    0    0 ] [      0      0      0 ] [ 0 ],drive [ 27 ] [ 0 ] [ 1141 1905 1588 ] [   71   14   54 ] [  13695   6395  10257 ] [ 0 ],1.10,1.10,1.10,1.10,255.29,-6.08,0.00,0.80,0.80,0.80,0.80,0.00,0.00,0.00,0.00,0.00,0.00,0.80,-0.00,0.00,0.00,0
0.672458,229,-4,354,0,DRIVE [ 28 ] [ 1 ] [ 1111 1905 1583 ] [    0    0    0 ] [      0      0      0 ] [ 0 ],drive [ 28 ] [ 0 ] [ 1125 1905 1585 ] [   71   14   54 ] [  13695   6395  10257 ] [ 0 ],1.10,1.10,1.10,1.10,252.34,-4.80,0.00,0.80,0.80,0.80,0.80,0.00,0.00,0.00,0.00,0.00,0.00,0.80,-0.00,0.00,0.00,0
0.685015,225,-4,352,0,DRIVE [ 29 ] [ 1 ] [ 1103 1905 1582 ] [    0    0    0 ] [      0      0      0 ] [ 0 ],drive [ 28 ] [ 0 ] [ 1111 1905 1583 ] [   88    6   44 ] [  13695   6395  10257 ] [ 0 ],1.10,1.10,1.10,1.10,247.83,-3.96,0.00,0.80,0.80,0.80,0.80,0.00,0.00,0.00,0.00,0.00,0.00,0.80,-0.00,0.00,0.00,0
0.698279,222,-3,351,0,DRIVE [ 29 ] [ 1 ] [ 1096 1905 1581 ] [    0    0    0 ] [      0      0      0 ] [ 0 ],drive [ 29 ] [ 0 ] [ 1103 1905 1582 ] [   88    6   44 ] [  13695   6395  10257 ] [ 0 ],1.10,1.10,1.10,1.10,243.95,-3.34,0.00,0.80,0.80,0.80,0.80,0.00,0.00,0.00,0.00,0.00,0.00,0.80,-0.00,0.00,0.00,0
0.710461,218,-3,351,0,DRIVE [ 30 ] [ 1 ] [ 1088 1905 1579 ] [    0    0    0 ] [      0      0      0 ] [ 0 ],drive [ 29 ] [ 0 ] [ 1096 1905 1581 ] [   88    6   44 ] [  14309   6171  10078 ] [ 0 ],1.10,1.10,1.10,1.10,240.26,-2.94,0.00,0.80,0.80,0.80,0.80,0.00,0.00,0.00,0.00,0.00,0.00,0.80,-0.00,0.00,0.00,0
0.723012,214,-2,348,0,DRIVE [ 30 ] [ 1 ] [ 1083 1905 1577 ] [    0    0    0 ] [      0      0      0 ] [ 0 ],drive [ 30 ] [ 0 ] [ 1088 1905 1579 ] [   88    6   44 ] [  14309   6171  10078 ] [ 0 ],1.10,1.10,1.10,1.10,235.23,-2.68,0.00,0.80,0.80,0.80,0.80,0.00,0.00,0.00,0.00,0.00,0.00,0.80,-0.00,0.00,0.00,0
0.735454,210,-2,347,0,DRIVE [ 31 ] [ 1 ] [ 1078 1905 1576 ] [    0    0    0 ] [      0      0      0 ] [ 0 ],drive [ 30 ] [ 0 ] [ 1083 1905 1577 ] [   77   23   58 ] [  14309   6171  10078 ] [ 0 ],1.10,1.10,1.10,1.10,231.34,-2.38,0.00,0.80,0.80,0.80,0.80,0.00,0.00,0.00,0.00,0.00,0.00,0.80,-0.00,0.00,0.00,0
0.747939,209,-2,349,0,DRIVE [ 31 ] [ 1 ] [ 1073 1905 1575 ] [    0    0    0 ] [      0      0      0 ] [ 0 ],drive [ 31 ] [ 0 ] [ 1078 1905 1576 ] [   77   23   58 ] [  14309   6171  10078 ] [ 0 ],1.10,1.10,1.10,1.10,229.44,-2.03,0.00,0.80,0.80,0.80,0.80,0.00,0.00,0.00,0.00,0.00,0.00,0.80,-0.00,0.00,0.00,0
0.760656,205,-1,347,0,DRIVE [ 32 ] [ 1 ] [ 1067 1905 1574 ] [    0    0    0 ] [      0      0      0 ] [ 0 ],drive [ 31 ] [ 0 ] [ 1073 1905 1575 ] [   77   23   58 ] [  14432   6057  10026 ] [ 0 ],1.10,1.10,1.10,1.10,225.12,-1.47,0.00,0.80,0.80,0.80,0.80,0.00,0.00,0.00,0.00,0.00,0.00,0.80,-0.00,0.00,0.00,0
0.772949,203,-1,348,0,DRIVE [ 32 ] [ 1 ] [ 1060 1905 1573 ] [    0    0    0 ] [      0      0      0 ] [ 0 ],drive [ 32 ] [ 0 ] [ 1067 1905 1574 ] [   77   23   58 ] [  14432   6057  10026 ] [ 0 ],1.10,1.10,1.10,1.10,223.07,-0.92,0.00,0.80,0.80,0.80,0.80,0.00,0.00,0.00,0.00,0.00,0.00,0.80,-0.00,0.00,0.00,0
0.785061,200,0,346,0,DRIVE [ 33 ] [ 1 ] [ 1052 1905 1573 ] [    0    0    0 ] [      0      0      0 ] [ 0 ],drive [ 32 ] [ 0 ] [ 1060 1905 1573 ] [   84    2   41 ] [  14432   6057  10026 ] [ 0 ],1.10,1.10,1.10,1.10,219.72,-0.09,0.00,0.80,0.80,0.80,0.80,0.00,0.00,0.00,0.00,0.00,0.00,0.80,-0.00,0.00,0.00,0
0.797724,196,1,343,0,DRIVE [ 33 ] [ 1 ] [ 1044 1905 1573 ] [    0    0    0 ] [      0      0      0 ] [ 0 ],drive [ 33 ] [ 0 ] [ 1052 1905 1573 ] [   84    2   41 ] [  14432   6057  10026 ] [ 0 ],1.10,1.10,1.10,1.10,215.67,0.79,0.00,0.80,0.80,0.80,0.80,0.00,0.00,0.00,0.00,0.00,0.00,0.80,-0.00,-0.00,0.00,0
0.810165,193,2,343,0,DRIVE [ 34 ] [ 1 ] [ 1039 1905 1575 ] [    0    0    0 ] [      0      0      0 ] [ 0 ],drive [ 33 ] [ 0 ] [ 1044 1905 1573 ] [   84    2   41 ] [  14829   5954   9837 ] [ 0 ],1.10,1.10,1.10,1.10,211.84,1.95,0.00,0.80,0.80,0.80,0.80,0.00,0.00,0.00,0.00,0.00,0.00,0.80,-0.00,-0.00,0.00,0
0.826832,189,2,342,0,DRIVE [ 34 ] [ 1 ] [ 1036 1905 1576 ] [    0    0    0 ] [      0      0      0 ] [ 0 ],drive [ 34 ] [ 0 ] [ 1039 1905 1575 ] [   84    2   41 ] [  14829   5954   9837 ] [ 0 ],1.10,1.10,1.10,1.10,208.03,2.33,0.00,0.80,0.80,0.80,0.80,0.00,0.00,0.00,0.00,0.00,0.00,0.80,-0.00,-0.00,0.00,0
0.83894,186,2,341,0,DRIVE [ 35 ] [ 1 ] [ 1033 1905 1573 ] [    0    0    0 ] [      0      0      0 ] [ 0 ],drive [ 34 ] [ 0 ] [ 1036 1905 1576 ] [   84   13   33 ] [  14829   5954   9837 ] [ 0 ],1.10,1.10,1.10,1.10,204.21,2.02,0.00,0.80,0.80,0.80,0.80,0.00,0.00,0.00,0.00,0.00,0.00,0.80,-0.00,-0.00,0.00,0
0.85121,182,1,339,0,DRIVE [ 35 ] [ 1 ] [ 1034 1905 1572 ] [    0    0    0 ] [      0      0      0 ] [ 0 ],drive [ 35 ] [ 0 ] [ 1033 1905 1573 ] [   84   13   33 ] [  14829   5954   9837 ] [ 0 ],1.10,1.10,1.10,1.10,199.71,1.46,0.00,0.80,0.80,0.80,0.80,0.00,0.00,0.00,0.00,0.00,0.00,0.80,-0.00,-0.00,0.00,0
0.864103,177,1,338,0,DRIVE [ 36 ] [ 1 ] [ 1037 1905 1570 ] [    0    0    0 ] [      0      0      0 ] [ 0 ],drive [ 35 ] [ 0 ] [ 1034 1905 1572 ] [   84   13   33 ] [  15235   5905   9737 ] [ 0 ],1.10,1.10,1.10,1.10,195.12,0.65,0.00,0.80,0.80,0.80,0.80,0.00,0.00,0.00,0.00,0.00,0.00,0.80,-0.00,-0.00,0.00,0
0.876301,174,0,338,0,DRIVE [ 36 ] [ 1 ] [ 1041 1905 1569 ] [    0    0    0 ] [      0      0      0 ] [ 0 ],drive [ 36 ] [ 0 ] [ 1037 1905 1570 ] [  102    6   54 ] [  15235   5905   9737 ] [ 0 ],1.10,1.10,1.10,1.10,191.72,-0.14,0.00,0.80,0.80,0.80,0.80,0.00,0.00,0.00,0.00,0.00,0.00,0.80,-0.00,0.00,0.00,0
0.889433,169,0,337,0,DRIVE [ 37 ] [ 1 ] [ 1050 1905 1571 ] [    0    0    0 ] [      0      0      0 ] [ 0 ],drive [ 36 ] [ 0 ] [ 1041 1905 1569 ] [  102    6   54 ] [  15235   5905   9737 ] [ 0 ],1.10,1.10,1.10,1.10,185.86,-0.32,0.00,0.80,0.80,0.80,0.80,0.00,0.00,0.00,0.00,0.00,0.00,0.80,-0.00,0.00,0.00,0
0.901461,163,0,335,0,DRIVE [ 37 ] [ 1 ] [ 1057 1905 1575 ] [    0    0    0 ] [      0      0      0 ] [ 0 ],drive [ 37 ] [ 0 ] [ 1050 1905 1571 ] [  102    6   54 ] [  15235   5905   9737 ] [ 0 ],1.10,1.10,1.10,1.10,179.81,-0.13,0.00,0.80,0.80,0.80,0.80,0.00,0.00,0.00,0.00,0.00,0.00,0.80,-0.00,0.00,0.00,0
0.913908,158,0,332,0,DRIVE [ 38 ] [ 1 ] [ 1064 1905 1580 ] [    0    0    0 ] [      0      0      0 ] [ 0 ],drive [ 37 ] [ 0 ] [ 1057 1905 1575 ] [  102    6   54 ] [  15267   5878   9678 ] [ 0 ],1.10,1.10,1.10,1.10,174.05,0.38,0.00,0.80,0.80,0.80,0.80,0.00,0.00,0.00,0.00,0.00,0.00,0.80,-0.00,-0.00,0.00,0
0.926593,155,1,333,0,DRIVE [ 38 ] [ 1 ] [ 1069 1905 1584 ] [    0    0    0 ] [      0      0      0 ] [ 0 ],drive [ 38 ] [ 0 ] [ 1064 1905 1580 ] [   87   23   52 ] [  15267   5878   9678 ] [ 0 ],1.10,1.10,1.10,1.10,170.00,1.00,0.00,0.80,0.80,0.80,0.80,0.00,0.00,0.00,0.00,0.00,0.00,0.80,-0.00,-0.00,0.00,0
0.938545,150,2,331,0,DRIVE [ 39 ] [ 1 ] [ 1072 1905 1590 ] [    0    0    0 ] [      0      0      0 ] [ 0 ],drive [ 38 ] [ 0 ] [ 1069 1905 1584 ] [   87   23   52 ] [  15267   5878   9678 ] [ 0 ],1.10,1.10,1.10,1.10,165.30,1.93,0.00,0.80,0.80,0.80,0.80,0.00,0.00,0.00,0.00,0.00,0.00,0.80,-0.00,-0.00,0.00,0
0.950766,146,3,329,0,DRIVE [ 39 ] [ 1 ] [ 1077 1905 1597 ] [    0    0    0 ] [      0      0      0 ] [ 0 ],drive [ 39 ] [ 0 ] [ 1072 1905 1590 ] [   87   23   52 ] [  15267   5878   9678 ] [ 0 ],1.10,1.10,1.10,1.10,160.16,3.00,0.00,0.80,0.80,0.80,0.80,0.00,0.00,0.00,0.00,0.00,0.00,0.80,-0.00,-0.00,0.00,0
0.963895,141,4,329,0,DRIVE [ 40 ] [ 1 ] [ 1082 1905 1604 ] [    0    0    0 ] [      0      0      0 ] [ 0 ],drive [ 39 ] [ 0 ] [ 1077 1905 1597 ] [   87   23   52 ] [  15315   5810   9625 ] [ 0 ],1.10,1.10,1.10,1.10,155.57,4.22,0.00,0.80,0.80,0.80,0.80,0.00,0.00,0.00,0.00,0.00,0.00,0.80,-0.00,-0.00,0.00,0
0.975732,136,5,326,0,DRIVE [ 40 ] [ 1 ] [ 1085 1905 1613 ] [    0    0    0 ] [      0      0      0 ] [ 0 ],drive [ 40 ] [ 0 ] [ 1082 1905 1604 ] [   76   23   56 ] [  15315   5810   9625 ] [ 0 ],1.10,1.10,1.10,1.10,150.10,5.61,0.00,0.80,0.80,0.80,0.80,0.00,0.00,0.00,0.00,0.00,0.00,0.80,-0.00,-0.00,0.00,0
0.988293,132,6,323,0,DRIVE [ 41 ] [ 1 ] [ 1090 1905 1622 ] [    0    0    0 ] [      0      0      0 ] [ 0 ],drive [ 40 ] [ 0 ] [ 1085 1905 1613 ] [   76   23   56 ] [  15315   5810   9625 ] [ 0 ],1.10,1.10,1.10,1.10,144.76,6.94,0.00,0.80,0.80,0.80,0.80,0.00,0.00,0.00,0.00,0.00,0.00,0.80,-0.00,-0.00,0.00,0
1.00015,126,7,321,0,DRIVE [ 41 ] [ 1 ] [ 1103 1905 1632 ] [    0    0    0 ] [      0      0      0 ] [ 0 ],drive [ 41 ] [ 0 ] [ 1090 1905 1622 ] [   76   23   56 ] [  15315   5810   9625 ] [ 0 ],1.10,1.10,1.10,1.10,138.36,7.80,0.00,0.80,0.80,0.80,0.80,0.00,0.00,0.00,0.00,0.00,0.00,0.80,-0.00,-0.00,0.00,0
1.01193,120,8,318,0,DRIVE [ 42 ] [ 1 ] [ 1115 1905 1641 ] [    0    0    0 ] [      0      0      0 ] [ 0 ],drive [ 41 ] [ 0 ] [ 1103 1905 1632 ] [   76   23   56 ] [  15331   5810   9554 ] [ 0 ],1.10,1.10,1.10,1.10,132.44,8.42,0.00,0.80,0.80,0.80,0.80,0.00,0.00,0.00,0.00,0.00,0.00,0.80,-0.00,-0.00,0.00,0
1.02448,116,8,317,0,DRIVE [ 42 ] [ 1 ] [ 1128 1905 1649 ] [    0    0    0 ] [      0      0      0 ] [ 0 ],drive [ 42 ] [ 0 ] [ 1115 1905 1641 ] [   73   23   36 ] [  15331   5810   9554 ] [ 0 ],1.10,1.10,1.10,1.10,127.38,8.81,0.00,0.80,0.80,0.80,0.80,0.00,0.00,0.00,0.00,0.00,0.00,0.80,-0.00,-0.00,0.00,0
1.03752,111,8,314,0,DRIVE [ 43 ] [ 1 ] [ 1140 1905 1656 ] [    0    0    0 ] [      0      0      0 ] [ 0 ],drive [ 42 ] [ 0 ] [ 1128 1905 1649 ] [   73   23   36 ] [  15331   5810   9554 ] [ 0 ],1.10,1.10,1.10,1.10,121.97,9.12,0.00,0.80,0.80,0.80,0.80,0.00,0.00,0.00,0.00,0.00,0.00,0.80,-0.00,-0.00,0.00,0
1.04922,107,9,315,0,DRIVE [ 43 ] [ 1 ] [ 1153 1905 1664 ] [    0    0    0 ] [      0      0      0 ] [ 0 ],drive [ 43 ] [ 0 ] [ 1140 1905 1656 ] [   73   23   36 ] [  15331   5810   9554 ] [ 0 ],1.10,1.10,1.10,1.10,117.82,9.51,0.00,0.80,0.80,0.80,0.80,0.00,0.00,0.00,0.00,0.00,0.00,0.80,-0.00,-0.00,0.00,0
1.06245,103,9,313,0,DRIVE [ 44 ] [ 1 ] [ 1167 1905 1671 ] [    0    0    0 ] [      0      0      0 ] [ 0 ],drive [ 43 ] [ 0 ] [ 1153 1905 1664 ] [   73   23   36 ] [  15331   5810   9487 ] [ 0 ],1.10,1.10,1.10,1.10,112.82,9.77,0.00,0.80,0.80,0.80,0.80,0.00,0.00,0.00,0.00,0.00,0.00,0.80,-0.00,-0.00,0.00,0
1.07421,98,9,311,0,DRIVE [ 44 ] [ 1 ] [ 1180 1905 1680 ] [    0    0    0 ] [      0      0      0 ] [ 0 ],drive [ 44 ] [ 0 ] [ 1167 1905 1671 ] [   69   23   45 ] [  15331   5810   9487 ] [ 0 ],1.10,1.10,1.10,1.10,107.84,10.10,0.00,0.80,0.80,0.80,0.80,0.00,0.00,0.00,0.00,0.00,0.00,0.80,-0.00,-0.00,0.00,0
1.08574,93,9,309,0,DRIVE [ 45 ] [ 1 ] [ 1196 1905 1688 ] [    0    0    0 ] [      0      0      0 ] [ 0 ],drive [ 44 ] [ 0 ] [ 1180 1905 1680 ] [   69   23   45 ] [  15331   5810   9487 ] [ 0 ],1.10,1.10,1.10,1.10,102.81,10.33,0.00,0.80,0.80,0.80,0.80,0.00,0.00,0.00,0.00,0.00,0.00,0.80,-0.00,-0.00,0.00,0
1.09814,89,10,307,0,DRIVE [ 45 ] [ 1 ] [ 1213 1905 1698 ] [    0    0    0 ] [      0      0      0 ] [ 0 ],drive [ 45 ] [ 0 ] [ 1196 1905 1688 ] [   69   23   45 ] [  15331   5810   9487 ] [ 0 ],1.10,1.10,1.10,1.10,97.96,10.64,0.00,0.80,0.80,0.80,0.80,0.00,0.00,0.00,0.00,0.00,0.00,0.80,-0.00,-0.00,0.00,0
1.10977,85,10,307,0,DRIVE [ 46 ] [ 1 ] [ 1232 1905 1708 ] [    0    0    0 ] [      0      0      0 ] [ 0 ],drive [ 45 ] [ 0 ] [ 1213 1905 1698 ] [   69   23   45 ] [  15328   5809   9415 ] [ 0 ],1.10,1.10,1.10,1.10,93.28,10.89,0.00,0.80,0.80,0.80,0.80,0.00,0.00,0.00,0.00,0.00,0.00,0.80,-0.00,-0.00,0.00,0
1.12379,79,10,304,0,DRIVE [ 46 ] [ 1 ] [ 1266 1905 1723 ] [    0    0    0 ] [      0      0      0 ] [ 0 ],drive [ 46 ] [ 0 ] [ 1232 1905 1708 ] [   69   23   45 ] [  15328   5809   9415 ] [ 0 ],1.10,1.10,1.10,1.10,86.73,11.07,0.00,0.80,0.80,0.80,0.80,0.00,0.00,0.00,0.00,0.00,0.00,0.80,-0.00,-0.00,0.00,0
1.13764,73,10,302,0,DRIVE [ 47 ] [ 1 ] [ 1300 1905 1738 ] [    0    0    0 ] [      0      0      0 ] [ 0 ],drive [ 46 ] [ 0 ] [ 1266 1905 1723 ] [   63   23   25 ] [  15328   5809   9415 ] [ 0 ],1.10,1.10,1.10,1.10,80.63,11.15,0.00,0.80,0.80,0.80,0.80,0.00,0.00,0.00,0.00,0.00,0.00,0.80,-0.00,-0.00,0.00,0
1.14962,68,10,300,0,DRIVE [ 47 ] [ 1 ] [ 1333 1905 1751 ] [    0    0    0 ] [      0      0      0 ] [ 0 ],drive [ 47 ] [ 0 ] [ 1300 1905 1738 ] [   63   23   25 ] [  15328   5809   9415 ] [ 0 ],1.10,1.10,1.10,1.10,75.08,11.18,0.00,0.80,0.80,0.80,0.80,0.00,0.00,0.00,0.00,0.00,0.00,0.80,-0.00,-0.00,0.00,0
1.16174,64,10,299,0,DRIVE [ 48 ] [ 1 ] [ 1364 1905 1764 ] [    0    0    0 ] [      0      0      0 ] [ 0 ],drive [ 47 ] [ 0 ] [ 1333 1905 1751 ] [   63   23   25 ] [  15321   5809   9396 ] [ 0 ],1.10,1.10,1.10,1.10,69.98,11.20,0.00,0.80,0.80,0.80,0.80,0.00,0.00,0.00,0.00,0.00,0.00,0.80,-0.00,-0.00,0.00,0
1.17327,59,10,297,0,DRIVE [ 48 ] [ 1 ] [ 1394 1905 1776 ] [    0    0    0 ] [      0      0      0 ] [ 0 ],drive [ 48 ] [ 0 ] [ 1364 1905 1764 ] [   54   23   28 ] [  15321   5809   9396 ] [ 0 ],1.10,1.10,1.10,1.10,64.99,11.27,0.00,0.80,0.80,0.80,0.80,0.00,0.00,0.00,0.00,0.00,0.00,0.80,-0.00,-0.00,0.00,0
1.18829,55,10,297,0,DRIVE [ 49 ] [ 1 ] [ 1424 1905 1789 ] [    0    0    0 ] [      0      0      0 ] [ 0 ],drive [ 48 ] [ 0 ] [ 1394 1905 1776 ] [   54   23   28 ] [  15321   5809   9396 ] [ 0 ],1.10,1.10,1.10,1.10,60.30,11.40,0.00,0.80,0.80,0.80,0.80,0.00,0.00,0.00,0.00,0.00,0.00,0.80,-0.00,-0.00,0.00,0
1.19986,50,10,295,0,DRIVE [ 49 ] [ 1 ] [ 1453 1905 1802 ] [    0    0    0 ] [      0      0      0 ] [ 0 ],drive [ 49 ] [ 0 ] [ 1424 1905 1789 ] [   54   23   28 ] [  15321   5809   9396 ] [ 0 ],1.10,1.10,1.10,1.10,55.34,11.51,0.00,0.80,0.80,0.80,0.80,0.00,0.00,0.00,0.00,0.00,0.00,0.80,-0.00,-0.00,0.00,0
1.21162,46,10,292,0,DRIVE [ 50 ] [ 1 ] [ 1477 1905 1813 ] [    0    0    0 ] [      0      0      0 ] [ 0 ],drive [ 49 ] [ 0 ] [ 1453 1905 1802 ] [   54   23   28 ] [  15314   5809   9303 ] [ 0 ],1.10,1.10,1.10,1.10,50.41,11.46,0.00,0.80,0.80,0.80,0.80,0.73,0.16,0.00,0.00,0.00,0.00,0.80,-0.00,-0.00,0.00,0
1.22368,42,10,291,0,DRIVE [ 50 ] [ 1 ] [ 1501 1905 1822 ] [    0    0    0 ] [      0      0      0 ] [ 0 ],drive [ 50 ] [ 0 ] [ 1477 1905 1813 ] [   49   22   20 ] [  15314   5809   9303 ] [ 0 ],1.10,1.10,1.10,1.10,45.90,11.26,0.00,0.80,0.80,0.80,0.80,1.40,0.32,0.00,0.00,0.00,0.00,0.80,-0.00,-0.00,0.00,0
1.23564,38,10,289,0,DRIVE [ 51 ] [ 1 ] [ 1527 1905 1832 ] [    0    0    0 ] [      0      0      0 ] [ 0 ],drive [ 50 ] [ 0 ] [ 1501 1905 1822 ] [   49   22   20 ] [  15314   5809   9303 ] [ 0 ],1.10,1.10,1.10,1.10,41.44,10.90,0.00,0.80,0.80,0.80,0.80,2.01,0.47,0.00,0.00,0.00,0.00,0.80,-0.00,-0.00,0.00,0
1.24719,33,10,288,0,DRIVE [ 51 ] [ 1 ] [ 1560 1905 1843 ] [    0    0    0 ] [      0      0      0 ] [ 0 ],drive [ 51 ] [ 0 ] [ 1527 1905 1832 ] [   49   22   20 ] [  15314   5809   9303 ] [ 0 ],1.10,1.10,1.10,1.10,36.07,10.47,0.00,0.80,0.80,0.80,0.80,2.52,0.61,0.00,0.00,0.00,0.00,0.80,-0.00,-0.00,0.00,0
1.25922,28,9,285,0,DRIVE [ 52 ] [ 1 ] [ 1590 1905 1854 ] [    0    0    0 ] [      0      0      0 ] [ 0 ],drive [ 51 ] [ 0 ] [ 1560 1905 1843 ] [   49   22   20 ] [  15288   5809   9211 ] [ 0 ],1.10,1.10,1.10,1.10,31.27,10.04,0.00,0.80,0.80,0.80,0.80,2.97,0.74,0.00,0.00,0.00,0.00,0.80,-0.00,-0.00,0.00,0
1.27082,24,9,284,0,DRIVE [ 52 ] [ 1 ] [ 1618 1905 1863 ] [    0    0    0 ] [      0      0      0 ] [ 0 ],drive [ 52 ] [ 0 ] [ 1590 1905 1854 ] [   49   22   20 ] [  15288   5809   9211 ] [ 0 ],1.10,1.10,1.10,1.10,26.94,9.54,0.00,0.80,0.80,0.80,0.80,3.37,0.87,0.00,0.00,0.00,0.00,0.80,-0.00,-0.00,0.00,0
1.2828,21,8,282,0,DRIVE [ 53 ] [ 1 ] [ 1644 1905 1871 ] [    0    0    0 ] [      0      0      0 ] [ 0 ],drive [ 52 ] [ 0 ] [ 1618 1905 1863 ] [   51   23    8 ] [  15288   5809   9211 ] [ 0 ],1.10,1.10,1.10,1.10,23.00,8.98,0.00,0.80,0.80,0.80,0.80,3.72,0.99,0.00,0.00,0.00,0.00,0.80,-0.00,-0.00,0.00,0
1.29458,17,8,280,0,DRIVE [ 53 ] [ 1 ] [ 1670 1905 1879 ] [    0    0    0 ] [      0      0      0 ] [ 0 ],drive [ 53 ] [ 0 ] [ 1644 1905 1871 ] [   51   23    8 ] [  15288   5809   9211 ] [ 0 ],1.10,1.10,1.10,1.10,19.16,8.47,0.00,0.80,0.80,0.80,0.80,4.01,1.11,0.00,0.00,0.00,0.00,0.80,-0.00,-0.00,0.00,0
1.30619,14,7,279,0,DRIVE [ 54 ] [ 1 ] [ 1694 1905 1887 ] [    0    0    0 ] [      0      0      0 ] [ 0 ],drive [ 53 ] [ 0 ] [ 1670 1905 1879 ] [   51   23    8 ] [  15288   5809   9211 ] [ 0 ],1.10,1.10,1.10,1.10,15.56,8.07,0.00,0.80,0.80,0.80,0.80,4.25,1.22,0.00,0.00,0.00,0.00,0.80,-0.00,-0.00,0.00,0
1.31786,11,7,278,0,DRIVE [ 54 ] [ 1 ] [ 1716 1905 1895 ] [    0    0    0 ] [      0      0      0 ] [ 0 ],drive [ 54 ] [ 0 ] [ 1694 1905 1887 ] [   51   23    8 ] [  15085   5809   9162 ] [ 0 ],1.10,1.10,1.10,1.10,12.22,7.71,0.00,0.80,0.80,0.80,0.80,4.45,1.32,0.00,0.00,0.00,0.00,0.80,-0.00,-0.00,0.00,0
1.33035,8,7,276,0,DRIVE [ 55 ] [ 1 ] [ 1732 1905 1903 ] [    0    0    0 ] [      0      0      0 ] [ 0 ],drive [ 54 ] [ 0 ] [ 1716 1905 1895 ] [   25   22   17 ] [  15085   5809   9162 ] [ 0 ],1.10,1.10,1.10,1.10,9.21,7.64,0.00,0.80,0.80,0.80,0.80,4.61,1.43,0.00,0.00,0.00,0.00,0.80,-0.00,-0.00,0.00,0
1.34188,6,7,273,0,DRIVE [ 55 ] [ 1 ] [ 1757 1898 1903 ] [    0    0    0 ] [      0      0      0 ] [ 0 ],drive [ 55 ] [ 0 ] [ 1732 1905 1903 ] [   25   22   17 ] [  15085   5809   9162 ] [ 0 ],1.10,1.10,1.10,1.10,6.35,7.70,0.00,0.80,0.80,0.80,0.80,4.72,1.54,0.00,0.00,0.00,0.00,0.80,-0.00,-0.00,0.00,0
1.35533,3,7,271,0,DRIVE [ 56 ] [ 1 ] [ 1784 1888 1903 ] [    0    0    0 ] [      0      0      0 ] [ 0 ],drive [ 55 ] [ 0 ] [ 1757 1898 1903 ] [   25   22   17 ] [  15085   5809   9162 ] [ 0 ],1.10,1.10,1.10,1.10,3.70,7.88,0.00,0.80,0.80,0.80,0.80,4.80,1.66,0.00,0.00,0.00,0.00,0.80,-0.00,-0.00,0.00,0
1.37331,1,7,268,0,DRIVE [ 56 ] [ 1 ] [ 1806 1880 1903 ] [    0    0    0 ] [      0      0      0 ] [ 0 ],drive [ 56 ] [ 0 ] [ 1784 1888 1903 ] [   25   22   17 ] [  14764   5809   9158 ] [ 0 ],1.10,1.10,1.10,1.10,1.31,7.88,0.00,0.80,0.80,0.80,0.80,4.85,1.78,0.00,0.00,0.00,0.00,0.80,-0.00,-0.00,0.00,0
1.38632,-1,7,266,0,DRIVE [ 57 ] [ 1 ] [ 1823 1870 1903 ] [    0    0    0 ] [      0      0      0 ] [ 0 ],drive [ 56 ] [ 0 ] [ 1806 1880 1903 ] [   13   25   24 ] [  14764   5809   9158 ] [ 0 ],1.10,1.10,1.10,1.10,-0.85,8.00,0.00,0.80,0.80,0.80,0.80,4.87,1.90,0.00,0.00,0.00,0.00,0.80,0.00,0.00,0.00,0
1.39847,-3,7,263,0,DRIVE [ 57 ] [ 1 ] [ 1836 1860 1903 ] [    0    0    0 ] [      0      0      0 ] [ 0 ],drive [ 57 ] [ 0 ] [ 1823 1870 1903 ] [   13   25   24 ] [  14764   5809   9158 ] [ 0 ],1.10,1.10,1.10,1.10,-2.79,8.10,0.00,0.80,0.80,0.80,0.80,4.86,2.01,0.00,0.00,0.00,0.00,0.80,0.00,0.00,0.00,0
1.40996,-4,7,262,0,DRIVE [ 58 ] [ 1 ] [ 1845 1850 1903 ] [    0    0    0 ] [      0      0      0 ] [ 0 ],drive [ 57 ] [ 0 ] [ 1836 1860 1903 ] [   13   25   24 ] [  14473   5814   9121 ] [ 0 ],1.10,1.10,1.10,1.10,-4.44,8.15,0.00,0.80,0.80,0.80,0.80,4.83,2.13,0.00,0.00,0.00,0.00,0.80,0.00,0.00,0.00,0
1.42389,-6,7,259,0,DRIVE [ 58 ] [ 1 ] [ 1855 1838 1903 ] [    0    0    0 ] [      0      0      0 ] [ 0 ],drive [ 58 ] [ 0 ] [ 1845 1850 1903 ] [   13   25   24 ] [  14473   5814   9121 ] [ 0 ],1.10,1.10,1.10,1.10,-6.23,8.04,0.00,0.80,0.80,0.80,0.80,4.77,2.25,0.00,0.00,0.00,0.00,0.80,0.00,0.00,0.00,0
1.43734,-7,7,256,0,DRIVE [ 59 ] [ 1 ] [ 1862 1825 1903 ] [    0    0    0 ] [      0      0      0 ] [ 0 ],drive [ 58 ] [ 0 ] [ 1855 1838 1903 ] [   11   29   26 ] [  14473   5814   9121 ] [ 0 ],1.10,1.10,1.10,1.10,-7.80,7.99,0.00,0.80,0.80,0.80,0.80,4.69,2.36,0.00,0.00,0.00,0.00,0.80,0.00,0.00,0.00,0
1.4498,-8,7,254,0,DRIVE [ 59 ] [ 1 ] [ 1868 1810 1903 ] [    0    0    0 ] [      0      0      0 ] [ 0 ],drive [ 59 ] [ 0 ] [ 1862 1825 1903 ] [   11   29   26 ] [  14473   5814   9121 ] [ 0 ],1.10,1.10,1.10,1.10,-9.31,7.96,0.00,0.80,0.80,0.80,0.80,4.59,2.48,0.00,0.00,0.00,0.00,0.80,0.00,0.00,0.00,0
1.46167,-10,7,251,0,DRIVE [ 60 ] [ 1 ] [ 1874 1794 1903 ] [    0    0    0 ] [      0      0      0 ] [ 0 ],drive [ 59 ] [ 0 ] [ 1868 1810 1903 ] [   11   29   26 ] [  14328   5844   9121 ] [ 0 ],1.10,1.10,1.10,1.10,-10.72,7.95,0.00,0.80,0.80,0.80,0.80,4.46,2.59,0.00,0.00,0.00,0.00,0.80,0.00,0.00,0.00,0
1.47311,-11,7,250,0,DRIVE [ 60 ] [ 1 ] [ 1878 1776 1903 ] [    0    0    0 ] [      0      0      0 ] [ 0 ],drive [ 60 ] [ 0 ] [ 1874 1794 1903 ] [   11   12   27 ] [  14328   5844   9121 ] [ 0 ],1.10,1.10,1.10,1.10,-12.12,8.10,0.00,0.80,0.80,0.80,0.80,4.31,2.71,0.00,0.00,0.00,0.00,0.80,0.00,0.00,0.00,0
1.48559,-12,8,247,0,DRIVE [ 61 ] [ 1 ] [ 1881 1758 1903 ] [    0    0    0 ] [      0      0      0 ] [ 0 ],drive [ 60 ] [ 0 ] [ 1878 1776 1903 ] [   11   12   27 ] [  14328   5844   9121 ] [ 0 ],1.10,1.10,1.10,1.10,-13.35,8.26,0.00,0.80,0.80,0.80,0.80,4.15,2.84,0.00,0.00,0.00,0.00,0.80,0.00,0.00,0.00,0
1.49788,-13,8,245,0,DRIVE [ 61 ] [ 1 ] [ 1884 1740 1903 ] [    0    0    0 ] [      0      0      0 ] [ 0 ],drive [ 61 ] [ 0 ] [ 1881 1758 1903 ] [   11   12   27 ] [  14328   5844   9121 ] [ 0 ],1.10,1.10,1.10,1.10,-14.52,8.49,0.00,0.80,0.80,0.80,0.80,3.97,2.96,0.00,0.00,0.00,0.00,0.80,0.00,0.00,0.00,0
1.50947,-14,8,242,0,DRIVE [ 62 ] [ 1 ] [ 1888 1718 1903 ] [    0    0    0 ] [      0      0      0 ] [ 0 ],drive [ 61 ] [ 0 ] [ 1884 1740 1903 ] [   11   12   27 ] [  14159   6008   9121 ] [ 0 ],1.10,1.10,1.10,1.10,-15.88,8.69,0.00,0.80,0.80,0.80,0.80,3.76,3.09,0.00,0.00,0.00,0.00,0.80,0.00,0.00,0.00,0
1.52108,-15,8,240,0,DRIVE [ 62 ] [ 1 ] [ 1891 1698 1903 ] [    0    0    0 ] [      0      0      0 ] [ 0 ],drive [ 62 ] [ 0 ] [ 1888 1718 1903 ] [   11   12   27 ] [  14159   6008   9121 ] [ 0 ],1.10,1.10,1.10,1.10,-16.99,8.84,0.00,0.80,0.80,0.80,0.80,3.54,3.22,0.00,0.00,0.00,0.00,0.80,0.00,0.00,0.00,0
1.53242,-16,8,237,0,DRIVE [ 63 ] [ 1 ] [ 1894 1681 1903 ] [    0    0    0 ] [      0      0      0 ] [ 0 ],drive [ 62 ] [ 0 ] [ 1891 1698 1903 ] [    6   15   27 ] [  14159   6008   9121 ] [ 0 ],1.10,1.10,1.10,1.10,-17.85,8.97,0.00,0.80,0.80,0.80,0.80,3.31,3.35,0.00,0.00,0.00,0.00,0.80,0.00,0.00,0.00,0
1.54392,-17,8,234,0,DRIVE [ 63 ] [ 1 ] [ 1896 1668 1903 ] [    0    0    0 ] [      0      0      0 ] [ 0 ],drive [ 63 ] [ 0 ] [ 1894 1681 1903 ] [    6   15   27 ] [  14159   6008   9121 ] [ 0 ],1.10,1.10,1.10,1.10,-18.40,9.07,0.00,0.80,0.80,0.80,0.80,3.08,3.49,0.00,0.00,0.00,0.00,0.80,0.00,0.00,0.00,0
1.55741,-17,8,232,0,DRIVE [ 64 ] [ 1 ] [ 1895 1657 1903 ] [    0    0    0 ] [      0      0      0 ] [ 0 ],drive [ 63 ] [ 0 ] [ 1896 1668 1903 ] [    6   15   27 ] [  14159   6008   9121 ] [ 0 ],1.10,1.10,1.10,1.10,-18.71,9.34,0.00,0.80,0.80,0.80,0.80,2.84,3.63,0.00,0.00,0.00,0.00,0.80,0.00,0.00,0.00,0
1.57029,-17,9,230,0,DRIVE [ 64 ] [ 1 ] [ 1895 1649 1903 ] [    0    0    0 ] [      0      0      0 ] [ 0 ],drive [ 64 ] [ 0 ] [ 1895 1657 1903 ] [    6   15   27 ] [  13928   6245   9124 ] [ 0 ],1.10,1.10,1.10,1.10,-18.84,9.48,0.00,0.80,0.80,0.80,0.80,2.60,3.76,0.00,0.00,0.00,0.00,0.80,0.00,0.00,0.00,0
1.58177,-17,9,229,0,DRIVE [ 65 ] [ 1 ] [ 1894 1642 1903 ] [    0    0    0 ] [      0      0      0 ] [ 0 ],drive [ 64 ] [ 0 ] [ 1895 1649 1903 ] [   22   39   27 ] [  13928   6245   9124 ] [ 0 ],1.10,1.10,1.10,1.10,-18.96,9.72,0.00,0.80,0.80,0.80,0.80,2.36,3.91,0.00,0.00,0.00,0.00,0.80,0.00,0.00,0.00,0
1.59352,-17,9,227,0,DRIVE [ 65 ] [ 1 ] [ 1894 1633 1903 ] [    0    0    0 ] [      0      0      0 ] [ 0 ],drive [ 65 ] [ 0 ] [ 1894 1642 1903 ] [   22   39   27 ] [  13928   6245   9124 ] [ 0 ],1.10,1.10,1.10,1.10,-19.09,9.89,0.00,0.80,0.80,0.80,0.80,2.11,4.05,0.00,0.00,0.00,0.00,0.80,0.00,0.00,0.00,0
1.60476,-18,9,225,0,DRIVE [ 66 ] [ 1 ] [ 1894 1623 1903 ] [    0    0    0 ] [      0      0      0 ] [ 0 ],drive [ 65 ] [ 0 ] [ 1894 1633 1903 ] [   22   39   27 ] [  13928   6245   9124 ] [ 0 ],1.10,1.10,1.10,1.10,-19.41,10.07,0.00,0.80,0.80,0.80,0.80,1.86,4.20,0.00,0.00,0.00,0.00,0.80,0.00,0.00,0.00,0
1.61598,-18,9,224,0,DRIVE [ 66 ] [ 1 ] [ 1895 1611 1903 ] [    0    0    0 ] [      0      0      0 ] [ 0 ],drive [ 66 ] [ 0 ] [ 1894 1623 1903 ] [   22   39   27 ] [  13892   6382   9123 ] [ 0 ],1.10,1.10,1.10,1.10,-19.78,10.19,0.00,0.80,0.80,0.80,0.80,1.60,4.35,0.00,0.00,0.00,0.00,0.80,0.00,0.00,0.00,0
1.62768,-18,9,221,0,DRIVE [ 67 ] [ 1 ] [ 1897 1598 1903 ] [    0    0    0 ] [      0      0      0 ] [ 0 ],drive [ 66 ] [ 0 ] [ 1895 1611 1903 ] [    5   31   27 ] [  13892   6382   9123 ] [ 0 ],1.10,1.10,1.10,1.10,-20.19,10.12,0.00,0.80,0.80,0.80,0.80,1.32,4.50,0.00,0.00,0.00,0.00,0.80,0.00,0.00,0.00,0
1.63883,-19,9,219,0,DRIVE [ 67 ] [ 1 ] [ 1900 1587 1903 ] [    0    0    0 ] [      0      0      0 ] [ 0 ],drive [ 67 ] [ 0 ] [ 1897 1598 1903 ] [    5   31   27 ] [  13892   6382   9123 ] [ 0 ],1.10,1.10,1.10,1.10,-20.47,9.97,0.00,0.80,0.80,0.80,0.80,1.05,4.64,0.00,0.00,0.00,0.00,0.80,0.00,0.00,0.00,0
1.65005,-19,9,217,0,DRIVE [ 68 ] [ 1 ] [ 1900 1580 1903 ] [    0    0    0 ] [      0      0      0 ] [ 0 ],drive [ 67 ] [ 0 ] [ 1900 1587 1903 ] [    5   31   27 ] [  13892   6382   9123 ] [ 0 ],1.10,1.10,1.10,1.10,-20.40,9.82,0.00,0.80,0.80,0.80,0.80,0.78,4.78,0.00,0.00,0.00,0.00,0.80,0.00,0.00,0.00,0
1.66176,-18,9,215,0,DRIVE [ 68 ] [ 1 ] [ 1901 1576 1903 ] [    0    0    0 ] [      0      0      0 ] [ 0 ],drive [ 68 ] [ 0 ] [ 1900 1580 1903 ] [    5   31   27 ] [  13725   6570   9125 ] [ 0 ],1.10,1.10,1.10,1.10,-20.23,9.71,0.00,0.80,0.80,0.80,0.80,0.51,4.91,0.00,0.00,0.00,0.00,0.80,0.00,0.00,0.00,0
1.67303,-18,9,212,0,DRIVE [ 69 ] [ 1 ] [ 1900 1573 1903 ] [    0    0    0 ] [      0      0      0 ] [ 0 ],drive [ 68 ] [ 0 ] [ 1901 1576 1903 ] [   29   31   27 ] [  13725   6570   9125 ] [ 0 ],1.10,1.10,1.10,1.10,-19.95,9.64,0.00,0.80,0.80,0.80,0.80,0.25,5.05,0.00,0.00,0.00,0.00,0.80,0.00,0.00,0.00,0
1.68407,-18,9,211,0,DRIVE [ 69 ] [ 1 ] [ 1900 1570 1903 ] [    0    0    0 ] [      0      0      0 ] [ 0 ],drive [ 69 ] [ 0 ] [ 1900 1573 1903 ] [   29   31   27 ] [  13725   6570   9125 ] [ 0 ],1.10,1.10,1.10,1.10,-19.67,9.57,0.00,0.80,0.80,0.80,0.80,-0.01,5.19,0.00,0.00,0.00,0.00,0.80,0.00,0.00,0.00,0
1.69647,-18,9,209,0,DRIVE [ 70 ] [ 1 ] [ 1899 1565 1903 ] [    0    0    0 ] [      0      0      0 ] [ 0 ],drive [ 69 ] [ 0 ] [ 1900 1570 1903 ] [   29   31   27 ] [  13725   6570   9125 ] [ 0 ],1.10,1.10,1.10,1.10,-19.53,9.54,0.00,0.80,0.80,0.80,0.80,-0.27,5.33,0.00,0.00,0.00,0.00,0.80,0.00,0.00,0.00,0
1.70728,-18,9,206,0,DRIVE [ 70 ] [ 1 ] [ 1899 1557 1903 ] [    0    0    0 ] [      0      0      0 ] [ 0 ],drive [ 70 ] [ 0 ] [ 1899 1565 1903 ] [   29   31   27 ] [  13619   6592   9133 ] [ 0 ],1.10,1.10,1.10,1.10,-19.45,9.51,0.00,0.80,0.80,0.80,0.80,-0.54,5.47,0.00,0.00,0.00,0.00,0.80,0.00,0.00,0.00,0
1.71926,-18,9,203,0,DRIVE [ 71 ] [ 1 ] [ 1900 1548 1903 ] [    0    0    0 ] [      0      0      0 ] [ 0 ],drive [ 70 ] [ 0 ] [ 1899 1557 1903 ] [   29   31   27 ] [  13619   6592   9133 ] [ 0 ],1.10,1.10,1.10,1.10,-19.46,9.52,0.00,0.80,0.80,0.80,0.80,-0.80,5.60,0.00,0.00,0.00,0.00,0.80,0.00,0.00,0.00,0
1.73068,-18,9,202,0,DRIVE [ 71 ] [ 1 ] [ 1901 1537 1903 ] [    0    0    0 ] [      0      0      0 ] [ 0 ],drive [ 71 ] [ 0 ] [ 1900 1548 1903 ] [    5   36   26 ] [  13619   6592   9133 ] [ 0 ],1.10,1.10,1.10,1.10,-19.65,9.52,0.00,0.80,0.80,0.80,0.80,-1.07,5.74,0.00,0.00,0.00,0.00,0.80,0.00,0.00,0.00,0
1.74188,-18,9,199,0,DRIVE [ 72 ] [ 1 ] [ 1902 1527 1903 ] [    0    0    0 ] [      0      0      0 ] [ 0 ],drive [ 71 ] [ 0 ] [ 1901 1537 1903 ] [    5   36   26 ] [  13619   6592   9133 ] [ 0 ],1.10,1.10,1.10,1.10,-19.77,9.47,0.00,0.80,0.80,0.80,0.80,-1.35,5.88,0.00,0.00,0.00,0.00,0.80,0.00,0.00,0.00,0
1.75276,-18,8,197,0,DRIVE [ 72 ] [ 1 ] [ 1903 1517 1903 ] [    0    0    0 ] [      0      0      0 ] [ 0 ],drive [ 72 ] [ 0 ] [ 1902 1527 1903 ] [    5   36   26 ] [  13619   6592   9133 ] [ 0 ],1.10,1.10,1.10,1.10,-19.81,9.29,0.00,0.80,0.80,0.80,0.80,-1.62,6.01,0.00,0.00,0.00,0.00,0.80,0.00,0.00,0.00,0
1.76469,-18,8,195,0,DRIVE [ 73 ] [ 1 ] [ 1903 1511 1904 ] [    0    0    0 ] [      0      0      0 ] [ 0 ],drive [ 72 ] [ 0 ] [ 1903 1517 1903 ] [    5   36   26 ] [  13503   6914   9130 ] [ 0 ],1.10,1.10,1.10,1.10,-19.86,8.93,0.00,0.80,0.80,0.80,0.80,-1.90,6.13,0.00,0.00,0.00,0.00,0.80,0.00,0.00,0.00,0
1.77579,-18,8,193,0,DRIVE [ 73 ] [ 1 ] [ 1903 1508 1903 ] [    0    0    0 ] [      0      0      0 ] [ 0 ],drive [ 73 ] [ 0 ] [ 1903 1511 1904 ] [   25   58   27 ] [  13503   6914   9130 ] [ 0 ],1.10,1.10,1.10,1.10,-19.64,8.66,0.00,0.80,0.80,0.80,0.80,-2.17,6.26,0.00,0.00,0.00,0.00,0.80,0.00,0.00,0.00,0
1.78735,-18,8,190,0,DRIVE [ 74 ] [ 1 ] [ 1903 1506 1902 ] [    0    0    0 ] [      0      0      0 ] [ 0 ],drive [ 73 ] [ 0 ] [ 1903 1508 1903 ] [   25   58   27 ] [  13503   6914   9130 ] [ 0 ],1.10,1.10,1.10,1.10,-19.33,8.32,0.00,0.80,0.80,0.80,0.80,-2.43,6.37,0.00,0.00,0.00,0.00,0.80,0.00,0.00,0.00,0
1.79823,-17,7,188,0,DRIVE [ 74 ] [ 1 ] [ 1903 1504 1901 ] [    0    0    0 ] [      0      0      0 ] [ 0 ],drive [ 74 ] [ 0 ] [ 1903 1506 1902 ] [   25   58   27 ] [  13503   6914   9130 ] [ 0 ],1.10,1.10,1.10,1.10,-19.04,8.09,0.00,0.80,0.80,0.80,0.80,-2.69,6.49,0.00,0.00,0.00,0.00,0.80,0.00,0.00,0.00,0
1.80922,-17,7,186,0,DRIVE [ 75 ] [ 1 ] [ 1903 1498 1902 ] [    0    0    0 ] [      0      0      0 ] [ 0 ],drive [ 74 ] [ 0 ] [ 1903 1504 1901 ] [   25   58   27 ] [  13390   6969   9135 ] [ 0 ],1.10,1.10,1.10,1.10,-18.80,8.08,0.00,0.80,0.80,0.80,0.80,-2.95,6.61,0.00,0.00,0.00,0.00,0.80,0.00,0.00,0.00,0
1.82122,-17,7,184,0,DRIVE [ 75 ] [ 1 ] [ 1903 1491 1902 ] [    0    0    0 ] [      0      0      0 ] [ 0 ],drive [ 75 ] [ 0 ] [ 1903 1498 1902 ] [   25   58   27 ] [  13390   6969   9135 ] [ 0 ],1.10,1.10,1.10,1.10,-18.54,8.03,0.00,0.80,0.80,0.80,0.80,-3.21,6.72,0.00,0.00,0.00,0.00,0.80,0.00,0.00,0.00,0
1.83196,-17,7,182,0,DRIVE [ 76 ] [ 1 ] [ 1903 1483 1902 ] [    0    0    0 ] [      0      0      0 ] [ 0 ],drive [ 75 ] [ 0 ] [ 1903 1491 1902 ] [    4   47   25 ] [  13390   6969   9135 ] [ 0 ],1.10,1.10,1.10,1.10,-18.45,8.06,0.00,0.80,0.80,0.80,0.80,-3.47,6.84,0.00,0.00,0.00,0.00,0.80,0.00,0.00,0.00,0
1.84274,-17,7,180,0,DRIVE [ 76 ] [ 1 ] [ 1903 1476 1902 ] [    0    0    0 ] [      0      0      0 ] [ 0 ],drive [ 76 ] [ 0 ] [ 1903 1483 1902 ] [    4   47   25 ] [  13390   6969   9135 ] [ 0 ],1.10,1.10,1.10,1.10,-18.43,8.03,0.00,0.80,0.80,0.80,0.80,-3.73,6.96,0.00,0.00,0.00,0.00,0.80,0.00,0.00,0.00,0
1.85401,-17,7,178,0,DRIVE [ 77 ] [ 1 ] [ 1903 1469 1903 ] [    0    0    0 ] [      0      0      0 ] [ 0 ],drive [ 76 ] [ 0 ] [ 1903 1476 1902 ] [    4   47   25 ] [  13390   6969   9135 ] [ 0 ],1.10,1.10,1.10,1.10,-18.15,8.02,0.00,0.80,0.80,0.80,0.80,-3.98,7.07,0.00,0.00,0.00,0.00,0.80,0.00,0.00,0.00,0
1.8648,-16,7,176,0,DRIVE [ 77 ] [ 1 ] [ 1903 1461 1903 ] [    0    0    0 ] [      0      0      0 ] [ 0 ],drive [ 77 ] [ 0 ] [ 1903 1469 1903 ] [    4   47   25 ] [  13334   7018   9136 ] [ 0 ],1.10,1.10,1.10,1.10,-17.99,8.03,0.00,0.80,0.80,0.80,0.80,-4.23,7.19,0.00,0.00,0.00,0.00,0.80,0.00,0.00,0.00,0
1.87535,-16,7,174,0,DRIVE [ 78 ] [ 1 ] [ 1903 1454 1904 ] [    0    0    0 ] [      0      0      0 ] [ 0 ],drive [ 77 ] [ 0 ] [ 1903 1461 1903 ] [   18   37   25 ] [  13334   7018   9136 ] [ 0 ],1.10,1.10,1.10,1.10,-17.76,8.05,0.00,0.80,0.80,0.80,0.80,-4.48,7.31,0.00,0.00,0.00,0.00,0.80,0.00,0.00,0.00,0
1.88563,-16,7,172,0,DRIVE [ 78 ] [ 1 ] [ 1903 1448 1904 ] [    0    0    0 ] [      0      0      0 ] [ 0 ],drive [ 78 ] [ 0 ] [ 1903 1454 1904 ] [   18   37   25 ] [  13334   7018   9136 ] [ 0 ],1.10,1.10,1.10,1.10,-17.51,7.99,0.00,0.80,0.80,0.80,0.80,-4.72,7.43,0.00,0.00,0.00,0.00,0.80,0.00,0.00,0.00,0
1.89793,-16,7,169,0,DRIVE [ 79 ] [ 1 ] [ 1903 1440 1905 ] [    0    0    0 ] [      0      0      0 ] [ 0 ],drive [ 78 ] [ 0 ] [ 1903 1448 1904 ] [   18   37   25 ] [  13334   7018   9136 ] [ 0 ],1.10,1.10,1.10,1.10,-17.20,7.98,0.00,0.80,0.80,0.80,0.80,-4.96,7.54,0.00,0.00,0.00,0.00,0.80,0.00,0.00,0.00,0
1.9084,-15,7,167,0,DRIVE [ 79 ] [ 1 ] [ 1905 1436 1905 ] [    0    0    0 ] [      0      0      0 ] [ 0 ],drive [ 79 ] [ 0 ] [ 1903 1440 1905 ] [   18   37   25 ] [  13260   7086   9137 ] [ 0 ],1.10,1.10,1.10,1.10,-16.93,7.92,0.00,0.80,0.80,0.80,0.80,-5.20,7.66,0.00,0.00,0.00,0.00,0.80,0.00,0.00,0.00,0
1.91921,-15,7,165,0,DRIVE [ 80 ] [ 1 ] [ 1904 1431 1905 ] [    0    0    0 ] [      0      0      0 ] [ 0 ],drive [ 79 ] [ 0 ] [ 1905 1436 1905 ] [   18   37   25 ] [  13260   7086   9137 ] [ 0 ],1.10,1.10,1.10,1.10,-16.60,7.87,0.00,0.80,0.80,0.80,0.80,-5.43,7.77,0.00,0.00,0.00,0.00,0.80,0.00,0.00,0.00,0
1.92967,-15,7,163,0,DRIVE [ 80 ] [ 1 ] [ 1903 1429 1905 ] [    0    0    0 ] [      0      0      0 ] [ 0 ],drive [ 80 ] [ 0 ] [ 1904 1431 1905 ] [   29   69   24 ] [  13260   7086   9137 ] [ 0 ],1.10,1.10,1.10,1.10,-16.19,7.77,0.00,0.80,0.80,0.80,0.80,-5.66,7.88,0.00,0.00,0.00,0.00,0.80,0.00,0.00,0.00,0
1.94003,-14,7,161,0,DRIVE [ 81 ] [ 1 ] [ 1902 1429 1905 ] [    0    0    0 ] [      0      0      0 ] [ 0 ],drive [ 80 ] [ 0 ] [ 1903 1429 1905 ] [   29   69   24 ] [  13260   7086   9137 ] [ 0 ],1.10,1.10,1.10,1.10,-15.69,7.60,0.00,0.80,0.80,0.80,0.80,-5.88,7.99,0.00,0.00,0.00,0.00,0.80,0.00,0.00,0.00,0
1.95052,-14,7,159,0,DRIVE [ 81 ] [ 1 ] [ 1900 1432 1905 ] [    0    0    0 ] [      0      0      0 ] [ 0 ],drive [ 81 ] [ 0 ] [ 1902 1429 1905 ] [   29   69   24 ] [  13260   7086   9137 ] [ 0 ],1.10,1.10,1.10,1.10,-15.05,7.42,0.00,0.80,0.80,0.80,0.80,-6.08,8.10,0.00,0.00,0.00,0.00,0.80,0.00,0.00,0.00,0
1.96164,-13,7,157,0,DRIVE [ 82 ] [ 1 ] [ 1897 1437 1905 ] [    0    0    0 ] [      0      0      0 ] [ 0 ],drive [ 81 ] [ 0 ] [ 1900 1432 1905 ] [   29   69   24 ] [  13160   7348   9155 ] [ 0 ],1.10,1.10,1.10,1.10,-14.33,7.25,0.00,0.80,0.80,0.80,0.80,-6.28,8.20,0.00,0.00,0.00,0.00,0.80,0.00,0.00,0.00,0
1.97345,-12,6,156,0,DRIVE [ 82 ] [ 1 ] [ 1894 1443 1905 ] [    0    0    0 ] [      0      0      0 ] [ 0 ],drive [ 82 ] [ 0 ] [ 1897 1437 1905 ] [   10   46    1 ] [  13160   7348   9155 ] [ 0 ],1.10,1.10,1.10,1.10,-13.63,7.14,0.00,0.80,0.80,0.80,0.80,-6.47,8.31,0.00,0.00,0.00,0.00,0.80,0.00,-0.00,0.00,0
1.98653,-12,6,154,0,DRIVE [ 83 ] [ 1 ] [ 1891 1446 1905 ] [    0    0    0 ] [      0      0      0 ] [ 0 ],drive [ 82 ] [ 0 ] [ 1894 1443 1905 ] [   10   46    1 ] [  13160   7348   9155 ] [ 0 ],1.10,1.10,1.10,1.10,-12.97,7.14,0.00,0.80,0.80,0.80,0.80,-6.64,8.41,0.00,0.00,0.00,0.00,0.80,0.00,-0.00,0.00,0
1.99721,-11,7,152,0,DRIVE [ 83 ] [ 1 ] [ 1886 1447 1905 ] [    0    0    0 ] [      0      0      0 ] [ 0 ],drive [ 83 ] [ 0 ] [ 1891 1446 1905 ] [   10   46    1 ] [  13160   7348   9155 ] [ 0 ],1.10,1.10,1.10,1.10,-12.42,7.26,0.00,0.80,0.80,0.80,0.80,-6.82,8.52,0.00,0.00,0.00,0.00,0.80,0.00,-0.00,0.00,0
2.00739,-11,7,150,0,DRIVE [ 84 ] [ 1 ] [ 1882 1445 1905 ] [    0    0    0 ] [      0      0      0 ] [ 0 ],drive [ 83 ] [ 0 ] [ 1886 1447 1905 ] [   10   46    1 ] [  13119   7355   9198 ] [ 0 ],1.10,1.10,1.10,1.10,-12.00,7.45,0.00,0.80,0.80,0.80,0.80,-6.99,8.63,0.00,0.00,0.00,0.00,0.80,0.00,-0.00,0.00,0
2.01763,-11,7,148,0,DRIVE [ 84 ] [ 1 ] [ 1879 1441 1905 ] [    0    0    0 ] [      0      0      0 ] [ 0 ],drive [ 84 ] [ 0 ] [ 1882 1445 1905 ] [   10   46    1 ] [  13119   7355   9198 ] [ 0 ],1.10,1.10,1.10,1.10,-11.67,7.60,0.00,0.80,0.80,0.80,0.80,-7.15,8.74,0.00,0.00,0.00,0.00,0.80,0.00,-0.00,0.00,0
2.02923,-10,7,145,0,DRIVE [ 85 ] [ 1 ] [ 1875 1435 1905 ] [    0    0    0 ] [      0      0      0 ] [ 0 ],drive [ 84 ] [ 0 ] [ 1879 1441 1905 ] [   24   45    2 ] [  13119   7355   9198 ] [ 0 ],1.10,1.10,1.10,1.10,-11.39,7.79,0.00,0.80,0.80,0.80,0.80,-7.31,8.86,0.00,0.00,0.00,0.00,0.80,0.00,-0.00,0.00,0
2.03941,-10,7,144,0,DRIVE [ 85 ] [ 1 ] [ 1871 1428 1905 ] [    0    0    0 ] [      0      0      0 ] [ 0 ],drive [ 85 ] [ 0 ] [ 1875 1435 1905 ] [   24   45    2 ] [  13119   7355   9198 ] [ 0 ],1.10,1.10,1.10,1.10,-11.22,8.07,0.00,0.80,0.80,0.80,0.80,-7.48,8.98,0.00,0.00,0.00,0.00,0.80,0.00,-0.00,0.00,0
2.04986,-10,8,142,0,DRIVE [ 86 ] [ 1 ] [ 1867 1418 1905 ] [    0    0    0 ] [      0      0      0 ] [ 0 ],drive [ 85 ] [ 0 ] [ 1871 1428 1905 ] [   24   45    2 ] [  13119   7355   9198 ] [ 0 ],1.10,1.10,1.10,1.10,-11.12,8.35,0.00,0.80,0.80,0.80,0.80,-7.64,9.11,0.00,0.00,0.00,0.00,0.80,0.00,-0.00,0.00,0
2.06059,-10,8,140,0,DRIVE [ 86 ] [ 1 ] [ 1864 1407 1905 ] [    0    0    0 ] [      0      0      0 ] [ 0 ],drive [ 86 ] [ 0 ] [ 1867 1418 1905 ] [   24   45    2 ] [  13117   7355   9198 ] [ 0 ],1.10,1.10,1.10,1.10,-11.07,8.63,0.00,0.80,0.80,0.80,0.80,-7.80,9.24,0.00,0.00,0.00,0.00,0.80,0.00,-0.00,0.00,0
2.07114,-10,8,138,0,DRIVE [ 87 ] [ 1 ] [ 1861 1395 1905 ] [    0    0    0 ] [      0      0      0 ] [ 0 ],drive [ 86 ] [ 0 ] [ 1864 1407 1905 ] [   24   45    2 ] [  13117   7355   9198 ] [ 0 ],1.10,1.10,1.10,1.10,-11.12,8.89,0.00,0.80,0.80,0.80,0.80,-7.96,9.37,0.00,0.00,0.00,0.00,0.80,0.00,-0.00,0.00,0
2.08142,-10,8,136,0,DRIVE [ 87 ] [ 1 ] [ 1858 1381 1905 ] [    0    0    0 ] [      0      0      0 ] [ 0 ],drive [ 87 ] [ 0 ] [ 1861 1395 1905 ] [   25   45    2 ] [  13117   7355   9198 ] [ 0 ],1.10,1.10,1.10,1.10,-11.14,9.14,0.00,0.80,0.80,0.80,0.80,-8.13,9.51,0.00,0.00,0.00,0.00,0.80,0.00,-0.00,0.00,0
2.09231,-10,9,134,0,DRIVE [ 88 ] [ 1 ] [ 1855 1367 1905 ] [    0    0    0 ] [      0      0      0 ] [ 0 ],drive [ 87 ] [ 0 ] [ 1858 1381 1905 ] [   25   45    2 ] [  13117   7355   9198 ] [ 0 ],1.10,1.10,1.10,1.10,-11.19,9.38,0.00,0.80,0.80,0.80,0.80,-8.29,9.65,0.00,0.00,0.00,0.00,0.80,0.00,-0.00,0.00,0
2.10232,-10,9,132,0,DRIVE [ 88 ] [ 1 ] [ 1852 1352 1905 ] [    0    0    0 ] [      0      0      0 ] [ 0 ],drive [ 88 ] [ 0 ] [ 1855 1367 1905 ] [   25   45    2 ] [  13117   7355   9198 ] [ 0 ],1.10,1.10,1.10,1.10,-11.22,9.62,0.00,0.80,0.80,0.80,0.80,-8.46,9.79,0.00,0.00,0.00,0.00,0.80,0.00,-0.00,0.00,0
2.11256,-10,9,130,0,DRIVE [ 89 ] [ 1 ] [ 1849 1338 1905 ] [    0    0    0 ] [      0      0      0 ] [ 0 ],drive [ 88 ] [ 0 ] [ 1852 1352 1905 ] [   25   45    2 ] [  13118   7406   9198 ] [ 0 ],1.10,1.10,1.10,1.10,-11.24,9.89,0.00,0.80,0.80,0.80,0.80,-8.62,9.94,0.00,0.00,0.00,0.00,0.80,0.00,0.00,0.00,0
2.12332,-10,9,128,0,DRIVE [ 89 ] [ 1 ] [ 1845 1324 1905 ] [    0    0    0 ] [      0      0      0 ] [ 0 ],drive [ 89 ] [ 0 ] [ 1849 1338 1905 ] [   27   55    2 ] [  13118   7406   9198 ] [ 0 ],1.10,1.10,1.10,1.10,-11.20,10.13,0.00,0.80,0.80,0.80,0.80,-8.79,10.09,0.00,0.00,0.00,0.00,0.80,0.00,0.00,0.00,0
2.13388,-10,9,126,0,DRIVE [ 90 ] [ 1 ] [ 1842 1313 1905 ] [    0    0    0 ] [      0      0      0 ] [ 0 ],drive [ 89 ] [ 0 ] [ 1845 1324 1905 ] [   27   55    2 ] [  13118   7406   9198 ] [ 0 ],1.10,1.10,1.10,1.10,-11.11,10.32,0.00,0.80,0.80,0.80,0.80,-8.95,10.24,0.00,0.00,0.00,0.00,0.80,0.00,0.00,0.00,0
2.1441,-10,9,125,0,DRIVE [ 90 ] [ 1 ] [ 1837 1307 1905 ] [    0    0    0 ] [      0      0      0 ] [ 0 ],drive [ 90 ] [ 0 ] [ 1842 1313 1905 ] [   27   55    2 ] [  13118   7406   9198 ] [ 0 ],1.10,1.10,1.10,1.10,-10.81,10.41,0.00,0.80,0.80,0.80,0.80,-9.10,10.39,0.00,0.00,0.00,0.00,0.80,0.00,0.00,0.00,0
2.15473,-9,9,123,0,DRIVE [ 91 ] [ 1 ] [ 1832 1305 1905 ] [    0    0    0 ] [      0      0      0 ] [ 0 ],drive [ 90 ] [ 0 ] [ 1837 1307 1905 ] [   27   55    2 ] [  13118   7406   9198 ] [ 0 ],1.10,1.10,1.10,1.10,-10.34,10.41,0.00,0.80,0.80,0.80,0.80,-9.25,10.54,0.00,0.00,0.00,0.00,0.80,0.00,-0.00,0.00,0
2.16502,-9,9,121,0,DRIVE [ 91 ] [ 1 ] [ 1828 1307 1905 ] [    0    0    0 ] [      0      0      0 ] [ 0 ],drive [ 91 ] [ 0 ] [ 1832 1305 1905 ] [   27   55    2 ] [  13080   7754   9191 ] [ 0 ],1.10,1.10,1.10,1.10,-9.76,10.28,0.00,0.80,0.80,0.80,0.80,-9.38,10.68,0.00,0.00,0.00,0.00,0.80,0.00,-0.00,0.00,0
2.17516,-8,9,119,0,DRIVE [ 92 ] [ 1 ] [ 1824 1312 1905 ] [    0    0    0 ] [      0      0      0 ] [ 0 ],drive [ 91 ] [ 0 ] [ 1828 1307 1905 ] [    7   77    1 ] [  13080   7754   9191 ] [ 0 ],1.10,1.10,1.10,1.10,-9.07,10.05,0.00,0.80,0.80,0.80,0.80,-9.50,10.83,0.00,0.00,0.00,0.00,0.80,0.00,-0.00,0.00,0
2.18565,-8,9,118,0,DRIVE [ 92 ] [ 1 ] [ 1819 1319 1905 ] [    0    0    0 ] [      0      0      0 ] [ 0 ],drive [ 92 ] [ 0 ] [ 1824 1312 1905 ] [    7   77    1 ] [  13080   7754   9191 ] [ 0 ],1.10,1.10,1.10,1.10,-8.40,9.81,0.00,0.80,0.80,0.80,0.80,-9.62,10.96,0.00,0.00,0.00,0.00,0.80,0.00,-0.00,0.00,0
2.19603,-7,9,116,0,DRIVE [ 93 ] [ 1 ] [ 1815 1325 1905 ] [    0    0    0 ] [      0      0      0 ] [ 0 ],drive [ 92 ] [ 0 ] [ 1819 1319 1905 ] [    7   77    1 ] [  13080   7754   9191 ] [ 0 ],1.10,1.10,1.10,1.10,-7.76,9.57,0.00,0.80,0.80,0.80,0.80,-9.72,11.10,0.00,0.00,0.00,0.00,0.80,0.00,-0.00,0.00,0
2.20621,-7,8,115,0,DRIVE [ 93 ] [ 1 ] [ 1812 1328 1905 ] [    0    0    0 ] [      0      0      0 ] [ 0 ],drive [ 93 ] [ 0 ] [ 1815 1325 1905 ] [    7   77    1 ] [  13060   7914   9185 ] [ 0 ],1.10,1.10,1.10,1.10,-7.19,9.32,0.00,0.80,0.80,0.80,0.80,-9.82,11.23,0.00,0.00,0.00,0.00,0.80,0.00,-0.00,0.00,0
2.21624,-6,8,113,0,DRIVE [ 94 ] [ 1 ] [ 1808 1329 1905 ] [    0    0    0 ] [      0      0      0 ] [ 0 ],drive [ 93 ] [ 0 ] [ 1812 1328 1905 ] [    7   77    1 ] [  13060   7914   9185 ] [ 0 ],1.10,1.10,1.10,1.10,-6.72,9.10,0.00,0.80,0.80,0.80,0.80,-9.92,11.36,0.00,0.00,0.00,0.00,0.80,0.00,-0.00,0.00,0
2.22663,-6,8,111,0,DRIVE [ 94 ] [ 1 ] [ 1806 1327 1905 ] [    0    0    0 ] [      0      0      0 ] [ 0 ],drive [ 94 ] [ 0 ] [ 1808 1329 1905 ] [    8   62    1 ] [  13060   7914   9185 ] [ 0 ],1.10,1.10,1.10,1.10,-6.39,8.91,0.00,0.80,0.80,0.80,0.80,-10.01,11.48,0.00,0.00,0.00,0.00,0.80,0.00,-0.00,0.00,0
2.23833,-6,8,110,0,DRIVE [ 95 ] [ 1 ] [ 1804 1322 1905 ] [    0    0    0 ] [      0      0      0 ] [ 0 ],drive [ 94 ] [ 0 ] [ 1806 1327 1905 ] [    8   62    1 ] [  13060   7914   9185 ] [ 0 ],1.10,1.10,1.10,1.10,-6.20,8.71,0.00,0.80,0.80,0.80,0.80,-10.10,11.61,0.00,0.00,0.00,0.00,0.80,0.00,-0.00,0.00,0
2.25029,-6,8,108,0,DRIVE [ 95 ] [ 1 ] [ 1804 1316 1905 ] [    0    0    0 ] [      0      0      0 ] [ 0 ],drive [ 95 ] [ 0 ] [ 1804 1322 1905 ] [    8   62    1 ] [  13060   7914   9185 ] [ 0 ],1.10,1.10,1.10,1.10,-6.06,8.47,0.00,0.80,0.80,0.80,0.80,-10.19,11.73,0.00,0.00,0.00,0.00,0.80,0.00,-0.00,0.00,0
2.26249,-5,7,107,0,DRIVE [ 96 ] [ 1 ] [ 1805 1310 1905 ] [    0    0    0 ] [      0      0      0 ] [ 0 ],drive [ 95 ] [ 0 ] [ 1804 1316 1905 ] [    8   62    1 ] [  13061   7914   9177 ] [ 0 ],1.10,1.10,1.10,1.10,-5.97,8.14,0.00,0.80,0.80,0.80,0.80,-10.28,11.84,0.00,0.00,0.00,0.00,0.80,0.00,-0.00,0.00,0
2.27419,-5,7,105,0,DRIVE [ 96 ] [ 1 ] [ 1807 1303 1905 ] [    0    0    0 ] [      0      0      0 ] [ 0 ],drive [ 96 ] [ 0 ] [ 1805 1310 1905 ] [   10   59   14 ] [  13061   7914   9177 ] [ 0 ],1.10,1.10,1.10,1.10,-5.91,7.75,0.00,0.80,0.80,0.80,0.80,-10.37,11.95,0.00,0.00,0.00,0.00,0.80,0.00,-0.00,0.00,0
2.2853,-5,7,103,0,DRIVE [ 97 ] [ 1 ] [ 1810 1296 1905 ] [    0    0    0 ] [      0      0      0 ] [ 0 ],drive [ 96 ] [ 0 ] [ 1807 1303 1905 ] [   10   59   14 ] [  13061   7914   9177 ] [ 0 ],1.10,1.10,1.10,1.10,-5.88,7.31,0.00,0.80,0.80,0.80,0.80,-10.46,12.05,0.00,0.00,0.00,0.00,0.80,0.00,-0.00,0.00,0
2.29707,-5,6,102,0,DRIVE [ 97 ] [ 1 ] [ 1814 1288 1905 ] [    0    0    0 ] [      0      0      0 ] [ 0 ],drive [ 97 ] [ 0 ] [ 1810 1296 1905 ] [   10   59   14 ] [  13061   7914   9177 ] [ 0 ],1.10,1.10,1.10,1.10,-5.85,6.82,0.00,0.80,0.80,0.80,0.80,-10.55,12.14,0.00,0.00,0.00,0.00,0.80,0.00,-0.00,0.00,0
2.30815,-5,6,100,0,DRIVE [ 98 ] [ 1 ] [ 1819 1280 1905 ] [    0    0    0 ] [      0      0      0 ] [ 0 ],drive [ 97 ] [ 0 ] [ 1814 1288 1905 ] [   10   59   14 ] [  13062   7965   9125 ] [ 0 ],1.10,1.10,1.10,1.10,-5.85,6.31,0.00,0.80,0.80,0.80,0.80,-10.63,12.23,0.00,0.00,0.00,0.00,0.80,0.00,-0.00,0.00,0
2.3183,-5,5,99,0,DRIVE [ 98 ] [ 1 ] [ 1824 1272 1905 ] [    0    0    0 ] [      0      0      0 ] [ 0 ],drive [ 98 ] [ 0 ] [ 1819 1280 1905 ] [   10   59   14 ] [  13062   7965   9125 ] [ 0 ],1.10,1.10,1.10,1.10,-5.86,5.79,0.00,0.80,0.80,0.80,0.80,-10.72,12.31,0.00,0.00,0.00,0.00,0.80,0.00,-0.00,0.00,0
2.33039,-5,5,97,0,DRIVE [ 99 ] [ 1 ] [ 1829 1264 1905 ] [    0    0    0 ] [      0      0      0 ] [ 0 ],drive [ 98 ] [ 0 ] [ 1824 1272 1905 ] [    8   70   27 ] [  13062   7965   9125 ] [ 0 ],1.10,1.10,1.10,1.10,-5.83,5.30,0.00,0.80,0.80,0.80,0.80,-10.81,12.38,0.00,0.00,0.00,0.00,0.80,0.00,-0.00,0.00,0
2.34227,-5,4,96,0,DRIVE [ 99 ] [ 1 ] [ 1834 1258 1905 ] [    0    0    0 ] [      0      0      0 ] [ 0 ],drive [ 99 ] [ 0 ] [ 1829 1264 1905 ] [    8   70   27 ] [  13062   7965   9125 ] [ 0 ],1.10,1.10,1.10,1.10,-5.76,4.74,0.00,0.80,0.80,0.80,0.80,-10.89,12.44,0.00,0.00,0.00,0.00,0.80,0.00,-0.00,0.00,0
2.35289,-5,4,94,0,DRIVE [ 00 ] [ 1 ] [ 1839 1252 1905 ] [    0    0    0 ] [      0      0      0 ] [ 0 ],drive [ 99 ] [ 0 ] [ 1834 1258 1905 ] [    8   70   27 ] [  13062   7965   9125 ] [ 0 ],1.10,1.10,1.10,1.10,-5.68,4.22,0.00,0.80,0.80,0.80,0.80,-10.98,12.50,0.00,0.00,0.00,0.00,0.80,0.00,-0.00,0.00,0
2.36282,-5,3,93,0,DRIVE [ 00 ] [ 1 ] [ 1844 1247 1905 ] [    0    0    0 ] [      0      0      0 ] [ 0 ],drive [ 00 ] [ 0 ] [ 1839 1252 1905 ] [    8   70   27 ] [  13059   8106   9118 ] [ 0 ],1.10,1.10,1.10,1.10,-5.56,3.69,0.00,0.80,0.80,0.80,0.80,-11.06,12.55,0.00,0.00,0.00,0.00,0.80,0.00,-0.00,0.00,0
2.37385,-5,3,91,0,DRIVE [ 01 ] [ 1 ] [ 1849 1243 1905 ] [    0    0    0 ] [      0      0      0 ] [ 0 ],drive [ 00 ] [ 0 ] [ 1844 1247 1905 ] [    7   63   25 ] [  13059   8106   9118 ] [ 0 ],1.10,1.10,1.10,1.10,-5.39,3.16,0.00,0.80,0.80,0.80,0.80,-11.14,12.59,0.00,0.00,0.00,0.00,0.80,0.00,-0.00,0.00,0
2.3865,-5,2,90,0,DRIVE [ 01 ] [ 1 ] [ 1854 1241 1905 ] [    0    0    0 ] [      0      0      0 ] [ 0 ],drive [ 01 ] [ 0 ] [ 1849 1243 1905 ] [    7   63   25 ] [  13059   8106   9118 ] [ 0 ],1.10,1.10,1.10,1.10,-5.16,2.61,0.00,0.80,0.80,0.80,0.80,-11.21,12.62,0.00,0.00,0.00,0.00,0.80,0.00,-0.00,0.00,0
2.39823,-4,2,88,0,DRIVE [ 02 ] [ 1 ] [ 1858 1240 1905 ] [    0    0    0 ] [      0      0      0 ] [ 0 ],drive [ 01 ] [ 0 ] [ 1854 1241 1905 ] [    7   63   25 ] [  13059   8106   9118 ] [ 0 ],1.10,1.10,1.10,1.10,-4.92,2.09,0.00,0.80,0.80,0.80,0.80,-11.28,12.65,0.00,0.00,0.00,0.00,0.80,0.00,-0.00,0.00,0
2.40816,-4,1,87,0,DRIVE [ 02 ] [ 1 ] [ 1862 1238 1905 ] [    0    0    0 ] [      0      0      0 ] [ 0 ],drive [ 02 ] [ 0 ] [ 1858 1240 1905 ] [    7   63   25 ] [  13004   8196   9112 ] [ 0 ],1.10,1.10,1.10,1.10,-4.67,1.58,0.00,0.80,0.80,0.80,0.80,-11.35,12.67,0.00,0.00,0.00,0.00,0.80,0.00,-0.00,0.00,0
2.41944,-4,1,85,0,DRIVE [ 03 ] [ 1 ] [ 1867 1237 1905 ] [    0    0    0 ] [      0      0      0 ] [ 0 ],drive [ 02 ] [ 0 ] [ 1862 1238 1905 ] [    7   63   25 ] [  13004   8196   9112 ] [ 0 ],1.10,1.10,1.10,1.10,-4.43,1.07,0.00,0.80,0.80,0.80,0.80,-11.41,12.68,0.00,0.00,0.00,0.00,0.80,0.00,-0.00,0.00,0
2.43047,-4,1,84,0,DRIVE [ 03 ] [ 1 ] [ 1872 1234 1905 ] [    0    0    0 ] [      0      0      0 ] [ 0 ],drive [ 03 ] [ 0 ] [ 1867 1237 1905 ] [   29   74   25 ] [  13004   8196   9112 ] [ 0 ],1.10,1.10,1.10,1.10,-4.21,0.57,0.00,0.80,0.80,0.80,0.80,-11.47,12.68,0.00,0.00,0.00,0.00,0.80,0.00,-0.00,0.00,0
2.44229,-4,0,82,0,DRIVE [ 04 ] [ 1 ] [ 1878 1231 1905 ] [    0    0    0 ] [      0      0      0 ] [ 0 ],drive [ 03 ] [ 0 ] [ 1872 1234 1905 ] [   29   74   25 ] [  13004   8196   9112 ] [ 0 ],1.10,1.10,1.10,1.10,-4.03,0.07,0.00,0.80,0.80,0.80,0.80,-11.53,12.68,0.00,0.00,0.00,0.00,0.80,0.00,-0.00,0.00,0
2.45568,-3,0,81,0,DRIVE [ 04 ] [ 1 ] [ 1884 1228 1905 ] [    0    0    0 ] [      0      0      0 ] [ 0 ],drive [ 04 ] [ 0 ] [ 1878 1231 1905 ] [   29   74   25 ] [  13004   8196   9112 ] [ 0 ],1.10,1.10,1.10,1.10,-3.84,-0.44,0.00,0.80,0.80,0.80,0.80,-11.59,12.67,0.00,0.00,0.00,0.00,0.80,0.00,0.00,0.00,0
2.46748,-3,-1,80,0,DRIVE [ 05 ] [ 1 ] [ 1889 1226 1905 ] [    0    0    0 ] [      0      0      0 ] [ 0 ],drive [ 04 ] [ 0 ] [ 1884 1228 1905 ] [   29   74   25 ] [  12958   8197   9112 ] [ 0 ],1.10,1.10,1.10,1.10,-3.61,-0.92,0.00,0.80,0.80,0.80,0.80,-11.64,12.66,0.00,0.00,0.00,0.00,0.80,0.00,0.00,0.00,0
2.47736,-3,-1,78,0,DRIVE [ 05 ] [ 1 ] [ 1894 1227 1905 ] [    0    0    0 ] [      0      0      0 ] [ 0 ],drive [ 05 ] [ 0 ] [ 1889 1226 1905 ] [    6   82   25 ] [  12958   8197   9112 ] [ 0 ],1.10,1.10,1.10,1.10,-3.32,-1.42,0.00,0.80,0.80,0.80,0.80,-11.69,12.64,0.00,0.00,0.00,0.00,0.80,0.00,0.00,0.00,0
2.48742,-3,-2,77,0,DRIVE [ 06 ] [ 1 ] [ 1900 1234 1905 ] [    0    0    0 ] [      0      0      0 ] [ 0 ],drive [ 05 ] [ 0 ] [ 1894 1227 1905 ] [    6   82   25 ] [  12958   8197   9112 ] [ 0 ],1.10,1.10,1.10,1.10,-2.93,-1.99,0.00,0.80,0.80,0.80,0.80,-11.72,12.60,0.00,0.00,0.00,0.00,0.80,0.00,0.00,0.00,0
2.498,-2,-2,76,0,DRIVE [ 06 ] [ 1 ] [ 1900 1246 1905 ] [    0    0    0 ] [      0      0      0 ] [ 0 ],drive [ 06 ] [ 0 ] [ 1900 1234 1905 ] [    6   82   25 ] [  12958   8197   9112 ] [ 0 ],1.10,1.10,1.10,1.10,-2.45,-2.63,0.00,0.80,0.80,0.80,0.80,-11.76,12.56,0.00,0.00,0.00,0.00,0.80,0.00,0.00,0.00,0
2.50953,-2,-3,75,0,DRIVE [ 07 ] [ 1 ] [ 1900 1271 1900 ] [    0    0    0 ] [      0      0      0 ] [ 0 ],drive [ 06 ] [ 0 ] [ 1900 1246 1905 ] [    6   82   25 ] [  12918   8373   9112 ] [ 0 ],1.10,1.10,1.10,1.10,-1.93,-3.28,0.00,0.80,0.80,0.80,0.80,-11.78,12.51,0.00,0.00,0.00,0.00,0.80,0.00,0.00,0.00,0
2.5222,-1,-4,73,0,DRIVE [ 07 ] [ 1 ] [ 1900 1301 1894 ] [    0    0    0 ] [      0      0      0 ] [ 0 ],drive [ 07 ] [ 0 ] [ 1900 1271 1900 ] [    6   82   25 ] [  12918   8373   9112 ] [ 0 ],1.10,1.10,1.10,1.10,-1.35,-3.97,0.00,0.80,0.80,0.80,0.80,-11.79,12.45,0.00,0.00,0.00,0.00,0.80,0.00,0.00,0.00,0
2.53175,-1,-4,72,0,DRIVE [ 08 ] [ 1 ] [ 1900 1331 1889 ] [    0    0    0 ] [      0      0      0 ] [ 0 ],drive [ 07 ] [ 0 ] [ 1900 1301 1894 ] [    9   64   26 ] [  12918   8373   9112 ] [ 0 ],1.10,1.10,1.10,1.10,-0.75,-4.63,0.00,0.80,0.80,0.80,0.80,-11.80,12.38,0.00,0.00,0.00,0.00,0.80,0.00,0.00,0.00,0
2.54182,0,-5,71,0,DRIVE [ 08 ] [ 1 ] [ 1900 1360 1886 ] [    0    0    0 ] [      0      0      0 ] [ 0 ],drive [ 08 ] [ 0 ] [ 1900 1331 1889 ] [    9   64   26 ] [  12918   8373   9112 ] [ 0 ],1.10,1.10,1.10,1.10,-0.14,-5.22,0.00,0.80,0.80,0.80,0.80,-11.80,12.30,0.00,0.00,0.00,0.00,0.80,0.00,0.00,0.00,0
2.55389,0,-5,70,0,DRIVE [ 09 ] [ 1 ] [ 1900 1390 1881 ] [    0    0    0 ] [      0      0      0 ] [ 0 ],drive [ 08 ] [ 0 ] [ 1900 1360 1886 ] [    9   64   26 ] [  12918   8373   9112 ] [ 0 ],1.10,1.10,1.10,1.10,0.44,-5.84,0.00,0.80,0.80,0.80,0.80,-11.78,12.21,0.00,0.00,0.00,0.00,0.80,0.00,0.00,0.00,0
2.5659,1,-6,69,0,DRIVE [ 09 ] [ 1 ] [ 1900 1421 1876 ] [    0    0    0 ] [      0      0      0 ] [ 0 ],drive [ 09 ] [ 0 ] [ 1900 1390 1881 ] [    9   64   26 ] [  12916   8399   9112 ] [ 0 ],1.10,1.10,1.10,1.10,0.99,-6.43,0.00,0.80,0.80,0.80,0.80,-11.77,12.12,0.00,0.00,0.00,0.00,0.80,0.00,0.00,0.00,0
2.57852,1,-6,68,0,DRIVE [ 10 ] [ 1 ] [ 1900 1452 1870 ] [    0    0    0 ] [      0      0      0 ] [ 0 ],drive [ 09 ] [ 0 ] [ 1900 1421 1876 ] [   11   51   27 ] [  12916   8399   9112 ] [ 0 ],1.10,1.10,1.10,1.10,1.51,-7.03,0.00,0.80,0.80,0.80,0.80,-11.74,12.01,0.00,0.00,0.00,0.00,0.80,0.00,0.00,0.00,0
2.59122,2,-7,66,0,DRIVE [ 10 ] [ 1 ] [ 1900 1484 1863 ] [    0    0    0 ] [      0      0      0 ] [ 0 ],drive [ 10 ] [ 0 ] [ 1900 1452 1870 ] [   11   51   27 ] [  12916   8399   9112 ] [ 0 ],1.10,1.10,1.10,1.10,2.00,-7.66,0.00,0.80,0.80,0.80,0.80,-11.71,11.90,0.00,0.00,0.00,0.00,0.80,0.00,0.00,0.00,0
2.602,2,-8,65,0,DRIVE [ 11 ] [ 1 ] [ 1900 1518 1856 ] [    0    0    0 ] [      0      0      0 ] [ 0 ],drive [ 10 ] [ 0 ] [ 1900 1484 1863 ] [   11   51   27 ] [  12916   8399   9112 ] [ 0 ],1.10,1.10,1.10,1.10,2.50,-8.28,0.00,0.80,0.80,0.80,0.80,-11.67,11.78,0.00,0.00,0.00,0.00,0.80,0.00,0.00,0.00,0
2.61156,3,-8,64,0,DRIVE [ 11 ] [ 1 ] [ 1900 1552 1848 ] [    0    0    0 ] [      0      0      0 ] [ 0 ],drive [ 11 ] [ 0 ] [ 1900 1518 1856 ] [   11   51   27 ] [  12914   8390   9112 ] [ 0 ],1.10,1.10,1.10,1.10,2.99,-8.90,0.00,0.80,0.80,0.80,0.80,-11.63,11.65,0.00,0.00,0.00,0.00,0.80,0.00,0.00,0.00,0
2.62187,3,-9,63,0,DRIVE [ 12 ] [ 1 ] [ 1900 1585 1840 ] [    0    0    0 ] [      0      0      0 ] [ 0 ],drive [ 11 ] [ 0 ] [ 1900 1552 1848 ] [   11   40   29 ] [  12914   8390   9112 ] [ 0 ],1.10,1.10,1.10,1.10,3.48,-9.49,0.00,0.80,0.80,0.80,0.80,-11.58,11.51,0.00,0.00,0.00,0.00,0.80,0.00,0.00,0.00,0
2.63381,4,-9,62,0,DRIVE [ 12 ] [ 1 ] [ 1900 1619 1833 ] [    0    0    0 ] [      0      0      0 ] [ 0 ],drive [ 12 ] [ 0 ] [ 1900 1585 1840 ] [   11   40   29 ] [  12914   8390   9112 ] [ 0 ],1.10,1.10,1.10,1.10,3.99,-10.06,0.00,0.80,0.80,0.80,0.80,-11.51,11.36,0.00,0.00,0.00,0.00,0.80,0.00,0.00,0.00,0
2.64613,4,-10,61,0,DRIVE [ 13 ] [ 1 ] [ 1900 1651 1825 ] [    0    0    0 ] [      0      0      0 ] [ 0 ],drive [ 12 ] [ 0 ] [ 1900 1619 1833 ] [   11   40   29 ] [  12914   8390   9112 ] [ 0 ],1.10,1.10,1.10,1.10,4.49,-10.60,0.00,0.80,0.80,0.80,0.80,-11.45,11.21,0.00,0.00,0.00,0.00,0.80,0.00,0.00,0.00,0
2.65913,5,-10,60,0,DRIVE [ 13 ] [ 1 ] [ 1900 1682 1817 ] [    0    0    0 ] [      0      0      0 ] [ 0 ],drive [ 13 ] [ 0 ] [ 1900 1651 1825 ] [   11   40   29 ] [  12912   8308   9117 ] [ 0 ],1.10,1.10,1.10,1.10,4.98,-11.10,0.00,0.80,0.80,0.80,0.80,-11.37,11.05,0.00,0.00,0.00,0.00,0.80,0.00,0.00,0.00,0
2.66866,5,-11,59,0,DRIVE [ 14 ] [ 1 ] [ 1900 1711 1808 ] [    0    0    0 ] [      0      0      0 ] [ 0 ],drive [ 13 ] [ 0 ] [ 1900 1682 1817 ] [   11   40   29 ] [  12912   8308   9117 ] [ 0 ],1.10,1.10,1.10,1.10,5.47,-11.56,0.00,0.80,0.80,0.80,0.80,-11.29,10.88,0.00,0.00,0.00,0.00,0.80,0.00,0.00,0.00,0
2.67826,5,-11,58,0,DRIVE [ 14 ] [ 1 ] [ 1900 1736 1801 ] [    0    0    0 ] [      0      0      0 ] [ 0 ],drive [ 14 ] [ 0 ] [ 1900 1711 1808 ] [   16   47   34 ] [  12912   8308   9117 ] [ 0 ],1.10,1.10,1.10,1.10,5.92,-11.91,0.00,0.80,0.80,0.80,0.80,-11.21,10.72,0.00,0.00,0.00,0.00,0.80,0.00,0.00,0.00,0
2.68997,6,-11,57,0,DRIVE [ 15 ] [ 1 ] [ 1900 1759 1792 ] [    0    0    0 ] [      0      0      0 ] [ 0 ],drive [ 14 ] [ 0 ] [ 1900 1736 1801 ] [   16   47   34 ] [  12912   8308   9117 ] [ 0 ],1.10,1.10,1.10,1.10,6.38,-12.23,0.00,0.80,0.80,0.80,0.80,-11.12,10.55,0.00,0.00,0.00,0.00,0.80,0.00,0.00,0.00,0
2.70188,6,-11,56,0,DRIVE [ 15 ] [ 1 ] [ 1900 1781 1780 ] [    0    0    0 ] [      0      0      0 ] [ 0 ],drive [ 15 ] [ 0 ] [ 1900 1759 1792 ] [   16   47   34 ] [  12912   8308   9117 ] [ 0 ],1.10,1.10,1.10,1.10,6.82,-12.58,0.00,0.80,0.80,0.80,0.80,-11.02,10.37,0.00,0.00,0.00,0.00,0.80,0.00,0.00,0.00,0
2.71384,7,-12,55,0,DRIVE [ 16 ] [ 1 ] [ 1900 1801 1764 ] [    0    0    0 ] [      0      0      0 ] [ 0 ],drive [ 15 ] [ 0 ] [ 1900 1781 1780 ] [   16   47   34 ] [  12893   8081   9153 ] [ 0 ],1.10,1.10,1.10,1.10,7.27,-12.93,0.00,0.80,0.80,0.80,0.80,-10.91,10.18,0.00,0.00,0.00,0.00,0.80,0.00,0.00,0.00,0
2.72368,7,-12,54,0,DRIVE [ 16 ] [ 1 ] [ 1900 1819 1744 ] [    0    0    0 ] [      0      0      0 ] [ 0 ],drive [ 16 ] [ 0 ] [ 1900 1801 1764 ] [   17   29   29 ] [  12893   8081   9153 ] [ 0 ],1.10,1.10,1.10,1.10,7.70,-13.29,0.00,0.80,0.80,0.80,0.80,-10.80,9.99,0.00,0.00,0.00,0.00,0.80,0.00,0.00,0.00,0
2.73398,7,-12,52,0,DRIVE [ 17 ] [ 1 ] [ 1900 1835 1717 ] [    0    0    0 ] [      0      0      0 ] [ 0 ],drive [ 16 ] [ 0 ] [ 1900 1819 1744 ] [   17   29   29 ] [  12893   8081   9153 ] [ 0 ],1.10,1.10,1.10,1.10,8.11,-13.64,0.00,0.80,0.80,0.80,0.80,-10.68,9.80,0.00,0.00,0.00,0.00,0.80,0.00,0.00,0.00,0
2.74592,8,-13,51,0,DRIVE [ 17 ] [ 1 ] [ 1900 1850 1683 ] [    0    0    0 ] [      0      0      0 ] [ 0 ],drive [ 17 ] [ 0 ] [ 1900 1835 1717 ] [   17   29   29 ] [  12893   8081   9153 ] [ 0 ],1.10,1.10,1.10,1.10,8.52,-14.02,0.00,0.80,0.80,0.80,0.80,-10.56,9.59,0.00,0.00,0.00,0.00,0.80,0.00,0.00,0.00,0
2.75788,8,-13,50,0,DRIVE [ 18 ] [ 1 ] [ 1900 1865 1642 ] [    0    0    0 ] [      0      0      0 ] [ 0 ],drive [ 17 ] [ 0 ] [ 1900 1850 1683 ] [   17   29   29 ] [  12903   7921   9170 ] [ 0 ],1.10,1.10,1.10,1.10,8.94,-14.40,0.00,0.80,0.80,0.80,0.80,-10.43,9.39,0.00,0.00,0.00,0.00,0.80,0.00,0.00,0.00,0
2.76987,8,-13,49,0,DRIVE [ 18 ] [ 1 ] [ 1900 1879 1596 ] [    0    0    0 ] [      0      0      0 ] [ 0 ],drive [ 18 ] [ 0 ] [ 1900 1865 1642 ] [   17   29   29 ] [  12903   7921   9170 ] [ 0 ],1.10,1.10,1.10,1.10,9.34,-14.77,0.00,0.80,0.80,0.80,0.80,-10.30,9.17,0.00,0.00,0.00,0.00,0.80,0.00,0.00,0.00,0
2.78187,9,-14,48,0,DRIVE [ 19 ] [ 1 ] [ 1900 1892 1550 ] [    0    0    0 ] [      0      0      0 ] [ 0 ],drive [ 18 ] [ 0 ] [ 1900 1879 1596 ] [   13   15   31 ] [  12903   7921   9170 ] [ 0 ],1.10,1.10,1.10,1.10,9.69,-15.05,0.00,0.80,0.80,0.80,0.80,-10.16,8.96,0.00,0.00,0.00,0.00,0.80,0.00,0.00,0.00,0
2.79207,9,-14,47,0,DRIVE [ 19 ] [ 1 ] [ 1905 1892 1505 ] [    0    0    0 ] [      0      0      0 ] [ 0 ],drive [ 19 ] [ 0 ] [ 1900 1892 1550 ] [   13   15   31 ] [  12903   7921   9170 ] [ 0 ],1.10,1.10,1.10,1.10,10.03,-15.27,0.00,0.80,0.80,0.80,0.80,-10.01,8.74,0.00,0.00,0.00,0.00,0.80,0.00,0.00,0.00,0
2.80181,9,-14,46,0,DRIVE [ 20 ] [ 1 ] [ 1892 1892 1491 ] [    0    0    0 ] [      0      0      0 ] [ 0 ],drive [ 19 ] [ 0 ] [ 1905 1892 1505 ] [   13   15   31 ] [  12903   7921   9170 ] [ 0 ],1.10,1.10,1.10,1.10,10.34,-15.33,0.00,0.80,0.80,0.80,0.80,-9.86,8.52,0.00,0.00,0.00,0.00,0.80,0.00,0.00,0.00,0
2.81405,10,-14,45,0,DRIVE [ 20 ] [ 1 ] [ 1878 1892 1486 ] [    0    0    0 ] [      0      0      0 ] [ 0 ],drive [ 20 ] [ 0 ] [ 1892 1892 1491 ] [   13   15   31 ] [  12906   7718   9430 ] [ 0 ],1.10,1.10,1.10,1.10,10.64,-15.23,0.00,0.80,0.80,0.80,0.80,-9.71,8.31,0.00,0.00,0.00,0.00,0.80,0.00,0.00,0.00,0
2.8258,10,-14,44,1,DRIVE [ 21 ] [ 1 ] [ 1864 1892 1482 ] [    0    0    0 ] [      0      0      0 ] [ 0 ],drive [ 20 ] [ 0 ] [ 1878 1892 1486 ] [   14   26   62 ] [  12906   7718   9430 ] [ 0 ],1.10,1.10,1.10,1.10,10.93,-15.07,0.00,0.80,0.80,0.80,0.80,-9.55,8.10,0.00,0.00,0.00,0.00,0.80,0.00,0.00,0.00,0
