timestamp,Xmm,Ymm,Zmm,TouchDetected,OutgoingPacket,IncomingPacket,GainPropAb, GainPropAd, GainPropFl, GainPropEx,PropA, PropB, PropC,GainIntegAb, GainIntegAd, GainIntegFl, GainIntegEx,IntegA, IntegB, IntegC,GainDerivAb, GainDerivAd, GainDerivFl, GainDerivEx,DerivA, DerivB, DerivC,Heading5
0.139283,27,56,453,0,DRIVE [ 66 ] [ 1 ] [ 1881 1883 1885 ] [    0    0    0 ] [      0      0      0 ] [ 0 ],drive [ 65 ] [ 0 ] [ 1885 1638 1885 ] [   13   29    3 ] [  12574   5097   9531 ] [ 0 ],1.00,1.00,1.00,1.00,26.57,56.28,0.00,0.00,0.00,0.00,0.00,0.00,0.00,0.00,0.00,0.00,0.00,0.00,0.00,0.00,0.00,0
0.152547,26,56,451,0,DRIVE [ 66 ] [ 1 ] [ 1877 1882 1885 ] [    0    0    0 ] [      0      0      0 ] [ 0 ],drive [ 66 ] [ 0 ] [ 1881 1883 1885 ] [   12   30    3 ] [  12574   5097   9531 ] [ 0 ],1.00,1.00,1.00,1.00,26.49,56.29,0.00,0.00,0.00,0.00,0.00,0.00,0.00,0.00,0.00,0.00,0.00,0.00,-0.00,-0.00,0.00,0
0.166649,27,56,450,0,DRIVE [ 67 ] [ 1 ] [ 1873 1880 1885 ] [    0    0    0 ] [      0      0      0 ] [ 0 ],drive [ 66 ] [ 0 ] [ 1877 1882 1885 ] [   12   30    3 ] [  12574   5097   9531 ] [ 0 ],1.00,1.00,1.00,1.00,26.82,56.18,0.00,0.00,0.00,0.00,0.00,0.00,0.00,0.00,0.00,0.00,0.00,0.00,0.00,0.00,0.00,0
0.179932,27,56,451,0,DRIVE [ 67 ] [ 1 ] [ 1869 1879 1885 ] [    0    0    0 ] [      0      0      0 ] [ 0 ],drive [ 67 ] [ 0 ] [ 1873 1880 1885 ] [   12   30    3 ] [  12574   5097   9531 ] [ 0 ],1.00,1.00,1.00,1.00,27.17,56.26,0.00,0.00,0.00,0.00,0.00,0.00,0.00,0.00,0.00,0.00,0.00,0.00,0.00,0.00,0.00,0
0.193862,27,57,451,0,DRIVE [ 68 ] [ 1 ] [ 1865 1878 1885 ] [    0    0    0 ] [      0      0      0 ] [ 0 ],drive [ 67 ] [ 0 ] [ 1869 1879 1885 ] [   12   30    3 ] [  12575   4994   9535 ] [ 0 ],1.00,1.00,1.00,1.00,27.46,56.51,0.00,0.00,0.00,0.00,0.00,0.00,0.00,0.00,0.00,0.00,0.00,0.00,0.00,0.00,0.00,0
0.207114,28,57,450,0,DRIVE [ 68 ] [ 1 ] [ 1860 1876 1885 ] [    0    0    0 ] [      0      0      0 ] [ 0 ],drive [ 68 ] [ 0 ] [ 1865 1878 1885 ] [   13    9    4 ] [  12575   4994   9535 ] [ 0 ],1.00,1.00,1.00,1.00,27.57,56.85,0.00,0.00,0.00,0.00,0.00,0.00,0.00,0.00,0.00,0.00,0.00,0.00,0.00,0.00,0.00,0
0.22022,27,57,450,0,DRIVE [ 69 ] [ 1 ] [ 1856 1874 1885 ] [    0    0    0 ] [      0      0      0 ] [ 0 ],drive [ 68 ] [ 0 ] [ 1860 1876 1885 ] [   13    9    4 ] [  12575   4994   9535 ] [ 0 ],1.00,1.00,1.00,1.00,27.49,57.21,0.00,0.00,0.00,0.00,0.00,0.00,0.00,0.00,0.00,0.00,0.00,0.00,0.00,0.00,0.00,0
0.233272,27,58,449,0,DRIVE [ 69 ] [ 1 ] [ 1852 1873 1885 ] [    0    0    0 ] [      0      0      0 ] [ 0 ],drive [ 69 ] [ 0 ] [ 1856 1874 1885 ] [   13    9    4 ] [  12575   4994   9535 ] [ 0 ],1.00,1.00,1.00,1.00,27.50,57.75,0.00,0.00,0.00,0.00,0.00,0.00,0.00,0.00,0.00,0.00,0.00,0.00,0.00,0.00,0.00,0
0.246803,27,58,447,0,DRIVE [ 70 ] [ 1 ] [ 1848 1871 1885 ] [    0    0    0 ] [      0      0      0 ] [ 0 ],drive [ 69 ] [ 0 ] [ 1852 1873 1885 ] [   13    9    4 ] [  12579   4949   9540 ] [ 0 ],1.00,1.00,1.00,1.00,27.28,58.18,0.00,0.00,0.00,0.00,0.00,0.00,0.00,0.00,0.00,0.00,0.00,0.00,0.00,0.00,0.00,0
0.260296,27,59,446,0,DRIVE [ 70 ] [ 1 ] [ 1844 1869 1885 ] [    0    0    0 ] [      0      0      0 ] [ 0 ],drive [ 70 ] [ 0 ] [ 1848 1871 1885 ] [   12   14    4 ] [  12579   4949   9540 ] [ 0 ],1.00,1.00,1.00,1.00,27.29,58.62,0.00,0.00,0.00,0.00,0.00,0.00,0.00,0.00,0.00,0.00,0.00,0.00,0.00,0.00,0.00,0
0.273167,27,59,444,0,DRIVE [ 71 ] [ 1 ] [ 1839 1868 1885 ] [    0    0    0 ] [      0      0      0 ] [ 0 ],drive [ 70 ] [ 0 ] [ 1844 1869 1885 ] [   12   14    4 ] [  12579   4949   9540 ] [ 0 ],1.00,1.00,1.00,1.00,27.39,58.90,0.00,0.00,0.00,0.00,0.00,0.00,0.00,0.00,0.00,0.00,0.00,0.00,0.00,0.00,0.00,0
0.286187,28,59,444,0,DRIVE [ 71 ] [ 1 ] [ 1835 1866 1885 ] [    0    0    0 ] [      0      0      0 ] [ 0 ],drive [ 71 ] [ 0 ] [ 1839 1868 1885 ] [   12   14    4 ] [  12579   4949   9540 ] [ 0 ],1.00,1.00,1.00,1.00,27.68,59.41,0.00,0.00,0.00,0.00,0.00,0.00,0.00,0.00,0.00,0.00,0.00,0.00,0.00,0.00,0.00,0
0.300077,28,60,444,0,DRIVE [ 72 ] [ 1 ] [ 1830 1864 1885 ] [    0    0    0 ] [      0      0      0 ] [ 0 ],drive [ 71 ] [ 0 ] [ 1835 1866 1885 ] [   12   14    4 ] [  12581   4949   9540 ] [ 0 ],1.00,1.00,1.00,1.00,27.87,59.84,0.00,0.00,0.00,0.00,0.00,0.00,0.00,0.00,0.00,0.00,0.00,0.00,0.00,0.00,0.00,0
0.313451,28,60,444,0,DRIVE [ 72 ] [ 1 ] [ 1825 1862 1885 ] [    0    0    0 ] [      0      0      0 ] [ 0 ],drive [ 72 ] [ 0 ] [ 1830 1864 1885 ] [   13   15    4 ] [  12581   4949   9540 ] [ 0 ],1.00,1.00,1.00,1.00,28.17,60.41,0.00,0.00,0.00,0.00,0.00,0.00,0.00,0.00,0.00,0.00,0.00,0.00,0.00,0.00,0.00,0
0.327611,29,61,445,0,DRIVE [ 73 ] [ 1 ] [ 1820 1861 1885 ] [    0    0    0 ] [      0      0      0 ] [ 0 ],drive [ 72 ] [ 0 ] [ 1825 1862 1885 ] [   13   15    4 ] [  12581   4949   9540 ] [ 0 ],1.00,1.00,1.00,1.00,28.51,60.93,0.00,0.00,0.00,0.00,0.00,0.00,0.00,0.00,0.00,0.00,0.00,0.00,0.00,0.00,0.00,0
0.34043,29,62,446,0,DRIVE [ 73 ] [ 1 ] [ 1815 1859 1885 ] [    0    0    0 ] [      0      0      0 ] [ 0 ],drive [ 73 ] [ 0 ] [ 1820 1861 1885 ] [   13   15    4 ] [  12582   4949   9545 ] [ 0 ],1.00,1.00,1.00,1.00,29.24,61.66,0.00,0.00,0.00,0.00,0.00,0.00,0.00,0.00,0.00,0.00,0.00,0.00,0.00,0.00,0.00,0
0.35354,30,62,444,0,DRIVE [ 74 ] [ 1 ] [ 1809 1857 1885 ] [    0    0    0 ] [      0      0      0 ] [ 0 ],drive [ 73 ] [ 0 ] [ 1815 1859 1885 ] [   14   16    6 ] [  12582   4949   9545 ] [ 0 ],1.00,1.00,1.00,1.00,29.74,61.99,0.00,0.00,0.00,0.00,0.00,0.00,0.00,0.00,0.00,0.00,0.00,0.00,0.00,0.00,0.00,0
0.366565,30,62,444,0,DRIVE [ 74 ] [ 1 ] [ 1804 1856 1885 ] [    0    0    0 ] [      0      0      0 ] [ 0 ],drive [ 74 ] [ 0 ] [ 1809 1857 1885 ] [   14   16    6 ] [  12582   4949   9545 ] [ 0 ],1.00,1.00,1.00,1.00,30.40,62.48,0.00,0.00,0.00,0.00,0.00,0.00,0.00,0.00,0.00,0.00,0.00,0.00,0.00,0.00,0.00,0
0.380498,31,63,445,0,DRIVE [ 75 ] [ 1 ] [ 1798 1854 1885 ] [    0    0    0 ] [      0      0      0 ] [ 0 ],drive [ 74 ] [ 0 ] [ 1804 1856 1885 ] [   14   16    6 ] [  12582   4949   9545 ] [ 0 ],1.00,1.00,1.00,1.00,31.33,63.28,0.00,0.00,0.00,0.00,0.00,0.00,0.00,0.00,0.00,0.00,0.00,0.00,0.00,0.00,0.00,0
0.393766,32,64,444,0,DRIVE [ 75 ] [ 1 ] [ 1792 1852 1885 ] [    0    0    0 ] [      0      0      0 ] [ 0 ],drive [ 75 ] [ 0 ] [ 1798 1854 1885 ] [   14   16    6 ] [  12587   4949   9545 ] [ 0 ],1.00,1.00,1.00,1.00,32.03,63.61,0.00,0.00,0.00,0.00,0.00,0.00,0.00,0.00,0.00,0.00,0.00,0.00,0.00,0.00,0.00,0
0.406416,33,64,442,0,DRIVE [ 76 ] [ 1 ] [ 1785 1851 1885 ] [    0    0    0 ] [      0      0      0 ] [ 0 ],drive [ 75 ] [ 0 ] [ 1792 1852 1885 ] [   14   17    6 ] [  12587   4949   9545 ] [ 0 ],1.00,1.00,1.00,1.00,32.91,63.95,0.00,0.00,0.00,0.00,0.00,0.00,0.00,0.00,0.00,0.00,0.00,0.00,0.00,0.00,0.00,0
0.419626,34,65,444,0,DRIVE [ 76 ] [ 1 ] [ 1778 1850 1885 ] [    0    0    0 ] [      0      0      0 ] [ 0 ],drive [ 76 ] [ 0 ] [ 1785 1851 1885 ] [   14   17    6 ] [  12587   4949   9545 ] [ 0 ],1.00,1.00,1.00,1.00,34.06,64.80,0.00,0.00,0.00,0.00,0.00,0.00,0.00,0.00,0.00,0.00,0.00,0.00,0.00,0.00,0.00,0
0.433281,35,65,441,0,DRIVE [ 77 ] [ 1 ] [ 1771 1848 1885 ] [    0    0    0 ] [      0      0      0 ] [ 0 ],drive [ 76 ] [ 0 ] [ 1778 1850 1885 ] [   14   17    6 ] [  12587   4949   9545 ] [ 0 ],1.00,1.00,1.00,1.00,34.94,65.30,0.00,0.00,0.00,0.00,0.00,0.00,0.00,0.00,0.00,0.00,0.00,0.00,0.00,0.00,0.00,0
0.446235,36,66,441,0,DRIVE [ 77 ] [ 1 ] [ 1763 1846 1885 ] [    0    0    0 ] [      0      0      0 ] [ 0 ],drive [ 77 ] [ 0 ] [ 1771 1848 1885 ] [   14   17    6 ] [  12587   4949   9545 ] [ 0 ],1.00,1.00,1.00,1.00,35.96,66.03,0.00,0.00,0.00,0.00,0.00,0.00,0.00,0.00,0.00,0.00,0.00,0.00,0.00,0.00,0.00,0
0.460156,37,67,438,0,DRIVE [ 78 ] [ 1 ] [ 1756 1845 1885 ] [    0    0    0 ] [      0      0      0 ] [ 0 ],drive [ 77 ] [ 0 ] [ 1763 1846 1885 ] [   15   17    7 ] [  12587   4949   9545 ] [ 0 ],1.00,1.00,1.00,1.00,36.67,66.56,0.00,0.00,0.00,0.00,0.00,0.00,0.00,0.00,0.00,0.00,0.00,0.00,0.00,0.00,0.00,0
0.472914,38,68,438,0,DRIVE [ 78 ] [ 1 ] [ 1746 1842 1885 ] [    0    0    0 ] [      0      0      0 ] [ 0 ],drive [ 78 ] [ 0 ] [ 1756 1845 1885 ] [   15   17    7 ] [  12587   4949   9545 ] [ 0 ],1.00,1.00,1.00,1.00,38.06,68.00,0.00,0.00,0.00,0.00,0.00,0.00,0.00,0.00,0.00,0.00,0.00,0.00,0.00,0.00,0.00,0
0.485813,39,69,437,0,DRIVE [ 79 ] [ 1 ] [ 1737 1840 1885 ] [    0    0    0 ] [      0      0      0 ] [ 0 ],drive [ 78 ] [ 0 ] [ 1746 1842 1885 ] [   15   17    7 ] [  12587   4949   9545 ] [ 0 ],1.00,1.00,1.00,1.00,39.46,69.30,0.00,0.00,0.00,0.00,0.00,0.00,0.00,0.00,0.00,0.00,0.00,0.00,0.00,0.00,0.00,0
0.498343,41,70,434,0,DRIVE [ 79 ] [ 1 ] [ 1727 1839 1885 ] [    0    0    0 ] [      0      0      0 ] [ 0 ],drive [ 79 ] [ 0 ] [ 1737 1840 1885 ] [   15   17    7 ] [  12589   4946   9545 ] [ 0 ],1.00,1.00,1.00,1.00,40.70,70.11,0.00,0.00,0.00,0.00,0.00,0.00,0.00,0.00,0.00,0.00,0.00,0.00,0.00,0.00,0.00,0
0.511477,42,71,432,0,DRIVE [ 80 ] [ 1 ] [ 1717 1837 1885 ] [    0    0    0 ] [      0      0      0 ] [ 0 ],drive [ 79 ] [ 0 ] [ 1727 1839 1885 ] [   18   25    8 ] [  12589   4946   9545 ] [ 0 ],1.00,1.00,1.00,1.00,42.08,70.94,0.00,0.00,0.00,0.00,0.00,0.00,0.00,0.00,0.00,0.00,0.00,0.00,0.00,0.00,0.00,0
0.525879,44,72,429,0,DRIVE [ 80 ] [ 1 ] [ 1706 1836 1885 ] [    0    0    0 ] [      0      0      0 ] [ 0 ],drive [ 80 ] [ 0 ] [ 1717 1837 1885 ] [   18   25    8 ] [  12589   4946   9545 ] [ 0 ],1.00,1.00,1.00,1.00,43.54,71.68,0.00,0.00,0.00,0.00,0.00,0.00,0.00,0.00,0.00,0.00,0.00,0.00,0.00,0.00,0.00,0
0.539742,45,73,427,0,DRIVE [ 81 ] [ 1 ] [ 1694 1834 1885 ] [    0    0    0 ] [      0      0      0 ] [ 0 ],drive [ 80 ] [ 0 ] [ 1706 1836 1885 ] [   18   25    8 ] [  12593   4891   9564 ] [ 0 ],1.00,1.00,1.00,1.00,44.99,72.66,0.00,0.00,0.00,0.00,0.00,0.00,0.00,0.00,0.00,0.00,0.00,0.00,0.00,0.00,0.00,0
0.552712,47,74,423,0,DRIVE [ 81 ] [ 1 ] [ 1681 1832 1885 ] [    0    0    0 ] [      0      0      0 ] [ 0 ],drive [ 81 ] [ 0 ] [ 1694 1834 1885 ] [   18   22   21 ] [  12593   4891   9564 ] [ 0 ],1.00,1.00,1.00,1.00,46.54,73.81,0.00,0.00,0.00,0.00,0.00,0.00,0.00,0.00,0.00,0.00,0.00,0.00,0.00,0.00,0.00,0
0.566444,48,75,422,0,DRIVE [ 82 ] [ 1 ] [ 1668 1829 1885 ] [    0    0    0 ] [      0      0      0 ] [ 0 ],drive [ 81 ] [ 0 ] [ 1681 1832 1885 ] [   18   22   21 ] [  12593   4891   9564 ] [ 0 ],1.00,1.00,1.00,1.00,48.25,75.39,0.00,0.00,0.00,0.00,0.00,0.00,0.00,0.00,0.00,0.00,0.00,0.00,0.00,0.00,0.00,0
0.579776,50,77,423,0,DRIVE [ 82 ] [ 1 ] [ 1654 1827 1885 ] [    0    0    0 ] [      0      0      0 ] [ 0 ],drive [ 82 ] [ 0 ] [ 1668 1829 1885 ] [   18   22   21 ] [  12593   4891   9564 ] [ 0 ],1.00,1.00,1.00,1.00,50.04,77.19,0.00,0.00,0.00,0.00,0.00,0.00,0.00,0.00,0.00,0.00,0.00,0.00,0.00,0.00,0.00,0
0.593756,51,78,420,0,DRIVE [ 83 ] [ 1 ] [ 1642 1825 1885 ] [    0    0    0 ] [      0      0      0 ] [ 0 ],drive [ 82 ] [ 0 ] [ 1654 1827 1885 ] [   18   22   21 ] [  12610   4890   9563 ] [ 0 ],1.00,1.00,1.00,1.00,51.32,78.10,0.00,0.00,0.00,0.00,0.00,0.00,0.00,0.00,0.00,0.00,0.00,0.00,0.00,0.00,0.00,0
0.606513,52,79,417,0,DRIVE [ 83 ] [ 1 ] [ 1628 1823 1885 ] [    0    0    0 ] [      0      0      0 ] [ 0 ],drive [ 83 ] [ 0 ] [ 1642 1825 1885 ] [   23   23   20 ] [  12610   4890   9563 ] [ 0 ],1.00,1.00,1.00,1.00,52.44,78.67,0.00,0.00,0.00,0.00,0.00,0.00,0.00,0.00,0.00,0.00,0.00,0.00,0.00,0.00,0.00,0
0.619532,54,80,413,0,DRIVE [ 84 ] [ 1 ] [ 1614 1821 1885 ] [    0    0    0 ] [      0      0      0 ] [ 0 ],drive [ 83 ] [ 0 ] [ 1628 1823 1885 ] [   23   23   20 ] [  12610   4890   9563 ] [ 0 ],1.00,1.00,1.00,1.00,53.65,79.51,0.00,0.00,0.00,0.00,0.00,0.00,0.00,0.00,0.00,0.00,0.00,0.00,0.00,0.00,0.00,0
0.633099,55,80,409,0,DRIVE [ 84 ] [ 1 ] [ 1600 1819 1885 ] [    0    0    0 ] [      0      0      0 ] [ 0 ],drive [ 84 ] [ 0 ] [ 1614 1821 1885 ] [   23   23   20 ] [  12610   4890   9563 ] [ 0 ],1.00,1.00,1.00,1.00,54.85,80.23,0.00,0.00,0.00,0.00,0.00,0.00,0.00,0.00,0.00,0.00,0.00,0.00,0.00,0.00,0.00,0
0.64666,56,81,405,0,DRIVE [ 85 ] [ 1 ] [ 1584 1817 1885 ] [    0    0    0 ] [      0      0      0 ] [ 0 ],drive [ 84 ] [ 0 ] [ 1600 1819 1885 ] [   23   23   20 ] [  12624   4890   9563 ] [ 0 ],1.00,1.00,1.00,1.00,56.06,81.09,0.00,0.00,0.00,0.00,0.00,0.00,0.00,0.00,0.00,0.00,0.00,0.00,0.00,0.00,0.00,0
0.659958,58,82,404,0,DRIVE [ 85 ] [ 1 ] [ 1569 1814 1885 ] [    0    0    0 ] [      0      0      0 ] [ 0 ],drive [ 85 ] [ 0 ] [ 1584 1817 1885 ] [   38   21   21 ] [  12624   4890   9563 ] [ 0 ],1.00,1.00,1.00,1.00,57.51,82.19,0.00,0.00,0.00,0.00,0.00,0.00,0.00,0.00,0.00,0.00,0.00,0.00,0.00,0.00,0.00,0
0.672082,59,83,401,0,DRIVE [ 86 ] [ 1 ] [ 1553 1812 1885 ] [    0    0    0 ] [      0      0      0 ] [ 0 ],drive [ 85 ] [ 0 ] [ 1569 1814 1885 ] [   38   21   21 ] [  12624   4890   9563 ] [ 0 ],1.00,1.00,1.00,1.00,58.80,83.24,0.00,0.00,0.00,0.00,0.00,0.00,0.00,0.00,0.00,0.00,0.00,0.00,0.00,0.00,0.00,0
0.684944,60,84,398,0,DRIVE [ 86 ] [ 1 ] [ 1536 1810 1885 ] [    0    0    0 ] [      0      0      0 ] [ 0 ],drive [ 86 ] [ 0 ] [ 1553 1812 1885 ] [   38   21   21 ] [  12624   4890   9563 ] [ 0 ],1.00,1.00,1.00,1.00,60.26,84.28,0.00,0.00,0.00,0.00,0.00,0.00,0.00,0.00,0.00,0.00,0.00,0.00,0.00,0.00,0.00,0
0.697356,63,86,395,0,DRIVE [ 87 ] [ 1 ] [ 1514 1807 1885 ] [    0    0    0 ] [      0      0      0 ] [ 0 ],drive [ 86 ] [ 0 ] [ 1536 1810 1885 ] [   38   21   21 ] [  12736   4886   9560 ] [ 0 ],1.00,1.00,1.00,1.00,62.52,86.29,0.00,0.00,0.00,0.00,0.00,0.00,0.00,0.00,0.00,0.00,0.00,0.00,0.00,0.00,0.00,0
0.710322,64,87,390,0,DRIVE [ 87 ] [ 1 ] [ 1493 1804 1885 ] [    0    0    0 ] [      0      0      0 ] [ 0 ],drive [ 87 ] [ 0 ] [ 1514 1807 1885 ] [   43   20   19 ] [  12736   4886   9560 ] [ 0 ],1.00,1.00,1.00,1.00,64.09,87.31,0.00,0.00,0.00,0.00,0.00,0.00,0.00,0.00,0.00,0.00,0.00,0.00,0.00,0.00,0.00,0
0.723113,66,89,388,0,DRIVE [ 88 ] [ 1 ] [ 1472 1802 1885 ] [    0    0    0 ] [      0      0      0 ] [ 0 ],drive [ 87 ] [ 0 ] [ 1493 1804 1885 ] [   43   20   19 ] [  12736   4886   9560 ] [ 0 ],1.00,1.00,1.00,1.00,66.14,88.99,0.00,0.00,0.00,0.00,0.00,0.00,0.00,0.00,0.00,0.00,0.00,0.00,0.00,0.00,0.00,0
0.73605,68,90,384,0,DRIVE [ 88 ] [ 1 ] [ 1451 1799 1885 ] [    0    0    0 ] [      0      0      0 ] [ 0 ],drive [ 88 ] [ 0 ] [ 1472 1802 1885 ] [   43   20   19 ] [  12736   4886   9560 ] [ 0 ],1.00,1.00,1.00,1.00,67.67,90.21,0.00,0.00,0.00,0.00,0.00,0.00,0.00,0.00,0.00,0.00,0.00,0.00,0.00,0.00,0.00,0
0.748879,69,91,379,0,DRIVE [ 89 ] [ 1 ] [ 1429 1796 1885 ] [    0    0    0 ] [      0      0      0 ] [ 0 ],drive [ 88 ] [ 0 ] [ 1451 1799 1885 ] [   43   20   19 ] [  12759   4885   9560 ] [ 0 ],1.00,1.00,1.00,1.00,68.93,91.25,0.00,0.00,0.00,0.00,0.00,0.00,0.00,0.00,0.00,0.00,0.00,0.00,0.00,0.00,0.00,0
0.761357,70,93,375,0,DRIVE [ 89 ] [ 1 ] [ 1406 1792 1885 ] [    0    0    0 ] [      0      0      0 ] [ 0 ],drive [ 89 ] [ 0 ] [ 1429 1796 1885 ] [   55   16   19 ] [  12759   4885   9560 ] [ 0 ],1.00,1.00,1.00,1.00,70.44,92.85,0.00,0.00,0.00,0.00,0.00,0.00,0.00,0.00,0.00,0.00,0.00,0.00,0.00,0.00,0.00,0
0.774323,72,94,372,0,DRIVE [ 90 ] [ 1 ] [ 1384 1788 1885 ] [    0    0    0 ] [      0      0      0 ] [ 0 ],drive [ 89 ] [ 0 ] [ 1406 1792 1885 ] [   55   16   19 ] [  12759   4885   9560 ] [ 0 ],1.00,1.00,1.00,1.00,71.76,94.44,0.00,0.00,0.00,0.00,0.00,0.00,0.00,0.00,0.00,0.00,0.00,0.00,0.00,0.00,0.00,0
0.787211,73,97,367,0,DRIVE [ 90 ] [ 1 ] [ 1358 1782 1885 ] [    0    0    0 ] [      0      0      0 ] [ 0 ],drive [ 90 ] [ 0 ] [ 1384 1788 1885 ] [   55   16   19 ] [  12939   4857   9560 ] [ 0 ],1.00,1.00,1.00,1.00,73.03,96.56,0.00,0.00,0.00,0.00,0.00,0.00,0.00,0.00,0.00,0.00,0.00,0.00,0.00,0.00,0.00,0
0.799704,74,99,362,0,DRIVE [ 91 ] [ 1 ] [ 1332 1776 1885 ] [    0    0    0 ] [      0      0      0 ] [ 0 ],drive [ 90 ] [ 0 ] [ 1358 1782 1885 ] [   55   16   19 ] [  12939   4857   9560 ] [ 0 ],1.00,1.00,1.00,1.00,73.99,98.64,0.00,0.00,0.00,0.00,0.00,0.00,0.00,0.00,0.00,0.00,0.00,0.00,0.00,0.00,0.00,0
0.81207,75,101,359,0,DRIVE [ 91 ] [ 1 ] [ 1307 1769 1885 ] [    0    0    0 ] [      0      0      0 ] [ 0 ],drive [ 91 ] [ 0 ] [ 1332 1776 1885 ] [   51   19   19 ] [  12939   4857   9560 ] [ 0 ],1.00,1.00,1.00,1.00,75.20,101.18,0.00,0.00,0.00,0.00,0.00,0.00,0.00,0.00,0.00,0.00,0.00,0.00,0.00,0.00,0.00,0
0.824512,76,103,353,0,DRIVE [ 92 ] [ 1 ] [ 1283 1762 1885 ] [    0    0    0 ] [      0      0      0 ] [ 0 ],drive [ 91 ] [ 0 ] [ 1307 1769 1885 ] [   51   19   19 ] [  12939   4857   9560 ] [ 0 ],1.00,1.00,1.00,1.00,75.73,102.57,0.00,0.00,0.00,0.00,0.00,0.00,0.00,0.00,0.00,0.00,0.00,0.00,0.00,0.00,0.00,0
0.837201,77,105,349,0,DRIVE [ 92 ] [ 1 ] [ 1256 1756 1885 ] [    0    0    0 ] [      0      0      0 ] [ 0 ],drive [ 92 ] [ 0 ] [ 1283 1762 1885 ] [   51   19   19 ] [  12954   4847   9560 ] [ 0 ],1.00,1.00,1.00,1.00,76.75,104.67,0.00,0.00,0.00,0.00,0.00,0.00,0.00,0.00,0.00,0.00,0.00,0.00,0.00,0.00,0.00,0
0.849831,78,106,345,0,DRIVE [ 93 ] [ 1 ] [ 1228 1749 1885 ] [    0    0    0 ] [      0      0      0 ] [ 0 ],drive [ 92 ] [ 0 ] [ 1256 1756 1885 ] [   51   19   19 ] [  12954   4847   9560 ] [ 0 ],1.00,1.00,1.00,1.00,77.88,106.48,0.00,0.00,0.00,0.00,0.00,0.00,0.00,0.00,0.00,0.00,0.00,0.00,0.00,0.00,0.00,0
0.862509,79,108,341,0,DRIVE [ 93 ] [ 1 ] [ 1200 1744 1885 ] [    0    0    0 ] [      0      0      0 ] [ 0 ],drive [ 93 ] [ 0 ] [ 1228 1749 1885 ] [   75   22   19 ] [  12954   4847   9560 ] [ 0 ],1.00,1.00,1.00,1.00,79.13,108.01,0.00,0.00,0.00,0.00,0.00,0.00,0.00,0.00,0.00,0.00,0.00,0.00,0.00,0.00,0.00,0
0.87475,81,110,337,0,DRIVE [ 94 ] [ 1 ] [ 1170 1738 1885 ] [    0    0    0 ] [      0      0      0 ] [ 0 ],drive [ 93 ] [ 0 ] [ 1200 1744 1885 ] [   75   22   19 ] [  12954   4847   9560 ] [ 0 ],1.00,1.00,1.00,1.00,80.62,109.70,0.00,0.00,0.00,0.00,0.00,0.00,0.00,0.00,0.00,0.00,0.00,0.00,0.00,0.00,0.00,0
0.887711,82,111,334,0,DRIVE [ 94 ] [ 1 ] [ 1140 1733 1885 ] [    0    0    0 ] [      0      0      0 ] [ 0 ],drive [ 94 ] [ 0 ] [ 1170 1738 1885 ] [   75   22   19 ] [  13122   4842   9555 ] [ 0 ],1.00,1.00,1.00,1.00,82.04,111.39,0.00,0.00,0.00,0.00,0.00,0.00,0.00,0.00,0.00,0.00,0.00,0.00,0.00,0.00,0.00,0
0.900205,83,113,328,0,DRIVE [ 95 ] [ 1 ] [ 1107 1726 1885 ] [    0    0    0 ] [      0      0      0 ] [ 0 ],drive [ 94 ] [ 0 ] [ 1140 1733 1885 ] [   75   22   19 ] [  13122   4842   9555 ] [ 0 ],1.00,1.00,1.00,1.00,83.06,112.80,0.00,0.00,0.00,0.00,0.00,0.00,0.00,0.00,0.00,0.00,0.00,0.00,0.00,0.00,0.00,0
0.912943,84,114,324,0,DRIVE [ 95 ] [ 1 ] [ 1077 1720 1885 ] [    0    0    0 ] [      0      0      0 ] [ 0 ],drive [ 95 ] [ 0 ] [ 1107 1726 1885 ] [   95   26   15 ] [  13122   4842   9555 ] [ 0 ],1.00,1.00,1.00,1.00,84.17,114.22,0.00,0.00,0.00,0.00,0.00,0.00,0.00,0.00,0.00,0.00,0.00,0.00,0.00,0.00,0.00,0
0.926401,85,115,320,0,DRIVE [ 96 ] [ 1 ] [ 1049 1714 1885 ] [    0    0    0 ] [      0      0      0 ] [ 0 ],drive [ 95 ] [ 0 ] [ 1077 1720 1885 ] [   95   26   15 ] [  13122   4842   9555 ] [ 0 ],1.00,1.00,1.00,1.00,84.75,115.18,0.00,0.00,0.00,0.00,0.00,0.00,0.00,0.00,0.00,0.00,0.00,0.00,0.00,0.00,0.00,0
0.93877,85,116,316,0,DRIVE [ 96 ] [ 1 ] [ 1025 1708 1885 ] [    0    0    0 ] [      0      0      0 ] [ 0 ],drive [ 96 ] [ 0 ] [ 1049 1714 1885 ] [   95   26   15 ] [  13458   4837   9536 ] [ 0 ],1.00,1.00,1.00,1.00,85.06,115.83,0.00,0.00,0.00,0.00,0.00,0.00,0.00,0.00,0.00,0.00,0.00,0.00,0.00,0.00,0.00,0
0.951391,85,116,312,0,DRIVE [ 97 ] [ 1 ] [ 1025 1702 1885 ] [    0    0    0 ] [      0      0      0 ] [ 0 ],drive [ 96 ] [ 0 ] [ 1025 1708 1885 ] [   97   30   21 ] [  13458   4837   9536 ] [ 0 ],1.00,1.00,1.00,1.00,85.04,116.41,0.00,0.00,0.00,0.00,0.00,0.00,0.00,0.00,0.00,0.00,0.00,0.00,0.00,0.00,0.00,0
0.963571,85,117,309,0,DRIVE [ 97 ] [ 1 ] [ 1025 1696 1885 ] [    0    0    0 ] [      0      0      0 ] [ 0 ],drive [ 97 ] [ 0 ] [ 1025 1702 1885 ] [   97   30   21 ] [  13458   4837   9536 ] [ 0 ],1.00,1.00,1.00,1.00,85.02,116.95,0.00,0.00,0.00,0.00,0.00,0.00,0.00,0.00,0.00,0.00,0.00,0.00,0.00,0.00,0.00,0
0.975946,85,117,305,0,DRIVE [ 98 ] [ 1 ] [ 1025 1689 1885 ] [    0    0    0 ] [      0      0      0 ] [ 0 ],drive [ 97 ] [ 0 ] [ 1025 1696 1885 ] [   97   30   21 ] [  13458   4837   9536 ] [ 0 ],1.00,1.00,1.00,1.00,84.61,117.03,0.00,0.00,0.00,0.00,0.00,0.00,0.00,0.00,0.00,0.00,0.00,0.00,0.00,0.00,0.00,0
0.988208,84,117,300,0,DRIVE [ 98 ] [ 1 ] [ 1025 1684 1885 ] [    0    0    0 ] [      0      0      0 ] [ 0 ],drive [ 98 ] [ 0 ] [ 1025 1689 1885 ] [   97   30   21 ] [  13662   4837   9425 ] [ 0 ],1.00,1.00,1.00,1.00,84.27,116.79,0.00,0.00,0.00,0.00,0.00,0.00,0.00,0.00,0.00,0.00,0.00,0.00,0.00,0.00,0.00,0
1.0008,84,117,296,0,DRIVE [ 99 ] [ 1 ] [ 1025 1679 1885 ] [    0    0    0 ] [      0      0      0 ] [ 0 ],drive [ 98 ] [ 0 ] [ 1025 1684 1885 ] [   97   30   21 ] [  13662   4837   9425 ] [ 0 ],1.00,1.00,1.00,1.00,84.30,116.94,0.00,0.00,0.00,0.00,0.00,0.00,0.00,0.00,0.00,0.00,0.00,0.00,0.00,0.00,0.00,0
1.01354,85,117,294,0,DRIVE [ 99 ] [ 1 ] [ 1025 1675 1885 ] [    0    0    0 ] [      0      0      0 ] [ 0 ],drive [ 99 ] [ 0 ] [ 1025 1679 1885 ] [  105   33    6 ] [  13662   4837   9425 ] [ 0 ],1.00,1.00,1.00,1.00,84.70,117.09,0.00,0.00,0.00,0.00,0.00,0.00,0.00,0.00,0.00,0.00,0.00,0.00,0.00,0.00,0.00,0
1.02536,85,117,291,0,DRIVE [ 00 ] [ 1 ] [ 1025 1672 1885 ] [    0    0    0 ] [      0      0      0 ] [ 0 ],drive [ 99 ] [ 0 ] [ 1025 1675 1885 ] [  105   33    6 ] [  13662   4837   9425 ] [ 0 ],1.00,1.00,1.00,1.00,84.85,116.81,0.00,0.00,0.00,0.00,0.00,0.00,0.00,0.00,0.00,0.00,0.00,0.00,0.00,0.00,0.00,0
1.03792,85,116,287,0,DRIVE [ 00 ] [ 1 ] [ 1025 1669 1885 ] [    0    0    0 ] [      0      0      0 ] [ 0 ],drive [ 00 ] [ 0 ] [ 1025 1672 1885 ] [  105   33    6 ] [  14033   4837   9277 ] [ 0 ],1.00,1.00,1.00,1.00,84.67,116.11,0.00,0.00,0.00,0.00,0.00,0.00,0.00,0.00,0.00,0.00,0.00,0.00,0.00,0.00,0.00,0
1.05024,84,115,283,0,DRIVE [ 01 ] [ 1 ] [ 1025 1666 1885 ] [    0    0    0 ] [      0      0      0 ] [ 0 ],drive [ 00 ] [ 0 ] [ 1025 1669 1885 ] [  105   33    6 ] [  14033   4837   9277 ] [ 0 ],1.00,1.00,1.00,1.00,84.14,115.21,0.00,0.00,0.00,0.00,0.00,0.00,0.00,0.00,0.00,0.00,0.00,0.00,0.00,0.00,0.00,0
1.06232,84,114,280,0,DRIVE [ 01 ] [ 1 ] [ 1025 1662 1885 ] [    0    0    0 ] [      0      0      0 ] [ 0 ],drive [ 01 ] [ 0 ] [ 1025 1666 1885 ] [   83   35   22 ] [  14033   4837   9277 ] [ 0 ],1.00,1.00,1.00,1.00,83.67,114.48,0.00,0.00,0.00,0.00,0.00,0.00,0.00,0.00,0.00,0.00,0.00,0.00,0.00,0.00,0.00,0
1.07445,83,114,278,0,DRIVE [ 02 ] [ 1 ] [ 1025 1659 1885 ] [    0    0    0 ] [      0      0      0 ] [ 0 ],drive [ 01 ] [ 0 ] [ 1025 1662 1885 ] [   83   35   22 ] [  14033   4837   9277 ] [ 0 ],1.00,1.00,1.00,1.00,83.08,113.86,0.00,0.00,0.00,0.00,0.00,0.00,0.00,0.00,0.00,0.00,0.00,0.00,0.00,0.00,0.00,0
1.08659,83,113,275,0,DRIVE [ 02 ] [ 1 ] [ 1025 1654 1885 ] [    0    0    0 ] [      0      0      0 ] [ 0 ],drive [ 02 ] [ 0 ] [ 1025 1659 1885 ] [   83   35   22 ] [  14084   4837   9215 ] [ 0 ],1.00,1.00,1.00,1.00,82.59,113.50,0.00,0.00,0.00,0.00,0.00,0.00,0.00,0.00,0.00,0.00,0.00,0.00,0.00,0.00,0.00,0
1.0988,82,113,271,0,DRIVE [ 03 ] [ 1 ] [ 1025 1648 1885 ] [    0    0    0 ] [      0      0      0 ] [ 0 ],drive [ 02 ] [ 0 ] [ 1025 1654 1885 ] [   83   35   22 ] [  14084   4837   9215 ] [ 0 ],1.00,1.00,1.00,1.00,81.62,112.96,0.00,0.00,0.00,0.00,0.00,0.00,0.00,0.00,0.00,0.00,0.00,0.00,0.00,0.00,0.00,0
1.11047,81,113,268,0,DRIVE [ 03 ] [ 1 ] [ 1025 1641 1885 ] [    0    0    0 ] [      0      0      0 ] [ 0 ],drive [ 03 ] [ 0 ] [ 1025 1648 1885 ] [   97   36   15 ] [  14084   4837   9215 ] [ 0 ],1.00,1.00,1.00,1.00,80.74,112.55,0.00,0.00,0.00,0.00,0.00,0.00,0.00,0.00,0.00,0.00,0.00,0.00,0.00,0.00,0.00,0
1.12229,80,112,264,0,DRIVE [ 04 ] [ 1 ] [ 1025 1634 1885 ] [    0    0    0 ] [      0      0      0 ] [ 0 ],drive [ 03 ] [ 0 ] [ 1025 1641 1885 ] [   97   36   15 ] [  14084   4837   9215 ] [ 0 ],1.00,1.00,1.00,1.00,79.88,112.36,0.00,0.00,0.00,0.00,0.00,0.00,0.00,0.00,0.00,0.00,0.00,0.00,0.00,0.00,0.00,0
1.13402,79,112,262,0,DRIVE [ 04 ] [ 1 ] [ 1025 1628 1885 ] [    0    0    0 ] [      0      0      0 ] [ 0 ],drive [ 04 ] [ 0 ] [ 1025 1634 1885 ] [   97   36   15 ] [  14084   4837   9215 ] [ 0 ],1.00,1.00,1.00,1.00,78.99,112.43,0.00,0.00,0.00,0.00,0.00,0.00,0.00,0.00,0.00,0.00,0.00,0.00,0.00,0.00,0.00,0
1.14595,78,112,259,0,DRIVE [ 05 ] [ 1 ] [ 1025 1622 1885 ] [    0    0    0 ] [      0      0      0 ] [ 0 ],drive [ 04 ] [ 0 ] [ 1025 1628 1885 ] [   97   36   15 ] [  14299   4837   9136 ] [ 0 ],1.00,1.00,1.00,1.00,77.79,112.37,0.00,0.00,0.00,0.00,0.00,0.00,0.00,0.00,0.00,0.00,0.00,0.00,0.00,0.00,0.00,0
1.15705,76,112,257,0,DRIVE [ 05 ] [ 1 ] [ 1025 1615 1885 ] [    0    0    0 ] [      0      0      0 ] [ 0 ],drive [ 05 ] [ 0 ] [ 1025 1622 1885 ] [  105   38   24 ] [  14299   4837   9136 ] [ 0 ],1.00,1.00,1.00,1.00,76.07,112.00,0.00,0.00,0.00,0.00,0.00,0.00,0.00,0.00,0.00,0.00,0.00,0.00,0.00,0.00,0.00,0
1.16886,74,111,255,0,DRIVE [ 06 ] [ 1 ] [ 1025 1609 1885 ] [    0    0    0 ] [      0      0      0 ] [ 0 ],drive [ 05 ] [ 0 ] [ 1025 1615 1885 ] [  105   38   24 ] [  14299   4837   9136 ] [ 0 ],1.00,1.00,1.00,1.00,74.01,111.39,0.00,0.00,0.00,0.00,0.00,0.00,0.00,0.00,0.00,0.00,0.00,0.00,0.00,0.00,0.00,0
1.18043,71,110,253,0,DRIVE [ 06 ] [ 1 ] [ 1025 1601 1885 ] [    0    0    0 ] [      0      0      0 ] [ 0 ],drive [ 06 ] [ 0 ] [ 1025 1609 1885 ] [  105   38   24 ] [  14299   4837   9136 ] [ 0 ],1.00,1.00,1.00,1.00,71.34,110.46,0.00,0.00,0.00,0.00,0.00,0.00,0.00,0.00,0.00,0.00,0.00,0.00,-0.00,-0.00,0.00,0
1.19217,68,109,251,0,DRIVE [ 07 ] [ 1 ] [ 1025 1594 1885 ] [    0    0    0 ] [      0      0      0 ] [ 0 ],drive [ 06 ] [ 0 ] [ 1025 1601 1885 ] [  105   38   24 ] [  14677   4837   8859 ] [ 0 ],1.00,1.00,1.00,1.00,68.40,109.34,0.00,0.00,0.00,0.00,0.00,0.00,0.00,0.00,0.00,0.00,0.00,0.00,-0.00,-0.00,0.00,0
1.20339,65,108,250,0,DRIVE [ 07 ] [ 1 ] [ 1025 1587 1885 ] [    0    0    0 ] [      0      0      0 ] [ 0 ],drive [ 07 ] [ 0 ] [ 1025 1594 1885 ] [   85   40    2 ] [  14677   4837   8859 ] [ 0 ],1.00,1.00,1.00,1.00,65.16,108.03,0.00,0.00,0.00,0.00,0.00,0.00,0.00,0.00,0.00,0.00,0.00,0.00,-0.00,-0.00,0.00,0
1.21503,62,106,248,0,DRIVE [ 08 ] [ 1 ] [ 1025 1579 1885 ] [    0    0    0 ] [      0      0      0 ] [ 0 ],drive [ 07 ] [ 0 ] [ 1025 1587 1885 ] [   85   40    2 ] [  14677   4837   8859 ] [ 0 ],1.00,1.00,1.00,1.00,61.70,106.47,0.00,0.00,0.00,0.00,0.00,0.00,0.00,0.00,0.00,0.00,0.00,0.00,-0.00,-0.00,0.00,0
1.22625,58,105,246,0,DRIVE [ 08 ] [ 1 ] [ 1025 1570 1885 ] [    0    0    0 ] [      0      0      0 ] [ 0 ],drive [ 08 ] [ 0 ] [ 1025 1579 1885 ] [   85   40    2 ] [  14677   4837   8859 ] [ 0 ],1.00,1.00,1.00,1.00,58.11,104.75,0.00,0.00,0.00,0.00,0.00,0.00,0.00,0.00,0.00,0.00,0.00,0.00,-0.00,-0.00,0.00,0
1.23786,54,103,243,0,DRIVE [ 09 ] [ 1 ] [ 1025 1561 1885 ] [    0    0    0 ] [      0      0      0 ] [ 0 ],drive [ 08 ] [ 0 ] [ 1025 1570 1885 ] [   85   40    2 ] [  14756   4837   8779 ] [ 0 ],1.00,1.00,1.00,1.00,54.42,103.15,0.00,0.00,0.00,0.00,0.00,0.00,0.00,0.00,0.00,0.00,0.00,0.00,-0.00,-0.00,0.00,0
1.24945,51,102,242,0,DRIVE [ 09 ] [ 1 ] [ 1025 1551 1885 ] [    0    0    0 ] [      0      0      0 ] [ 0 ],drive [ 09 ] [ 0 ] [ 1025 1561 1885 ] [   85   40    2 ] [  14756   4837   8779 ] [ 0 ],1.00,1.00,1.00,1.00,50.84,101.84,0.00,0.00,0.00,0.00,0.00,0.00,0.00,0.00,0.00,0.00,0.00,0.00,-0.00,-0.00,0.00,0
1.26127,47,100,240,0,DRIVE [ 10 ] [ 1 ] [ 1025 1541 1885 ] [    0    0    0 ] [      0      0      0 ] [ 0 ],drive [ 09 ] [ 0 ] [ 1025 1551 1885 ] [   88   43    3 ] [  14756   4837   8779 ] [ 0 ],1.00,1.00,1.00,1.00,47.28,100.33,0.00,0.00,0.00,0.00,0.00,0.00,0.00,0.00,0.00,0.00,0.00,0.00,-0.00,-0.00,0.00,0
1.27248,44,98,238,0,DRIVE [ 10 ] [ 1 ] [ 1025 1532 1885 ] [    0    0    0 ] [      0      0      0 ] [ 0 ],drive [ 10 ] [ 0 ] [ 1025 1541 1885 ] [   88   43    3 ] [  14756   4837   8779 ] [ 0 ],1.00,1.00,1.00,1.00,43.62,98.48,0.00,0.00,0.00,0.00,0.00,0.00,0.00,0.00,0.00,0.00,0.00,0.00,-0.00,-0.00,0.00,0
1.28413,40,97,236,0,DRIVE [ 11 ] [ 1 ] [ 1025 1523 1885 ] [    0    0    0 ] [      0      0      0 ] [ 0 ],drive [ 10 ] [ 0 ] [ 1025 1532 1885 ] [   88   43    3 ] [  14756   4837   8779 ] [ 0 ],1.00,1.00,1.00,1.00,39.99,96.65,0.00,0.00,0.00,0.00,0.00,0.00,0.00,0.00,0.00,0.00,0.00,0.00,-0.00,-0.00,0.00,0
1.29529,36,95,234,0,DRIVE [ 11 ] [ 1 ] [ 1056 1513 1885 ] [    0    0    0 ] [      0      0      0 ] [ 0 ],drive [ 11 ] [ 0 ] [ 1025 1523 1885 ] [   88   43    3 ] [  14891   4844   8679 ] [ 0 ],1.00,1.00,1.00,1.00,36.35,94.86,0.00,0.00,0.00,0.00,0.00,0.00,0.00,0.00,0.00,0.00,0.00,0.00,-0.00,-0.00,0.00,0
1.30704,33,93,233,0,DRIVE [ 12 ] [ 1 ] [ 1091 1505 1885 ] [    0    0    0 ] [      0      0      0 ] [ 0 ],drive [ 11 ] [ 0 ] [ 1056 1513 1885 ] [   92   39    6 ] [  14891   4844   8679 ] [ 0 ],1.00,1.00,1.00,1.00,32.70,92.97,0.00,0.00,0.00,0.00,0.00,0.00,0.00,0.00,0.00,0.00,0.00,0.00,-0.00,-0.00,0.00,0
1.31849,29,91,232,0,DRIVE [ 12 ] [ 1 ] [ 1130 1497 1885 ] [    0    0    0 ] [      0      0      0 ] [ 0 ],drive [ 12 ] [ 0 ] [ 1091 1505 1885 ] [   92   39    6 ] [  14891   4844   8679 ] [ 0 ],1.00,1.00,1.00,1.00,28.91,90.62,0.00,0.00,0.00,0.00,0.00,0.00,0.00,0.00,0.00,0.00,0.00,0.00,-0.00,-0.00,0.00,0
1.32969,25,88,230,0,DRIVE [ 13 ] [ 1 ] [ 1170 1491 1885 ] [    0    0    0 ] [      0      0      0 ] [ 0 ],drive [ 12 ] [ 0 ] [ 1130 1497 1885 ] [   92   39    6 ] [  14891   4844   8679 ] [ 0 ],1.00,1.00,1.00,1.00,25.06,87.95,0.00,0.00,0.00,0.00,0.00,0.00,0.00,0.00,0.00,0.00,0.00,0.00,-0.00,-0.00,0.00,0
1.34181,21,85,229,0,DRIVE [ 13 ] [ 1 ] [ 1213 1485 1885 ] [    0    0    0 ] [      0      0      0 ] [ 0 ],drive [ 13 ] [ 0 ] [ 1170 1491 1885 ] [   92   39    6 ] [  15125   4907   8507 ] [ 0 ],1.00,1.00,1.00,1.00,21.10,85.00,0.00,0.00,0.00,0.00,0.00,0.00,0.00,0.00,0.00,0.00,0.00,0.00,-0.00,-0.00,0.00,0
1.35229,17,82,228,0,DRIVE [ 14 ] [ 1 ] [ 1258 1479 1885 ] [    0    0    0 ] [      0      0      0 ] [ 0 ],drive [ 13 ] [ 0 ] [ 1213 1485 1885 ] [   83   62   18 ] [  15125   4907   8507 ] [ 0 ],1.00,1.00,1.00,1.00,17.12,82.05,0.00,0.00,0.00,0.00,0.00,0.00,0.00,0.00,0.00,0.00,0.00,0.00,-0.00,-0.00,0.00,0
1.36287,13,79,226,0,DRIVE [ 14 ] [ 1 ] [ 1303 1474 1885 ] [    0    0    0 ] [      0      0      0 ] [ 0 ],drive [ 14 ] [ 0 ] [ 1258 1479 1885 ] [   83   62   18 ] [  15125   4907   8507 ] [ 0 ],1.00,1.00,1.00,1.00,13.14,78.60,0.00,0.00,0.00,0.00,0.00,0.00,0.00,0.00,0.00,0.00,0.00,0.00,-0.00,-0.00,0.00,0
1.37396,9,75,224,0,DRIVE [ 15 ] [ 1 ] [ 1347 1468 1885 ] [    0    0    0 ] [      0      0      0 ] [ 0 ],drive [ 14 ] [ 0 ] [ 1303 1474 1885 ] [   83   62   18 ] [  15125   4907   8507 ] [ 0 ],1.00,1.00,1.00,1.00,9.26,75.13,0.00,0.00,0.00,0.00,0.00,0.00,0.00,0.00,0.00,0.00,0.00,0.00,-0.00,-0.00,0.00,0
1.3849,6,71,222,0,DRIVE [ 15 ] [ 1 ] [ 1390 1465 1885 ] [    0    0    0 ] [      0      0      0 ] [ 0 ],drive [ 15 ] [ 0 ] [ 1347 1468 1885 ] [   83   62   18 ] [  15120   5237   8345 ] [ 0 ],1.00,1.00,1.00,1.00,5.63,71.40,0.00,0.00,0.00,0.00,0.00,0.00,0.00,0.00,0.00,0.00,0.00,0.00,-0.00,-0.00,0.00,0
1.39586,2,68,221,0,DRIVE [ 16 ] [ 1 ] [ 1432 1464 1885 ] [    0    0    0 ] [      0      0      0 ] [ 0 ],drive [ 15 ] [ 0 ] [ 1390 1465 1885 ] [   83   62   18 ] [  15120   5237   8345 ] [ 0 ],1.00,1.00,1.00,1.00,2.36,67.72,0.00,0.00,0.00,0.00,0.00,0.00,0.00,0.00,0.00,0.00,0.00,0.00,-0.00,-0.00,0.00,0
1.40642,-1,64,219,0,DRIVE [ 16 ] [ 1 ] [ 1472 1464 1885 ] [    0    0    0 ] [      0      0      0 ] [ 0 ],drive [ 16 ] [ 0 ] [ 1432 1464 1885 ] [   59   48   12 ] [  15120   5237   8345 ] [ 0 ],1.00,1.00,1.00,1.00,-0.57,63.93,0.00,0.00,0.00,0.00,0.00,0.00,0.00,0.00,0.00,0.00,0.00,0.00,0.00,-0.00,0.00,0
1.41765,-3,60,217,0,DRIVE [ 17 ] [ 1 ] [ 1511 1466 1885 ] [    0    0    0 ] [      0      0      0 ] [ 0 ],drive [ 16 ] [ 0 ] [ 1472 1464 1885 ] [   59   48   12 ] [  15120   5237   8345 ] [ 0 ],1.00,1.00,1.00,1.00,-3.27,60.19,0.00,0.00,0.00,0.00,0.00,0.00,0.00,0.00,0.00,0.00,0.00,0.00,0.00,-0.00,0.00,0
1.42845,-6,56,215,0,DRIVE [ 17 ] [ 1 ] [ 1548 1467 1885 ] [    0    0    0 ] [      0      0      0 ] [ 0 ],drive [ 17 ] [ 0 ] [ 1511 1466 1885 ] [   59   48   12 ] [  15120   5237   8345 ] [ 0 ],1.00,1.00,1.00,1.00,-5.83,56.43,0.00,0.00,0.00,0.00,0.00,0.00,0.00,0.00,0.00,0.00,0.00,0.00,0.00,-0.00,0.00,0
1.43972,-8,53,213,0,DRIVE [ 18 ] [ 1 ] [ 1583 1466 1885 ] [    0    0    0 ] [      0      0      0 ] [ 0 ],drive [ 17 ] [ 0 ] [ 1548 1467 1885 ] [   59   48   12 ] [  15102   5308   8298 ] [ 0 ],1.00,1.00,1.00,1.00,-8.27,52.82,0.00,0.00,0.00,0.00,0.00,0.00,0.00,0.00,0.00,0.00,0.00,0.00,0.00,-0.00,0.00,0
1.45081,-11,50,211,0,DRIVE [ 18 ] [ 1 ] [ 1615 1462 1885 ] [    0    0    0 ] [      0      0      0 ] [ 0 ],drive [ 18 ] [ 0 ] [ 1583 1466 1885 ] [   49   43   12 ] [  15102   5308   8298 ] [ 0 ],1.00,1.00,1.00,1.00,-10.71,49.61,0.00,0.00,0.00,0.00,0.00,-0.00,0.00,0.00,0.00,0.00,0.00,0.00,0.00,-0.00,0.00,0
1.4619,-13,47,209,0,DRIVE [ 19 ] [ 1 ] [ 1647 1455 1885 ] [    0    0    0 ] [      0      0      0 ] [ 0 ],drive [ 18 ] [ 0 ] [ 1615 1462 1885 ] [   49   43   12 ] [  15102   5308   8298 ] [ 0 ],1.00,1.00,1.00,1.00,-13.16,46.69,0.00,0.00,0.00,0.00,0.00,-0.00,0.00,0.00,0.00,0.00,0.00,0.00,0.00,-0.00,0.00,0
1.47253,-16,44,207,0,DRIVE [ 19 ] [ 1 ] [ 1677 1445 1885 ] [    0    0    0 ] [      0      0      0 ] [ 0 ],drive [ 19 ] [ 0 ] [ 1647 1455 1885 ] [   49   43   12 ] [  15102   5308   8298 ] [ 0 ],1.00,1.00,1.00,1.00,-15.66,43.79,0.00,0.00,0.00,0.00,0.00,-0.00,0.00,0.00,0.00,0.00,0.00,0.00,0.00,-0.00,0.00,0
1.48352,-18,41,205,0,DRIVE [ 20 ] [ 1 ] [ 1706 1431 1885 ] [    0    0    0 ] [      0      0      0 ] [ 0 ],drive [ 19 ] [ 0 ] [ 1677 1445 1885 ] [   49   43   12 ] [  15102   5308   8298 ] [ 0 ],1.00,1.00,1.00,1.00,-18.24,41.12,0.00,0.00,0.00,0.00,0.00,-0.00,0.00,0.00,0.00,0.00,0.00,0.00,0.00,-0.00,0.00,0
1.49421,-21,39,203,0,DRIVE [ 20 ] [ 1 ] [ 1733 1413 1885 ] [    0    0    0 ] [      0      0      0 ] [ 0 ],drive [ 20 ] [ 0 ] [ 1706 1431 1885 ] [   49   43   12 ] [  14915   5329   8298 ] [ 0 ],1.00,1.00,1.00,1.00,-20.80,38.66,0.00,0.00,0.00,0.00,0.00,-0.00,0.00,0.00,0.00,0.00,0.00,0.00,0.00,-0.00,0.00,0
1.50559,-23,36,201,0,DRIVE [ 21 ] [ 1 ] [ 1759 1393 1885 ] [    0    0    0 ] [      0      0      0 ] [ 0 ],drive [ 20 ] [ 0 ] [ 1733 1413 1885 ] [   45   47   12 ] [  14915   5329   8298 ] [ 0 ],1.00,1.00,1.00,1.00,-23.17,36.20,0.00,0.00,0.00,0.00,0.00,-0.00,0.00,0.00,0.00,0.00,0.00,0.00,0.00,-0.00,0.00,0
1.51669,-25,34,199,0,DRIVE [ 21 ] [ 1 ] [ 1783 1371 1885 ] [    0    0    0 ] [      0      0      0 ] [ 0 ],drive [ 21 ] [ 0 ] [ 1759 1393 1885 ] [   45   47   12 ] [  14915   5329   8298 ] [ 0 ],1.00,1.00,1.00,1.00,-25.39,33.88,0.00,0.00,0.00,0.00,0.00,-0.00,0.00,0.00,0.00,0.00,0.00,0.00,0.00,-0.00,0.00,0
1.52779,-27,32,197,0,DRIVE [ 22 ] [ 1 ] [ 1806 1351 1885 ] [    0    0    0 ] [      0      0      0 ] [ 0 ],drive [ 21 ] [ 0 ] [ 1783 1371 1885 ] [   45   47   12 ] [  14915   5329   8298 ] [ 0 ],1.00,1.00,1.00,1.00,-27.24,31.57,0.00,0.00,0.00,0.00,0.00,-0.00,0.00,0.00,0.00,0.00,0.00,0.00,0.00,-0.00,0.00,0
1.53857,-29,29,194,0,DRIVE [ 22 ] [ 1 ] [ 1827 1332 1885 ] [    0    0    0 ] [      0      0      0 ] [ 0 ],drive [ 22 ] [ 0 ] [ 1806 1351 1885 ] [   45   47   12 ] [  14592   5703   8298 ] [ 0 ],1.00,1.00,1.00,1.00,-28.79,29.30,0.00,0.00,0.00,0.00,0.00,-0.00,0.00,0.00,0.00,0.00,0.00,0.00,0.00,0.00,0.00,0
1.54982,-30,27,192,0,DRIVE [ 23 ] [ 1 ] [ 1846 1315 1885 ] [    0    0    0 ] [      0      0      0 ] [ 0 ],drive [ 22 ] [ 0 ] [ 1827 1332 1885 ] [   45   47   12 ] [  14592   5703   8298 ] [ 0 ],1.00,1.00,1.00,1.00,-30.01,27.12,0.00,0.00,0.00,0.00,0.00,-0.00,0.00,0.00,0.00,0.00,0.00,0.00,0.00,0.00,0.00,0
1.56038,-31,25,190,0,DRIVE [ 23 ] [ 1 ] [ 1863 1300 1885 ] [    0    0    0 ] [      0      0      0 ] [ 0 ],drive [ 23 ] [ 0 ] [ 1846 1315 1885 ] [   23   59   12 ] [  14592   5703   8298 ] [ 0 ],1.00,1.00,1.00,1.00,-30.95,25.03,0.00,0.00,0.00,0.00,0.00,-0.00,0.00,0.00,0.00,0.00,0.00,0.00,0.00,0.00,0.00,0
1.57155,-32,23,188,0,DRIVE [ 24 ] [ 1 ] [ 1879 1287 1885 ] [    0    0    0 ] [      0      0      0 ] [ 0 ],drive [ 23 ] [ 0 ] [ 1863 1300 1885 ] [   23   59   12 ] [  14592   5703   8298 ] [ 0 ],1.00,1.00,1.00,1.00,-31.67,23.08,0.00,0.00,0.00,0.00,0.00,-0.00,0.00,0.00,0.00,0.00,0.00,0.00,0.00,0.00,0.00,0
1.58253,-32,21,185,0,DRIVE [ 24 ] [ 1 ] [ 1879 1294 1877 ] [    0    0    0 ] [      0      0      0 ] [ 0 ],drive [ 24 ] [ 0 ] [ 1879 1287 1885 ] [   23   59   12 ] [  14592   5703   8298 ] [ 0 ],1.00,1.00,1.00,1.00,-32.03,21.07,0.00,0.00,0.00,0.00,0.00,-0.00,0.00,0.00,0.00,0.00,0.00,0.00,0.00,0.00,0.00,0
1.59348,-32,19,183,0,DRIVE [ 25 ] [ 1 ] [ 1879 1311 1865 ] [    0    0    0 ] [      0      0      0 ] [ 0 ],drive [ 24 ] [ 0 ] [ 1879 1294 1877 ] [   23   59   12 ] [  14156   6176   8298 ] [ 0 ],1.00,1.00,1.00,1.00,-32.25,19.23,0.00,0.00,0.00,0.00,0.00,-0.00,0.00,0.00,0.00,0.00,0.00,0.00,0.00,0.00,0.00,0
1.60424,-32,17,181,0,DRIVE [ 25 ] [ 1 ] [ 1879 1328 1853 ] [    0    0    0 ] [      0      0      0 ] [ 0 ],drive [ 25 ] [ 0 ] [ 1879 1311 1865 ] [   24   82   14 ] [  14156   6176   8298 ] [ 0 ],1.00,1.00,1.00,1.00,-32.39,17.50,0.00,0.00,0.00,0.00,0.00,-0.00,0.00,0.00,0.00,0.00,0.00,0.00,0.00,0.00,0.00,0
1.61524,-32,16,179,0,DRIVE [ 26 ] [ 1 ] [ 1879 1343 1843 ] [    0    0    0 ] [      0      0      0 ] [ 0 ],drive [ 25 ] [ 0 ] [ 1879 1328 1853 ] [   24   82   14 ] [  14156   6176   8298 ] [ 0 ],1.00,1.00,1.00,1.00,-32.40,15.84,0.00,0.00,0.00,0.00,0.00,-0.00,0.00,0.00,0.00,0.00,0.00,0.00,0.00,0.00,0.00,0
1.62582,-32,14,177,0,DRIVE [ 26 ] [ 1 ] [ 1879 1356 1833 ] [    0    0    0 ] [      0      0      0 ] [ 0 ],drive [ 26 ] [ 0 ] [ 1879 1343 1843 ] [   24   82   14 ] [  14156   6176   8298 ] [ 0 ],1.00,1.00,1.00,1.00,-32.39,14.37,0.00,0.00,0.00,0.00,0.00,-0.00,0.00,0.00,0.00,0.00,0.00,0.00,0.00,0.00,0.00,0
1.63664,-32,13,174,0,DRIVE [ 27 ] [ 1 ] [ 1879 1366 1825 ] [    0    0    0 ] [      0      0      0 ] [ 0 ],drive [ 26 ] [ 0 ] [ 1879 1356 1833 ] [   24   82   14 ] [  13811   6342   8332 ] [ 0 ],1.00,1.00,1.00,1.00,-32.29,13.16,0.00,0.00,0.00,0.00,0.00,-0.00,0.00,0.00,0.00,0.00,0.00,0.00,0.00,0.00,0.00,0
1.64748,-32,12,172,0,DRIVE [ 27 ] [ 1 ] [ 1879 1373 1818 ] [    0    0    0 ] [      0      0      0 ] [ 0 ],drive [ 27 ] [ 0 ] [ 1879 1366 1825 ] [   24   82   14 ] [  13811   6342   8332 ] [ 0 ],1.00,1.00,1.00,1.00,-32.20,12.14,0.00,0.00,0.00,0.00,0.00,-0.00,0.00,0.00,0.00,0.00,0.00,0.00,0.00,0.00,0.00,0
1.65819,-32,11,170,0,DRIVE [ 28 ] [ 1 ] [ 1879 1377 1813 ] [    0    0    0 ] [      0      0      0 ] [ 0 ],drive [ 27 ] [ 0 ] [ 1879 1373 1818 ] [    7   55   11 ] [  13811   6342   8332 ] [ 0 ],1.00,1.00,1.00,1.00,-32.14,11.38,0.00,0.00,0.00,0.00,0.00,-0.00,0.00,0.00,0.00,0.00,0.00,0.00,0.00,0.00,0.00,0
1.6686,-32,11,168,0,DRIVE [ 28 ] [ 1 ] [ 1879 1380 1809 ] [    0    0    0 ] [      0      0      0 ] [ 0 ],drive [ 28 ] [ 0 ] [ 1879 1377 1813 ] [    7   55   11 ] [  13811   6342   8332 ] [ 0 ],1.00,1.00,1.00,1.00,-31.92,10.77,0.00,0.00,0.00,0.00,0.00,-0.00,0.00,0.00,0.00,0.00,0.00,0.00,0.00,0.00,0.00,0
1.67924,-32,10,166,0,DRIVE [ 29 ] [ 1 ] [ 1879 1382 1806 ] [    0    0    0 ] [      0      0      0 ] [ 0 ],drive [ 28 ] [ 0 ] [ 1879 1380 1809 ] [    7   55   11 ] [  13811   6342   8332 ] [ 0 ],1.00,1.00,1.00,1.00,-31.60,10.33,0.00,0.00,0.00,0.00,0.00,-0.00,0.00,0.00,0.00,0.00,0.00,0.00,0.00,0.00,0.00,0
1.68933,-31,10,163,0,DRIVE [ 29 ] [ 1 ] [ 1879 1385 1805 ] [    0    0    0 ] [      0      0      0 ] [ 0 ],drive [ 29 ] [ 0 ] [ 1879 1382 1806 ] [    7   55   11 ] [  13637   6346   8441 ] [ 0 ],1.00,1.00,1.00,1.00,-31.11,9.97,0.00,0.00,0.00,0.00,0.00,-0.00,0.00,0.00,0.00,0.00,0.00,0.00,0.00,0.00,0.00,0
1.70028,-30,10,161,0,DRIVE [ 30 ] [ 1 ] [ 1879 1389 1805 ] [    0    0    0 ] [      0      0      0 ] [ 0 ],drive [ 29 ] [ 0 ] [ 1879 1385 1805 ] [   15   54   31 ] [  13637   6346   8441 ] [ 0 ],1.00,1.00,1.00,1.00,-30.42,9.71,0.00,0.00,0.00,0.00,0.00,-0.00,0.00,0.00,0.00,0.00,0.00,0.00,0.00,0.00,0.00,0
1.71091,-30,10,158,0,DRIVE [ 30 ] [ 1 ] [ 1879 1394 1807 ] [    0    0    0 ] [      0      0      0 ] [ 0 ],drive [ 30 ] [ 0 ] [ 1879 1389 1805 ] [   15   54   31 ] [  13637   6346   8441 ] [ 0 ],1.00,1.00,1.00,1.00,-29.54,9.56,0.00,0.00,0.00,0.00,0.00,-0.00,0.00,0.00,0.00,0.00,0.00,0.00,0.00,0.00,0.00,0
1.72108,-28,10,156,0,DRIVE [ 31 ] [ 1 ] [ 1879 1401 1811 ] [    0    0    0 ] [      0      0      0 ] [ 0 ],drive [ 30 ] [ 0 ] [ 1879 1394 1807 ] [   15   54   31 ] [  13637   6346   8441 ] [ 0 ],1.00,1.00,1.00,1.00,-28.50,9.51,0.00,0.00,0.00,0.00,0.00,-0.00,0.00,0.00,0.00,0.00,0.00,0.00,0.00,0.00,0.00,0
1.73154,-27,10,154,0,DRIVE [ 31 ] [ 1 ] [ 1879 1406 1816 ] [    0    0    0 ] [      0      0      0 ] [ 0 ],drive [ 31 ] [ 0 ] [ 1879 1401 1811 ] [   15   54   31 ] [  13637   6346   8441 ] [ 0 ],1.00,1.00,1.00,1.00,-27.40,9.65,0.00,0.00,0.00,0.00,0.00,-0.00,0.00,0.00,0.00,0.00,0.00,0.00,0.00,0.00,0.00,0
1.74181,-26,10,152,0,DRIVE [ 32 ] [ 1 ] [ 1879 1411 1824 ] [    0    0    0 ] [      0      0      0 ] [ 0 ],drive [ 31 ] [ 0 ] [ 1879 1406 1816 ] [   15   54   31 ] [  13479   6351   8528 ] [ 0 ],1.00,1.00,1.00,1.00,-26.09,9.98,0.00,0.00,0.00,0.00,0.00,-0.00,0.00,0.00,0.00,0.00,0.00,0.00,0.00,0.00,0.00,0
1.75166,-25,10,149,0,DRIVE [ 32 ] [ 1 ] [ 1879 1415 1835 ] [    0    0    0 ] [      0      0      0 ] [ 0 ],drive [ 32 ] [ 0 ] [ 1879 1411 1824 ] [    8   52   32 ] [  13479   6351   8528 ] [ 0 ],1.00,1.00,1.00,1.00,-24.58,10.44,0.00,0.00,0.00,0.00,0.00,-0.00,0.00,0.00,0.00,0.00,0.00,0.00,0.00,-0.00,0.00,0
1.7615,-23,11,147,0,DRIVE [ 33 ] [ 1 ] [ 1879 1422 1847 ] [    0    0    0 ] [      0      0      0 ] [ 0 ],drive [ 32 ] [ 0 ] [ 1879 1415 1835 ] [    8   52   32 ] [  13479   6351   8528 ] [ 0 ],1.00,1.00,1.00,1.00,-22.89,11.00,0.00,0.00,0.00,0.00,0.00,-0.00,0.00,0.00,0.00,0.00,0.00,0.00,0.00,-0.00,0.00,0
1.77177,-21,12,145,0,DRIVE [ 33 ] [ 1 ] [ 1879 1429 1861 ] [    0    0    0 ] [      0      0      0 ] [ 0 ],drive [ 33 ] [ 0 ] [ 1879 1422 1847 ] [    8   52   32 ] [  13479   6351   8528 ] [ 0 ],1.00,1.00,1.00,1.00,-20.94,11.57,0.00,0.00,0.00,0.00,0.00,-0.00,0.00,0.00,0.00,0.00,0.00,0.00,0.00,-0.00,0.00,0
1.78212,-19,12,143,0,DRIVE [ 34 ] [ 1 ] [ 1879 1438 1877 ] [    0    0    0 ] [      0      0      0 ] [ 0 ],drive [ 33 ] [ 0 ] [ 1879 1429 1861 ] [    8   52   32 ] [  13479   6351   8528 ] [ 0 ],1.00,1.00,1.00,1.00,-18.80,12.13,0.00,0.00,0.00,0.00,0.00,-0.00,0.00,0.00,0.00,0.00,0.00,0.00,0.00,-0.00,0.00,0
1.79226,-16,13,141,0,DRIVE [ 34 ] [ 1 ] [ 1875 1466 1877 ] [    0    0    0 ] [      0      0      0 ] [ 0 ],drive [ 34 ] [ 0 ] [ 1879 1438 1877 ] [    8   52   32 ] [  13355   6352   8547 ] [ 0 ],1.00,1.00,1.00,1.00,-16.44,12.67,0.00,0.00,0.00,0.00,0.00,-0.00,0.00,0.00,0.00,0.00,0.00,0.00,0.00,-0.00,0.00,0
1.80236,-14,13,139,0,DRIVE [ 35 ] [ 1 ] [ 1854 1512 1877 ] [    0    0    0 ] [      0      0      0 ] [ 0 ],drive [ 34 ] [ 0 ] [ 1875 1466 1877 ] [   15   50   28 ] [  13355   6352   8547 ] [ 0 ],1.00,1.00,1.00,1.00,-13.98,13.24,0.00,0.00,0.00,0.00,0.00,-0.00,0.00,0.00,0.00,0.00,0.00,0.00,0.00,-0.00,0.00,0
1.81286,-11,14,137,0,DRIVE [ 35 ] [ 1 ] [ 1831 1557 1877 ] [    0    0    0 ] [      0      0      0 ] [ 0 ],drive [ 35 ] [ 0 ] [ 1854 1512 1877 ] [   15   50   28 ] [  13355   6352   8547 ] [ 0 ],1.00,1.00,1.00,1.00,-11.39,13.82,0.00,0.00,0.00,0.00,0.00,-0.00,0.00,0.00,0.00,0.00,0.00,0.00,0.00,-0.00,0.00,0
1.82253,-9,14,135,0,DRIVE [ 36 ] [ 1 ] [ 1806 1601 1877 ] [    0    0    0 ] [      0      0      0 ] [ 0 ],drive [ 35 ] [ 0 ] [ 1831 1557 1877 ] [   15   50   28 ] [  13355   6352   8547 ] [ 0 ],1.00,1.00,1.00,1.00,-8.67,14.38,0.00,0.00,0.00,0.00,0.00,-0.00,0.00,0.00,0.00,0.00,0.00,0.00,0.00,-0.00,0.00,0
1.83351,-6,15,133,0,DRIVE [ 36 ] [ 1 ] [ 1777 1641 1877 ] [    0    0    0 ] [      0      0      0 ] [ 0 ],drive [ 36 ] [ 0 ] [ 1806 1601 1877 ] [   15   50   28 ] [  13355   6352   8547 ] [ 0 ],1.00,1.00,1.00,1.00,-5.81,14.98,0.00,0.00,0.00,0.00,0.00,-0.00,0.00,0.00,0.00,0.00,0.00,0.00,0.00,-0.00,0.00,0
1.84385,-3,16,131,0,DRIVE [ 37 ] [ 1 ] [ 1743 1675 1877 ] [    0    0    0 ] [      0      0      0 ] [ 0 ],drive [ 36 ] [ 0 ] [ 1777 1641 1877 ] [   15   50   28 ] [  13347   6344   8545 ] [ 0 ],1.00,1.00,1.00,1.00,-2.87,15.52,0.00,0.00,0.00,0.00,0.00,-0.00,0.00,0.00,0.00,0.00,0.00,0.00,0.00,-0.00,0.00,0
1.85454,0,16,129,0,DRIVE [ 37 ] [ 1 ] [ 1702 1705 1877 ] [    0    0    0 ] [      0      0      0 ] [ 0 ],drive [ 37 ] [ 0 ] [ 1743 1675 1877 ] [   25   30   26 ] [  13347   6344   8545 ] [ 0 ],1.00,1.00,1.00,1.00,0.13,16.01,0.00,0.00,0.00,0.00,0.00,-0.00,0.00,0.00,0.00,0.00,0.00,0.00,-0.00,-0.00,0.00,0
1.86676,3,16,127,0,DRIVE [ 38 ] [ 1 ] [ 1655 1731 1877 ] [    0    0    0 ] [      0      0      0 ] [ 0 ],drive [ 37 ] [ 0 ] [ 1702 1705 1877 ] [   25   30   26 ] [  13347   6344   8545 ] [ 0 ],1.00,1.00,1.00,1.00,3.17,16.41,0.00,0.00,0.00,0.00,0.00,-0.00,0.00,0.00,0.00,0.00,0.00,0.00,-0.00,-0.00,0.00,0
1.87874,6,17,125,0,DRIVE [ 38 ] [ 1 ] [ 1599 1754 1877 ] [    0    0    0 ] [      0      0      0 ] [ 0 ],drive [ 38 ] [ 0 ] [ 1655 1731 1877 ] [   25   30   26 ] [  13347   6344   8545 ] [ 0 ],1.00,1.00,1.00,1.00,6.24,16.75,0.00,0.00,0.00,0.00,0.00,-0.00,0.00,0.00,0.00,0.00,0.00,0.00,0.00,0.00,0.00,0
1.88843,9,17,123,0,DRIVE [ 39 ] [ 1 ] [ 1537 1774 1877 ] [    0    0    0 ] [      0      0      0 ] [ 0 ],drive [ 38 ] [ 0 ] [ 1599 1754 1877 ] [   25   30   26 ] [  13383   6255   8545 ] [ 0 ],1.00,1.00,1.00,1.00,9.24,17.03,0.00,0.00,0.00,0.00,0.00,-0.00,0.00,0.00,0.00,0.00,0.00,0.00,0.00,0.00,0.00,0
1.89855,12,17,121,0,DRIVE [ 39 ] [ 1 ] [ 1470 1793 1877 ] [    0    0    0 ] [      0      0      0 ] [ 0 ],drive [ 39 ] [ 0 ] [ 1537 1774 1877 ] [   25   30   26 ] [  13383   6255   8545 ] [ 0 ],1.00,1.00,1.00,1.00,12.13,17.27,0.00,0.00,0.00,0.00,0.00,-0.00,0.00,0.00,0.00,0.00,0.00,0.00,0.00,0.00,0.00,0
1.9105,15,17,119,0,DRIVE [ 40 ] [ 1 ] [ 1399 1811 1877 ] [    0    0    0 ] [      0      0      0 ] [ 0 ],drive [ 39 ] [ 0 ] [ 1470 1793 1877 ] [   43   40   26 ] [  13383   6255   8545 ] [ 0 ],1.00,1.00,1.00,1.00,14.95,17.46,0.00,0.00,0.00,0.00,0.00,-0.00,0.00,0.00,0.00,0.00,0.00,0.00,0.00,0.00,0.00,0
1.92281,18,18,117,0,DRIVE [ 40 ] [ 1 ] [ 1326 1829 1877 ] [    0    0    0 ] [      0      0      0 ] [ 0 ],drive [ 40 ] [ 0 ] [ 1399 1811 1877 ] [   43   40   26 ] [  13383   6255   8545 ] [ 0 ],1.00,1.00,1.00,1.00,17.65,17.59,0.00,0.00,0.00,0.00,0.00,-0.00,0.00,0.00,0.00,0.00,0.00,0.00,0.00,0.00,0.00,0
1.93492,20,18,115,0,DRIVE [ 41 ] [ 1 ] [ 1253 1848 1877 ] [    0    0    0 ] [      0      0      0 ] [ 0 ],drive [ 40 ] [ 0 ] [ 1326 1829 1877 ] [   43   40   26 ] [  13383   6255   8545 ] [ 0 ],1.00,1.00,1.00,1.00,20.16,17.56,0.00,0.00,0.00,0.00,0.00,-0.00,0.00,0.00,0.00,0.00,0.00,0.00,0.00,0.00,0.00,0
1.94479,22,17,113,0,DRIVE [ 41 ] [ 1 ] [ 1183 1866 1877 ] [    0    0    0 ] [      0      0      0 ] [ 0 ],drive [ 41 ] [ 0 ] [ 1253 1848 1877 ] [   43   40   26 ] [  13651   5993   8542 ] [ 0 ],1.00,1.00,1.00,1.00,22.45,17.41,0.00,0.00,0.00,0.00,0.00,-0.00,0.00,0.00,0.00,0.00,0.00,0.00,0.00,0.00,0.00,0
1.95441,24,17,112,0,DRIVE [ 42 ] [ 1 ] [ 1121 1883 1877 ] [    0    0    0 ] [      0      0      0 ] [ 0 ],drive [ 41 ] [ 0 ] [ 1183 1866 1877 ] [   54   25   24 ] [  13651   5993   8542 ] [ 0 ],1.00,1.00,1.00,1.00,24.35,17.21,0.00,0.00,0.00,0.00,0.00,-0.00,0.00,0.00,0.00,0.00,0.00,0.00,0.00,0.00,0.00,0
1.96645,26,17,110,0,DRIVE [ 42 ] [ 1 ] [ 1091 1883 1874 ] [    0    0    0 ] [      0      0      0 ] [ 0 ],drive [ 42 ] [ 0 ] [ 1121 1883 1877 ] [   54   25   24 ] [  13651   5993   8542 ] [ 0 ],1.00,1.00,1.00,1.00,25.85,16.96,0.00,0.00,0.00,0.00,0.00,-0.00,0.00,0.00,0.00,0.00,0.00,0.00,0.00,0.00,0.00,0
1.97842,27,17,108,0,DRIVE [ 43 ] [ 1 ] [ 1067 1883 1863 ] [    0    0    0 ] [      0      0      0 ] [ 0 ],drive [ 42 ] [ 0 ] [ 1091 1883 1874 ] [   54   25   24 ] [  13651   5993   8542 ] [ 0 ],1.00,1.00,1.00,1.00,27.08,16.73,0.00,0.00,0.00,0.00,0.00,-0.00,0.00,0.00,0.00,0.00,0.00,0.00,0.00,0.00,0.00,0
1.99032,28,16,106,0,DRIVE [ 43 ] [ 1 ] [ 1048 1883 1853 ] [    0    0    0 ] [      0      0      0 ] [ 0 ],drive [ 43 ] [ 0 ] [ 1067 1883 1863 ] [   54   25   24 ] [  14503   5444   8537 ] [ 0 ],1.00,1.00,1.00,1.00,28.02,16.43,0.00,0.00,0.00,0.00,0.00,-0.00,0.00,0.00,0.00,0.00,0.00,0.00,0.00,0.00,0.00,0
2.00254,29,16,105,0,DRIVE [ 44 ] [ 1 ] [ 1035 1883 1843 ] [    0    0    0 ] [      0      0      0 ] [ 0 ],drive [ 43 ] [ 0 ] [ 1048 1883 1853 ] [  101   27   23 ] [  14503   5444   8537 ] [ 0 ],1.00,1.00,1.00,1.00,28.74,16.05,0.00,0.00,0.00,0.00,0.00,-0.00,0.00,0.00,0.00,0.00,0.00,0.00,0.00,0.00,0.00,0
2.01267,29,16,103,0,DRIVE [ 44 ] [ 1 ] [ 1025 1883 1834 ] [    0    0    0 ] [      0      0      0 ] [ 0 ],drive [ 44 ] [ 0 ] [ 1035 1883 1843 ] [  101   27   23 ] [  14503   5444   8537 ] [ 0 ],1.00,1.00,1.00,1.00,29.37,15.63,0.00,0.00,0.00,0.00,0.00,-0.00,0.00,0.00,0.00,0.00,0.00,0.00,0.00,0.00,0.00,0
2.02218,30,15,102,0,DRIVE [ 45 ] [ 1 ] [ 1025 1883 1824 ] [    0    0    0 ] [      0      0      0 ] [ 0 ],drive [ 44 ] [ 0 ] [ 1025 1883 1834 ] [  101   27   23 ] [  14503   5444   8537 ] [ 0 ],1.00,1.00,1.00,1.00,30.00,15.17,0.00,0.00,0.00,0.00,0.00,-0.00,0.00,0.00,0.00,0.00,0.00,0.00,0.00,0.00,0.00,0
2.03471,31,15,101,0,DRIVE [ 45 ] [ 1 ] [ 1025 1883 1811 ] [    0    0    0 ] [      0      0      0 ] [ 0 ],drive [ 45 ] [ 0 ] [ 1025 1883 1824 ] [  101   27   23 ] [  14503   5444   8537 ] [ 0 ],1.00,1.00,1.00,1.00,30.74,14.61,0.00,0.00,0.00,0.00,0.00,-0.00,0.00,0.00,0.00,0.00,0.00,0.00,0.00,0.00,0.00,0
2.04647,32,14,99,0,DRIVE [ 46 ] [ 1 ] [ 1025 1883 1795 ] [    0    0    0 ] [      0      0      0 ] [ 0 ],drive [ 45 ] [ 0 ] [ 1025 1883 1811 ] [  101   27   23 ] [  15001   5112   8533 ] [ 0 ],1.00,1.00,1.00,1.00,31.72,13.84,0.00,0.00,0.00,0.00,0.00,-0.00,0.00,0.00,0.00,0.00,0.00,0.00,0.00,0.00,0.00,0
2.05854,33,13,98,0,DRIVE [ 46 ] [ 1 ] [ 1025 1883 1775 ] [    0    0    0 ] [      0      0      0 ] [ 0 ],drive [ 46 ] [ 0 ] [ 1025 1883 1795 ] [   93   18   23 ] [  15001   5112   8533 ] [ 0 ],1.00,1.00,1.00,1.00,32.86,12.98,0.00,0.00,0.00,0.00,0.00,-0.00,0.00,0.00,0.00,0.00,0.00,0.00,0.00,0.00,0.00,0
2.06838,34,12,96,0,DRIVE [ 47 ] [ 1 ] [ 1025 1883 1754 ] [    0    0    0 ] [      0      0      0 ] [ 0 ],drive [ 46 ] [ 0 ] [ 1025 1883 1775 ] [   93   18   23 ] [  15001   5112   8533 ] [ 0 ],1.00,1.00,1.00,1.00,34.02,12.02,0.00,0.00,0.00,0.00,0.00,-0.00,0.00,0.00,0.00,0.00,0.00,0.00,0.00,0.00,0.00,0
2.07853,35,11,95,0,DRIVE [ 47 ] [ 1 ] [ 1025 1883 1732 ] [    0    0    0 ] [      0      0      0 ] [ 0 ],drive [ 47 ] [ 0 ] [ 1025 1883 1754 ] [   93   18   23 ] [  15001   5112   8533 ] [ 0 ],1.00,1.00,1.00,1.00,35.05,10.98,0.00,0.00,0.00,0.00,0.00,-0.00,0.00,0.00,0.00,0.00,0.00,0.00,0.00,0.00,0.00,0
2.0907,36,10,94,0,DRIVE [ 48 ] [ 1 ] [ 1025 1883 1710 ] [    0    0    0 ] [      0      0      0 ] [ 0 ],drive [ 47 ] [ 0 ] [ 1025 1883 1732 ] [   93   18   23 ] [  15040   5110   8534 ] [ 0 ],1.00,1.00,1.00,1.00,35.93,9.87,0.00,0.00,0.00,0.00,0.00,-0.00,0.00,0.00,0.00,0.00,0.00,0.00,0.00,0.00,0.00,0
2.10272,37,9,92,0,DRIVE [ 48 ] [ 1 ] [ 1025 1883 1688 ] [    0    0    0 ] [      0      0      0 ] [ 0 ],drive [ 48 ] [ 0 ] [ 1025 1883 1710 ] [   99   15   36 ] [  15040   5110   8534 ] [ 0 ],1.00,1.00,1.00,1.00,36.55,8.65,0.00,0.00,0.00,0.00,0.00,-0.00,0.00,0.00,0.00,0.00,0.00,0.00,0.00,0.00,0.00,0
2.11451,37,7,91,0,DRIVE [ 49 ] [ 1 ] [ 1025 1883 1669 ] [    0    0    0 ] [      0      0      0 ] [ 0 ],drive [ 48 ] [ 0 ] [ 1025 1883 1688 ] [   99   15   36 ] [  15040   5110   8534 ] [ 0 ],1.00,1.00,1.00,1.00,36.76,7.43,0.00,0.00,0.00,0.00,0.00,-0.00,0.00,0.00,0.00,0.00,0.00,0.00,0.00,0.00,0.00,0
2.12796,37,6,90,0,DRIVE [ 49 ] [ 1 ] [ 1025 1883 1652 ] [    0    0    0 ] [      0      0      0 ] [ 0 ],drive [ 49 ] [ 0 ] [ 1025 1883 1669 ] [   99   15   36 ] [  15040   5110   8534 ] [ 0 ],1.00,1.00,1.00,1.00,36.58,6.27,0.00,0.00,0.00,0.00,0.00,-0.00,0.00,0.00,0.00,0.00,0.00,0.00,0.00,0.00,0.00,0
2.13831,36,5,89,0,DRIVE [ 50 ] [ 1 ] [ 1025 1883 1639 ] [    0    0    0 ] [      0      0      0 ] [ 0 ],drive [ 49 ] [ 0 ] [ 1025 1883 1652 ] [   99   15   36 ] [  15427   4737   8585 ] [ 0 ],1.00,1.00,1.00,1.00,36.07,5.16,0.00,0.00,0.00,0.00,0.00,-0.00,0.00,0.00,0.00,0.00,0.00,0.00,0.00,0.00,0.00,0
2.14833,35,4,87,0,DRIVE [ 50 ] [ 1 ] [ 1025 1883 1628 ] [    0    0    0 ] [      0      0      0 ] [ 0 ],drive [ 50 ] [ 0 ] [ 1025 1883 1639 ] [   99   15   36 ] [  15427   4737   8585 ] [ 0 ],1.00,1.00,1.00,1.00,35.26,4.12,0.00,0.00,0.00,0.00,0.00,-0.00,0.00,0.00,0.00,0.00,0.00,0.00,0.00,0.00,0.00,0
2.15819,34,3,86,0,DRIVE [ 51 ] [ 1 ] [ 1037 1883 1620 ] [    0    0    0 ] [      0      0      0 ] [ 0 ],drive [ 50 ] [ 0 ] [ 1025 1883 1628 ] [   89   23   39 ] [  15427   4737   8585 ] [ 0 ],1.00,1.00,1.00,1.00,34.25,3.12,0.00,0.00,0.00,0.00,0.00,-0.00,0.00,0.00,0.00,0.00,0.00,0.00,0.00,0.00,0.00,0
2.17043,33,2,85,0,DRIVE [ 51 ] [ 1 ] [ 1067 1883 1611 ] [    0    0    0 ] [      0      0      0 ] [ 0 ],drive [ 51 ] [ 0 ] [ 1037 1883 1620 ] [   89   23   39 ] [  15427   4737   8585 ] [ 0 ],1.00,1.00,1.00,1.00,33.21,2.10,0.00,0.00,0.00,0.00,0.00,-0.00,0.00,0.00,0.00,0.00,0.00,0.00,0.00,0.00,0.00,0
2.18234,32,1,84,0,DRIVE [ 52 ] [ 1 ] [ 1099 1883 1599 ] [    0    0    0 ] [      0      0      0 ] [ 0 ],drive [ 51 ] [ 0 ] [ 1067 1883 1611 ] [   89   23   39 ] [  15427   4737   8585 ] [ 0 ],1.00,1.00,1.00,1.00,32.15,0.93,0.00,0.00,0.00,0.00,0.00,-0.00,0.00,0.00,0.00,0.00,0.00,0.00,0.00,0.00,0.00,0
2.19421,31,0,83,0,DRIVE [ 52 ] [ 1 ] [ 1131 1883 1585 ] [    0    0    0 ] [      0      0      0 ] [ 0 ],drive [ 52 ] [ 0 ] [ 1099 1883 1599 ] [   89   23   39 ] [  15698   4400   8689 ] [ 0 ],1.00,1.00,1.00,1.00,31.18,-0.32,0.00,0.00,0.00,0.00,0.00,-0.00,0.00,0.00,0.00,0.00,0.00,0.00,0.00,0.00,0.00,0
2.20377,30,-2,82,0,DRIVE [ 53 ] [ 1 ] [ 1162 1883 1567 ] [    0    0    0 ] [      0      0      0 ] [ 0 ],drive [ 52 ] [ 0 ] [ 1131 1883 1585 ] [   92   15   46 ] [  15698   4400   8689 ] [ 0 ],1.00,1.00,1.00,1.00,30.33,-1.67,0.00,0.00,0.00,0.00,0.00,-0.00,0.00,0.00,0.00,0.00,0.00,0.00,0.00,0.00,0.00,0
2.21442,30,-3,81,0,DRIVE [ 53 ] [ 1 ] [ 1192 1883 1547 ] [    0    0    0 ] [      0      0      0 ] [ 0 ],drive [ 53 ] [ 0 ] [ 1162 1883 1567 ] [   92   15   46 ] [  15698   4400   8689 ] [ 0 ],1.00,1.00,1.00,1.00,29.56,-3.09,0.00,0.00,0.00,0.00,0.00,0.00,0.00,0.00,0.00,0.00,0.00,0.00,0.00,0.00,0.00,0
2.2263,29,-5,80,0,DRIVE [ 54 ] [ 1 ] [ 1220 1883 1523 ] [    0    0    0 ] [      0      0      0 ] [ 0 ],drive [ 53 ] [ 0 ] [ 1192 1883 1547 ] [   92   15   46 ] [  15698   4400   8689 ] [ 0 ],1.00,1.00,1.00,1.00,28.85,-4.60,0.00,0.00,0.00,0.00,0.00,0.00,0.00,0.00,0.00,0.00,0.00,0.00,0.00,0.00,0.00,0
2.23838,28,-6,79,0,DRIVE [ 54 ] [ 1 ] [ 1246 1883 1497 ] [    0    0    0 ] [      0      0      0 ] [ 0 ],drive [ 54 ] [ 0 ] [ 1220 1883 1523 ] [   92   15   46 ] [  15700   4388   8696 ] [ 0 ],1.00,1.00,1.00,1.00,28.10,-6.07,0.00,0.00,0.00,0.00,0.00,0.00,0.00,0.00,0.00,0.00,0.00,0.00,0.00,0.00,0.00,0
2.25044,27,-8,78,0,DRIVE [ 55 ] [ 1 ] [ 1272 1883 1471 ] [    0    0    0 ] [      0      0      0 ] [ 0 ],drive [ 54 ] [ 0 ] [ 1246 1883 1497 ] [   92   15   46 ] [  15700   4388   8696 ] [ 0 ],1.00,1.00,1.00,1.00,27.37,-7.51,0.00,0.00,0.00,0.00,0.00,0.00,0.00,0.00,0.00,0.00,0.00,0.00,0.00,0.00,0.00,0
2.26037,27,-9,77,0,DRIVE [ 55 ] [ 1 ] [ 1296 1883 1446 ] [    0    0    0 ] [      0      0      0 ] [ 0 ],drive [ 55 ] [ 0 ] [ 1272 1883 1471 ] [   75   14   35 ] [  15700   4388   8696 ] [ 0 ],1.00,1.00,1.00,1.00,26.54,-8.80,0.00,0.00,0.00,0.00,0.00,0.00,0.00,0.00,0.00,0.00,0.00,0.00,0.00,0.00,0.00,0
2.27029,26,-10,76,0,DRIVE [ 56 ] [ 1 ] [ 1320 1883 1424 ] [    0    0    0 ] [      0      0      0 ] [ 0 ],drive [ 55 ] [ 0 ] [ 1296 1883 1446 ] [   75   14   35 ] [  15700   4388   8696 ] [ 0 ],1.00,1.00,1.00,1.00,25.67,-9.96,0.00,0.00,0.00,0.00,0.00,0.00,0.00,0.00,0.00,0.00,0.00,0.00,0.00,0.00,0.00,0
2.28242,25,-11,74,0,DRIVE [ 56 ] [ 1 ] [ 1345 1883 1404 ] [    0    0    0 ] [      0      0      0 ] [ 0 ],drive [ 56 ] [ 0 ] [ 1320 1883 1424 ] [   75   14   35 ] [  15700   4388   8696 ] [ 0 ],1.00,1.00,1.00,1.00,24.71,-10.92,0.00,0.00,0.00,0.00,0.00,0.00,0.00,0.00,0.00,0.00,0.00,0.00,0.00,0.00,0.00,0
2.29432,24,-12,73,0,DRIVE [ 57 ] [ 1 ] [ 1369 1883 1388 ] [    0    0    0 ] [      0      0      0 ] [ 0 ],drive [ 56 ] [ 0 ] [ 1345 1883 1404 ] [   75   14   35 ] [  15691   4374   8886 ] [ 0 ],1.00,1.00,1.00,1.00,23.64,-11.70,0.00,0.00,0.00,0.00,0.00,0.00,0.00,0.00,0.00,0.00,0.00,0.00,0.00,0.00,0.00,0
2.30634,22,-12,72,0,DRIVE [ 57 ] [ 1 ] [ 1396 1883 1375 ] [    0    0    0 ] [      0      0      0 ] [ 0 ],drive [ 57 ] [ 0 ] [ 1369 1883 1388 ] [   58   28   66 ] [  15691   4374   8886 ] [ 0 ],1.00,1.00,1.00,1.00,22.48,-12.33,0.00,0.00,0.00,0.00,0.00,0.00,0.00,0.00,0.00,0.00,0.00,0.00,0.00,0.00,0.00,0
2.31848,21,-13,71,0,DRIVE [ 58 ] [ 1 ] [ 1422 1883 1363 ] [    0    0    0 ] [      0      0      0 ] [ 0 ],drive [ 57 ] [ 0 ] [ 1396 1883 1375 ] [   58   28   66 ] [  15691   4374   8886 ] [ 0 ],1.00,1.00,1.00,1.00,21.28,-12.92,0.00,0.00,0.00,0.00,0.00,0.00,0.00,0.00,0.00,0.00,0.00,0.00,0.00,0.00,0.00,0
2.32865,20,-13,70,0,DRIVE [ 58 ] [ 1 ] [ 1449 1883 1350 ] [    0    0    0 ] [      0      0      0 ] [ 0 ],drive [ 58 ] [ 0 ] [ 1422 1883 1363 ] [   58   28   66 ] [  15691   4374   8886 ] [ 0 ],1.00,1.00,1.00,1.00,20.07,-13.47,0.00,0.00,0.00,0.00,0.00,0.00,0.00,0.00,0.00,0.00,0.00,0.00,0.00,0.00,0.00,0
2.33827,19,-14,69,0,DRIVE [ 59 ] [ 1 ] [ 1475 1883 1336 ] [    0    0    0 ] [      0      0      0 ] [ 0 ],drive [ 58 ] [ 0 ] [ 1449 1883 1350 ] [   58   28   66 ] [  15674   4310   9073 ] [ 0 ],1.00,1.00,1.00,1.00,18.87,-14.01,0.00,0.00,0.00,0.00,0.00,0.00,0.00,0.00,0.00,0.00,0.00,0.00,0.00,0.00,0.00,0
2.35037,18,-14,68,0,DRIVE [ 59 ] [ 1 ] [ 1502 1883 1323 ] [    0    0    0 ] [      0      0      0 ] [ 0 ],drive [ 59 ] [ 0 ] [ 1475 1883 1336 ] [   58   28   66 ] [  15674   4310   9073 ] [ 0 ],1.00,1.00,1.00,1.00,17.64,-14.46,0.00,0.00,0.00,0.00,0.00,0.00,0.00,0.00,0.00,0.00,0.00,0.00,0.00,0.00,0.00,0
2.36218,16,-15,67,0,DRIVE [ 60 ] [ 1 ] [ 1530 1883 1311 ] [    0    0    0 ] [      0      0      0 ] [ 0 ],drive [ 59 ] [ 0 ] [ 1502 1883 1323 ] [   48    2   54 ] [  15674   4310   9073 ] [ 0 ],1.00,1.00,1.00,1.00,16.33,-14.83,0.00,0.00,0.00,0.00,0.00,0.00,0.00,0.00,0.00,0.00,0.00,0.00,0.00,0.00,0.00,0
2.37541,15,-15,66,0,DRIVE [ 60 ] [ 1 ] [ 1559 1883 1304 ] [    0    0    0 ] [      0      0      0 ] [ 0 ],drive [ 60 ] [ 0 ] [ 1530 1883 1311 ] [   48    2   54 ] [  15674   4310   9073 ] [ 0 ],1.00,1.00,1.00,1.00,14.98,-15.01,0.00,0.00,0.00,0.00,0.00,0.00,0.00,0.00,0.00,0.00,0.00,0.00,0.00,0.00,0.00,0
2.38664,14,-15,65,0,DRIVE [ 61 ] [ 1 ] [ 1587 1883 1302 ] [    0    0    0 ] [      0      0      0 ] [ 0 ],drive [ 60 ] [ 0 ] [ 1559 1883 1304 ] [   48    2   54 ] [  15551   4227   9249 ] [ 0 ],1.00,1.00,1.00,1.00,13.60,-14.94,0.00,0.00,0.00,0.00,0.00,0.00,0.00,0.00,0.00,0.00,0.00,0.00,0.00,0.00,0.00,0
2.39663,12,-15,64,0,DRIVE [ 61 ] [ 1 ] [ 1613 1883 1309 ] [    0    0    0 ] [      0      0      0 ] [ 0 ],drive [ 61 ] [ 0 ] [ 1587 1883 1302 ] [   48    2   54 ] [  15551   4227   9249 ] [ 0 ],1.00,1.00,1.00,1.00,12.27,-14.58,0.00,0.00,0.00,0.00,0.00,0.00,0.00,0.00,0.00,0.00,0.00,0.00,0.00,0.00,0.00,0
2.4071,11,-14,63,0,DRIVE [ 62 ] [ 1 ] [ 1639 1883 1323 ] [    0    0    0 ] [      0      0      0 ] [ 0 ],drive [ 61 ] [ 0 ] [ 1613 1883 1309 ] [   40   23   54 ] [  15551   4227   9249 ] [ 0 ],1.00,1.00,1.00,1.00,10.95,-14.01,0.00,0.00,0.00,0.00,0.00,0.00,0.00,0.00,0.00,0.00,0.00,0.00,0.00,0.00,0.00,0
2.41798,10,-13,62,0,DRIVE [ 62 ] [ 1 ] [ 1665 1883 1342 ] [    0    0    0 ] [      0      0      0 ] [ 0 ],drive [ 62 ] [ 0 ] [ 1639 1883 1323 ] [   40   23   54 ] [  15551   4227   9249 ] [ 0 ],1.00,1.00,1.00,1.00,9.66,-13.32,0.00,0.00,0.00,0.00,0.00,0.00,0.00,0.00,0.00,0.00,0.00,0.00,0.00,0.00,0.00,0
2.43026,8,-12,61,0,DRIVE [ 63 ] [ 1 ] [ 1691 1883 1366 ] [    0    0    0 ] [      0      0      0 ] [ 0 ],drive [ 62 ] [ 0 ] [ 1665 1883 1342 ] [   40   23   54 ] [  15551   4227   9249 ] [ 0 ],1.00,1.00,1.00,1.00,8.39,-12.46,0.00,0.00,0.00,0.00,0.00,0.00,0.00,0.00,0.00,0.00,0.00,0.00,-0.00,0.00,0.00,0
2.44249,7,-11,59,0,DRIVE [ 63 ] [ 1 ] [ 1717 1883 1396 ] [    0    0    0 ] [      0      0      0 ] [ 0 ],drive [ 63 ] [ 0 ] [ 1691 1883 1366 ] [   40   23   54 ] [  15199   4158   9578 ] [ 0 ],1.00,1.00,1.00,1.00,7.17,-11.49,0.00,0.00,0.00,0.00,0.00,0.00,0.00,0.00,0.00,0.00,0.00,0.00,-0.00,0.00,0.00,0
2.45255,6,-10,58,0,DRIVE [ 64 ] [ 1 ] [ 1742 1883 1431 ] [    0    0    0 ] [      0      0      0 ] [ 0 ],drive [ 63 ] [ 0 ] [ 1717 1883 1396 ] [   45   19   58 ] [  15199   4158   9578 ] [ 0 ],1.00,1.00,1.00,1.00,6.00,-10.42,0.00,0.00,0.00,0.00,0.00,0.00,0.00,0.00,0.00,0.00,0.00,0.00,-0.00,0.00,0.00,0
2.46235,5,-9,57,0,DRIVE [ 64 ] [ 1 ] [ 1765 1883 1471 ] [    0    0    0 ] [      0      0      0 ] [ 0 ],drive [ 64 ] [ 0 ] [ 1742 1883 1431 ] [   45   19   58 ] [  15199   4158   9578 ] [ 0 ],1.00,1.00,1.00,1.00,4.94,-9.26,0.00,0.00,0.00,0.00,0.00,0.00,0.00,0.00,0.00,0.00,0.00,0.00,-0.00,0.00,0.00,0
2.4742,4,-8,56,0,DRIVE [ 65 ] [ 1 ] [ 1785 1883 1513 ] [    0    0    0 ] [      0      0      0 ] [ 0 ],drive [ 64 ] [ 0 ] [ 1765 1883 1471 ] [   45   19   58 ] [  15199   4158   9578 ] [ 0 ],1.00,1.00,1.00,1.00,4.02,-8.12,0.00,0.00,0.00,0.00,0.00,0.00,0.00,0.00,0.00,0.00,0.00,0.00,-0.00,0.00,0.00,0
2.48626,3,-7,55,0,DRIVE [ 65 ] [ 1 ] [ 1804 1883 1555 ] [    0    0    0 ] [      0      0      0 ] [ 0 ],drive [ 65 ] [ 0 ] [ 1785 1883 1513 ] [   45   19   58 ] [  14788   4139   9717 ] [ 0 ],1.00,1.00,1.00,1.00,3.19,-7.00,0.00,0.00,0.00,0.00,0.00,0.00,0.00,0.00,0.00,0.00,0.00,0.00,-0.00,0.00,0.00,0
2.49843,2,-6,54,0,DRIVE [ 66 ] [ 1 ] [ 1821 1883 1600 ] [    0    0    0 ] [      0      0      0 ] [ 0 ],drive [ 65 ] [ 0 ] [ 1804 1883 1555 ] [   45   19   58 ] [  14788   4139   9717 ] [ 0 ],1.00,1.00,1.00,1.00,2.47,-5.91,0.00,0.00,0.00,0.00,0.00,0.00,0.00,0.00,0.00,0.00,0.00,0.00,-0.00,0.00,0.00,0
2.5103,2,-5,53,0,DRIVE [ 66 ] [ 1 ] [ 1836 1883 1648 ] [    0    0    0 ] [      0      0      0 ] [ 0 ],drive [ 66 ] [ 0 ] [ 1821 1883 1600 ] [   29   19   59 ] [  14788   4139   9717 ] [ 0 ],1.00,1.00,1.00,1.00,1.86,-4.79,0.00,0.00,0.00,0.00,0.00,0.00,0.00,0.00,0.00,0.00,0.00,0.00,-0.00,0.00,0.00,0
2.52026,1,-4,52,0,DRIVE [ 67 ] [ 1 ] [ 1850 1883 1700 ] [    0    0    0 ] [      0      0      0 ] [ 0 ],drive [ 66 ] [ 0 ] [ 1836 1883 1648 ] [   29   19   59 ] [  14788   4139   9717 ] [ 0 ],1.00,1.00,1.00,1.00,1.33,-3.65,0.00,0.00,0.00,0.00,0.00,0.00,0.00,0.00,0.00,0.00,0.00,0.00,-0.00,0.00,0.00,0
2.53047,1,-2,51,0,DRIVE [ 67 ] [ 1 ] [ 1861 1883 1757 ] [    0    0    0 ] [      0      0      0 ] [ 0 ],drive [ 67 ] [ 0 ] [ 1850 1883 1700 ] [   29   19   59 ] [  14788   4139   9717 ] [ 0 ],1.00,1.00,1.00,1.00,0.90,-2.48,0.00,0.00,0.00,0.00,0.00,0.00,0.00,0.00,0.00,0.00,0.00,0.00,-0.00,0.00,0.00,0
2.5424,1,-1,50,0,DRIVE [ 68 ] [ 1 ] [ 1870 1883 1821 ] [    0    0    0 ] [      0      0      0 ] [ 0 ],drive [ 67 ] [ 0 ] [ 1861 1883 1757 ] [   29   19   59 ] [  14513   4139   9693 ] [ 0 ],1.00,1.00,1.00,1.00,0.53,-1.22,0.00,0.00,0.00,0.00,0.00,0.00,0.00,0.00,0.00,0.00,0.00,0.00,-0.00,0.00,0.00,0
2.55424,0,0,49,0,DRIVE [ 68 ] [ 1 ] [ 1871 1883 1883 ] [    0    0    0 ] [      0      0      0 ] [ 0 ],drive [ 68 ] [ 0 ] [ 1870 1883 1821 ] [   31   19   42 ] [  14513   4139   9693 ] [ 0 ],1.00,1.00,1.00,1.00,0.24,0.10,0.00,0.00,0.00,0.00,0.00,0.00,0.00,0.00,0.00,0.00,0.00,0.00,-0.00,-0.00,0.00,0
2.56636,0,1,48,0,DRIVE [ 69 ] [ 1 ] [ 1839 1842 1883 ] [    0    0    0 ] [      0      0      0 ] [ 0 ],drive [ 68 ] [ 0 ] [ 1871 1883 1883 ] [   31   19   42 ] [  14513   4139   9693 ] [ 0 ],1.00,1.00,1.00,1.00,0.05,1.45,0.00,0.00,0.00,0.00,0.00,0.00,0.00,0.00,0.00,0.00,0.00,0.00,0.00,0.00,0.00,0
2.57938,0,3,47,0,DRIVE [ 69 ] [ 1 ] [ 1801 1798 1883 ] [    0    0    0 ] [      0      0      0 ] [ 0 ],drive [ 69 ] [ 0 ] [ 1839 1842 1883 ] [   31   19   42 ] [  14513   4139   9693 ] [ 0 ],1.00,1.00,1.00,1.00,-0.05,2.75,0.00,0.00,0.00,0.00,0.00,0.00,0.00,0.00,0.00,0.00,0.00,0.00,0.00,0.00,0.00,0
2.59029,0,4,47,0,DRIVE [ 70 ] [ 1 ] [ 1764 1761 1883 ] [    0    0    0 ] [      0      0      0 ] [ 0 ],drive [ 69 ] [ 0 ] [ 1801 1798 1883 ] [   31   19   42 ] [  14140   4139   9490 ] [ 0 ],1.00,1.00,1.00,1.00,-0.05,3.91,0.00,0.00,0.00,0.00,0.00,0.00,0.00,0.00,0.00,0.00,0.00,0.00,0.00,0.00,0.00,0
2.60059,0,5,46,0,DRIVE [ 70 ] [ 1 ] [ 1728 1730 1883 ] [    0    0    0 ] [      0      0      0 ] [ 0 ],drive [ 70 ] [ 0 ] [ 1764 1761 1883 ] [   23   21    5 ] [  14140   4139   9490 ] [ 0 ],1.00,1.00,1.00,1.00,0.03,4.91,0.00,0.00,0.00,0.00,0.00,0.00,0.00,0.00,0.00,0.00,0.00,0.00,0.00,0.00,0.00,0
2.6107,0,6,46,0,DRIVE [ 71 ] [ 1 ] [ 1696 1707 1883 ] [    0    0    0 ] [      0      0      0 ] [ 0 ],drive [ 70 ] [ 0 ] [ 1728 1730 1883 ] [   23   21    5 ] [  14140   4139   9490 ] [ 0 ],1.00,1.00,1.00,1.00,0.17,5.74,0.00,0.00,0.00,0.00,0.00,0.00,0.00,0.00,0.00,0.00,0.00,0.00,0.00,0.00,0.00,0
2.62249,0,6,45,0,DRIVE [ 71 ] [ 1 ] [ 1665 1686 1883 ] [    0    0    0 ] [      0      0      0 ] [ 0 ],drive [ 71 ] [ 0 ] [ 1696 1707 1883 ] [   23   21    5 ] [  14140   4139   9490 ] [ 0 ],1.00,1.00,1.00,1.00,0.33,6.49,0.00,0.00,0.00,0.00,0.00,0.00,0.00,0.00,0.00,0.00,0.00,0.00,0.00,0.00,0.00,0
2.63457,1,7,45,1,DRIVE [ 72 ] [ 1 ] [ 1635 1670 1883 ] [    0    0    0 ] [      0      0      0 ] [ 0 ],drive [ 71 ] [ 0 ] [ 1665 1686 1883 ] [   23   21    5 ] [  14140   4139   9490 ] [ 0 ],1.00,1.00,1.00,1.00,0.52,7.16,0.00,0.00,0.00,0.00,0.00,0.00,0.00,0.00,0.00,0.00,0.00,0.00,0.00,0.00,0.00,0
