timestamp,Xmm,Ymm,Zmm,TouchDetected,OutgoingPacket,IncomingPacket,GainPropAb, GainPropAd, GainPropFl, GainPropEx,PropA, PropB, PropC,GainIntegAb, GainIntegAd, GainIntegFl, GainIntegEx,IntegA, IntegB, IntegC,GainDerivAb, GainDerivAd, GainDerivFl, GainDerivEx,DerivA, DerivB, DerivC,Heading5
0.163895,50,72,536,0,DRIVE [ 71 ] [ 1 ] [ 1899 1904 1905 ] [    0    0    0 ] [      0      0      0 ] [ 0 ],drive [ 70 ] [ 0 ] [ 1862 1905 1905 ] [    9   20   14 ] [   9533   8315  10187 ] [ 0 ],1.10,1.10,1.10,1.10,55.03,79.62,0.00,0.00,0.00,0.00,0.00,0.00,0.00,0.00,0.00,0.00,0.00,0.00,0.00,0.00,0.00,0
0.178379,51,73,538,0,DRIVE [ 71 ] [ 1 ] [ 1893 1902 1905 ] [    0    0    0 ] [      0      0      0 ] [ 0 ],drive [ 71 ] [ 0 ] [ 1899 1904 1905 ] [    9   20   14 ] [   9533   8315  10187 ] [ 0 ],1.10,1.10,1.10,1.10,56.14,79.82,0.00,0.00,0.00,0.00,0.00,0.00,0.00,0.00,0.00,0.00,0.00,0.00,0.00,0.00,0.00,0
0.194198,52,73,537,0,DRIVE [ 72 ] [ 1 ] [ 1886 1901 1905 ] [    0    0    0 ] [      0      0      0 ] [ 0 ],drive [ 71 ] [ 0 ] [ 1893 1902 1905 ] [    9   20   14 ] [   9533   8315  10187 ] [ 0 ],1.10,1.10,1.10,1.10,57.06,79.96,0.00,0.00,0.00,0.00,0.00,0.00,0.00,0.00,0.00,0.00,0.00,0.00,0.00,0.00,0.00,0
0.207138,52,73,535,0,DRIVE [ 72 ] [ 1 ] [ 1879 1900 1905 ] [    0    0    0 ] [      0      0      0 ] [ 0 ],drive [ 72 ] [ 0 ] [ 1886 1901 1905 ] [    9   20   14 ] [   9525   8315  10188 ] [ 0 ],1.10,1.10,1.10,1.10,57.60,79.98,0.00,0.00,0.00,0.00,0.00,0.00,0.00,0.00,0.00,0.00,0.00,0.00,0.00,0.00,0.00,0
0.222132,53,73,533,0,DRIVE [ 73 ] [ 1 ] [ 1873 1898 1905 ] [    0    0    0 ] [      0      0      0 ] [ 0 ],drive [ 72 ] [ 0 ] [ 1879 1900 1905 ] [    8   20   14 ] [   9525   8315  10188 ] [ 0 ],1.10,1.10,1.10,1.10,58.13,80.12,0.00,0.00,0.00,0.00,0.00,0.00,0.00,0.00,0.00,0.00,0.00,0.00,0.00,0.00,0.00,0
0.23786,53,73,527,0,DRIVE [ 73 ] [ 1 ] [ 1866 1897 1905 ] [    0    0    0 ] [      0      0      0 ] [ 0 ],drive [ 73 ] [ 0 ] [ 1873 1898 1905 ] [    8   20   14 ] [   9525   8315  10188 ] [ 0 ],1.10,1.10,1.10,1.10,58.38,79.77,0.00,0.00,0.00,0.00,0.00,0.00,0.00,0.00,0.00,0.00,0.00,0.00,0.00,0.00,0.00,0
0.254384,54,73,527,0,DRIVE [ 74 ] [ 1 ] [ 1858 1896 1905 ] [    0    0    0 ] [      0      0      0 ] [ 0 ],drive [ 73 ] [ 0 ] [ 1866 1897 1905 ] [    8   20   14 ] [   9497   8314  10186 ] [ 0 ],1.10,1.10,1.10,1.10,59.34,80.23,0.00,0.00,0.00,0.00,0.00,0.00,0.00,0.00,0.00,0.00,0.00,0.00,0.00,0.00,0.00,0
0.270375,55,73,524,0,DRIVE [ 74 ] [ 1 ] [ 1849 1894 1905 ] [    0    0    0 ] [      0      0      0 ] [ 0 ],drive [ 74 ] [ 0 ] [ 1858 1896 1905 ] [   12   20   14 ] [   9497   8314  10186 ] [ 0 ],1.10,1.10,1.10,1.10,60.44,80.15,0.00,0.00,0.00,0.00,0.00,0.00,0.00,0.00,0.00,0.00,0.00,0.00,0.00,0.00,0.00,0
0.285766,56,73,525,0,DRIVE [ 75 ] [ 1 ] [ 1841 1893 1905 ] [    0    0    0 ] [      0      0      0 ] [ 0 ],drive [ 74 ] [ 0 ] [ 1849 1894 1905 ] [   12   20   14 ] [   9497   8314  10186 ] [ 0 ],1.10,1.10,1.10,1.10,62.12,80.60,0.00,0.00,0.00,0.00,0.00,0.00,0.00,0.00,0.00,0.00,0.00,0.00,0.00,0.00,0.00,0
0.301214,57,73,521,0,DRIVE [ 75 ] [ 1 ] [ 1832 1892 1905 ] [    0    0    0 ] [      0      0      0 ] [ 0 ],drive [ 75 ] [ 0 ] [ 1841 1893 1905 ] [   12   20   14 ] [   9498   8314  10186 ] [ 0 ],1.10,1.10,1.10,1.10,62.74,80.02,0.00,0.00,0.00,0.00,0.00,0.00,0.00,0.00,0.00,0.00,0.00,0.00,0.00,0.00,0.00,0
0.314451,58,73,519,0,DRIVE [ 76 ] [ 1 ] [ 1824 1891 1905 ] [    0    0    0 ] [      0      0      0 ] [ 0 ],drive [ 75 ] [ 0 ] [ 1832 1892 1905 ] [   12   20   17 ] [   9498   8314  10186 ] [ 0 ],1.10,1.10,1.10,1.10,63.98,79.98,0.00,0.00,0.00,0.00,0.00,0.00,0.00,0.00,0.00,0.00,0.00,0.00,0.00,0.00,0.00,0
0.32824,59,72,515,0,DRIVE [ 76 ] [ 1 ] [ 1816 1890 1905 ] [    0    0    0 ] [      0      0      0 ] [ 0 ],drive [ 76 ] [ 0 ] [ 1824 1891 1905 ] [   12   20   17 ] [   9498   8314  10186 ] [ 0 ],1.10,1.10,1.10,1.10,64.89,79.39,0.00,0.00,0.00,0.00,0.00,0.00,0.00,0.00,0.00,0.00,0.00,0.00,0.00,0.00,0.00,0
0.341352,61,72,516,0,DRIVE [ 77 ] [ 1 ] [ 1807 1890 1905 ] [    0    0    0 ] [      0      0      0 ] [ 0 ],drive [ 76 ] [ 0 ] [ 1816 1890 1905 ] [   12   20   17 ] [   9498   8314  10186 ] [ 0 ],1.10,1.10,1.10,1.10,66.74,79.47,0.00,0.00,0.00,0.00,0.00,0.00,0.00,0.00,0.00,0.00,0.00,0.00,0.00,0.00,0.00,0
0.357389,62,71,511,0,DRIVE [ 77 ] [ 1 ] [ 1799 1890 1905 ] [    0    0    0 ] [      0      0      0 ] [ 0 ],drive [ 77 ] [ 0 ] [ 1807 1890 1905 ] [   12   20   17 ] [   9509   8314  10179 ] [ 0 ],1.10,1.10,1.10,1.10,67.94,78.31,0.00,0.00,0.00,0.00,0.00,0.00,0.00,0.00,0.00,0.00,0.00,0.00,0.00,0.00,0.00,0
0.37154,63,71,510,0,DRIVE [ 78 ] [ 1 ] [ 1788 1889 1905 ] [    0    0    0 ] [      0      0      0 ] [ 0 ],drive [ 77 ] [ 0 ] [ 1799 1890 1905 ] [   13   21   18 ] [   9509   8314  10179 ] [ 0 ],1.10,1.10,1.10,1.10,69.51,77.61,0.00,0.00,0.00,0.00,0.00,0.00,0.00,0.00,0.00,0.00,0.00,0.00,0.00,0.00,0.00,0
0.387967,66,70,510,0,DRIVE [ 78 ] [ 1 ] [ 1777 1890 1905 ] [    0    0    0 ] [      0      0      0 ] [ 0 ],drive [ 78 ] [ 0 ] [ 1788 1889 1905 ] [   13   21   18 ] [   9509   8314  10179 ] [ 0 ],1.10,1.10,1.10,1.10,72.14,77.26,0.00,0.00,0.00,0.00,0.00,0.00,0.00,0.00,0.00,0.00,0.00,0.00,0.00,0.00,0.00,0
0.404515,67,69,503,0,DRIVE [ 79 ] [ 1 ] [ 1765 1890 1905 ] [    0    0    0 ] [      0      0      0 ] [ 0 ],drive [ 78 ] [ 0 ] [ 1777 1890 1905 ] [   13   21   18 ] [   9511   8270  10179 ] [ 0 ],1.10,1.10,1.10,1.10,73.51,76.12,0.00,0.00,0.00,0.00,0.00,0.00,0.00,0.00,0.00,0.00,0.00,0.00,0.00,0.00,0.00,0
0.417717,69,69,502,0,DRIVE [ 79 ] [ 1 ] [ 1753 1890 1905 ] [    0    0    0 ] [      0      0      0 ] [ 0 ],drive [ 79 ] [ 0 ] [ 1765 1890 1905 ] [   15   15   19 ] [   9511   8270  10179 ] [ 0 ],1.10,1.10,1.10,1.10,75.57,75.81,0.00,0.00,0.00,0.00,0.00,0.00,0.00,0.00,0.00,0.00,0.00,0.00,0.00,0.00,0.00,0
0.431893,69,67,493,0,DRIVE [ 80 ] [ 1 ] [ 1741 1890 1905 ] [    0    0    0 ] [      0      0      0 ] [ 0 ],drive [ 79 ] [ 0 ] [ 1753 1890 1905 ] [   15   15   19 ] [   9511   8270  10179 ] [ 0 ],1.10,1.10,1.10,1.10,76.37,74.25,0.00,0.00,0.00,0.00,0.00,0.00,0.00,0.00,0.00,0.00,0.00,0.00,0.00,0.00,0.00,0
0.445144,71,67,490,0,DRIVE [ 80 ] [ 1 ] [ 1729 1891 1905 ] [    0    0    0 ] [      0      0      0 ] [ 0 ],drive [ 80 ] [ 0 ] [ 1741 1890 1905 ] [   15   15   19 ] [   9529   8233  10166 ] [ 0 ],1.10,1.10,1.10,1.10,78.07,73.93,0.00,0.00,0.00,0.00,0.00,0.00,0.00,0.00,0.00,0.00,0.00,0.00,0.00,0.00,0.00,0
0.458895,72,66,483,0,DRIVE [ 81 ] [ 1 ] [ 1717 1891 1905 ] [    0    0    0 ] [      0      0      0 ] [ 0 ],drive [ 80 ] [ 0 ] [ 1729 1891 1905 ] [   15   15   19 ] [   9529   8233  10166 ] [ 0 ],1.10,1.10,1.10,1.10,79.31,72.98,0.00,0.00,0.00,0.00,0.00,0.00,0.00,0.00,0.00,0.00,0.00,0.00,0.00,0.00,0.00,0
0.47209,75,67,490,0,DRIVE [ 81 ] [ 1 ] [ 1704 1892 1905 ] [    0    0    0 ] [      0      0      0 ] [ 0 ],drive [ 81 ] [ 0 ] [ 1717 1891 1905 ] [   20   20   22 ] [   9529   8233  10166 ] [ 0 ],1.10,1.10,1.10,1.10,82.59,74.20,0.00,0.00,0.00,0.00,0.00,0.00,0.00,0.00,0.00,0.00,0.00,0.00,0.00,0.00,0.00,0
0.485346,77,67,485,0,DRIVE [ 82 ] [ 1 ] [ 1690 1892 1905 ] [    0    0    0 ] [      0      0      0 ] [ 0 ],drive [ 81 ] [ 0 ] [ 1704 1892 1905 ] [   20   20   22 ] [   9529   8233  10166 ] [ 0 ],1.10,1.10,1.10,1.10,84.40,74.13,0.00,0.00,0.00,0.00,0.00,0.00,0.00,0.00,0.00,0.00,0.00,0.00,0.00,0.00,0.00,0
0.499068,78,67,477,0,DRIVE [ 82 ] [ 1 ] [ 1676 1892 1905 ] [    0    0    0 ] [      0      0      0 ] [ 0 ],drive [ 82 ] [ 0 ] [ 1690 1892 1905 ] [   20   20   22 ] [   9536   8197  10166 ] [ 0 ],1.10,1.10,1.10,1.10,85.52,73.75,0.00,0.00,0.00,0.00,0.00,0.00,0.00,0.00,0.00,0.00,0.00,0.00,0.00,0.00,0.00,0
0.511884,79,68,475,0,DRIVE [ 83 ] [ 1 ] [ 1661 1893 1905 ] [    0    0    0 ] [      0      0      0 ] [ 0 ],drive [ 82 ] [ 0 ] [ 1676 1892 1905 ] [   28   17   22 ] [   9536   8197  10166 ] [ 0 ],1.10,1.10,1.10,1.10,87.45,74.40,0.00,0.00,0.00,0.00,0.00,0.00,0.00,0.00,0.00,0.00,0.00,0.00,0.00,0.00,0.00,0
0.525478,81,68,468,0,DRIVE [ 83 ] [ 1 ] [ 1645 1893 1905 ] [    0    0    0 ] [      0      0      0 ] [ 0 ],drive [ 83 ] [ 0 ] [ 1661 1893 1905 ] [   28   17   22 ] [   9536   8197  10166 ] [ 0 ],1.10,1.10,1.10,1.10,88.70,74.54,0.00,0.00,0.00,0.00,0.00,0.00,0.00,0.00,0.00,0.00,0.00,0.00,0.00,0.00,0.00,0
0.538155,82,68,462,0,DRIVE [ 84 ] [ 1 ] [ 1629 1893 1905 ] [    0    0    0 ] [      0      0      0 ] [ 0 ],drive [ 83 ] [ 0 ] [ 1645 1893 1905 ] [   28   17   22 ] [   9536   8197  10166 ] [ 0 ],1.10,1.10,1.10,1.10,89.77,74.75,0.00,0.00,0.00,0.00,0.00,0.00,0.00,0.00,0.00,0.00,0.00,0.00,0.00,0.00,0.00,0
0.550905,84,69,459,0,DRIVE [ 84 ] [ 1 ] [ 1612 1892 1905 ] [    0    0    0 ] [      0      0      0 ] [ 0 ],drive [ 84 ] [ 0 ] [ 1629 1893 1905 ] [   28   17   22 ] [   9548   7963  10166 ] [ 0 ],1.10,1.10,1.10,1.10,91.93,76.03,0.00,0.00,0.00,0.00,0.00,0.00,0.00,0.00,0.00,0.00,0.00,0.00,0.00,0.00,0.00,0
0.564215,85,70,454,0,DRIVE [ 85 ] [ 1 ] [ 1596 1892 1905 ] [    0    0    0 ] [      0      0      0 ] [ 0 ],drive [ 84 ] [ 0 ] [ 1612 1892 1905 ] [   51    1   22 ] [   9548   7963  10166 ] [ 0 ],1.10,1.10,1.10,1.10,93.03,76.86,0.00,0.00,0.00,0.00,0.00,0.00,0.00,0.00,0.00,0.00,0.00,0.00,0.00,0.00,0.00,0
0.577178,85,70,449,0,DRIVE [ 85 ] [ 1 ] [ 1580 1892 1905 ] [    0    0    0 ] [      0      0      0 ] [ 0 ],drive [ 85 ] [ 0 ] [ 1596 1892 1905 ] [   51    1   22 ] [   9548   7963  10166 ] [ 0 ],1.10,1.10,1.10,1.10,93.77,77.10,0.00,0.00,0.00,0.00,0.00,0.00,0.00,0.00,0.00,0.00,0.00,0.00,0.00,0.00,0.00,0
0.590652,86,71,446,0,DRIVE [ 86 ] [ 1 ] [ 1565 1891 1905 ] [    0    0    0 ] [      0      0      0 ] [ 0 ],drive [ 85 ] [ 0 ] [ 1580 1892 1905 ] [   51    1   22 ] [   9548   7963  10166 ] [ 0 ],1.10,1.10,1.10,1.10,94.82,77.58,0.00,0.00,0.00,0.00,0.00,0.00,0.00,0.00,0.00,0.00,0.00,0.00,0.00,0.00,0.00,0
0.6035,87,71,443,0,DRIVE [ 86 ] [ 1 ] [ 1549 1892 1905 ] [    0    0    0 ] [      0      0      0 ] [ 0 ],drive [ 86 ] [ 0 ] [ 1565 1891 1905 ] [   51    1   22 ] [   9702   7867  10149 ] [ 0 ],1.10,1.10,1.10,1.10,95.76,77.72,0.00,0.00,0.00,0.00,0.00,0.00,0.00,0.00,0.00,0.00,0.00,0.00,0.00,0.00,0.00,0
0.616657,88,71,440,0,DRIVE [ 87 ] [ 1 ] [ 1534 1892 1905 ] [    0    0    0 ] [      0      0      0 ] [ 0 ],drive [ 86 ] [ 0 ] [ 1549 1892 1905 ] [   34   27   18 ] [   9702   7867  10149 ] [ 0 ],1.10,1.10,1.10,1.10,96.68,77.65,0.00,0.00,0.00,0.00,0.00,0.00,0.00,0.00,0.00,0.00,0.00,0.00,0.00,0.00,0.00,0
0.62989,89,71,437,0,DRIVE [ 87 ] [ 1 ] [ 1519 1892 1905 ] [    0    0    0 ] [      0      0      0 ] [ 0 ],drive [ 87 ] [ 0 ] [ 1534 1892 1905 ] [   34   27   18 ] [   9702   7867  10149 ] [ 0 ],1.10,1.10,1.10,1.10,97.37,77.60,0.00,0.00,0.00,0.00,0.00,0.00,0.00,0.00,0.00,0.00,0.00,0.00,0.00,0.00,0.00,0
0.64254,89,70,432,0,DRIVE [ 88 ] [ 1 ] [ 1502 1892 1905 ] [    0    0    0 ] [      0      0      0 ] [ 0 ],drive [ 87 ] [ 0 ] [ 1519 1892 1905 ] [   34   27   18 ] [   9702   7867  10149 ] [ 0 ],1.10,1.10,1.10,1.10,97.78,77.42,0.00,0.00,0.00,0.00,0.00,0.00,0.00,0.00,0.00,0.00,0.00,0.00,0.00,0.00,0.00,0
0.655452,89,70,428,0,DRIVE [ 88 ] [ 1 ] [ 1486 1893 1905 ] [    0    0    0 ] [      0      0      0 ] [ 0 ],drive [ 88 ] [ 0 ] [ 1502 1892 1905 ] [   34   27   18 ] [   9785   7861  10136 ] [ 0 ],1.10,1.10,1.10,1.10,98.43,77.37,0.00,0.00,0.00,0.00,0.00,0.00,0.00,0.00,0.00,0.00,0.00,0.00,0.00,0.00,0.00,0
0.668723,90,71,426,0,DRIVE [ 89 ] [ 1 ] [ 1470 1892 1905 ] [    0    0    0 ] [      0      0      0 ] [ 0 ],drive [ 88 ] [ 0 ] [ 1486 1893 1905 ] [   36    4   16 ] [   9785   7861  10136 ] [ 0 ],1.10,1.10,1.10,1.10,99.19,77.83,0.00,0.00,0.00,0.00,0.00,0.00,0.00,0.00,0.00,0.00,0.00,0.00,0.00,0.00,0.00,0
0.682219,91,71,423,0,DRIVE [ 89 ] [ 1 ] [ 1453 1892 1905 ] [    0    0    0 ] [      0      0      0 ] [ 0 ],drive [ 89 ] [ 0 ] [ 1470 1892 1905 ] [   36    4   16 ] [   9785   7861  10136 ] [ 0 ],1.10,1.10,1.10,1.10,100.05,78.31,0.00,0.00,0.00,0.00,0.00,0.00,0.00,0.00,0.00,0.00,0.00,0.00,0.00,0.00,0.00,0
0.695551,92,73,420,0,DRIVE [ 90 ] [ 1 ] [ 1433 1890 1905 ] [    0    0    0 ] [      0      0      0 ] [ 0 ],drive [ 89 ] [ 0 ] [ 1453 1892 1905 ] [   36    4   16 ] [  10090   7648  10112 ] [ 0 ],1.10,1.10,1.10,1.10,100.87,79.96,0.00,0.00,0.00,0.00,0.00,0.00,0.00,0.00,0.00,0.00,0.00,0.00,0.00,0.00,0.00,0
0.708811,92,74,416,0,DRIVE [ 90 ] [ 1 ] [ 1416 1888 1905 ] [    0    0    0 ] [      0      0      0 ] [ 0 ],drive [ 90 ] [ 0 ] [ 1433 1890 1905 ] [   36    4   16 ] [  10090   7648  10112 ] [ 0 ],1.10,1.10,1.10,1.10,101.05,81.25,0.00,0.00,0.00,0.00,0.00,0.00,0.00,0.00,0.00,0.00,0.00,0.00,0.00,0.00,0.00,0
0.721379,91,75,410,0,DRIVE [ 91 ] [ 1 ] [ 1400 1885 1905 ] [    0    0    0 ] [      0      0      0 ] [ 0 ],drive [ 90 ] [ 0 ] [ 1416 1888 1905 ] [   61    2   27 ] [  10090   7648  10112 ] [ 0 ],1.10,1.10,1.10,1.10,100.30,82.13,0.00,0.00,0.00,0.00,0.00,0.00,0.00,0.00,0.00,0.00,0.00,0.00,0.00,0.00,0.00,0
0.734639,90,75,403,0,DRIVE [ 91 ] [ 1 ] [ 1387 1882 1905 ] [    0    0    0 ] [      0      0      0 ] [ 0 ],drive [ 91 ] [ 0 ] [ 1400 1885 1905 ] [   61    2   27 ] [  10090   7648  10112 ] [ 0 ],1.10,1.10,1.10,1.10,98.80,82.28,0.00,0.00,0.00,0.00,0.00,0.00,0.00,0.00,0.00,0.00,0.00,0.00,0.00,0.00,0.00,0
0.747104,89,75,398,0,DRIVE [ 92 ] [ 1 ] [ 1373 1879 1905 ] [    0    0    0 ] [      0      0      0 ] [ 0 ],drive [ 91 ] [ 0 ] [ 1387 1882 1905 ] [   61    2   27 ] [  10349   7565   9978 ] [ 0 ],1.10,1.10,1.10,1.10,97.73,82.54,0.00,0.00,0.00,0.00,0.00,0.00,0.00,0.00,0.00,0.00,0.00,0.00,0.00,0.00,0.00,0
0.760354,88,75,392,0,DRIVE [ 92 ] [ 1 ] [ 1361 1876 1905 ] [    0    0    0 ] [      0      0      0 ] [ 0 ],drive [ 92 ] [ 0 ] [ 1373 1879 1905 ] [   64   28    6 ] [  10349   7565   9978 ] [ 0 ],1.10,1.10,1.10,1.10,96.49,82.64,0.00,0.00,0.00,0.00,0.00,0.00,0.00,0.00,0.00,0.00,0.00,0.00,0.00,0.00,0.00,0
0.773052,87,76,388,0,DRIVE [ 93 ] [ 1 ] [ 1347 1873 1905 ] [    0    0    0 ] [      0      0      0 ] [ 0 ],drive [ 92 ] [ 0 ] [ 1361 1876 1905 ] [   64   28    6 ] [  10349   7565   9978 ] [ 0 ],1.10,1.10,1.10,1.10,95.73,83.30,0.00,0.00,0.00,0.00,0.00,0.00,0.00,0.00,0.00,0.00,0.00,0.00,0.00,0.00,0.00,0
0.785877,86,77,385,0,DRIVE [ 93 ] [ 1 ] [ 1334 1869 1905 ] [    0    0    0 ] [      0      0      0 ] [ 0 ],drive [ 93 ] [ 0 ] [ 1347 1873 1905 ] [   64   28    6 ] [  10349   7565   9978 ] [ 0 ],1.10,1.10,1.10,1.10,95.13,84.34,0.00,0.00,0.00,0.00,0.00,0.00,0.00,0.00,0.00,0.00,0.00,0.00,0.00,0.00,0.00,0
0.79922,86,78,383,0,DRIVE [ 94 ] [ 1 ] [ 1319 1865 1905 ] [    0    0    0 ] [      0      0      0 ] [ 0 ],drive [ 93 ] [ 0 ] [ 1334 1869 1905 ] [   64   28    6 ] [  10566   7355   9976 ] [ 0 ],1.10,1.10,1.10,1.10,94.66,85.44,0.00,0.00,0.00,0.00,0.00,0.00,0.00,0.00,0.00,0.00,0.00,0.00,0.00,0.00,0.00,0
0.811729,85,78,378,0,DRIVE [ 94 ] [ 1 ] [ 1306 1860 1905 ] [    0    0    0 ] [      0      0      0 ] [ 0 ],drive [ 94 ] [ 0 ] [ 1319 1865 1905 ] [   77   26   21 ] [  10566   7355   9976 ] [ 0 ],1.10,1.10,1.10,1.10,93.70,86.27,0.00,0.00,0.00,0.00,0.00,0.00,0.00,0.00,0.00,0.00,0.00,0.00,0.00,0.00,0.00,0
0.824663,84,79,375,0,DRIVE [ 95 ] [ 1 ] [ 1294 1856 1905 ] [    0    0    0 ] [      0      0      0 ] [ 0 ],drive [ 94 ] [ 0 ] [ 1306 1860 1905 ] [   77   26   21 ] [  10566   7355   9976 ] [ 0 ],1.10,1.10,1.10,1.10,92.66,87.14,0.00,0.00,0.00,0.00,0.00,0.00,0.00,0.00,0.00,0.00,0.00,0.00,0.00,0.00,0.00,0
0.837884,83,80,373,0,DRIVE [ 95 ] [ 1 ] [ 1284 1850 1905 ] [    0    0    0 ] [      0      0      0 ] [ 0 ],drive [ 95 ] [ 0 ] [ 1294 1856 1905 ] [   77   26   21 ] [  10566   7355   9976 ] [ 0 ],1.10,1.10,1.10,1.10,91.53,88.18,0.00,0.00,0.00,0.00,0.00,0.00,0.00,0.00,0.00,0.00,0.00,0.00,0.00,0.00,0.00,0
0.850328,82,81,371,0,DRIVE [ 96 ] [ 1 ] [ 1276 1845 1905 ] [    0    0    0 ] [      0      0      0 ] [ 0 ],drive [ 95 ] [ 0 ] [ 1284 1850 1905 ] [   77   26   21 ] [  11024   7300   9798 ] [ 0 ],1.10,1.10,1.10,1.10,90.00,88.60,0.00,0.00,0.00,0.00,0.00,0.00,0.00,0.00,0.00,0.00,0.00,0.00,0.00,0.00,0.00,0
0.863249,80,80,366,0,DRIVE [ 96 ] [ 1 ] [ 1271 1842 1905 ] [    0    0    0 ] [      0      0      0 ] [ 0 ],drive [ 96 ] [ 0 ] [ 1276 1845 1905 ] [   75   26   13 ] [  11024   7300   9798 ] [ 0 ],1.10,1.10,1.10,1.10,87.93,87.92,0.00,0.00,0.00,0.00,0.00,0.00,0.00,0.00,0.00,0.00,0.00,0.00,0.00,0.00,0.00,0
0.875464,78,79,364,0,DRIVE [ 97 ] [ 1 ] [ 1266 1839 1905 ] [    0    0    0 ] [      0      0      0 ] [ 0 ],drive [ 96 ] [ 0 ] [ 1271 1842 1905 ] [   75   26   13 ] [  11024   7300   9798 ] [ 0 ],1.10,1.10,1.10,1.10,86.27,87.06,0.00,0.00,0.00,0.00,0.00,0.00,0.00,0.00,0.00,0.00,0.00,0.00,0.00,0.00,0.00,0
0.88846,77,78,362,0,DRIVE [ 97 ] [ 1 ] [ 1265 1839 1905 ] [    0    0    0 ] [      0      0      0 ] [ 0 ],drive [ 97 ] [ 0 ] [ 1266 1839 1905 ] [   75   26   13 ] [  11024   7300   9798 ] [ 0 ],1.10,1.10,1.10,1.10,84.60,85.37,0.00,0.00,0.00,0.00,0.00,0.00,0.00,0.00,0.00,0.00,0.00,0.00,-0.00,-0.00,0.00,0
0.90091,75,76,358,0,DRIVE [ 98 ] [ 1 ] [ 1264 1839 1905 ] [    0    0    0 ] [      0      0      0 ] [ 0 ],drive [ 97 ] [ 0 ] [ 1265 1839 1905 ] [   75   26   13 ] [  11537   7180   9634 ] [ 0 ],1.10,1.10,1.10,1.10,82.29,83.05,0.00,0.00,0.00,0.00,0.00,0.00,0.00,0.00,0.00,0.00,0.00,0.00,-0.00,-0.00,0.00,0
0.913077,73,74,356,0,DRIVE [ 98 ] [ 1 ] [ 1264 1839 1905 ] [    0    0    0 ] [      0      0      0 ] [ 0 ],drive [ 98 ] [ 0 ] [ 1264 1839 1905 ] [   80   18   22 ] [  11537   7180   9634 ] [ 0 ],1.10,1.10,1.10,1.10,80.47,81.23,0.00,0.00,0.00,0.00,0.00,0.00,0.00,0.00,0.00,0.00,0.00,0.00,-0.00,-0.00,0.00,0
0.925953,71,72,352,0,DRIVE [ 99 ] [ 1 ] [ 1267 1838 1905 ] [    0    0    0 ] [      0      0      0 ] [ 0 ],drive [ 98 ] [ 0 ] [ 1264 1839 1905 ] [   80   18   22 ] [  11537   7180   9634 ] [ 0 ],1.10,1.10,1.10,1.10,77.98,79.16,0.00,0.00,0.00,0.00,0.00,0.00,0.00,0.00,0.00,0.00,0.00,0.00,-0.00,-0.00,0.00,0
0.938065,69,70,350,0,DRIVE [ 99 ] [ 1 ] [ 1271 1837 1905 ] [    0    0    0 ] [      0      0      0 ] [ 0 ],drive [ 99 ] [ 0 ] [ 1267 1838 1905 ] [   80   18   22 ] [  11537   7180   9634 ] [ 0 ],1.10,1.10,1.10,1.10,75.56,77.30,0.00,0.00,0.00,0.00,0.00,0.00,0.00,0.00,0.00,0.00,0.00,0.00,-0.00,-0.00,0.00,0
0.950241,66,68,347,0,DRIVE [ 00 ] [ 1 ] [ 1277 1836 1905 ] [    0    0    0 ] [      0      0      0 ] [ 0 ],drive [ 99 ] [ 0 ] [ 1271 1837 1905 ] [   80   18   22 ] [  11825   7089   9463 ] [ 0 ],1.10,1.10,1.10,1.10,72.87,75.35,0.00,0.00,0.00,0.00,0.00,0.00,0.00,0.00,0.00,0.00,0.00,0.00,-0.00,-0.00,0.00,0
0.962887,64,67,344,0,DRIVE [ 00 ] [ 1 ] [ 1284 1834 1905 ] [    0    0    0 ] [      0      0      0 ] [ 0 ],drive [ 00 ] [ 0 ] [ 1277 1836 1905 ] [   69   32   13 ] [  11825   7089   9463 ] [ 0 ],1.10,1.10,1.10,1.10,70.11,73.22,0.00,0.00,0.00,0.00,0.00,0.00,0.00,0.00,0.00,0.00,0.00,0.00,-0.00,-0.00,0.00,0
0.974956,61,65,340,0,DRIVE [ 01 ] [ 1 ] [ 1290 1834 1905 ] [    0    0    0 ] [      0      0      0 ] [ 0 ],drive [ 00 ] [ 0 ] [ 1284 1834 1905 ] [   69   32   13 ] [  11825   7089   9463 ] [ 0 ],1.10,1.10,1.10,1.10,67.55,71.11,0.00,0.00,0.00,0.00,0.00,0.00,0.00,0.00,0.00,0.00,0.00,0.00,-0.00,-0.00,0.00,0
0.98708,59,62,336,0,DRIVE [ 01 ] [ 1 ] [ 1299 1833 1905 ] [    0    0    0 ] [      0      0      0 ] [ 0 ],drive [ 01 ] [ 0 ] [ 1290 1834 1905 ] [   69   32   13 ] [  11825   7089   9463 ] [ 0 ],1.10,1.10,1.10,1.10,64.63,68.60,0.00,0.00,0.00,0.00,0.00,0.00,0.00,0.00,0.00,0.00,0.00,0.00,-0.00,-0.00,0.00,0
0.999592,57,61,334,0,DRIVE [ 02 ] [ 1 ] [ 1307 1832 1905 ] [    0    0    0 ] [      0      0      0 ] [ 0 ],drive [ 01 ] [ 0 ] [ 1299 1833 1905 ] [   69   32   13 ] [  11831   7042   9443 ] [ 0 ],1.10,1.10,1.10,1.10,62.33,66.78,0.00,0.00,0.00,0.00,0.00,0.00,0.00,0.00,0.00,0.00,0.00,0.00,-0.00,-0.00,0.00,0
1.01156,54,59,331,0,DRIVE [ 02 ] [ 1 ] [ 1315 1831 1905 ] [    0    0    0 ] [      0      0      0 ] [ 0 ],drive [ 02 ] [ 0 ] [ 1307 1832 1905 ] [   82   28   12 ] [  11831   7042   9443 ] [ 0 ],1.10,1.10,1.10,1.10,59.94,64.99,0.00,0.00,0.00,0.00,0.00,0.00,0.00,0.00,0.00,0.00,0.00,0.00,-0.00,-0.00,0.00,0
1.02394,52,58,329,0,DRIVE [ 03 ] [ 1 ] [ 1325 1829 1905 ] [    0    0    0 ] [      0      0      0 ] [ 0 ],drive [ 02 ] [ 0 ] [ 1315 1831 1905 ] [   82   28   12 ] [  11831   7042   9443 ] [ 0 ],1.10,1.10,1.10,1.10,57.56,63.51,0.00,0.00,0.00,0.00,0.00,0.00,0.00,0.00,0.00,0.00,0.00,0.00,-0.00,-0.00,0.00,0
1.0361,50,57,327,0,DRIVE [ 03 ] [ 1 ] [ 1334 1825 1905 ] [    0    0    0 ] [      0      0      0 ] [ 0 ],drive [ 03 ] [ 0 ] [ 1325 1829 1905 ] [   82   28   12 ] [  11831   7042   9443 ] [ 0 ],1.10,1.10,1.10,1.10,55.02,62.16,0.00,0.00,0.00,0.00,0.00,0.00,0.00,0.00,0.00,0.00,0.00,0.00,-0.00,-0.00,0.00,0
1.04815,48,56,325,0,DRIVE [ 04 ] [ 1 ] [ 1346 1821 1905 ] [    0    0    0 ] [      0      0      0 ] [ 0 ],drive [ 03 ] [ 0 ] [ 1334 1825 1905 ] [   82   28   12 ] [  11971   6848   9423 ] [ 0 ],1.10,1.10,1.10,1.10,52.46,61.07,0.00,0.00,0.00,0.00,0.00,0.00,0.00,0.00,0.00,0.00,0.00,0.00,-0.00,-0.00,0.00,0
1.06046,45,55,323,0,DRIVE [ 04 ] [ 1 ] [ 1359 1816 1905 ] [    0    0    0 ] [      0      0      0 ] [ 0 ],drive [ 04 ] [ 0 ] [ 1346 1821 1905 ] [   56   30   17 ] [  11971   6848   9423 ] [ 0 ],1.10,1.10,1.10,1.10,49.63,59.98,0.00,0.00,0.00,0.00,0.00,0.00,0.00,0.00,0.00,0.00,0.00,0.00,-0.00,-0.00,0.00,0
1.07244,42,53,321,0,DRIVE [ 05 ] [ 1 ] [ 1375 1811 1905 ] [    0    0    0 ] [      0      0      0 ] [ 0 ],drive [ 04 ] [ 0 ] [ 1359 1816 1905 ] [   56   30   17 ] [  11971   6848   9423 ] [ 0 ],1.10,1.10,1.10,1.10,46.61,58.72,0.00,0.00,0.00,0.00,0.00,0.00,0.00,0.00,0.00,0.00,0.00,0.00,-0.00,-0.00,0.00,0
1.08554,39,52,320,0,DRIVE [ 05 ] [ 1 ] [ 1394 1805 1905 ] [    0    0    0 ] [      0      0      0 ] [ 0 ],drive [ 05 ] [ 0 ] [ 1375 1811 1905 ] [   56   30   17 ] [  11971   6848   9423 ] [ 0 ],1.10,1.10,1.10,1.10,43.43,57.74,0.00,0.00,0.00,0.00,0.00,0.00,0.00,0.00,0.00,0.00,0.00,0.00,-0.00,-0.00,0.00,0
1.098,37,51,318,0,DRIVE [ 06 ] [ 1 ] [ 1414 1799 1905 ] [    0    0    0 ] [      0      0      0 ] [ 0 ],drive [ 05 ] [ 0 ] [ 1394 1805 1905 ] [   56   30   17 ] [  12050   6845   9295 ] [ 0 ],1.10,1.10,1.10,1.10,40.20,56.38,0.00,0.00,0.00,0.00,0.00,0.00,0.00,0.00,0.00,0.00,0.00,0.00,-0.00,-0.00,0.00,0
1.11002,33,49,315,0,DRIVE [ 06 ] [ 1 ] [ 1435 1795 1905 ] [    0    0    0 ] [      0      0      0 ] [ 0 ],drive [ 06 ] [ 0 ] [ 1414 1799 1905 ] [   54   32    7 ] [  12050   6845   9295 ] [ 0 ],1.10,1.10,1.10,1.10,36.82,54.33,0.00,0.00,0.00,0.00,0.00,0.00,0.00,0.00,0.00,0.00,0.00,0.00,-0.00,-0.00,0.00,0
1.12333,30,48,314,0,DRIVE [ 07 ] [ 1 ] [ 1459 1791 1905 ] [    0    0    0 ] [      0      0      0 ] [ 0 ],drive [ 06 ] [ 0 ] [ 1435 1795 1905 ] [   54   32    7 ] [  12050   6845   9295 ] [ 0 ],1.10,1.10,1.10,1.10,33.48,52.52,0.00,0.00,0.00,0.00,0.00,0.00,0.00,0.00,0.00,0.00,0.00,0.00,-0.00,-0.00,0.00,0
1.13513,27,46,311,0,DRIVE [ 07 ] [ 1 ] [ 1484 1786 1905 ] [    0    0    0 ] [      0      0      0 ] [ 0 ],drive [ 07 ] [ 0 ] [ 1459 1791 1905 ] [   54   32    7 ] [  12050   6845   9295 ] [ 0 ],1.10,1.10,1.10,1.10,30.01,50.52,0.00,0.00,0.00,0.00,0.00,0.00,0.00,0.00,0.00,0.00,0.00,0.00,-0.00,-0.00,0.00,0
1.14667,23,44,308,0,DRIVE [ 08 ] [ 1 ] [ 1520 1779 1905 ] [    0    0    0 ] [      0      0      0 ] [ 0 ],drive [ 07 ] [ 0 ] [ 1484 1786 1905 ] [   54   32    7 ] [  12047   6845   9284 ] [ 0 ],1.10,1.10,1.10,1.10,25.38,48.02,0.00,0.00,0.00,0.00,0.00,0.00,0.00,0.00,0.00,0.00,0.00,0.00,-0.00,-0.00,0.00,0
1.15893,19,42,306,0,DRIVE [ 08 ] [ 1 ] [ 1560 1773 1905 ] [    0    0    0 ] [      0      0      0 ] [ 0 ],drive [ 08 ] [ 0 ] [ 1520 1779 1905 ] [   43   34   20 ] [  12047   6845   9284 ] [ 0 ],1.10,1.10,1.10,1.10,20.89,45.65,0.00,0.00,0.00,0.00,0.00,0.00,0.00,0.00,0.00,0.00,0.00,0.00,-0.00,-0.00,0.00,0
1.17107,15,39,304,0,DRIVE [ 09 ] [ 1 ] [ 1598 1767 1905 ] [    0    0    0 ] [      0      0      0 ] [ 0 ],drive [ 08 ] [ 0 ] [ 1560 1773 1905 ] [   43   34   20 ] [  12047   6845   9284 ] [ 0 ],1.10,1.10,1.10,1.10,16.55,43.40,0.00,0.00,0.00,0.00,0.00,0.00,0.00,0.00,0.00,0.00,0.00,0.00,-0.00,-0.00,0.00,0
1.18483,11,37,301,0,DRIVE [ 09 ] [ 1 ] [ 1635 1760 1905 ] [    0    0    0 ] [      0      0      0 ] [ 0 ],drive [ 09 ] [ 0 ] [ 1598 1767 1905 ] [   43   34   20 ] [  12047   6845   9284 ] [ 0 ],1.10,1.10,1.10,1.10,12.31,41.19,0.00,0.00,0.00,0.00,0.00,0.00,0.00,0.00,0.00,0.00,0.00,0.00,-0.00,-0.00,0.00,0
1.19734,7,35,299,0,DRIVE [ 10 ] [ 1 ] [ 1670 1753 1905 ] [    0    0    0 ] [      0      0      0 ] [ 0 ],drive [ 09 ] [ 0 ] [ 1635 1760 1905 ] [   43   34   20 ] [  12041   6844   9214 ] [ 0 ],1.10,1.10,1.10,1.10,8.12,38.86,0.00,0.00,0.00,0.00,0.00,0.00,0.00,0.00,0.00,0.00,0.00,0.00,-0.00,-0.00,0.00,0
1.20909,4,33,298,0,DRIVE [ 10 ] [ 1 ] [ 1705 1746 1905 ] [    0    0    0 ] [      0      0      0 ] [ 0 ],drive [ 10 ] [ 0 ] [ 1670 1753 1905 ] [   26   36   13 ] [  12041   6844   9214 ] [ 0 ],1.10,1.10,1.10,1.10,3.94,36.55,0.00,0.00,0.00,0.00,0.00,0.00,0.00,0.00,0.00,0.00,0.00,0.00,-0.00,-0.00,0.00,0
1.22116,0,31,298,0,DRIVE [ 11 ] [ 1 ] [ 1738 1736 1905 ] [    0    0    0 ] [      0      0      0 ] [ 0 ],drive [ 10 ] [ 0 ] [ 1705 1746 1905 ] [   26   36   13 ] [  12041   6844   9214 ] [ 0 ],1.10,1.10,1.10,1.10,-0.18,34.23,0.00,0.00,0.00,0.00,0.00,0.00,0.00,0.00,0.00,0.00,0.00,0.00,0.00,-0.00,0.00,0
1.23301,-4,29,295,0,DRIVE [ 11 ] [ 1 ] [ 1768 1725 1905 ] [    0    0    0 ] [      0      0      0 ] [ 0 ],drive [ 11 ] [ 0 ] [ 1738 1736 1905 ] [   26   36   13 ] [  12041   6844   9214 ] [ 0 ],1.10,1.10,1.10,1.10,-4.13,31.75,0.00,0.00,0.00,0.00,0.00,0.00,0.00,0.00,0.00,0.00,0.00,0.00,0.00,-0.00,0.00,0
1.2446,-7,27,293,0,DRIVE [ 12 ] [ 1 ] [ 1796 1711 1905 ] [    0    0    0 ] [      0      0      0 ] [ 0 ],drive [ 11 ] [ 0 ] [ 1768 1725 1905 ] [   26   36   13 ] [  12002   6844   9203 ] [ 0 ],1.10,1.10,1.10,1.10,-8.06,29.42,0.00,0.00,0.00,0.00,0.00,0.00,0.00,0.00,0.00,0.00,0.00,0.00,0.00,-0.00,0.00,0
1.25653,-11,25,292,0,DRIVE [ 12 ] [ 1 ] [ 1820 1694 1905 ] [    0    0    0 ] [      0      0      0 ] [ 0 ],drive [ 12 ] [ 0 ] [ 1796 1711 1905 ] [   26   36   13 ] [  12002   6844   9203 ] [ 0 ],1.10,1.10,1.10,1.10,-11.77,27.15,0.00,0.00,0.00,0.00,0.00,0.00,0.00,0.00,0.00,0.00,0.00,0.00,0.00,-0.00,0.00,0
1.26962,-15,22,290,0,DRIVE [ 13 ] [ 1 ] [ 1848 1666 1905 ] [    0    0    0 ] [      0      0      0 ] [ 0 ],drive [ 12 ] [ 0 ] [ 1820 1694 1905 ] [   33   39    3 ] [  12002   6844   9203 ] [ 0 ],1.10,1.10,1.10,1.10,-16.33,24.50,0.00,0.00,0.00,0.00,0.00,0.00,0.00,0.00,0.00,0.00,0.00,0.00,0.00,0.00,0.00,0
1.28304,-18,20,288,0,DRIVE [ 13 ] [ 1 ] [ 1871 1635 1905 ] [    0    0    0 ] [      0      0      0 ] [ 0 ],drive [ 13 ] [ 0 ] [ 1848 1666 1905 ] [   33   39    3 ] [  12002   6844   9203 ] [ 0 ],1.10,1.10,1.10,1.10,-20.30,21.99,0.00,0.00,0.00,0.00,0.00,0.00,0.00,0.00,0.00,0.00,0.00,0.00,0.00,0.00,0.00,0
1.29561,-22,18,285,0,DRIVE [ 14 ] [ 1 ] [ 1892 1599 1905 ] [    0    0    0 ] [      0      0      0 ] [ 0 ],drive [ 13 ] [ 0 ] [ 1871 1635 1905 ] [   33   39    3 ] [  11784   6849   9200 ] [ 0 ],1.10,1.10,1.10,1.10,-23.96,19.77,0.00,0.00,0.00,0.00,0.00,-0.00,0.00,0.00,0.00,0.00,0.00,0.00,0.00,0.00,0.00,0
1.30754,-25,16,281,0,DRIVE [ 14 ] [ 1 ] [ 1892 1574 1900 ] [    0    0    0 ] [      0      0      0 ] [ 0 ],drive [ 14 ] [ 0 ] [ 1892 1599 1905 ] [   33   39    3 ] [  11784   6849   9200 ] [ 0 ],1.10,1.10,1.10,1.10,-27.17,17.69,0.00,0.00,0.00,0.00,0.00,-0.00,0.00,0.00,0.00,0.00,0.00,0.00,0.00,0.00,0.00,0
1.32141,-27,14,279,0,DRIVE [ 15 ] [ 1 ] [ 1892 1570 1884 ] [    0    0    0 ] [      0      0      0 ] [ 0 ],drive [ 14 ] [ 0 ] [ 1892 1574 1900 ] [   26   36    3 ] [  11784   6849   9200 ] [ 0 ],1.10,1.10,1.10,1.10,-30.19,15.78,0.00,0.00,0.00,0.00,0.00,-0.00,0.00,0.00,0.00,0.00,0.00,0.00,0.00,0.00,0.00,0
1.33348,-30,13,277,0,DRIVE [ 15 ] [ 1 ] [ 1892 1565 1869 ] [    0    0    0 ] [      0      0      0 ] [ 0 ],drive [ 15 ] [ 0 ] [ 1892 1570 1884 ] [   26   36    3 ] [  11784   6849   9200 ] [ 0 ],1.10,1.10,1.10,1.10,-32.95,13.91,0.00,0.00,0.00,0.00,0.00,-0.00,0.00,0.00,0.00,0.00,0.00,0.00,0.00,0.00,0.00,0
1.34488,-32,11,273,0,DRIVE [ 16 ] [ 1 ] [ 1892 1560 1854 ] [    0    0    0 ] [      0      0      0 ] [ 0 ],drive [ 15 ] [ 0 ] [ 1892 1565 1869 ] [   26   36    3 ] [  11411   6927   9201 ] [ 0 ],1.10,1.10,1.10,1.10,-35.14,12.08,0.00,0.00,0.00,0.00,0.00,-0.00,0.00,0.00,0.00,0.00,0.00,0.00,0.00,0.00,0.00,0
1.35703,-34,9,271,0,DRIVE [ 16 ] [ 1 ] [ 1892 1556 1841 ] [    0    0    0 ] [      0      0      0 ] [ 0 ],drive [ 16 ] [ 0 ] [ 1892 1560 1854 ] [   26   36    3 ] [  11411   6927   9201 ] [ 0 ],1.10,1.10,1.10,1.10,-37.14,10.31,0.00,0.00,0.00,0.00,0.00,-0.00,0.00,0.00,0.00,0.00,0.00,0.00,0.00,0.00,0.00,0
1.36863,-35,8,269,0,DRIVE [ 17 ] [ 1 ] [ 1892 1551 1828 ] [    0    0    0 ] [      0      0      0 ] [ 0 ],drive [ 16 ] [ 0 ] [ 1892 1556 1841 ] [   19   38    8 ] [  11411   6927   9201 ] [ 0 ],1.10,1.10,1.10,1.10,-38.86,8.66,0.00,0.00,0.00,0.00,0.00,-0.00,0.00,0.00,0.00,0.00,0.00,0.00,0.00,0.00,0.00,0
1.38087,-37,6,267,0,DRIVE [ 17 ] [ 1 ] [ 1892 1545 1811 ] [    0    0    0 ] [      0      0      0 ] [ 0 ],drive [ 17 ] [ 0 ] [ 1892 1551 1828 ] [   19   38    8 ] [  11411   6927   9201 ] [ 0 ],1.10,1.10,1.10,1.10,-41.09,6.64,0.00,0.00,0.00,0.00,0.00,-0.00,0.00,0.00,0.00,0.00,0.00,0.00,0.00,0.00,0.00,0
1.39293,-39,4,264,0,DRIVE [ 18 ] [ 1 ] [ 1892 1537 1796 ] [    0    0    0 ] [      0      0      0 ] [ 0 ],drive [ 17 ] [ 0 ] [ 1892 1545 1811 ] [   19   38    8 ] [  11376   6927   9207 ] [ 0 ],1.10,1.10,1.10,1.10,-43.13,4.89,0.00,0.00,0.00,0.00,0.00,-0.00,0.00,0.00,0.00,0.00,0.00,0.00,0.00,0.00,0.00,0
1.40433,-41,3,262,0,DRIVE [ 18 ] [ 1 ] [ 1892 1528 1781 ] [    0    0    0 ] [      0      0      0 ] [ 0 ],drive [ 18 ] [ 0 ] [ 1892 1537 1796 ] [   19   38    8 ] [  11376   6927   9207 ] [ 0 ],1.10,1.10,1.10,1.10,-45.16,3.23,0.00,0.00,0.00,0.00,0.00,-0.00,0.00,0.00,0.00,0.00,0.00,0.00,0.00,0.00,0.00,0
1.41589,-43,1,261,0,DRIVE [ 19 ] [ 1 ] [ 1892 1518 1766 ] [    0    0    0 ] [      0      0      0 ] [ 0 ],drive [ 18 ] [ 0 ] [ 1892 1528 1781 ] [   19   40   17 ] [  11376   6927   9207 ] [ 0 ],1.10,1.10,1.10,1.10,-47.31,1.62,0.00,0.00,0.00,0.00,0.00,-0.00,0.00,0.00,0.00,0.00,0.00,0.00,0.00,0.00,0.00,0
1.42781,-45,0,259,0,DRIVE [ 19 ] [ 1 ] [ 1892 1508 1751 ] [    0    0    0 ] [      0      0      0 ] [ 0 ],drive [ 19 ] [ 0 ] [ 1892 1518 1766 ] [   19   40   17 ] [  11376   6927   9207 ] [ 0 ],1.10,1.10,1.10,1.10,-49.27,0.01,0.00,0.00,0.00,0.00,0.00,-0.00,0.00,0.00,0.00,0.00,0.00,0.00,0.00,0.00,0.00,0
1.43917,-47,-1,257,0,DRIVE [ 20 ] [ 1 ] [ 1892 1497 1736 ] [    0    0    0 ] [      0      0      0 ] [ 0 ],drive [ 19 ] [ 0 ] [ 1892 1508 1751 ] [   19   40   17 ] [  11376   6927   9207 ] [ 0 ],1.10,1.10,1.10,1.10,-51.35,-1.51,0.00,0.00,0.00,0.00,0.00,-0.00,0.00,0.00,0.00,0.00,0.00,0.00,0.00,0.00,0.00,0
1.45061,-49,-3,256,0,DRIVE [ 20 ] [ 1 ] [ 1892 1485 1720 ] [    0    0    0 ] [      0      0      0 ] [ 0 ],drive [ 20 ] [ 0 ] [ 1892 1497 1736 ] [   19   40   17 ] [  11376   6967   9216 ] [ 0 ],1.10,1.10,1.10,1.10,-53.39,-3.01,0.00,0.00,0.00,0.00,0.00,-0.00,0.00,0.00,0.00,0.00,0.00,0.00,0.00,0.00,0.00,0
1.46248,-50,-4,254,0,DRIVE [ 21 ] [ 1 ] [ 1892 1473 1705 ] [    0    0    0 ] [      0      0      0 ] [ 0 ],drive [ 20 ] [ 0 ] [ 1892 1485 1720 ] [   19   56   35 ] [  11376   6967   9216 ] [ 0 ],1.10,1.10,1.10,1.10,-55.38,-4.41,0.00,0.00,0.00,0.00,0.00,-0.00,0.00,0.00,0.00,0.00,0.00,0.00,0.00,0.00,0.00,0
1.47395,-52,-5,252,0,DRIVE [ 21 ] [ 1 ] [ 1892 1462 1691 ] [    0    0    0 ] [      0      0      0 ] [ 0 ],drive [ 21 ] [ 0 ] [ 1892 1473 1705 ] [   19   56   35 ] [  11376   6967   9216 ] [ 0 ],1.10,1.10,1.10,1.10,-57.23,-5.77,0.00,0.00,0.00,0.00,0.00,-0.00,0.00,0.00,0.00,0.00,0.00,0.00,0.00,0.00,0.00,0
1.48519,-53,-6,251,0,DRIVE [ 22 ] [ 1 ] [ 1892 1453 1677 ] [    0    0    0 ] [      0      0      0 ] [ 0 ],drive [ 21 ] [ 0 ] [ 1892 1462 1691 ] [   19   56   35 ] [  11376   6967   9216 ] [ 0 ],1.10,1.10,1.10,1.10,-58.81,-7.13,0.00,0.00,0.00,0.00,0.00,-0.00,0.00,0.00,0.00,0.00,0.00,0.00,0.00,0.00,0.00,0
1.49725,-55,-8,249,0,DRIVE [ 22 ] [ 1 ] [ 1892 1444 1665 ] [    0    0    0 ] [      0      0      0 ] [ 0 ],drive [ 22 ] [ 0 ] [ 1892 1453 1677 ] [   19   56   35 ] [  11345   7163   9313 ] [ 0 ],1.10,1.10,1.10,1.10,-60.06,-8.32,0.00,0.00,0.00,0.00,0.00,-0.00,0.00,0.00,0.00,0.00,0.00,0.00,0.00,0.00,0.00,0
1.50864,-56,-8,247,0,DRIVE [ 23 ] [ 1 ] [ 1892 1437 1654 ] [    0    0    0 ] [      0      0      0 ] [ 0 ],drive [ 22 ] [ 0 ] [ 1892 1444 1665 ] [    3   62   43 ] [  11345   7163   9313 ] [ 0 ],1.10,1.10,1.10,1.10,-61.10,-9.29,0.00,0.00,0.00,0.00,0.00,-0.00,0.00,0.00,0.00,0.00,0.00,0.00,0.00,0.00,0.00,0
1.52068,-56,-9,244,0,DRIVE [ 23 ] [ 1 ] [ 1892 1429 1645 ] [    0    0    0 ] [      0      0      0 ] [ 0 ],drive [ 23 ] [ 0 ] [ 1892 1437 1654 ] [    3   62   43 ] [  11345   7163   9313 ] [ 0 ],1.10,1.10,1.10,1.10,-61.90,-10.02,0.00,0.00,0.00,0.00,0.00,-0.00,0.00,0.00,0.00,0.00,0.00,0.00,0.00,0.00,0.00,0
1.53264,-57,-10,243,0,DRIVE [ 24 ] [ 1 ] [ 1892 1420 1638 ] [    0    0    0 ] [      0      0      0 ] [ 0 ],drive [ 23 ] [ 0 ] [ 1892 1429 1645 ] [    3   62   43 ] [  11345   7163   9313 ] [ 0 ],1.10,1.10,1.10,1.10,-62.88,-10.47,0.00,0.00,0.00,0.00,0.00,-0.00,0.00,0.00,0.00,0.00,0.00,0.00,0.00,0.00,0.00,0
1.54517,-58,-10,241,0,DRIVE [ 24 ] [ 1 ] [ 1892 1411 1632 ] [    0    0    0 ] [      0      0      0 ] [ 0 ],drive [ 24 ] [ 0 ] [ 1892 1420 1638 ] [    3   62   43 ] [  11077   7315   9431 ] [ 0 ],1.10,1.10,1.10,1.10,-63.59,-10.69,0.00,0.00,0.00,0.00,0.00,-0.00,0.00,0.00,0.00,0.00,0.00,0.00,0.00,0.00,0.00,0
1.55702,-58,-10,239,0,DRIVE [ 25 ] [ 1 ] [ 1892 1403 1628 ] [    0    0    0 ] [      0      0      0 ] [ 0 ],drive [ 24 ] [ 0 ] [ 1892 1411 1632 ] [    3   62   43 ] [  11077   7315   9431 ] [ 0 ],1.10,1.10,1.10,1.10,-64.18,-10.74,0.00,0.00,0.00,0.00,0.00,-0.00,0.00,0.00,0.00,0.00,0.00,0.00,0.00,0.00,0.00,0
1.56808,-58,-10,237,0,DRIVE [ 25 ] [ 1 ] [ 1892 1397 1626 ] [    0    0    0 ] [      0      0      0 ] [ 0 ],drive [ 25 ] [ 0 ] [ 1892 1403 1628 ] [   23   45   38 ] [  11077   7315   9431 ] [ 0 ],1.10,1.10,1.10,1.10,-64.25,-10.59,0.00,0.00,0.00,0.00,0.00,-0.00,0.00,0.00,0.00,0.00,0.00,0.00,0.00,0.00,0.00,0
1.5794,-58,-9,235,0,DRIVE [ 26 ] [ 1 ] [ 1892 1393 1626 ] [    0    0    0 ] [      0      0      0 ] [ 0 ],drive [ 25 ] [ 0 ] [ 1892 1397 1626 ] [   23   45   38 ] [  11077   7315   9431 ] [ 0 ],1.10,1.10,1.10,1.10,-64.22,-10.32,0.00,0.00,0.00,0.00,0.00,-0.00,0.00,0.00,0.00,0.00,0.00,0.00,0.00,0.00,0.00,0
1.59151,-58,-9,234,0,DRIVE [ 26 ] [ 1 ] [ 1892 1389 1626 ] [    0    0    0 ] [      0      0      0 ] [ 0 ],drive [ 26 ] [ 0 ] [ 1892 1393 1626 ] [   23   45   38 ] [  11077   7315   9431 ] [ 0 ],1.10,1.10,1.10,1.10,-64.25,-10.09,0.00,0.00,0.00,0.00,0.00,-0.00,0.00,0.00,0.00,0.00,0.00,0.00,0.00,0.00,0.00,0
1.60406,-58,-9,232,0,DRIVE [ 27 ] [ 1 ] [ 1892 1385 1627 ] [    0    0    0 ] [      0      0      0 ] [ 0 ],drive [ 26 ] [ 0 ] [ 1892 1389 1626 ] [   23   45   38 ] [  11048   7368   9457 ] [ 0 ],1.10,1.10,1.10,1.10,-64.12,-9.74,0.00,0.00,0.00,0.00,0.00,-0.00,0.00,0.00,0.00,0.00,0.00,0.00,0.00,0.00,0.00,0
1.61517,-58,-8,231,0,DRIVE [ 27 ] [ 1 ] [ 1892 1380 1627 ] [    0    0    0 ] [      0      0      0 ] [ 0 ],drive [ 27 ] [ 0 ] [ 1892 1385 1627 ] [    3   49   46 ] [  11048   7368   9457 ] [ 0 ],1.10,1.10,1.10,1.10,-64.12,-9.32,0.00,0.00,0.00,0.00,0.00,-0.00,0.00,0.00,0.00,0.00,0.00,0.00,0.00,0.00,0.00,0
1.62666,-58,-8,229,0,DRIVE [ 28 ] [ 1 ] [ 1892 1375 1629 ] [    0    0    0 ] [      0      0      0 ] [ 0 ],drive [ 27 ] [ 0 ] [ 1892 1380 1627 ] [    3   49   46 ] [  11048   7368   9457 ] [ 0 ],1.10,1.10,1.10,1.10,-64.14,-8.86,0.00,0.00,0.00,0.00,0.00,-0.00,0.00,0.00,0.00,0.00,0.00,0.00,0.00,0.00,0.00,0
1.63775,-58,-7,228,0,DRIVE [ 28 ] [ 1 ] [ 1892 1370 1632 ] [    0    0    0 ] [      0      0      0 ] [ 0 ],drive [ 28 ] [ 0 ] [ 1892 1375 1629 ] [    3   49   46 ] [  11048   7368   9457 ] [ 0 ],1.10,1.10,1.10,1.10,-63.90,-8.23,0.00,0.00,0.00,0.00,0.00,-0.00,0.00,0.00,0.00,0.00,0.00,0.00,0.00,0.00,0.00,0
1.64879,-57,-6,225,0,DRIVE [ 29 ] [ 1 ] [ 1892 1365 1638 ] [    0    0    0 ] [      0      0      0 ] [ 0 ],drive [ 28 ] [ 0 ] [ 1892 1370 1632 ] [    3   49   46 ] [  10885   7391   9539 ] [ 0 ],1.10,1.10,1.10,1.10,-63.21,-7.12,0.00,0.00,0.00,0.00,0.00,-0.00,0.00,0.00,0.00,0.00,0.00,0.00,0.00,0.00,0.00,0
1.66016,-57,-6,223,0,DRIVE [ 29 ] [ 1 ] [ 1892 1361 1644 ] [    0    0    0 ] [      0      0      0 ] [ 0 ],drive [ 29 ] [ 0 ] [ 1892 1365 1638 ] [   22   66   27 ] [  10885   7391   9539 ] [ 0 ],1.10,1.10,1.10,1.10,-62.46,-6.14,0.00,0.00,0.00,0.00,0.00,-0.00,0.00,0.00,0.00,0.00,0.00,0.00,0.00,0.00,0.00,0
1.67095,-56,-5,221,0,DRIVE [ 30 ] [ 1 ] [ 1892 1360 1649 ] [    0    0    0 ] [      0      0      0 ] [ 0 ],drive [ 29 ] [ 0 ] [ 1892 1361 1644 ] [   22   66   27 ] [  10885   7391   9539 ] [ 0 ],1.10,1.10,1.10,1.10,-61.56,-5.37,0.00,0.00,0.00,0.00,0.00,-0.00,0.00,0.00,0.00,0.00,0.00,0.00,0.00,0.00,0.00,0
1.68194,-55,-4,218,0,DRIVE [ 30 ] [ 1 ] [ 1892 1361 1654 ] [    0    0    0 ] [      0      0      0 ] [ 0 ],drive [ 30 ] [ 0 ] [ 1892 1360 1649 ] [   22   66   27 ] [  10885   7391   9539 ] [ 0 ],1.10,1.10,1.10,1.10,-60.51,-4.80,0.00,0.00,0.00,0.00,0.00,-0.00,0.00,0.00,0.00,0.00,0.00,0.00,0.00,0.00,0.00,0
1.69299,-54,-4,216,0,DRIVE [ 31 ] [ 1 ] [ 1892 1365 1657 ] [    0    0    0 ] [      0      0      0 ] [ 0 ],drive [ 30 ] [ 0 ] [ 1892 1361 1654 ] [   22   66   27 ] [  10802   7609   9538 ] [ 0 ],1.10,1.10,1.10,1.10,-59.38,-4.52,0.00,0.00,0.00,0.00,0.00,-0.00,0.00,0.00,0.00,0.00,0.00,0.00,0.00,0.00,0.00,0
1.70386,-53,-4,214,0,DRIVE [ 31 ] [ 1 ] [ 1892 1371 1659 ] [    0    0    0 ] [      0      0      0 ] [ 0 ],drive [ 31 ] [ 0 ] [ 1892 1365 1657 ] [   22   66   27 ] [  10802   7609   9538 ] [ 0 ],1.10,1.10,1.10,1.10,-58.25,-4.54,0.00,0.00,0.00,0.00,0.00,-0.00,0.00,0.00,0.00,0.00,0.00,0.00,0.00,0.00,0.00,0
1.71489,-52,-4,212,0,DRIVE [ 32 ] [ 1 ] [ 1892 1378 1659 ] [    0    0    0 ] [      0      0      0 ] [ 0 ],drive [ 31 ] [ 0 ] [ 1892 1371 1659 ] [   17   55   24 ] [  10802   7609   9538 ] [ 0 ],1.10,1.10,1.10,1.10,-57.07,-4.84,0.00,0.00,0.00,0.00,0.00,-0.00,0.00,0.00,0.00,0.00,0.00,0.00,0.00,0.00,0.00,0
1.72603,-51,-5,210,0,DRIVE [ 32 ] [ 1 ] [ 1892 1386 1658 ] [    0    0    0 ] [      0      0      0 ] [ 0 ],drive [ 32 ] [ 0 ] [ 1892 1378 1659 ] [   17   55   24 ] [  10802   7609   9538 ] [ 0 ],1.10,1.10,1.10,1.10,-55.85,-5.23,0.00,0.00,0.00,0.00,0.00,-0.00,0.00,0.00,0.00,0.00,0.00,0.00,0.00,0.00,0.00,0
1.73692,-50,-5,208,0,DRIVE [ 33 ] [ 1 ] [ 1892 1393 1656 ] [    0    0    0 ] [      0      0      0 ] [ 0 ],drive [ 32 ] [ 0 ] [ 1892 1386 1658 ] [   17   55   24 ] [  10802   7609   9538 ] [ 0 ],1.10,1.10,1.10,1.10,-54.96,-5.73,0.00,0.00,0.00,0.00,0.00,-0.00,0.00,0.00,0.00,0.00,0.00,0.00,0.00,0.00,0.00,0
1.74846,-49,-6,206,0,DRIVE [ 33 ] [ 1 ] [ 1892 1401 1653 ] [    0    0    0 ] [      0      0      0 ] [ 0 ],drive [ 33 ] [ 0 ] [ 1892 1393 1656 ] [   17   55   24 ] [  10802   7611   9538 ] [ 0 ],1.10,1.10,1.10,1.10,-54.07,-6.33,0.00,0.00,0.00,0.00,0.00,-0.00,0.00,0.00,0.00,0.00,0.00,0.00,0.00,0.00,0.00,0
1.75967,-49,-6,205,0,DRIVE [ 34 ] [ 1 ] [ 1892 1408 1649 ] [    0    0    0 ] [      0      0      0 ] [ 0 ],drive [ 33 ] [ 0 ] [ 1892 1401 1653 ] [   17   55   23 ] [  10802   7611   9538 ] [ 0 ],1.10,1.10,1.10,1.10,-53.36,-6.99,0.00,0.00,0.00,0.00,0.00,-0.00,0.00,0.00,0.00,0.00,0.00,0.00,0.00,0.00,0.00,0
1.77081,-48,-7,203,0,DRIVE [ 34 ] [ 1 ] [ 1892 1414 1646 ] [    0    0    0 ] [      0      0      0 ] [ 0 ],drive [ 34 ] [ 0 ] [ 1892 1408 1649 ] [   17   55   23 ] [  10802   7611   9538 ] [ 0 ],1.10,1.10,1.10,1.10,-52.58,-7.62,0.00,0.00,0.00,0.00,0.00,-0.00,0.00,0.00,0.00,0.00,0.00,0.00,0.00,0.00,0.00,0
1.78167,-47,-7,201,0,DRIVE [ 35 ] [ 1 ] [ 1892 1421 1643 ] [    0    0    0 ] [      0      0      0 ] [ 0 ],drive [ 34 ] [ 0 ] [ 1892 1414 1646 ] [   17   55   23 ] [  10802   7611   9538 ] [ 0 ],1.10,1.10,1.10,1.10,-51.77,-8.18,0.00,0.00,0.00,0.00,0.00,-0.00,0.00,0.00,0.00,0.00,0.00,0.00,0.00,0.00,0.00,0
1.79301,-46,-8,199,0,DRIVE [ 35 ] [ 1 ] [ 1892 1426 1640 ] [    0    0    0 ] [      0      0      0 ] [ 0 ],drive [ 35 ] [ 0 ] [ 1892 1421 1643 ] [   17   55   23 ] [  10801   7612   9538 ] [ 0 ],1.10,1.10,1.10,1.10,-50.96,-8.59,0.00,0.00,0.00,0.00,0.00,-0.00,0.00,0.00,0.00,0.00,0.00,0.00,0.00,0.00,0.00,0
1.80394,-46,-8,197,0,DRIVE [ 36 ] [ 1 ] [ 1892 1431 1638 ] [    0    0    0 ] [      0      0      0 ] [ 0 ],drive [ 35 ] [ 0 ] [ 1892 1426 1640 ] [   17   55   23 ] [  10801   7612   9538 ] [ 0 ],1.10,1.10,1.10,1.10,-50.12,-8.91,0.00,0.00,0.00,0.00,0.00,-0.00,0.00,0.00,0.00,0.00,0.00,0.00,0.00,0.00,0.00,0
1.81477,-45,-8,195,0,DRIVE [ 36 ] [ 1 ] [ 1892 1435 1637 ] [    0    0    0 ] [      0      0      0 ] [ 0 ],drive [ 36 ] [ 0 ] [ 1892 1431 1638 ] [   16   51   25 ] [  10801   7612   9538 ] [ 0 ],1.10,1.10,1.10,1.10,-49.35,-9.11,0.00,0.00,0.00,0.00,0.00,-0.00,0.00,0.00,0.00,0.00,0.00,0.00,0.00,0.00,0.00,0
1.82603,-44,-8,193,0,DRIVE [ 37 ] [ 1 ] [ 1892 1440 1637 ] [    0    0    0 ] [      0      0      0 ] [ 0 ],drive [ 36 ] [ 0 ] [ 1892 1435 1637 ] [   16   51   25 ] [  10801   7612   9538 ] [ 0 ],1.10,1.10,1.10,1.10,-48.50,-9.17,0.00,0.00,0.00,0.00,0.00,-0.00,0.00,0.00,0.00,0.00,0.00,0.00,0.00,0.00,0.00,0
1.83689,-43,-8,191,0,DRIVE [ 37 ] [ 1 ] [ 1892 1444 1639 ] [    0    0    0 ] [      0      0      0 ] [ 0 ],drive [ 37 ] [ 0 ] [ 1892 1440 1637 ] [   16   51   25 ] [  10801   7612   9538 ] [ 0 ],1.10,1.10,1.10,1.10,-47.60,-9.01,0.00,0.00,0.00,0.00,0.00,-0.00,0.00,0.00,0.00,0.00,0.00,0.00,0.00,0.00,0.00,0
1.84747,-42,-8,190,0,DRIVE [ 38 ] [ 1 ] [ 1892 1447 1644 ] [    0    0    0 ] [      0      0      0 ] [ 0 ],drive [ 37 ] [ 0 ] [ 1892 1444 1639 ] [   16   51   25 ] [  10801   7629   9540 ] [ 0 ],1.10,1.10,1.10,1.10,-46.66,-8.63,0.00,0.00,0.00,0.00,0.00,-0.00,0.00,0.00,0.00,0.00,0.00,0.00,0.00,0.00,0.00,0
1.85855,-41,-7,187,0,DRIVE [ 38 ] [ 1 ] [ 1892 1451 1650 ] [    0    0    0 ] [      0      0      0 ] [ 0 ],drive [ 38 ] [ 0 ] [ 1892 1447 1644 ] [   15   63   37 ] [  10801   7629   9540 ] [ 0 ],1.10,1.10,1.10,1.10,-45.45,-7.96,0.00,0.00,0.00,0.00,0.00,-0.00,0.00,0.00,0.00,0.00,0.00,0.00,0.00,0.00,0.00,0
1.86925,-40,-6,185,0,DRIVE [ 39 ] [ 1 ] [ 1892 1454 1660 ] [    0    0    0 ] [      0      0      0 ] [ 0 ],drive [ 38 ] [ 0 ] [ 1892 1451 1650 ] [   15   63   37 ] [  10801   7629   9540 ] [ 0 ],1.10,1.10,1.10,1.10,-44.20,-7.03,0.00,0.00,0.00,0.00,0.00,-0.00,0.00,0.00,0.00,0.00,0.00,0.00,0.00,0.00,0.00,0
1.88057,-39,-5,182,0,DRIVE [ 39 ] [ 1 ] [ 1892 1456 1672 ] [    0    0    0 ] [      0      0      0 ] [ 0 ],drive [ 39 ] [ 0 ] [ 1892 1454 1660 ] [   15   63   37 ] [  10801   7629   9540 ] [ 0 ],1.10,1.10,1.10,1.10,-42.86,-5.83,0.00,0.00,0.00,0.00,0.00,-0.00,0.00,0.00,0.00,0.00,0.00,0.00,0.00,0.00,0.00,0
1.89153,-38,-4,180,0,DRIVE [ 40 ] [ 1 ] [ 1892 1457 1687 ] [    0    0    0 ] [      0      0      0 ] [ 0 ],drive [ 39 ] [ 0 ] [ 1892 1456 1672 ] [   15   63   37 ] [  10801   7629   9540 ] [ 0 ],1.10,1.10,1.10,1.10,-41.52,-4.37,0.00,0.00,0.00,0.00,0.00,-0.00,0.00,0.00,0.00,0.00,0.00,0.00,0.00,0.00,0.00,0
1.90227,-36,-2,178,0,DRIVE [ 40 ] [ 1 ] [ 1892 1458 1704 ] [    0    0    0 ] [      0      0      0 ] [ 0 ],drive [ 40 ] [ 0 ] [ 1892 1457 1687 ] [   15   63   37 ] [  10717   7635   9617 ] [ 0 ],1.10,1.10,1.10,1.10,-40.02,-2.64,0.00,0.00,0.00,0.00,0.00,-0.00,0.00,0.00,0.00,0.00,0.00,0.00,0.00,0.00,0.00,0
1.91299,-35,-1,176,0,DRIVE [ 41 ] [ 1 ] [ 1892 1457 1724 ] [    0    0    0 ] [      0      0      0 ] [ 0 ],drive [ 40 ] [ 0 ] [ 1892 1458 1704 ] [    4   63   27 ] [  10717   7635   9617 ] [ 0 ],1.10,1.10,1.10,1.10,-38.42,-0.74,0.00,0.00,0.00,0.00,0.00,-0.00,0.00,0.00,0.00,0.00,0.00,0.00,0.00,0.00,0.00,0
1.924,-33,1,174,0,DRIVE [ 41 ] [ 1 ] [ 1892 1458 1744 ] [    0    0    0 ] [      0      0      0 ] [ 0 ],drive [ 41 ] [ 0 ] [ 1892 1457 1724 ] [    4   63   27 ] [  10717   7635   9617 ] [ 0 ],1.10,1.10,1.10,1.10,-36.60,1.24,0.00,0.00,0.00,0.00,0.00,-0.00,0.00,0.00,0.00,0.00,0.00,0.00,0.00,-0.00,0.00,0
1.93462,-32,3,171,0,DRIVE [ 42 ] [ 1 ] [ 1892 1458 1765 ] [    0    0    0 ] [      0      0      0 ] [ 0 ],drive [ 41 ] [ 0 ] [ 1892 1458 1744 ] [    4   63   27 ] [  10717   7635   9617 ] [ 0 ],1.10,1.10,1.10,1.10,-34.66,3.11,0.00,0.00,0.00,0.00,0.00,-0.00,0.00,0.00,0.00,0.00,0.00,0.00,0.00,-0.00,0.00,0
1.94517,-30,4,169,0,DRIVE [ 42 ] [ 1 ] [ 1892 1459 1786 ] [    0    0    0 ] [      0      0      0 ] [ 0 ],drive [ 42 ] [ 0 ] [ 1892 1458 1765 ] [    4   63   27 ] [  10653   7635   9634 ] [ 0 ],1.10,1.10,1.10,1.10,-32.64,4.94,0.00,0.00,0.00,0.00,0.00,-0.00,0.00,0.00,0.00,0.00,0.00,0.00,0.00,-0.00,0.00,0
1.95629,-28,6,167,0,DRIVE [ 43 ] [ 1 ] [ 1892 1459 1807 ] [    0    0    0 ] [      0      0      0 ] [ 0 ],drive [ 42 ] [ 0 ] [ 1892 1459 1786 ] [    4   63   27 ] [  10653   7635   9634 ] [ 0 ],1.10,1.10,1.10,1.10,-30.66,6.75,0.00,0.00,0.00,0.00,0.00,-0.00,0.00,0.00,0.00,0.00,0.00,0.00,0.00,-0.00,0.00,0
1.96712,-26,8,165,0,DRIVE [ 43 ] [ 1 ] [ 1892 1459 1827 ] [    0    0    0 ] [      0      0      0 ] [ 0 ],drive [ 43 ] [ 0 ] [ 1892 1459 1807 ] [    3   62   20 ] [  10653   7635   9634 ] [ 0 ],1.10,1.10,1.10,1.10,-28.67,8.41,0.00,0.00,0.00,0.00,0.00,-0.00,0.00,0.00,0.00,0.00,0.00,0.00,0.00,-0.00,0.00,0
1.9775,-24,9,163,0,DRIVE [ 44 ] [ 1 ] [ 1892 1457 1847 ] [    0    0    0 ] [      0      0      0 ] [ 0 ],drive [ 43 ] [ 0 ] [ 1892 1459 1827 ] [    3   62   20 ] [  10653   7635   9634 ] [ 0 ],1.10,1.10,1.10,1.10,-26.67,10.00,0.00,0.00,0.00,0.00,0.00,-0.00,0.00,0.00,0.00,0.00,0.00,0.00,0.00,-0.00,0.00,0
1.98842,-22,10,161,0,DRIVE [ 44 ] [ 1 ] [ 1892 1455 1866 ] [    0    0    0 ] [      0      0      0 ] [ 0 ],drive [ 44 ] [ 0 ] [ 1892 1457 1847 ] [    3   62   20 ] [  10653   7635   9634 ] [ 0 ],1.10,1.10,1.10,1.10,-24.64,11.45,0.00,0.00,0.00,0.00,0.00,-0.00,0.00,0.00,0.00,0.00,0.00,0.00,0.00,-0.00,0.00,0
1.99898,-20,12,159,0,DRIVE [ 45 ] [ 1 ] [ 1892 1451 1884 ] [    0    0    0 ] [      0      0      0 ] [ 0 ],drive [ 44 ] [ 0 ] [ 1892 1455 1866 ] [    3   62   20 ] [  10651   7635   9619 ] [ 0 ],1.10,1.10,1.10,1.10,-22.53,12.78,0.00,0.00,0.00,0.00,0.00,-0.00,0.00,0.00,0.00,0.00,0.00,0.00,0.00,-0.00,0.00,0
2.00899,-19,13,156,0,DRIVE [ 45 ] [ 1 ] [ 1892 1447 1903 ] [    0    0    0 ] [      0      0      0 ] [ 0 ],drive [ 45 ] [ 0 ] [ 1892 1451 1884 ] [    3   63   26 ] [  10651   7635   9619 ] [ 0 ],1.10,1.10,1.10,1.10,-20.42,13.99,0.00,0.00,0.00,0.00,0.00,-0.00,0.00,0.00,0.00,0.00,0.00,0.00,0.00,-0.00,0.00,0
2.01978,-17,14,154,0,DRIVE [ 46 ] [ 1 ] [ 1887 1476 1903 ] [    0    0    0 ] [      0      0      0 ] [ 0 ],drive [ 45 ] [ 0 ] [ 1892 1447 1903 ] [    3   63   26 ] [  10651   7635   9619 ] [ 0 ],1.10,1.10,1.10,1.10,-18.32,15.10,0.00,0.00,0.00,0.00,0.00,-0.00,0.00,0.00,0.00,0.00,0.00,0.00,0.00,-0.00,0.00,0
2.03045,-15,15,152,0,DRIVE [ 46 ] [ 1 ] [ 1868 1507 1903 ] [    0    0    0 ] [      0      0      0 ] [ 0 ],drive [ 46 ] [ 0 ] [ 1887 1476 1903 ] [    3   63   26 ] [  10651   7635   9619 ] [ 0 ],1.10,1.10,1.10,1.10,-16.24,15.97,0.00,0.00,0.00,0.00,0.00,-0.00,0.00,0.00,0.00,0.00,0.00,0.00,0.00,-0.00,0.00,0
2.04071,-13,15,150,0,DRIVE [ 47 ] [ 1 ] [ 1849 1537 1903 ] [    0    0    0 ] [      0      0      0 ] [ 0 ],drive [ 46 ] [ 0 ] [ 1868 1507 1903 ] [    3   63   26 ] [  10651   7635   9619 ] [ 0 ],1.10,1.10,1.10,1.10,-14.16,16.61,0.00,0.00,0.00,0.00,0.00,-0.00,0.00,0.00,0.00,0.00,0.00,0.00,0.00,-0.00,0.00,0
2.05113,-11,16,148,0,DRIVE [ 47 ] [ 1 ] [ 1832 1566 1903 ] [    0    0    0 ] [      0      0      0 ] [ 0 ],drive [ 47 ] [ 0 ] [ 1849 1537 1903 ] [    3   63   26 ] [  10651   7635   9517 ] [ 0 ],1.10,1.10,1.10,1.10,-12.11,17.07,0.00,0.00,0.00,0.00,0.00,-0.00,0.00,0.00,0.00,0.00,0.00,0.00,0.00,-0.00,0.00,0
2.06196,-9,16,146,0,DRIVE [ 48 ] [ 1 ] [ 1814 1594 1903 ] [    0    0    0 ] [      0      0      0 ] [ 0 ],drive [ 47 ] [ 0 ] [ 1832 1566 1903 ] [    7   59   23 ] [  10651   7635   9517 ] [ 0 ],1.10,1.10,1.10,1.10,-10.07,17.42,0.00,0.00,0.00,0.00,0.00,-0.00,0.00,0.00,0.00,0.00,0.00,0.00,0.00,-0.00,0.00,0
2.07222,-7,16,144,0,DRIVE [ 48 ] [ 1 ] [ 1796 1622 1903 ] [    0    0    0 ] [      0      0      0 ] [ 0 ],drive [ 48 ] [ 0 ] [ 1814 1594 1903 ] [    7   59   23 ] [  10651   7635   9517 ] [ 0 ],1.10,1.10,1.10,1.10,-7.98,17.67,0.00,0.00,0.00,0.00,0.00,-0.00,0.00,0.00,0.00,0.00,0.00,0.00,0.00,0.00,0.00,0
2.08262,-5,16,142,0,DRIVE [ 49 ] [ 1 ] [ 1776 1647 1903 ] [    0    0    0 ] [      0      0      0 ] [ 0 ],drive [ 48 ] [ 0 ] [ 1796 1622 1903 ] [    7   59   23 ] [  10651   7635   9517 ] [ 0 ],1.10,1.10,1.10,1.10,-5.92,17.89,0.00,0.00,0.00,0.00,0.00,-0.00,0.00,0.00,0.00,0.00,0.00,0.00,0.00,0.00,0.00,0
2.0936,-4,16,140,0,DRIVE [ 49 ] [ 1 ] [ 1756 1670 1903 ] [    0    0    0 ] [      0      0      0 ] [ 0 ],drive [ 49 ] [ 0 ] [ 1776 1647 1903 ] [    7   59   23 ] [  10660   7624   9467 ] [ 0 ],1.10,1.10,1.10,1.10,-3.90,18.02,0.00,0.00,0.00,0.00,0.00,-0.00,0.00,0.00,0.00,0.00,0.00,0.00,0.00,0.00,0.00,0
2.10412,-2,16,138,0,DRIVE [ 50 ] [ 1 ] [ 1734 1691 1903 ] [    0    0    0 ] [      0      0      0 ] [ 0 ],drive [ 49 ] [ 0 ] [ 1756 1670 1903 ] [    7   59   23 ] [  10660   7624   9467 ] [ 0 ],1.10,1.10,1.10,1.10,-1.95,18.08,0.00,0.00,0.00,0.00,0.00,-0.00,0.00,0.00,0.00,0.00,0.00,0.00,0.00,0.00,0.00,0
2.11485,0,16,136,0,DRIVE [ 50 ] [ 1 ] [ 1712 1710 1903 ] [    0    0    0 ] [      0      0      0 ] [ 0 ],drive [ 50 ] [ 0 ] [ 1734 1691 1903 ] [   15   29   22 ] [  10660   7624   9467 ] [ 0 ],1.10,1.10,1.10,1.10,-0.08,18.09,0.00,0.00,0.00,0.00,0.00,-0.00,0.00,0.00,0.00,0.00,0.00,0.00,0.00,0.00,0.00,0
2.12561,2,16,134,0,DRIVE [ 51 ] [ 1 ] [ 1689 1727 1903 ] [    0    0    0 ] [      0      0      0 ] [ 0 ],drive [ 50 ] [ 0 ] [ 1712 1710 1903 ] [   15   29   22 ] [  10660   7624   9467 ] [ 0 ],1.10,1.10,1.10,1.10,1.68,18.08,0.00,0.00,0.00,0.00,0.00,-0.00,0.00,0.00,0.00,0.00,0.00,0.00,0.00,0.00,0.00,0
2.1361,3,16,132,0,DRIVE [ 51 ] [ 1 ] [ 1665 1741 1903 ] [    0    0    0 ] [      0      0      0 ] [ 0 ],drive [ 51 ] [ 0 ] [ 1689 1727 1903 ] [   15   29   22 ] [  10660   7624   9467 ] [ 0 ],1.10,1.10,1.10,1.10,3.26,18.03,0.00,0.00,0.00,0.00,0.00,-0.00,0.00,0.00,0.00,0.00,0.00,0.00,0.00,0.00,0.00,0
2.14752,4,16,130,0,DRIVE [ 52 ] [ 1 ] [ 1641 1753 1903 ] [    0    0    0 ] [      0      0      0 ] [ 0 ],drive [ 51 ] [ 0 ] [ 1665 1741 1903 ] [   15   29   22 ] [  10716   7489   9461 ] [ 0 ],1.10,1.10,1.10,1.10,4.74,17.96,0.00,0.00,0.00,0.00,0.00,-0.00,0.00,0.00,0.00,0.00,0.00,0.00,0.00,0.00,0.00,0
2.15934,6,16,128,0,DRIVE [ 52 ] [ 1 ] [ 1618 1765 1903 ] [    0    0    0 ] [      0      0      0 ] [ 0 ],drive [ 52 ] [ 0 ] [ 1641 1753 1903 ] [   42   35   20 ] [  10716   7489   9461 ] [ 0 ],1.10,1.10,1.10,1.10,6.07,17.81,0.00,0.00,0.00,0.00,0.00,-0.00,0.00,0.00,0.00,0.00,0.00,0.00,0.00,0.00,0.00,0
2.17115,7,16,127,0,DRIVE [ 53 ] [ 1 ] [ 1596 1777 1903 ] [    0    0    0 ] [      0      0      0 ] [ 0 ],drive [ 52 ] [ 0 ] [ 1618 1765 1903 ] [   42   35   20 ] [  10716   7489   9461 ] [ 0 ],1.10,1.10,1.10,1.10,7.33,17.55,0.00,0.00,0.00,0.00,0.00,-0.00,0.00,0.00,0.00,0.00,0.00,0.00,0.00,0.00,0.00,0
2.18159,8,16,125,0,DRIVE [ 53 ] [ 1 ] [ 1575 1788 1903 ] [    0    0    0 ] [      0      0      0 ] [ 0 ],drive [ 53 ] [ 0 ] [ 1596 1777 1903 ] [   42   35   20 ] [  10716   7489   9461 ] [ 0 ],1.10,1.10,1.10,1.10,8.49,17.20,0.00,0.00,0.00,0.00,0.00,-0.00,0.00,0.00,0.00,0.00,0.00,0.00,0.00,0.00,0.00,0
2.19234,9,15,123,0,DRIVE [ 54 ] [ 1 ] [ 1554 1800 1903 ] [    0    0    0 ] [      0      0      0 ] [ 0 ],drive [ 53 ] [ 0 ] [ 1575 1788 1903 ] [   42   35   20 ] [  10956   7366   9426 ] [ 0 ],1.10,1.10,1.10,1.10,9.56,16.79,0.00,0.00,0.00,0.00,0.00,-0.00,0.00,0.00,0.00,0.00,0.00,0.00,0.00,0.00,0.00,0
2.20285,10,15,122,0,DRIVE [ 54 ] [ 1 ] [ 1534 1812 1903 ] [    0    0    0 ] [      0      0      0 ] [ 0 ],drive [ 54 ] [ 0 ] [ 1554 1800 1903 ] [   42   35   20 ] [  10956   7366   9426 ] [ 0 ],1.10,1.10,1.10,1.10,10.55,16.29,0.00,0.00,0.00,0.00,0.00,-0.00,0.00,0.00,0.00,0.00,0.00,0.00,0.00,0.00,0.00,0
2.21517,10,14,120,0,DRIVE [ 55 ] [ 1 ] [ 1515 1823 1903 ] [    0    0    0 ] [      0      0      0 ] [ 0 ],drive [ 54 ] [ 0 ] [ 1534 1812 1903 ] [   53   27    2 ] [  10956   7366   9426 ] [ 0 ],1.10,1.10,1.10,1.10,11.39,15.72,0.00,0.00,0.00,0.00,0.00,-0.00,0.00,0.00,0.00,0.00,0.00,0.00,0.00,0.00,0.00,0
2.22698,11,14,118,0,DRIVE [ 55 ] [ 1 ] [ 1499 1835 1903 ] [    0    0    0 ] [      0      0      0 ] [ 0 ],drive [ 55 ] [ 0 ] [ 1515 1823 1903 ] [   53   27    2 ] [  10956   7366   9426 ] [ 0 ],1.10,1.10,1.10,1.10,12.12,15.10,0.00,0.00,0.00,0.00,0.00,-0.00,0.00,0.00,0.00,0.00,0.00,0.00,0.00,0.00,0.00,0
2.23722,12,13,116,0,DRIVE [ 56 ] [ 1 ] [ 1485 1845 1903 ] [    0    0    0 ] [      0      0      0 ] [ 0 ],drive [ 55 ] [ 0 ] [ 1499 1835 1903 ] [   53   27    2 ] [  10956   7366   9426 ] [ 0 ],1.10,1.10,1.10,1.10,12.68,14.45,0.00,0.00,0.00,0.00,0.00,-0.00,0.00,0.00,0.00,0.00,0.00,0.00,0.00,0.00,0.00,0
2.24767,12,13,115,0,DRIVE [ 56 ] [ 1 ] [ 1473 1856 1903 ] [    0    0    0 ] [      0      0      0 ] [ 0 ],drive [ 56 ] [ 0 ] [ 1485 1845 1903 ] [   53   27    2 ] [  11279   7162   9327 ] [ 0 ],1.10,1.10,1.10,1.10,13.15,13.78,0.00,0.00,0.00,0.00,0.00,-0.00,0.00,0.00,0.00,0.00,0.00,0.00,0.00,0.00,0.00,0
2.259,12,12,114,0,DRIVE [ 57 ] [ 1 ] [ 1464 1866 1903 ] [    0    0    0 ] [      0      0      0 ] [ 0 ],drive [ 56 ] [ 0 ] [ 1473 1856 1903 ] [   65   26   12 ] [  11279   7162   9327 ] [ 0 ],1.10,1.10,1.10,1.10,13.49,13.06,0.00,0.00,0.00,0.00,0.00,-0.00,0.00,0.00,0.00,0.00,0.00,0.00,0.00,0.00,0.00,0
2.27096,12,11,112,0,DRIVE [ 57 ] [ 1 ] [ 1458 1875 1903 ] [    0    0    0 ] [      0      0      0 ] [ 0 ],drive [ 57 ] [ 0 ] [ 1464 1866 1903 ] [   65   26   12 ] [  11279   7162   9327 ] [ 0 ],1.10,1.10,1.10,1.10,13.70,12.30,0.00,0.00,0.00,0.00,0.00,-0.00,0.00,0.00,0.00,0.00,0.00,0.00,0.00,0.00,0.00,0
2.28309,13,10,111,0,DRIVE [ 58 ] [ 1 ] [ 1455 1885 1903 ] [    0    0    0 ] [      0      0      0 ] [ 0 ],drive [ 57 ] [ 0 ] [ 1458 1875 1903 ] [   65   26   12 ] [  11279   7162   9327 ] [ 0 ],1.10,1.10,1.10,1.10,13.77,11.47,0.00,0.00,0.00,0.00,0.00,-0.00,0.00,0.00,0.00,0.00,0.00,0.00,0.00,0.00,0.00,0
2.29644,12,10,109,0,DRIVE [ 58 ] [ 1 ] [ 1455 1894 1903 ] [    0    0    0 ] [      0      0      0 ] [ 0 ],drive [ 58 ] [ 0 ] [ 1455 1885 1903 ] [   65   26   12 ] [  11697   6944   9270 ] [ 0 ],1.10,1.10,1.10,1.10,13.72,10.55,0.00,0.00,0.00,0.00,0.00,-0.00,0.00,0.00,0.00,0.00,0.00,0.00,0.00,0.00,0.00,0
2.30821,12,9,108,0,DRIVE [ 59 ] [ 1 ] [ 1458 1894 1905 ] [    0    0    0 ] [      0      0      0 ] [ 0 ],drive [ 58 ] [ 0 ] [ 1455 1894 1903 ] [   51    4    2 ] [  11697   6944   9270 ] [ 0 ],1.10,1.10,1.10,1.10,13.60,9.49,0.00,0.00,0.00,0.00,0.00,-0.00,0.00,0.00,0.00,0.00,0.00,0.00,0.00,0.00,0.00,0
2.3182,12,8,107,0,DRIVE [ 59 ] [ 1 ] [ 1484 1894 1894 ] [    0    0    0 ] [      0      0      0 ] [ 0 ],drive [ 59 ] [ 0 ] [ 1458 1894 1905 ] [   51    4    2 ] [  11697   6944   9270 ] [ 0 ],1.10,1.10,1.10,1.10,13.46,8.35,0.00,0.00,0.00,0.00,0.00,-0.00,0.00,0.00,0.00,0.00,0.00,0.00,0.00,0.00,0.00,0
2.32857,12,7,105,0,DRIVE [ 60 ] [ 1 ] [ 1510 1894 1883 ] [    0    0    0 ] [      0      0      0 ] [ 0 ],drive [ 59 ] [ 0 ] [ 1484 1894 1894 ] [   51    4    2 ] [  11697   6944   9270 ] [ 0 ],1.10,1.10,1.10,1.10,13.32,7.16,0.00,0.00,0.00,0.00,0.00,-0.00,0.00,0.00,0.00,0.00,0.00,0.00,0.00,0.00,0.00,0
2.33883,12,5,104,0,DRIVE [ 60 ] [ 1 ] [ 1534 1894 1872 ] [    0    0    0 ] [      0      0      0 ] [ 0 ],drive [ 60 ] [ 0 ] [ 1510 1894 1883 ] [   51    4    2 ] [  11697   6944   9270 ] [ 0 ],1.10,1.10,1.10,1.10,13.18,6.04,0.00,0.00,0.00,0.00,0.00,-0.00,0.00,0.00,0.00,0.00,0.00,0.00,0.00,0.00,0.00,0
2.35092,12,4,103,0,DRIVE [ 61 ] [ 1 ] [ 1556 1894 1860 ] [    0    0    0 ] [      0      0      0 ] [ 0 ],drive [ 60 ] [ 0 ] [ 1534 1894 1872 ] [   51    4    2 ] [  11831   6851   9148 ] [ 0 ],1.10,1.10,1.10,1.10,13.04,4.94,0.00,0.00,0.00,0.00,0.00,-0.00,0.00,0.00,0.00,0.00,0.00,0.00,0.00,0.00,0.00,0
2.36129,12,4,102,0,DRIVE [ 61 ] [ 1 ] [ 1575 1894 1848 ] [    0    0    0 ] [      0      0      0 ] [ 0 ],drive [ 61 ] [ 0 ] [ 1556 1894 1860 ] [   48   23   26 ] [  11831   6851   9148 ] [ 0 ],1.10,1.10,1.10,1.10,12.92,3.87,0.00,0.00,0.00,0.00,0.00,-0.00,0.00,0.00,0.00,0.00,0.00,0.00,0.00,0.00,0.00,0
2.37132,12,3,100,0,DRIVE [ 62 ] [ 1 ] [ 1593 1894 1836 ] [    0    0    0 ] [      0      0      0 ] [ 0 ],drive [ 61 ] [ 0 ] [ 1575 1894 1848 ] [   48   23   26 ] [  11831   6851   9148 ] [ 0 ],1.10,1.10,1.10,1.10,12.83,2.80,0.00,0.00,0.00,0.00,0.00,-0.00,0.00,0.00,0.00,0.00,0.00,0.00,0.00,0.00,0.00,0
2.38272,12,2,99,0,DRIVE [ 62 ] [ 1 ] [ 1611 1894 1824 ] [    0    0    0 ] [      0      0      0 ] [ 0 ],drive [ 62 ] [ 0 ] [ 1593 1894 1836 ] [   48   23   26 ] [  11831   6851   9148 ] [ 0 ],1.10,1.10,1.10,1.10,12.66,1.74,0.00,0.00,0.00,0.00,0.00,-0.00,0.00,0.00,0.00,0.00,0.00,0.00,0.00,0.00,0.00,0
2.39472,11,1,98,0,DRIVE [ 63 ] [ 1 ] [ 1630 1894 1812 ] [    0    0    0 ] [      0      0      0 ] [ 0 ],drive [ 62 ] [ 0 ] [ 1611 1894 1824 ] [   48   23   26 ] [  11830   6748   9147 ] [ 0 ],1.10,1.10,1.10,1.10,12.36,0.73,0.00,0.00,0.00,0.00,0.00,-0.00,0.00,0.00,0.00,0.00,0.00,0.00,0.00,0.00,0.00,0
2.4068,11,0,97,0,DRIVE [ 63 ] [ 1 ] [ 1649 1894 1802 ] [    0    0    0 ] [      0      0      0 ] [ 0 ],drive [ 63 ] [ 0 ] [ 1630 1894 1812 ] [   48   23   26 ] [  11830   6748   9147 ] [ 0 ],1.10,1.10,1.10,1.10,11.93,-0.17,0.00,0.00,0.00,0.00,0.00,-0.00,0.00,0.00,0.00,0.00,0.00,0.00,0.00,0.00,0.00,0
2.41876,10,-1,96,0,DRIVE [ 64 ] [ 1 ] [ 1672 1894 1794 ] [    0    0    0 ] [      0      0      0 ] [ 0 ],drive [ 63 ] [ 0 ] [ 1649 1894 1802 ] [   40   10   29 ] [  11830   6748   9147 ] [ 0 ],1.10,1.10,1.10,1.10,11.27,-1.04,0.00,0.00,0.00,0.00,0.00,-0.00,0.00,0.00,0.00,0.00,0.00,0.00,0.00,0.00,0.00,0
2.4299,9,-2,95,0,DRIVE [ 64 ] [ 1 ] [ 1698 1894 1787 ] [    0    0    0 ] [      0      0      0 ] [ 0 ],drive [ 64 ] [ 0 ] [ 1672 1894 1794 ] [   40   10   29 ] [  11830   6748   9147 ] [ 0 ],1.10,1.10,1.10,1.10,10.40,-1.91,0.00,0.00,0.00,0.00,0.00,-0.00,0.00,0.00,0.00,0.00,0.00,0.00,0.00,0.00,0.00,0
2.43975,9,-3,94,0,DRIVE [ 65 ] [ 1 ] [ 1725 1894 1780 ] [    0    0    0 ] [      0      0      0 ] [ 0 ],drive [ 64 ] [ 0 ] [ 1698 1894 1787 ] [   40   10   29 ] [  11830   6748   9147 ] [ 0 ],1.10,1.10,1.10,1.10,9.41,-2.76,0.00,0.00,0.00,0.00,0.00,-0.00,0.00,0.00,0.00,0.00,0.00,0.00,0.00,0.00,0.00,0
2.45049,8,-3,93,0,DRIVE [ 65 ] [ 1 ] [ 1752 1894 1772 ] [    0    0    0 ] [      0      0      0 ] [ 0 ],drive [ 65 ] [ 0 ] [ 1725 1894 1780 ] [   40   10   29 ] [  11831   6500   9148 ] [ 0 ],1.10,1.10,1.10,1.10,8.35,-3.56,0.00,0.00,0.00,0.00,0.00,-0.00,0.00,0.00,0.00,0.00,0.00,0.00,0.00,0.00,0.00,0
2.46348,7,-4,92,0,DRIVE [ 66 ] [ 1 ] [ 1777 1894 1763 ] [    0    0    0 ] [      0      0      0 ] [ 0 ],drive [ 65 ] [ 0 ] [ 1752 1894 1772 ] [   29   14   33 ] [  11831   6500   9148 ] [ 0 ],1.10,1.10,1.10,1.10,7.29,-4.33,0.00,0.00,0.00,0.00,0.00,-0.00,0.00,0.00,0.00,0.00,0.00,0.00,0.00,0.00,0.00,0
2.47448,6,-5,91,0,DRIVE [ 66 ] [ 1 ] [ 1800 1894 1752 ] [    0    0    0 ] [      0      0      0 ] [ 0 ],drive [ 66 ] [ 0 ] [ 1777 1894 1763 ] [   29   14   33 ] [  11831   6500   9148 ] [ 0 ],1.10,1.10,1.10,1.10,6.23,-5.06,0.00,0.00,0.00,0.00,0.00,-0.00,0.00,0.00,0.00,0.00,0.00,0.00,0.00,0.00,0.00,0
2.48676,5,-5,90,0,DRIVE [ 67 ] [ 1 ] [ 1821 1894 1738 ] [    0    0    0 ] [      0      0      0 ] [ 0 ],drive [ 66 ] [ 0 ] [ 1800 1894 1752 ] [   29   14   33 ] [  11831   6500   9148 ] [ 0 ],1.10,1.10,1.10,1.10,5.13,-5.76,0.00,0.00,0.00,0.00,0.00,-0.00,0.00,0.00,0.00,0.00,0.00,0.00,0.00,0.00,0.00,0
2.49688,4,-6,89,0,DRIVE [ 67 ] [ 1 ] [ 1842 1894 1720 ] [    0    0    0 ] [      0      0      0 ] [ 0 ],drive [ 67 ] [ 0 ] [ 1821 1894 1738 ] [   29   14   33 ] [  11820   6422   9151 ] [ 0 ],1.10,1.10,1.10,1.10,3.99,-6.42,0.00,0.00,0.00,0.00,0.00,-0.00,0.00,0.00,0.00,0.00,0.00,0.00,0.00,0.00,0.00,0
2.50731,3,-6,88,0,DRIVE [ 68 ] [ 1 ] [ 1862 1894 1697 ] [    0    0    0 ] [      0      0      0 ] [ 0 ],drive [ 67 ] [ 0 ] [ 1842 1894 1720 ] [   13   23   35 ] [  11820   6422   9151 ] [ 0 ],1.10,1.10,1.10,1.10,2.79,-7.02,0.00,0.00,0.00,0.00,0.00,-0.00,0.00,0.00,0.00,0.00,0.00,0.00,0.00,0.00,0.00,0
2.51882,1,-7,87,0,DRIVE [ 68 ] [ 1 ] [ 1881 1894 1670 ] [    0    0    0 ] [      0      0      0 ] [ 0 ],drive [ 68 ] [ 0 ] [ 1862 1894 1697 ] [   13   23   35 ] [  11820   6422   9151 ] [ 0 ],1.10,1.10,1.10,1.10,1.55,-7.55,0.00,0.00,0.00,0.00,0.00,-0.00,0.00,0.00,0.00,0.00,0.00,0.00,0.00,0.00,0.00,0
2.53118,0,-7,86,0,DRIVE [ 69 ] [ 1 ] [ 1901 1894 1636 ] [    0    0    0 ] [      0      0      0 ] [ 0 ],drive [ 68 ] [ 0 ] [ 1881 1894 1670 ] [   13   23   35 ] [  11820   6422   9151 ] [ 0 ],1.10,1.10,1.10,1.10,0.28,-8.05,0.00,0.00,0.00,0.00,0.00,-0.00,0.00,0.00,0.00,0.00,0.00,0.00,0.00,0.00,0.00,0
2.5426,-1,-8,85,0,DRIVE [ 69 ] [ 1 ] [ 1901 1889 1630 ] [    0    0    0 ] [      0      0      0 ] [ 0 ],drive [ 69 ] [ 0 ] [ 1901 1894 1636 ] [   13   23   35 ] [  11800   6388   9161 ] [ 0 ],1.10,1.10,1.10,1.10,-1.00,-8.43,0.00,0.00,0.00,0.00,0.00,-0.00,0.00,0.00,0.00,0.00,0.00,0.00,0.00,0.00,0.00,0
2.55292,-2,-8,85,0,DRIVE [ 70 ] [ 1 ] [ 1901 1868 1632 ] [    0    0    0 ] [      0      0      0 ] [ 0 ],drive [ 69 ] [ 0 ] [ 1901 1889 1630 ] [   13   23   35 ] [  11800   6388   9161 ] [ 0 ],1.10,1.10,1.10,1.10,-2.31,-8.67,0.00,0.00,0.00,0.00,0.00,-0.00,0.00,0.00,0.00,0.00,0.00,0.00,0.00,0.00,0.00,0
2.56434,-3,-8,84,0,DRIVE [ 70 ] [ 1 ] [ 1901 1846 1635 ] [    0    0    0 ] [      0      0      0 ] [ 0 ],drive [ 70 ] [ 0 ] [ 1901 1868 1632 ] [   22    7   27 ] [  11800   6388   9161 ] [ 0 ],1.10,1.10,1.10,1.10,-3.60,-8.73,0.00,0.00,0.00,0.00,0.00,-0.00,0.00,0.00,0.00,0.00,0.00,0.00,0.00,0.00,0.00,0
2.57451,-4,-8,83,0,DRIVE [ 71 ] [ 1 ] [ 1901 1822 1637 ] [    0    0    0 ] [      0      0      0 ] [ 0 ],drive [ 70 ] [ 0 ] [ 1901 1846 1635 ] [   22    7   27 ] [  11800   6388   9161 ] [ 0 ],1.10,1.10,1.10,1.10,-4.92,-8.68,0.00,0.00,0.00,0.00,0.00,-0.00,0.00,0.00,0.00,0.00,0.00,0.00,0.00,0.00,0.00,0
2.58666,-6,-8,82,0,DRIVE [ 71 ] [ 1 ] [ 1901 1797 1639 ] [    0    0    0 ] [      0      0      0 ] [ 0 ],drive [ 71 ] [ 0 ] [ 1901 1822 1637 ] [   22    7   27 ] [  11800   6388   9161 ] [ 0 ],1.10,1.10,1.10,1.10,-6.23,-8.51,0.00,0.00,0.00,0.00,0.00,-0.00,0.00,0.00,0.00,0.00,0.00,0.00,0.00,0.00,0.00,0
2.59869,-7,-8,81,0,DRIVE [ 72 ] [ 1 ] [ 1901 1771 1640 ] [    0    0    0 ] [      0      0      0 ] [ 0 ],drive [ 71 ] [ 0 ] [ 1901 1797 1639 ] [   22    7   27 ] [  11623   6276   9287 ] [ 0 ],1.10,1.10,1.10,1.10,-7.48,-8.29,0.00,0.00,0.00,0.00,0.00,-0.00,0.00,0.00,0.00,0.00,0.00,0.00,0.00,0.00,0.00,0
2.61094,-8,-7,80,0,DRIVE [ 72 ] [ 1 ] [ 1901 1744 1637 ] [    0    0    0 ] [      0      0      0 ] [ 0 ],drive [ 72 ] [ 0 ] [ 1901 1771 1640 ] [   12   32   29 ] [  11623   6276   9287 ] [ 0 ],1.10,1.10,1.10,1.10,-8.68,-8.10,0.00,0.00,0.00,0.00,0.00,-0.00,0.00,0.00,0.00,0.00,0.00,0.00,0.00,0.00,0.00,0
2.62117,-9,-7,80,0,DRIVE [ 73 ] [ 1 ] [ 1901 1717 1631 ] [    0    0    0 ] [      0      0      0 ] [ 0 ],drive [ 72 ] [ 0 ] [ 1901 1744 1637 ] [   12   32   29 ] [  11623   6276   9287 ] [ 0 ],1.10,1.10,1.10,1.10,-9.82,-7.98,0.00,0.00,0.00,0.00,0.00,-0.00,0.00,0.00,0.00,0.00,0.00,0.00,0.00,0.00,0.00,0
2.63118,-10,-7,79,0,DRIVE [ 73 ] [ 1 ] [ 1901 1690 1624 ] [    0    0    0 ] [      0      0      0 ] [ 0 ],drive [ 73 ] [ 0 ] [ 1901 1717 1631 ] [   12   32   29 ] [  11623   6276   9287 ] [ 0 ],1.10,1.10,1.10,1.10,-10.91,-7.87,0.00,0.00,0.00,0.00,0.00,-0.00,0.00,0.00,0.00,0.00,0.00,0.00,0.00,0.00,0.00,0
2.64293,-11,-7,78,0,DRIVE [ 74 ] [ 1 ] [ 1901 1663 1615 ] [    0    0    0 ] [      0      0      0 ] [ 0 ],drive [ 73 ] [ 0 ] [ 1901 1690 1624 ] [   12   32   29 ] [  11596   6321   9292 ] [ 0 ],1.10,1.10,1.10,1.10,-11.97,-7.81,0.00,0.00,0.00,0.00,0.00,-0.00,0.00,0.00,0.00,0.00,0.00,0.00,0.00,0.00,0.00,0
2.65459,-12,-7,77,0,DRIVE [ 74 ] [ 1 ] [ 1901 1637 1606 ] [    0    0    0 ] [      0      0      0 ] [ 0 ],drive [ 74 ] [ 0 ] [ 1901 1663 1615 ] [   12   32   29 ] [  11596   6321   9292 ] [ 0 ],1.10,1.10,1.10,1.10,-12.96,-7.75,0.00,0.00,0.00,0.00,0.00,-0.00,0.00,0.00,0.00,0.00,0.00,0.00,0.00,0.00,0.00,0
2.66684,-13,-7,76,0,DRIVE [ 75 ] [ 1 ] [ 1901 1611 1598 ] [    0    0    0 ] [      0      0      0 ] [ 0 ],drive [ 74 ] [ 0 ] [ 1901 1637 1606 ] [   12   23   30 ] [  11596   6321   9292 ] [ 0 ],1.10,1.10,1.10,1.10,-13.89,-7.67,0.00,0.00,0.00,0.00,0.00,-0.00,0.00,0.00,0.00,0.00,0.00,0.00,0.00,0.00,0.00,0
2.67887,-13,-7,75,0,DRIVE [ 75 ] [ 1 ] [ 1901 1586 1590 ] [    0    0    0 ] [      0      0      0 ] [ 0 ],drive [ 75 ] [ 0 ] [ 1901 1611 1598 ] [   12   23   30 ] [  11596   6321   9292 ] [ 0 ],1.10,1.10,1.10,1.10,-14.74,-7.57,0.00,0.00,0.00,0.00,0.00,-0.00,0.00,0.00,0.00,0.00,0.00,0.00,0.00,0.00,0.00,0
2.68905,-14,-7,75,0,DRIVE [ 76 ] [ 1 ] [ 1901 1562 1583 ] [    0    0    0 ] [      0      0      0 ] [ 0 ],drive [ 75 ] [ 0 ] [ 1901 1586 1590 ] [   12   23   30 ] [  11596   6321   9292 ] [ 0 ],1.10,1.10,1.10,1.10,-15.52,-7.41,0.00,0.00,0.00,0.00,0.00,-0.00,0.00,0.00,0.00,0.00,0.00,0.00,0.00,0.00,0.00,0
2.69894,-15,-7,74,0,DRIVE [ 76 ] [ 1 ] [ 1901 1539 1578 ] [    0    0    0 ] [      0      0      0 ] [ 0 ],drive [ 76 ] [ 0 ] [ 1901 1562 1583 ] [   12   23   30 ] [  11587   6398   9349 ] [ 0 ],1.10,1.10,1.10,1.10,-16.21,-7.21,0.00,0.00,0.00,0.00,0.00,-0.00,0.00,0.00,0.00,0.00,0.00,0.00,0.00,0.00,0.00,0
2.71089,-15,-6,73,0,DRIVE [ 77 ] [ 1 ] [ 1901 1519 1575 ] [    0    0    0 ] [      0      0      0 ] [ 0 ],drive [ 76 ] [ 0 ] [ 1901 1539 1578 ] [   10   40   29 ] [  11587   6398   9349 ] [ 0 ],1.10,1.10,1.10,1.10,-16.76,-6.99,0.00,0.00,0.00,0.00,0.00,-0.00,0.00,0.00,0.00,0.00,0.00,0.00,0.00,0.00,0.00,0
2.7225,-16,-6,72,0,DRIVE [ 77 ] [ 1 ] [ 1901 1502 1573 ] [    0    0    0 ] [      0      0      0 ] [ 0 ],drive [ 77 ] [ 0 ] [ 1901 1519 1575 ] [   10   40   29 ] [  11587   6398   9349 ] [ 0 ],1.10,1.10,1.10,1.10,-17.18,-6.75,0.00,0.00,0.00,0.00,0.00,-0.00,0.00,0.00,0.00,0.00,0.00,0.00,0.00,0.00,0.00,0
2.73414,-16,-6,71,0,DRIVE [ 78 ] [ 1 ] [ 1901 1488 1573 ] [    0    0    0 ] [      0      0      0 ] [ 0 ],drive [ 77 ] [ 0 ] [ 1901 1502 1573 ] [   10   40   29 ] [  11587   6398   9349 ] [ 0 ],1.10,1.10,1.10,1.10,-17.43,-6.51,0.00,0.00,0.00,0.00,0.00,-0.00,0.00,0.00,0.00,0.00,0.00,0.00,0.00,0.00,0.00,0
2.7435,-16,-6,71,0,DRIVE [ 78 ] [ 1 ] [ 1901 1479 1573 ] [    0    0    0 ] [      0      0      0 ] [ 0 ],drive [ 78 ] [ 0 ] [ 1901 1488 1573 ] [   10   40   29 ] [  11461   6619   9418 ] [ 0 ],1.10,1.10,1.10,1.10,-17.54,-6.32,0.00,0.00,0.00,0.00,0.00,-0.00,0.00,0.00,0.00,0.00,0.00,0.00,0.00,0.00,0.00,0
2.75439,-16,-6,70,0,DRIVE [ 79 ] [ 1 ] [ 1901 1474 1576 ] [    0    0    0 ] [      0      0      0 ] [ 0 ],drive [ 78 ] [ 0 ] [ 1901 1479 1573 ] [   10   40   29 ] [  11461   6619   9418 ] [ 0 ],1.10,1.10,1.10,1.10,-17.50,-6.08,0.00,0.00,0.00,0.00,0.00,-0.00,0.00,0.00,0.00,0.00,0.00,0.00,0.00,0.00,0.00,0
2.76637,-16,-5,69,0,DRIVE [ 79 ] [ 1 ] [ 1901 1469 1579 ] [    0    0    0 ] [      0      0      0 ] [ 0 ],drive [ 79 ] [ 0 ] [ 1901 1474 1576 ] [   29   51   27 ] [  11461   6619   9418 ] [ 0 ],1.10,1.10,1.10,1.10,-17.39,-5.81,0.00,0.00,0.00,0.00,0.00,-0.00,0.00,0.00,0.00,0.00,0.00,0.00,0.00,0.00,0.00,0
2.77821,-16,-5,68,0,DRIVE [ 80 ] [ 1 ] [ 1901 1463 1585 ] [    0    0    0 ] [      0      0      0 ] [ 0 ],drive [ 79 ] [ 0 ] [ 1901 1469 1579 ] [   29   51   27 ] [  11461   6619   9418 ] [ 0 ],1.10,1.10,1.10,1.10,-17.26,-5.45,0.00,0.00,0.00,0.00,0.00,-0.00,0.00,0.00,0.00,0.00,0.00,0.00,0.00,0.00,0.00,0
2.79035,-16,-5,67,0,DRIVE [ 80 ] [ 1 ] [ 1901 1458 1593 ] [    0    0    0 ] [      0      0      0 ] [ 0 ],drive [ 80 ] [ 0 ] [ 1901 1463 1585 ] [   29   51   27 ] [  11461   6619   9418 ] [ 0 ],1.10,1.10,1.10,1.10,-17.09,-5.02,0.00,0.00,0.00,0.00,0.00,-0.00,0.00,0.00,0.00,0.00,0.00,0.00,0.00,0.00,0.00,0
2.80241,-15,-4,66,0,DRIVE [ 81 ] [ 1 ] [ 1901 1453 1603 ] [    0    0    0 ] [      0      0      0 ] [ 0 ],drive [ 80 ] [ 0 ] [ 1901 1458 1593 ] [   29   51   27 ] [  11334   6770   9453 ] [ 0 ],1.10,1.10,1.10,1.10,-16.88,-4.56,0.00,0.00,0.00,0.00,0.00,-0.00,0.00,0.00,0.00,0.00,0.00,0.00,0.00,0.00,0.00,0
2.81299,-15,-4,66,0,DRIVE [ 81 ] [ 1 ] [ 1901 1448 1615 ] [    0    0    0 ] [      0      0      0 ] [ 0 ],drive [ 81 ] [ 0 ] [ 1901 1453 1603 ] [   17   46   49 ] [  11334   6770   9453 ] [ 0 ],1.10,1.10,1.10,1.10,-16.61,-4.01,0.00,0.00,0.00,0.00,0.00,-0.00,0.00,0.00,0.00,0.00,0.00,0.00,0.00,0.00,0.00,0
2.82306,-15,-3,65,0,DRIVE [ 82 ] [ 1 ] [ 1901 1442 1629 ] [    0    0    0 ] [      0      0      0 ] [ 0 ],drive [ 81 ] [ 0 ] [ 1901 1448 1615 ] [   17   46   49 ] [  11334   6770   9453 ] [ 0 ],1.10,1.10,1.10,1.10,-16.34,-3.38,0.00,0.00,0.00,0.00,0.00,-0.00,0.00,0.00,0.00,0.00,0.00,0.00,0.00,0.00,0.00,0
2.83445,-15,-2,64,0,DRIVE [ 82 ] [ 1 ] [ 1901 1435 1644 ] [    0    0    0 ] [      0      0      0 ] [ 0 ],drive [ 82 ] [ 0 ] [ 1901 1442 1629 ] [   17   46   49 ] [  11334   6770   9453 ] [ 0 ],1.10,1.10,1.10,1.10,-16.06,-2.74,0.00,0.00,0.00,0.00,0.00,-0.00,0.00,0.00,0.00,0.00,0.00,0.00,0.00,0.00,0.00,0
2.8466,-14,-2,63,0,DRIVE [ 83 ] [ 1 ] [ 1901 1428 1658 ] [    0    0    0 ] [      0      0      0 ] [ 0 ],drive [ 82 ] [ 0 ] [ 1901 1435 1644 ] [   17   46   49 ] [  11308   6787   9513 ] [ 0 ],1.10,1.10,1.10,1.10,-15.76,-2.11,0.00,0.00,0.00,0.00,0.00,-0.00,0.00,0.00,0.00,0.00,0.00,0.00,0.00,0.00,0.00,0
2.85854,-14,-1,62,0,DRIVE [ 83 ] [ 1 ] [ 1901 1420 1673 ] [    0    0    0 ] [      0      0      0 ] [ 0 ],drive [ 83 ] [ 0 ] [ 1901 1428 1658 ] [   15   47   32 ] [  11308   6787   9513 ] [ 0 ],1.10,1.10,1.10,1.10,-15.46,-1.48,0.00,0.00,0.00,0.00,0.00,-0.00,0.00,0.00,0.00,0.00,0.00,0.00,0.00,0.00,0.00,0
2.87031,-14,-1,61,0,DRIVE [ 84 ] [ 1 ] [ 1901 1411 1687 ] [    0    0    0 ] [      0      0      0 ] [ 0 ],drive [ 83 ] [ 0 ] [ 1901 1420 1673 ] [   15   47   32 ] [  11308   6787   9513 ] [ 0 ],1.10,1.10,1.10,1.10,-15.16,-0.88,0.00,0.00,0.00,0.00,0.00,-0.00,0.00,0.00,0.00,0.00,0.00,0.00,0.00,0.00,0.00,0
2.88021,-14,0,60,0,DRIVE [ 84 ] [ 1 ] [ 1901 1402 1701 ] [    0    0    0 ] [      0      0      0 ] [ 0 ],drive [ 84 ] [ 0 ] [ 1901 1411 1687 ] [   15   47   32 ] [  11308   6787   9513 ] [ 0 ],1.10,1.10,1.10,1.10,-14.86,-0.30,0.00,0.00,0.00,0.00,0.00,-0.00,0.00,0.00,0.00,0.00,0.00,0.00,0.00,0.00,0.00,0
2.89035,-13,0,59,0,DRIVE [ 85 ] [ 1 ] [ 1901 1393 1713 ] [    0    0    0 ] [      0      0      0 ] [ 0 ],drive [ 84 ] [ 0 ] [ 1901 1402 1701 ] [   15   47   32 ] [  11308   6787   9513 ] [ 0 ],1.10,1.10,1.10,1.10,-14.55,0.24,0.00,0.00,0.00,0.00,0.00,-0.00,0.00,0.00,0.00,0.00,0.00,0.00,0.00,0.00,0.00,0
2.90251,-13,1,59,0,DRIVE [ 85 ] [ 1 ] [ 1901 1386 1726 ] [    0    0    0 ] [      0      0      0 ] [ 0 ],drive [ 85 ] [ 0 ] [ 1901 1393 1713 ] [   15   47   32 ] [  11309   6802   9497 ] [ 0 ],1.10,1.10,1.10,1.10,-14.20,0.76,0.00,0.00,0.00,0.00,0.00,-0.00,0.00,0.00,0.00,0.00,0.00,0.00,0.00,0.00,0.00,0
2.91446,-13,1,58,0,DRIVE [ 86 ] [ 1 ] [ 1901 1380 1739 ] [    0    0    0 ] [      0      0      0 ] [ 0 ],drive [ 85 ] [ 0 ] [ 1901 1386 1726 ] [   15   58   39 ] [  11309   6802   9497 ] [ 0 ],1.10,1.10,1.10,1.10,-13.81,1.21,0.00,0.00,0.00,0.00,0.00,-0.00,0.00,0.00,0.00,0.00,0.00,0.00,0.00,0.00,0.00,0
2.92642,-12,1,57,0,DRIVE [ 86 ] [ 1 ] [ 1901 1377 1750 ] [    0    0    0 ] [      0      0      0 ] [ 0 ],drive [ 86 ] [ 0 ] [ 1901 1380 1739 ] [   15   58   39 ] [  11309   6802   9497 ] [ 0 ],1.10,1.10,1.10,1.10,-13.39,1.57,0.00,0.00,0.00,0.00,0.00,-0.00,0.00,0.00,0.00,0.00,0.00,0.00,0.00,0.00,0.00,0
2.93622,-12,2,56,0,DRIVE [ 87 ] [ 1 ] [ 1901 1380 1761 ] [    0    0    0 ] [      0      0      0 ] [ 0 ],drive [ 86 ] [ 0 ] [ 1901 1377 1750 ] [   15   58   39 ] [  11309   6802   9497 ] [ 0 ],1.10,1.10,1.10,1.10,-12.88,1.83,0.00,0.00,0.00,0.00,0.00,-0.00,0.00,0.00,0.00,0.00,0.00,0.00,0.00,0.00,0.00,0
2.94672,-11,2,55,0,DRIVE [ 87 ] [ 1 ] [ 1901 1388 1771 ] [    0    0    0 ] [      0      0      0 ] [ 0 ],drive [ 87 ] [ 0 ] [ 1901 1380 1761 ] [   15   58   39 ] [  11312   6987   9401 ] [ 0 ],1.10,1.10,1.10,1.10,-12.31,2.02,0.00,0.00,0.00,0.00,0.00,-0.00,0.00,0.00,0.00,0.00,0.00,0.00,0.00,0.00,0.00,0
2.95845,-11,2,55,0,DRIVE [ 88 ] [ 1 ] [ 1901 1398 1781 ] [    0    0    0 ] [      0      0      0 ] [ 0 ],drive [ 87 ] [ 0 ] [ 1901 1388 1771 ] [   14   52   28 ] [  11312   6987   9401 ] [ 0 ],1.10,1.10,1.10,1.10,-11.73,2.16,0.00,0.00,0.00,0.00,0.00,-0.00,0.00,0.00,0.00,0.00,0.00,0.00,0.00,0.00,0.00,0
2.97112,-10,2,54,0,DRIVE [ 88 ] [ 1 ] [ 1901 1404 1791 ] [    0    0    0 ] [      0      0      0 ] [ 0 ],drive [ 88 ] [ 0 ] [ 1901 1398 1781 ] [   14   52   28 ] [  11312   6987   9401 ] [ 0 ],1.10,1.10,1.10,1.10,-11.19,2.35,0.00,0.00,0.00,0.00,0.00,-0.00,0.00,0.00,0.00,0.00,0.00,0.00,0.00,-0.00,0.00,0
2.98246,-10,2,53,0,DRIVE [ 89 ] [ 1 ] [ 1901 1410 1801 ] [    0    0    0 ] [      0      0      0 ] [ 0 ],drive [ 88 ] [ 0 ] [ 1901 1404 1791 ] [   14   52   28 ] [  11312   6987   9401 ] [ 0 ],1.10,1.10,1.10,1.10,-10.69,2.52,0.00,0.00,0.00,0.00,0.00,-0.00,0.00,0.00,0.00,0.00,0.00,0.00,0.00,-0.00,0.00,0
2.99448,-9,2,52,1,DRIVE [ 89 ] [ 1 ] [ 1901 1415 1809 ] [    0    0    0 ] [      0      0      0 ] [ 0 ],drive [ 89 ] [ 0 ] [ 1901 1410 1801 ] [   14   52   28 ] [  11313   7038   9376 ] [ 0 ],1.10,1.10,1.10,1.10,-10.22,2.65,0.00,0.00,0.00,0.00,0.00,-0.00,0.00,0.00,0.00,0.00,0.00,0.00,0.00,-0.00,0.00,0
