timestamp,Xmm,Ymm,Zmm,TouchDetected,OutgoingPacket,IncomingPacket,GainPropAb, GainPropAd, GainPropFl, GainPropEx,PropA, PropB, PropC,GainIntegAb, GainIntegAd, GainIntegFl, GainIntegEx,IntegA, IntegB, IntegC,GainDerivAb, GainDerivAd, GainDerivFl, GainDerivEx,DerivA, DerivB, DerivC,Heading5
0.00527538,-53,69,356,0,DRIVE [ 00 ] [ 1 ] [ 1746 1277 1904 ] [    0    0    0 ] [      0      0      0 ] [ 0 ],drive [ 99 ] [ 0 ] [ 1742 1276 1904 ] [   30   61   19 ] [  10623  10326   9726 ] [ 0 ],1.00,1.00,1.00,1.20,-52.97,82.33,0.00,0.00,0.00,0.00,0.00,0.00,0.00,0.00,0.00,0.00,0.00,0.00,0.00,0.00,0.00,0
0.0197792,-53,69,357,0,DRIVE [ 00 ] [ 1 ] [ 1745 1278 1904 ] [    0    0    0 ] [      0      0      0 ] [ 0 ],drive [ 00 ] [ 0 ] [ 1746 1277 1904 ] [   30   61   19 ] [  10621  10326   9726 ] [ 0 ],1.00,1.00,1.00,1.20,-52.83,82.57,0.00,0.00,0.00,0.00,0.00,0.00,0.00,0.00,0.00,0.00,0.00,0.00,0.00,0.00,0.00,0
0.0323531,-53,69,356,0,DRIVE [ 01 ] [ 1 ] [ 1744 1277 1904 ] [    0    0    0 ] [      0      0      0 ] [ 0 ],drive [ 00 ] [ 0 ] [ 1745 1278 1904 ] [   29   61   19 ] [  10621  10326   9726 ] [ 0 ],1.00,1.00,1.00,1.20,-52.77,82.67,0.00,0.00,0.00,0.00,0.00,0.00,0.00,0.00,0.00,0.00,0.00,0.00,0.00,0.00,0.00,0
0.0452466,-53,69,356,0,DRIVE [ 01 ] [ 1 ] [ 1744 1277 1904 ] [    0    0    0 ] [      0      0      0 ] [ 0 ],drive [ 01 ] [ 0 ] [ 1744 1277 1904 ] [   29   61   19 ] [  10621  10326   9726 ] [ 0 ],1.00,1.00,1.00,1.20,-52.85,82.89,0.00,0.00,0.00,0.00,0.00,0.00,0.00,0.00,0.00,0.00,0.00,0.00,0.00,0.00,0.00,0
0.0575555,-53,69,356,0,DRIVE [ 02 ] [ 1 ] [ 1744 1277 1904 ] [    0    0    0 ] [      0      0      0 ] [ 0 ],drive [ 01 ] [ 0 ] [ 1744 1277 1904 ] [   29   61   19 ] [  10621  10326   9726 ] [ 0 ],1.00,1.00,1.00,1.20,-52.78,82.84,0.00,0.00,0.00,0.00,0.00,0.00,0.00,0.00,0.00,0.00,0.00,0.00,0.00,0.00,0.00,0
0.0705543,-53,69,356,0,DRIVE [ 02 ] [ 1 ] [ 1744 1277 1904 ] [    0    0    0 ] [      0      0      0 ] [ 0 ],drive [ 02 ] [ 0 ] [ 1744 1277 1904 ] [   29   61   19 ] [  10619  10326   9726 ] [ 0 ],1.00,1.00,1.00,1.20,-52.78,82.87,0.00,0.00,0.00,0.00,0.00,0.00,0.00,0.00,0.00,0.00,0.00,0.00,0.00,0.00,0.00,0
0.0834894,-53,69,356,0,DRIVE [ 03 ] [ 1 ] [ 1744 1277 1904 ] [    0    0    0 ] [      0      0      0 ] [ 0 ],drive [ 02 ] [ 0 ] [ 1744 1277 1904 ] [   30   60   19 ] [  10619  10326   9726 ] [ 0 ],1.00,1.00,1.00,1.20,-52.81,82.95,0.00,0.00,0.00,0.00,0.00,0.00,0.00,0.00,0.00,0.00,0.00,0.00,0.00,0.00,0.00,0
0.096303,-53,69,357,0,DRIVE [ 03 ] [ 1 ] [ 1744 1277 1904 ] [    0    0    0 ] [      0      0      0 ] [ 0 ],drive [ 03 ] [ 0 ] [ 1744 1277 1904 ] [   30   60   19 ] [  10619  10326   9726 ] [ 0 ],1.00,1.00,1.00,1.20,-52.86,83.05,0.00,0.00,0.00,0.00,0.00,0.00,0.00,0.00,0.00,0.00,0.00,0.00,0.00,0.00,0.00,0
0.111472,-53,69,357,0,DRIVE [ 04 ] [ 1 ] [ 1744 1277 1904 ] [    0    0    0 ] [      0      0      0 ] [ 0 ],drive [ 03 ] [ 0 ] [ 1744 1277 1904 ] [   30   60   19 ] [  10619  10326   9726 ] [ 0 ],1.00,1.00,1.00,1.20,-52.88,83.13,0.00,0.00,0.00,0.00,0.00,0.00,0.00,0.00,0.00,0.00,0.00,0.00,0.00,0.00,0.00,0
0.12411,-53,69,357,0,DRIVE [ 04 ] [ 1 ] [ 1743 1277 1904 ] [    0    0    0 ] [      0      0      0 ] [ 0 ],drive [ 04 ] [ 0 ] [ 1744 1277 1904 ] [   30   60   19 ] [  10614  10326   9726 ] [ 0 ],1.00,1.00,1.00,1.20,-52.92,83.26,0.00,0.00,0.00,0.00,0.00,0.00,0.00,0.00,0.00,0.00,0.00,0.00,0.00,0.00,0.00,0
0.136603,-53,70,357,0,DRIVE [ 05 ] [ 1 ] [ 1743 1277 1904 ] [    0    0    0 ] [      0      0      0 ] [ 0 ],drive [ 04 ] [ 0 ] [ 1743 1277 1904 ] [   32   60   18 ] [  10614  10326   9726 ] [ 0 ],1.00,1.00,1.00,1.20,-52.96,83.41,0.00,0.00,0.00,0.00,0.00,0.00,0.00,0.00,0.00,0.00,0.00,0.00,0.00,0.00,0.00,0
0.148933,-55,53,354,0,DRIVE [ 05 ] [ 1 ] [ 1815 1311 1904 ] [    0    0    0 ] [      0      0      0 ] [ 0 ],drive [ 05 ] [ 0 ] [ 1743 1277 1904 ] [   32   60   18 ] [  10614  10326   9726 ] [ 0 ],1.00,1.00,1.00,1.20,-54.63,64.08,0.00,0.00,0.00,0.00,0.00,0.00,0.00,0.00,0.00,0.00,0.00,0.00,0.00,-0.00,0.00,0
0.161689,-56,42,351,0,DRIVE [ 06 ] [ 1 ] [ 1867 1327 1904 ] [    0    0    0 ] [      0      0      0 ] [ 0 ],drive [ 05 ] [ 0 ] [ 1815 1311 1904 ] [   32   60   18 ] [  10614  10326   9726 ] [ 0 ],1.00,1.00,1.00,1.20,-55.80,49.89,0.00,0.00,0.00,0.00,0.00,0.00,0.00,0.00,0.00,0.00,0.00,0.00,0.00,-0.00,0.00,0
0.17382,-57,33,348,0,DRIVE [ 06 ] [ 1 ] [ 1867 1333 1904 ] [    0    0    0 ] [      0      0      0 ] [ 0 ],drive [ 06 ] [ 0 ] [ 1867 1327 1904 ] [   32   60   18 ] [  10611  10326   9726 ] [ 0 ],1.00,1.00,1.00,1.20,-56.57,39.35,0.00,0.00,0.00,0.00,0.00,0.00,0.00,0.00,0.00,0.00,0.00,0.00,0.00,-0.00,0.00,0
0.186736,-57,26,346,0,DRIVE [ 07 ] [ 1 ] [ 1867 1384 1879 ] [    0    0    0 ] [      0      0      0 ] [ 0 ],drive [ 06 ] [ 0 ] [ 1867 1333 1904 ] [   25   57   19 ] [  10611  10326   9726 ] [ 0 ],1.00,1.00,1.00,1.20,-57.22,31.69,0.00,0.00,0.00,0.00,0.00,0.00,0.00,0.00,0.00,0.00,0.00,0.00,0.00,-0.00,0.00,0
0.199485,-58,22,345,0,DRIVE [ 07 ] [ 1 ] [ 1867 1418 1860 ] [    0    0    0 ] [      0      0      0 ] [ 0 ],drive [ 07 ] [ 0 ] [ 1867 1384 1879 ] [   25   57   19 ] [  10611  10326   9726 ] [ 0 ],1.00,1.00,1.00,1.20,-57.72,26.18,0.00,0.00,0.00,0.00,0.00,0.00,0.00,0.00,0.00,0.00,0.00,0.00,0.00,-0.00,0.00,0
0.214,-58,19,344,0,DRIVE [ 08 ] [ 1 ] [ 1867 1440 1846 ] [    0    0    0 ] [      0      0      0 ] [ 0 ],drive [ 07 ] [ 0 ] [ 1867 1418 1860 ] [   25   57   19 ] [  10611  10326   9726 ] [ 0 ],1.00,1.00,1.00,1.20,-58.07,22.24,0.00,0.00,0.00,0.00,0.00,0.00,0.00,0.00,0.00,0.00,0.00,0.00,0.00,-0.00,0.00,0
0.229829,-58,16,342,0,DRIVE [ 08 ] [ 1 ] [ 1867 1454 1836 ] [    0    0    0 ] [      0      0      0 ] [ 0 ],drive [ 08 ] [ 0 ] [ 1867 1440 1846 ] [   25   57   19 ] [  10299  10322   9742 ] [ 0 ],1.00,1.00,1.00,1.20,-58.13,19.42,0.00,0.00,0.00,0.00,0.00,0.00,0.00,0.00,0.00,0.00,0.00,0.00,0.00,-0.00,0.00,0
0.248393,-58,15,342,0,DRIVE [ 09 ] [ 1 ] [ 1867 1464 1830 ] [    0    0    0 ] [      0      0      0 ] [ 0 ],drive [ 08 ] [ 0 ] [ 1867 1454 1836 ] [   17   48   17 ] [  10299  10322   9742 ] [ 0 ],1.00,1.00,1.00,1.20,-58.34,17.58,0.00,0.00,0.00,0.00,0.00,0.00,0.00,0.00,0.00,0.00,0.00,0.00,0.00,-0.00,0.00,0
0.261201,-58,14,342,0,DRIVE [ 09 ] [ 1 ] [ 1867 1470 1826 ] [    0    0    0 ] [      0      0      0 ] [ 0 ],drive [ 09 ] [ 0 ] [ 1867 1464 1830 ] [   17   48   17 ] [  10299  10322   9742 ] [ 0 ],1.00,1.00,1.00,1.20,-58.26,16.57,0.00,0.00,0.00,0.00,0.00,0.00,0.00,0.00,0.00,0.00,0.00,0.00,0.00,-0.00,0.00,0
0.273393,-58,13,341,0,DRIVE [ 10 ] [ 1 ] [ 1867 1473 1825 ] [    0    0    0 ] [      0      0      0 ] [ 0 ],drive [ 09 ] [ 0 ] [ 1867 1470 1826 ] [   17   48   17 ] [  10129  10294   9865 ] [ 0 ],1.00,1.00,1.00,1.20,-57.97,16.17,0.00,0.00,0.00,0.00,0.00,0.00,0.00,0.00,0.00,0.00,0.00,0.00,0.00,-0.00,0.00,0
0.28629,-57,14,341,0,DRIVE [ 10 ] [ 1 ] [ 1867 1474 1827 ] [    0    0    0 ] [      0      0      0 ] [ 0 ],drive [ 10 ] [ 0 ] [ 1867 1473 1825 ] [   24   53    6 ] [  10129  10294   9865 ] [ 0 ],1.00,1.00,1.00,1.20,-57.46,16.39,0.00,0.00,0.00,0.00,0.00,0.00,0.00,0.00,0.00,0.00,0.00,0.00,0.00,-0.00,0.00,0
0.299184,-57,14,340,0,DRIVE [ 11 ] [ 1 ] [ 1867 1473 1830 ] [    0    0    0 ] [      0      0      0 ] [ 0 ],drive [ 10 ] [ 0 ] [ 1867 1474 1827 ] [   24   53    6 ] [  10129  10294   9865 ] [ 0 ],1.00,1.00,1.00,1.20,-56.93,16.94,0.00,0.00,0.00,0.00,0.00,0.00,0.00,0.00,0.00,0.00,0.00,0.00,0.00,-0.00,0.00,0
0.311571,-57,14,340,0,DRIVE [ 11 ] [ 1 ] [ 1867 1473 1832 ] [    0    0    0 ] [      0      0      0 ] [ 0 ],drive [ 11 ] [ 0 ] [ 1867 1473 1830 ] [   24   53    6 ] [  10129  10294   9865 ] [ 0 ],1.00,1.00,1.00,1.20,-56.60,17.29,0.00,0.00,0.00,0.00,0.00,0.00,0.00,0.00,0.00,0.00,0.00,0.00,0.00,-0.00,0.00,0
0.323541,-56,15,339,0,DRIVE [ 12 ] [ 1 ] [ 1867 1472 1834 ] [    0    0    0 ] [      0      0      0 ] [ 0 ],drive [ 11 ] [ 0 ] [ 1867 1473 1832 ] [   24   53    6 ] [  10129  10290   9870 ] [ 0 ],1.00,1.00,1.00,1.20,-56.12,17.54,0.00,0.00,0.00,0.00,0.00,0.00,0.00,0.00,0.00,0.00,0.00,0.00,0.00,-0.00,0.00,0
0.336226,-56,15,339,0,DRIVE [ 12 ] [ 1 ] [ 1867 1472 1835 ] [    0    0    0 ] [      0      0      0 ] [ 0 ],drive [ 12 ] [ 0 ] [ 1867 1472 1834 ] [   24   54    6 ] [  10129  10290   9870 ] [ 0 ],1.00,1.00,1.00,1.20,-56.07,17.81,0.00,0.00,0.00,0.00,0.00,0.00,0.00,0.00,0.00,0.00,0.00,0.00,0.00,-0.00,0.00,0
0.348895,-56,15,339,0,DRIVE [ 13 ] [ 1 ] [ 1867 1472 1836 ] [    0    0    0 ] [      0      0      0 ] [ 0 ],drive [ 12 ] [ 0 ] [ 1867 1472 1835 ] [   24   54    6 ] [  10129  10290   9870 ] [ 0 ],1.00,1.00,1.00,1.20,-55.87,17.92,0.00,0.00,0.00,0.00,0.00,0.00,0.00,0.00,0.00,0.00,0.00,0.00,0.00,-0.00,0.00,0
0.361358,-56,15,339,0,DRIVE [ 13 ] [ 1 ] [ 1867 1473 1837 ] [    0    0    0 ] [      0      0      0 ] [ 0 ],drive [ 13 ] [ 0 ] [ 1867 1472 1836 ] [   24   54    6 ] [  10129  10290   9870 ] [ 0 ],1.00,1.00,1.00,1.20,-55.64,18.06,0.00,0.00,0.00,0.00,0.00,0.00,0.00,0.00,0.00,0.00,0.00,0.00,0.00,-0.00,0.00,0
0.373365,-55,15,339,0,DRIVE [ 14 ] [ 1 ] [ 1867 1473 1837 ] [    0    0    0 ] [      0      0      0 ] [ 0 ],drive [ 13 ] [ 0 ] [ 1867 1473 1837 ] [   24   54    6 ] [  10129  10289   9870 ] [ 0 ],1.00,1.00,1.00,1.20,-55.44,18.09,0.00,0.00,0.00,0.00,0.00,0.00,0.00,0.00,0.00,0.00,0.00,0.00,0.00,-0.00,0.00,0
0.386242,-55,15,340,0,DRIVE [ 14 ] [ 1 ] [ 1867 1476 1838 ] [    0    0    0 ] [      0      0      0 ] [ 0 ],drive [ 14 ] [ 0 ] [ 1867 1473 1837 ] [   26   55    6 ] [  10129  10289   9870 ] [ 0 ],1.00,1.00,1.00,1.20,-55.25,17.99,0.00,0.00,0.00,0.00,0.00,0.00,0.00,0.00,0.00,0.00,0.00,0.00,0.00,-0.00,0.00,0
0.398847,-55,15,340,0,DRIVE [ 15 ] [ 1 ] [ 1867 1478 1838 ] [    0    0    0 ] [      0      0      0 ] [ 0 ],drive [ 14 ] [ 0 ] [ 1867 1476 1838 ] [   26   55    6 ] [  10129  10289   9870 ] [ 0 ],1.00,1.00,1.00,1.20,-55.11,17.91,0.00,0.00,0.00,0.00,0.00,0.00,0.00,0.00,0.00,0.00,0.00,0.00,0.00,-0.00,0.00,0
0.410666,-55,15,339,0,DRIVE [ 15 ] [ 1 ] [ 1867 1479 1838 ] [    0    0    0 ] [      0      0      0 ] [ 0 ],drive [ 15 ] [ 0 ] [ 1867 1478 1838 ] [   26   55    6 ] [  10129  10289   9870 ] [ 0 ],1.00,1.00,1.00,1.20,-54.67,17.75,0.00,0.00,0.00,0.00,0.00,0.00,0.00,0.00,0.00,0.00,0.00,0.00,0.00,-0.00,0.00,0
0.423188,-55,15,340,0,DRIVE [ 16 ] [ 1 ] [ 1867 1481 1838 ] [    0    0    0 ] [      0      0      0 ] [ 0 ],drive [ 15 ] [ 0 ] [ 1867 1479 1838 ] [   26   55    6 ] [  10129  10289   9870 ] [ 0 ],1.00,1.00,1.00,1.20,-54.73,17.62,0.00,0.00,0.00,0.00,0.00,0.00,0.00,0.00,0.00,0.00,0.00,0.00,0.00,-0.00,0.00,0
0.435678,-54,15,339,0,DRIVE [ 16 ] [ 1 ] [ 1867 1483 1837 ] [    0    0    0 ] [      0      0      0 ] [ 0 ],drive [ 16 ] [ 0 ] [ 1867 1481 1838 ] [   26   54    6 ] [  10129  10289   9870 ] [ 0 ],1.00,1.00,1.00,1.20,-54.44,17.41,0.00,0.00,0.00,0.00,0.00,0.00,0.00,0.00,0.00,0.00,0.00,0.00,0.00,-0.00,0.00,0
0.448229,-54,14,338,0,DRIVE [ 17 ] [ 1 ] [ 1867 1483 1837 ] [    0    0    0 ] [      0      0      0 ] [ 0 ],drive [ 16 ] [ 0 ] [ 1867 1483 1837 ] [   26   54    6 ] [  10129  10289   9870 ] [ 0 ],1.00,1.00,1.00,1.20,-54.20,17.28,0.00,0.00,0.00,0.00,0.00,0.00,0.00,0.00,0.00,0.00,0.00,0.00,0.00,-0.00,0.00,0
0.460549,-54,14,339,0,DRIVE [ 17 ] [ 1 ] [ 1867 1485 1837 ] [    0    0    0 ] [      0      0      0 ] [ 0 ],drive [ 17 ] [ 0 ] [ 1867 1483 1837 ] [   26   54    6 ] [  10129  10289   9870 ] [ 0 ],1.00,1.00,1.00,1.20,-54.32,17.13,0.00,0.00,0.00,0.00,0.00,0.00,0.00,0.00,0.00,0.00,0.00,0.00,0.00,-0.00,0.00,0
0.472391,-54,14,338,0,DRIVE [ 18 ] [ 1 ] [ 1867 1486 1836 ] [    0    0    0 ] [      0      0      0 ] [ 0 ],drive [ 17 ] [ 0 ] [ 1867 1485 1837 ] [   26   54    6 ] [  10129  10287   9870 ] [ 0 ],1.00,1.00,1.00,1.20,-54.14,16.96,0.00,0.00,0.00,0.00,0.00,0.00,0.00,0.00,0.00,0.00,0.00,0.00,0.00,-0.00,0.00,0
0.485155,-54,14,339,0,DRIVE [ 18 ] [ 1 ] [ 1867 1487 1836 ] [    0    0    0 ] [      0      0      0 ] [ 0 ],drive [ 18 ] [ 0 ] [ 1867 1486 1836 ] [   26   55    6 ] [  10129  10287   9870 ] [ 0 ],1.00,1.00,1.00,1.20,-54.26,16.92,0.00,0.00,0.00,0.00,0.00,0.00,0.00,0.00,0.00,0.00,0.00,0.00,0.00,-0.00,0.00,0
0.497515,-54,14,339,0,DRIVE [ 19 ] [ 1 ] [ 1867 1488 1836 ] [    0    0    0 ] [      0      0      0 ] [ 0 ],drive [ 18 ] [ 0 ] [ 1867 1487 1836 ] [   26   55    6 ] [  10129  10287   9870 ] [ 0 ],1.00,1.00,1.00,1.20,-54.25,16.81,0.00,0.00,0.00,0.00,0.00,0.00,0.00,0.00,0.00,0.00,0.00,0.00,0.00,-0.00,0.00,0
0.50977,-54,14,339,0,DRIVE [ 19 ] [ 1 ] [ 1867 1487 1836 ] [    0    0    0 ] [      0      0      0 ] [ 0 ],drive [ 19 ] [ 0 ] [ 1867 1488 1836 ] [   26   55    6 ] [  10129  10287   9870 ] [ 0 ],1.00,1.00,1.00,1.20,-54.34,16.81,0.00,0.00,0.00,0.00,0.00,0.00,0.00,0.00,0.00,0.00,0.00,0.00,0.00,-0.00,0.00,0
0.521823,-54,14,340,0,DRIVE [ 20 ] [ 1 ] [ 1867 1487 1836 ] [    0    0    0 ] [      0      0      0 ] [ 0 ],drive [ 19 ] [ 0 ] [ 1867 1487 1836 ] [   26   55    6 ] [  10128  10281   9870 ] [ 0 ],1.00,1.00,1.00,1.20,-54.46,16.82,0.00,0.00,0.00,0.00,0.00,0.00,0.00,0.00,0.00,0.00,0.00,0.00,0.00,-0.00,0.00,0
0.534375,-54,14,339,0,DRIVE [ 20 ] [ 1 ] [ 1867 1487 1836 ] [    0    0    0 ] [      0      0      0 ] [ 0 ],drive [ 20 ] [ 0 ] [ 1867 1487 1836 ] [   26   61    6 ] [  10128  10281   9870 ] [ 0 ],1.00,1.00,1.00,1.20,-54.18,16.88,0.00,0.00,0.00,0.00,0.00,0.00,0.00,0.00,0.00,0.00,0.00,0.00,0.00,-0.00,0.00,0
0.546973,-54,14,339,0,DRIVE [ 21 ] [ 1 ] [ 1867 1487 1837 ] [    0    0    0 ] [      0      0      0 ] [ 0 ],drive [ 20 ] [ 0 ] [ 1867 1487 1836 ] [   26   61    6 ] [  10128  10281   9870 ] [ 0 ],1.00,1.00,1.00,1.20,-54.17,17.02,0.00,0.00,0.00,0.00,0.00,0.00,0.00,0.00,0.00,0.00,0.00,0.00,0.00,-0.00,0.00,0
0.56155,-54,14,339,0,DRIVE [ 21 ] [ 1 ] [ 1867 1486 1837 ] [    0    0    0 ] [      0      0      0 ] [ 0 ],drive [ 21 ] [ 0 ] [ 1867 1487 1837 ] [   26   61    6 ] [  10128  10281   9870 ] [ 0 ],1.00,1.00,1.00,1.20,-54.20,17.18,0.00,0.00,0.00,0.00,0.00,0.00,0.00,0.00,0.00,0.00,0.00,0.00,0.00,-0.00,0.00,0
0.573395,-54,14,338,0,DRIVE [ 22 ] [ 1 ] [ 1867 1485 1838 ] [    0    0    0 ] [      0      0      0 ] [ 0 ],drive [ 21 ] [ 0 ] [ 1867 1486 1837 ] [   26   61    6 ] [  10128  10254   9870 ] [ 0 ],1.00,1.00,1.00,1.20,-54.11,17.37,0.00,0.00,0.00,0.00,0.00,0.00,0.00,0.00,0.00,0.00,0.00,0.00,0.00,-0.00,0.00,0
0.585979,-54,15,337,0,DRIVE [ 22 ] [ 1 ] [ 1867 1484 1839 ] [    0    0    0 ] [      0      0      0 ] [ 0 ],drive [ 22 ] [ 0 ] [ 1867 1485 1838 ] [   26   64    6 ] [  10128  10254   9870 ] [ 0 ],1.00,1.00,1.00,1.20,-53.88,17.46,0.00,0.00,0.00,0.00,0.00,0.00,0.00,0.00,0.00,0.00,0.00,0.00,0.00,-0.00,0.00,0
0.598552,-54,15,338,0,DRIVE [ 23 ] [ 1 ] [ 1867 1484 1839 ] [    0    0    0 ] [      0      0      0 ] [ 0 ],drive [ 22 ] [ 0 ] [ 1867 1484 1839 ] [   26   64    6 ] [  10128  10254   9870 ] [ 0 ],1.00,1.00,1.00,1.20,-53.90,17.56,0.00,0.00,0.00,0.00,0.00,0.00,0.00,0.00,0.00,0.00,0.00,0.00,0.00,-0.00,0.00,0
0.610601,-54,15,337,0,DRIVE [ 23 ] [ 1 ] [ 1867 1484 1839 ] [    0    0    0 ] [      0      0      0 ] [ 0 ],drive [ 23 ] [ 0 ] [ 1867 1484 1839 ] [   26   64    6 ] [  10128  10254   9870 ] [ 0 ],1.00,1.00,1.00,1.20,-53.78,17.57,0.00,0.00,0.00,0.00,0.00,0.00,0.00,0.00,0.00,0.00,0.00,0.00,0.00,-0.00,0.00,0
0.623288,-54,15,338,0,DRIVE [ 24 ] [ 1 ] [ 1867 1486 1839 ] [    0    0    0 ] [      0      0      0 ] [ 0 ],drive [ 23 ] [ 0 ] [ 1867 1484 1839 ] [   26   64    6 ] [  10128  10249   9870 ] [ 0 ],1.00,1.00,1.00,1.20,-53.79,17.41,0.00,0.00,0.00,0.00,0.00,0.00,0.00,0.00,0.00,0.00,0.00,0.00,0.00,-0.00,0.00,0
0.636052,-54,14,339,0,DRIVE [ 24 ] [ 1 ] [ 1867 1489 1839 ] [    0    0    0 ] [      0      0      0 ] [ 0 ],drive [ 24 ] [ 0 ] [ 1867 1486 1839 ] [   27   64    5 ] [  10128  10249   9870 ] [ 0 ],1.00,1.00,1.00,1.20,-53.57,17.26,0.00,0.00,0.00,0.00,0.00,0.00,0.00,0.00,0.00,0.00,0.00,0.00,0.00,-0.00,0.00,0
0.648467,-53,14,338,0,DRIVE [ 25 ] [ 1 ] [ 1867 1491 1838 ] [    0    0    0 ] [      0      0      0 ] [ 0 ],drive [ 24 ] [ 0 ] [ 1867 1489 1839 ] [   27   64    5 ] [  10128  10249   9870 ] [ 0 ],1.00,1.00,1.00,1.20,-53.35,17.00,0.00,0.00,0.00,0.00,0.00,0.00,0.00,0.00,0.00,0.00,0.00,0.00,0.00,-0.00,0.00,0
0.66099,-53,14,338,0,DRIVE [ 25 ] [ 1 ] [ 1867 1494 1838 ] [    0    0    0 ] [      0      0      0 ] [ 0 ],drive [ 25 ] [ 0 ] [ 1867 1491 1838 ] [   27   64    5 ] [  10128  10249   9870 ] [ 0 ],1.00,1.00,1.00,1.20,-52.94,16.75,0.00,0.00,0.00,0.00,0.00,0.00,0.00,0.00,0.00,0.00,0.00,0.00,0.00,-0.00,0.00,0
0.672997,-53,14,338,0,DRIVE [ 26 ] [ 1 ] [ 1867 1499 1838 ] [    0    0    0 ] [      0      0      0 ] [ 0 ],drive [ 25 ] [ 0 ] [ 1867 1494 1838 ] [   27   64    5 ] [  10128  10249   9870 ] [ 0 ],1.00,1.00,1.00,1.20,-52.52,16.35,0.00,0.00,0.00,0.00,0.00,0.00,0.00,0.00,0.00,0.00,0.00,0.00,0.00,-0.00,0.00,0
0.685526,-52,13,337,0,DRIVE [ 26 ] [ 1 ] [ 1867 1502 1838 ] [    0    0    0 ] [      0      0      0 ] [ 0 ],drive [ 26 ] [ 0 ] [ 1867 1499 1838 ] [   27   63    6 ] [  10128  10249   9870 ] [ 0 ],1.00,1.00,1.00,1.20,-52.14,16.13,0.00,0.00,0.00,0.00,0.00,0.00,0.00,0.00,0.00,0.00,0.00,0.00,0.00,-0.00,0.00,0
0.697985,-52,13,338,0,DRIVE [ 27 ] [ 1 ] [ 1867 1506 1838 ] [    0    0    0 ] [      0      0      0 ] [ 0 ],drive [ 26 ] [ 0 ] [ 1867 1502 1838 ] [   27   63    6 ] [  10128  10249   9870 ] [ 0 ],1.00,1.00,1.00,1.20,-51.81,15.81,0.00,0.00,0.00,0.00,0.00,0.00,0.00,0.00,0.00,0.00,0.00,0.00,0.00,-0.00,0.00,0
0.710426,-51,13,338,0,DRIVE [ 27 ] [ 1 ] [ 1867 1510 1838 ] [    0    0    0 ] [      0      0      0 ] [ 0 ],drive [ 27 ] [ 0 ] [ 1867 1506 1838 ] [   27   63    6 ] [  10128  10249   9870 ] [ 0 ],1.00,1.00,1.00,1.20,-51.35,15.56,0.00,0.00,0.00,0.00,0.00,0.00,0.00,0.00,0.00,0.00,0.00,0.00,0.00,-0.00,0.00,0
0.722169,-51,13,337,0,DRIVE [ 28 ] [ 1 ] [ 1867 1516 1838 ] [    0    0    0 ] [      0      0      0 ] [ 0 ],drive [ 27 ] [ 0 ] [ 1867 1510 1838 ] [   27   63    6 ] [  10128  10246   9870 ] [ 0 ],1.00,1.00,1.00,1.20,-50.61,15.17,0.00,0.00,0.00,0.00,0.00,0.00,0.00,0.00,0.00,0.00,0.00,0.00,0.00,-0.00,0.00,0
0.734617,-50,12,337,0,DRIVE [ 28 ] [ 1 ] [ 1867 1522 1839 ] [    0    0    0 ] [      0      0      0 ] [ 0 ],drive [ 28 ] [ 0 ] [ 1867 1516 1838 ] [   26   52    5 ] [  10128  10246   9870 ] [ 0 ],1.00,1.00,1.00,1.20,-49.96,14.86,0.00,0.00,0.00,0.00,0.00,0.00,0.00,0.00,0.00,0.00,0.00,0.00,0.00,-0.00,0.00,0
0.746963,-49,12,336,0,DRIVE [ 29 ] [ 1 ] [ 1867 1527 1839 ] [    0    0    0 ] [      0      0      0 ] [ 0 ],drive [ 28 ] [ 0 ] [ 1867 1522 1839 ] [   26   52    5 ] [  10128  10246   9870 ] [ 0 ],1.00,1.00,1.00,1.20,-49.21,14.55,0.00,0.00,0.00,0.00,0.00,0.00,0.00,0.00,0.00,0.00,0.00,0.00,0.00,-0.00,0.00,0
0.761675,-49,12,336,0,DRIVE [ 29 ] [ 1 ] [ 1867 1532 1840 ] [    0    0    0 ] [      0      0      0 ] [ 0 ],drive [ 29 ] [ 0 ] [ 1867 1527 1839 ] [   26   52    5 ] [  10128  10246   9870 ] [ 0 ],1.00,1.00,1.00,1.20,-48.56,14.31,0.00,0.00,0.00,0.00,0.00,-0.00,0.00,0.00,0.00,0.00,0.00,0.00,0.00,-0.00,0.00,0
0.773659,-48,12,336,0,DRIVE [ 30 ] [ 1 ] [ 1867 1537 1841 ] [    0    0    0 ] [      0      0      0 ] [ 0 ],drive [ 29 ] [ 0 ] [ 1867 1532 1840 ] [   26   52    5 ] [  10128  10170   9870 ] [ 0 ],1.00,1.00,1.00,1.20,-47.93,14.08,0.00,0.00,0.00,0.00,0.00,-0.00,0.00,0.00,0.00,0.00,0.00,0.00,0.00,-0.00,0.00,0
0.786421,-47,12,335,0,DRIVE [ 30 ] [ 1 ] [ 1867 1540 1841 ] [    0    0    0 ] [      0      0      0 ] [ 0 ],drive [ 30 ] [ 0 ] [ 1867 1537 1841 ] [   26   47    6 ] [  10128  10170   9870 ] [ 0 ],1.00,1.00,1.00,1.20,-47.28,13.95,0.00,0.00,0.00,0.00,0.00,-0.00,0.00,0.00,0.00,0.00,0.00,0.00,0.00,-0.00,0.00,0
0.79895,-47,12,335,0,DRIVE [ 31 ] [ 1 ] [ 1867 1543 1842 ] [    0    0    0 ] [      0      0      0 ] [ 0 ],drive [ 30 ] [ 0 ] [ 1867 1540 1841 ] [   26   47    6 ] [  10128  10170   9870 ] [ 0 ],1.00,1.00,1.00,1.20,-46.81,13.83,0.00,0.00,0.00,0.00,0.00,-0.00,0.00,0.00,0.00,0.00,0.00,0.00,0.00,-0.00,0.00,0
0.810949,-46,11,334,0,DRIVE [ 31 ] [ 1 ] [ 1867 1547 1843 ] [    0    0    0 ] [      0      0      0 ] [ 0 ],drive [ 31 ] [ 0 ] [ 1867 1543 1842 ] [   26   47    6 ] [  10128  10170   9870 ] [ 0 ],1.00,1.00,1.00,1.20,-46.22,13.72,0.00,0.00,0.00,0.00,0.00,-0.00,0.00,0.00,0.00,0.00,0.00,0.00,0.00,-0.00,0.00,0
0.823593,-46,11,333,0,DRIVE [ 32 ] [ 1 ] [ 1867 1551 1844 ] [    0    0    0 ] [      0      0      0 ] [ 0 ],drive [ 31 ] [ 0 ] [ 1867 1547 1843 ] [   26   47    6 ] [  10099  10167   9870 ] [ 0 ],1.00,1.00,1.00,1.20,-45.52,13.60,0.00,0.00,0.00,0.00,0.00,-0.00,0.00,0.00,0.00,0.00,0.00,0.00,0.00,-0.00,0.00,0
0.8362,-45,11,332,0,DRIVE [ 32 ] [ 1 ] [ 1867 1555 1845 ] [    0    0    0 ] [      0      0      0 ] [ 0 ],drive [ 32 ] [ 0 ] [ 1867 1551 1844 ] [   19   51    5 ] [  10099  10167   9870 ] [ 0 ],1.00,1.00,1.00,1.20,-44.74,13.47,0.00,0.00,0.00,0.00,0.00,-0.00,0.00,0.00,0.00,0.00,0.00,0.00,0.00,-0.00,0.00,0
0.848512,-44,11,332,0,DRIVE [ 33 ] [ 1 ] [ 1867 1561 1848 ] [    0    0    0 ] [      0      0      0 ] [ 0 ],drive [ 32 ] [ 0 ] [ 1867 1555 1845 ] [   19   51    5 ] [  10099  10167   9870 ] [ 0 ],1.00,1.00,1.00,1.20,-43.77,13.46,0.00,0.00,0.00,0.00,0.00,-0.00,0.00,0.00,0.00,0.00,0.00,0.00,0.00,-0.00,0.00,0
0.860883,-43,11,331,0,DRIVE [ 33 ] [ 1 ] [ 1867 1566 1850 ] [    0    0    0 ] [      0      0      0 ] [ 0 ],drive [ 33 ] [ 0 ] [ 1867 1561 1848 ] [   19   51    5 ] [  10099  10167   9870 ] [ 0 ],1.00,1.00,1.00,1.20,-42.65,13.46,0.00,0.00,0.00,0.00,0.00,-0.00,0.00,0.00,0.00,0.00,0.00,0.00,0.00,-0.00,0.00,0
0.872899,-41,11,329,0,DRIVE [ 34 ] [ 1 ] [ 1867 1572 1853 ] [    0    0    0 ] [      0      0      0 ] [ 0 ],drive [ 33 ] [ 0 ] [ 1867 1566 1850 ] [   19   51    5 ] [  10041  10110   9870 ] [ 0 ],1.00,1.00,1.00,1.20,-41.36,13.49,0.00,0.00,0.00,0.00,0.00,-0.00,0.00,0.00,0.00,0.00,0.00,0.00,0.00,-0.00,0.00,0
0.88539,-40,11,328,0,DRIVE [ 34 ] [ 1 ] [ 1867 1577 1855 ] [    0    0    0 ] [      0      0      0 ] [ 0 ],drive [ 34 ] [ 0 ] [ 1867 1572 1853 ] [   32   44    5 ] [  10041  10110   9870 ] [ 0 ],1.00,1.00,1.00,1.20,-40.21,13.51,0.00,0.00,0.00,0.00,0.00,-0.00,0.00,0.00,0.00,0.00,0.00,0.00,0.00,-0.00,0.00,0
0.897863,-39,11,327,0,DRIVE [ 35 ] [ 1 ] [ 1867 1582 1858 ] [    0    0    0 ] [      0      0      0 ] [ 0 ],drive [ 34 ] [ 0 ] [ 1867 1577 1855 ] [   32   44    5 ] [  10041  10110   9870 ] [ 0 ],1.00,1.00,1.00,1.20,-39.23,13.58,0.00,0.00,0.00,0.00,0.00,-0.00,0.00,0.00,0.00,0.00,0.00,0.00,0.00,-0.00,0.00,0
0.911326,-38,11,326,0,DRIVE [ 35 ] [ 1 ] [ 1867 1586 1860 ] [    0    0    0 ] [      0      0      0 ] [ 0 ],drive [ 35 ] [ 0 ] [ 1867 1582 1858 ] [   32   44    5 ] [  10041  10110   9870 ] [ 0 ],1.00,1.00,1.00,1.20,-38.28,13.63,0.00,0.00,0.00,0.00,0.00,-0.00,0.00,0.00,0.00,0.00,0.00,0.00,0.00,-0.00,0.00,0
0.923243,-37,11,325,0,DRIVE [ 36 ] [ 1 ] [ 1867 1589 1863 ] [    0    0    0 ] [      0      0      0 ] [ 0 ],drive [ 35 ] [ 0 ] [ 1867 1586 1860 ] [   32   44    5 ] [   9997  10038   9870 ] [ 0 ],1.00,1.00,1.00,1.20,-37.42,13.77,0.00,0.00,0.00,0.00,0.00,-0.00,0.00,0.00,0.00,0.00,0.00,0.00,0.00,-0.00,0.00,0
0.935828,-37,11,323,0,DRIVE [ 36 ] [ 1 ] [ 1867 1593 1865 ] [    0    0    0 ] [      0      0      0 ] [ 0 ],drive [ 36 ] [ 0 ] [ 1867 1589 1863 ] [   15   50    4 ] [   9997  10038   9870 ] [ 0 ],1.00,1.00,1.00,1.20,-36.56,13.77,0.00,0.00,0.00,0.00,0.00,-0.00,0.00,0.00,0.00,0.00,0.00,0.00,0.00,-0.00,0.00,0
0.94836,-36,11,323,0,DRIVE [ 37 ] [ 1 ] [ 1867 1598 1866 ] [    0    0    0 ] [      0      0      0 ] [ 0 ],drive [ 36 ] [ 0 ] [ 1867 1593 1865 ] [   15   50    4 ] [   9997  10038   9870 ] [ 0 ],1.00,1.00,1.00,1.20,-35.75,13.69,0.00,0.00,0.00,0.00,0.00,-0.00,0.00,0.00,0.00,0.00,0.00,0.00,0.00,-0.00,0.00,0
0.962772,-35,11,322,0,DRIVE [ 37 ] [ 1 ] [ 1867 1604 1868 ] [    0    0    0 ] [      0      0      0 ] [ 0 ],drive [ 37 ] [ 0 ] [ 1867 1598 1866 ] [   15   50    4 ] [   9997  10038   9870 ] [ 0 ],1.00,1.00,1.00,1.20,-34.83,13.52,0.00,0.00,0.00,0.00,0.00,-0.00,0.00,0.00,0.00,0.00,0.00,0.00,0.00,-0.00,0.00,0
0.979814,-34,11,319,0,DRIVE [ 38 ] [ 1 ] [ 1867 1612 1869 ] [    0    0    0 ] [      0      0      0 ] [ 0 ],drive [ 37 ] [ 0 ] [ 1867 1604 1868 ] [   15   50    4 ] [   9996   9993   9868 ] [ 0 ],1.00,1.00,1.00,1.20,-33.60,13.05,0.00,0.00,0.00,0.00,0.00,-0.00,0.00,0.00,0.00,0.00,0.00,0.00,0.00,-0.00,0.00,0
0.992313,-33,11,318,0,DRIVE [ 38 ] [ 1 ] [ 1867 1620 1870 ] [    0    0    0 ] [      0      0      0 ] [ 0 ],drive [ 38 ] [ 0 ] [ 1867 1612 1869 ] [   14   43    4 ] [   9996   9993   9868 ] [ 0 ],1.00,1.00,1.00,1.20,-32.61,12.62,0.00,0.00,0.00,0.00,0.00,-0.00,0.00,0.00,0.00,0.00,0.00,0.00,0.00,-0.00,0.00,0
1.00486,-32,10,318,0,DRIVE [ 39 ] [ 1 ] [ 1867 1626 1870 ] [    0    0    0 ] [      0      0      0 ] [ 0 ],drive [ 38 ] [ 0 ] [ 1867 1620 1870 ] [   14   43    4 ] [   9996   9993   9868 ] [ 0 ],1.00,1.00,1.00,1.20,-31.96,12.23,0.00,0.00,0.00,0.00,0.00,-0.00,0.00,0.00,0.00,0.00,0.00,0.00,0.00,-0.00,0.00,0
1.01753,-31,10,318,0,DRIVE [ 39 ] [ 1 ] [ 1867 1632 1870 ] [    0    0    0 ] [      0      0      0 ] [ 0 ],drive [ 39 ] [ 0 ] [ 1867 1626 1870 ] [   14   43    4 ] [   9996   9879   9867 ] [ 0 ],1.00,1.00,1.00,1.20,-31.36,11.91,0.00,0.00,0.00,0.00,0.00,-0.00,0.00,0.00,0.00,0.00,0.00,0.00,0.00,-0.00,0.00,0
1.03009,-31,10,316,0,DRIVE [ 40 ] [ 1 ] [ 1867 1636 1871 ] [    0    0    0 ] [      0      0      0 ] [ 0 ],drive [ 39 ] [ 0 ] [ 1867 1632 1870 ] [   14   47    4 ] [   9996   9879   9867 ] [ 0 ],1.00,1.00,1.00,1.20,-30.69,11.75,0.00,0.00,0.00,0.00,0.00,-0.00,0.00,0.00,0.00,0.00,0.00,0.00,0.00,-0.00,0.00,0
1.04341,-30,10,314,0,DRIVE [ 40 ] [ 1 ] [ 1867 1639 1872 ] [    0    0    0 ] [      0      0      0 ] [ 0 ],drive [ 40 ] [ 0 ] [ 1867 1636 1871 ] [   14   47    4 ] [   9996   9879   9867 ] [ 0 ],1.00,1.00,1.00,1.20,-30.04,11.58,0.00,0.00,0.00,0.00,0.00,-0.00,0.00,0.00,0.00,0.00,0.00,0.00,0.00,-0.00,0.00,0
1.05789,-29,10,313,0,DRIVE [ 41 ] [ 1 ] [ 1867 1642 1873 ] [    0    0    0 ] [      0      0      0 ] [ 0 ],drive [ 40 ] [ 0 ] [ 1867 1639 1872 ] [   14   47    4 ] [   9996   9879   9867 ] [ 0 ],1.00,1.00,1.00,1.20,-29.50,11.55,0.00,0.00,0.00,0.00,0.00,-0.00,0.00,0.00,0.00,0.00,0.00,0.00,0.00,-0.00,0.00,0
1.07069,-29,10,312,0,DRIVE [ 41 ] [ 1 ] [ 1867 1644 1875 ] [    0    0    0 ] [      0      0      0 ] [ 0 ],drive [ 41 ] [ 0 ] [ 1867 1642 1873 ] [   14   47    4 ] [   9996   9785   9867 ] [ 0 ],1.00,1.00,1.00,1.20,-28.85,11.63,0.00,0.00,0.00,0.00,0.00,-0.00,0.00,0.00,0.00,0.00,0.00,0.00,0.00,-0.00,0.00,0
1.08341,-28,10,310,0,DRIVE [ 42 ] [ 1 ] [ 1867 1646 1876 ] [    0    0    0 ] [      0      0      0 ] [ 0 ],drive [ 41 ] [ 0 ] [ 1867 1644 1875 ] [   15   35    5 ] [   9996   9785   9867 ] [ 0 ],1.00,1.00,1.00,1.20,-28.19,11.71,0.00,0.00,0.00,0.00,0.00,-0.00,0.00,0.00,0.00,0.00,0.00,0.00,0.00,-0.00,0.00,0
1.09594,-28,10,308,0,DRIVE [ 42 ] [ 1 ] [ 1867 1648 1878 ] [    0    0    0 ] [      0      0      0 ] [ 0 ],drive [ 42 ] [ 0 ] [ 1867 1646 1876 ] [   15   35    5 ] [   9996   9785   9867 ] [ 0 ],1.00,1.00,1.00,1.20,-27.51,11.82,0.00,0.00,0.00,0.00,0.00,-0.00,0.00,0.00,0.00,0.00,0.00,0.00,0.00,-0.00,0.00,0
1.10831,-27,10,307,0,DRIVE [ 43 ] [ 1 ] [ 1867 1650 1881 ] [    0    0    0 ] [      0      0      0 ] [ 0 ],drive [ 42 ] [ 0 ] [ 1867 1648 1878 ] [   15   35    5 ] [   9996   9785   9867 ] [ 0 ],1.00,1.00,1.00,1.20,-26.76,11.99,0.00,0.00,0.00,0.00,0.00,-0.00,0.00,0.00,0.00,0.00,0.00,0.00,0.00,-0.00,0.00,0
1.12095,-26,10,304,0,DRIVE [ 43 ] [ 1 ] [ 1867 1653 1884 ] [    0    0    0 ] [      0      0      0 ] [ 0 ],drive [ 43 ] [ 0 ] [ 1867 1650 1881 ] [   15   35    5 ] [   9996   9679   9864 ] [ 0 ],1.00,1.00,1.00,1.20,-25.73,12.11,0.00,0.00,0.00,0.00,0.00,-0.00,0.00,0.00,0.00,0.00,0.00,0.00,0.00,-0.00,0.00,0
1.13308,-25,10,303,0,DRIVE [ 44 ] [ 1 ] [ 1867 1654 1887 ] [    0    0    0 ] [      0      0      0 ] [ 0 ],drive [ 43 ] [ 0 ] [ 1867 1653 1884 ] [   14   40    5 ] [   9996   9679   9864 ] [ 0 ],1.00,1.00,1.00,1.20,-24.96,12.42,0.00,0.00,0.00,0.00,0.00,-0.00,0.00,0.00,0.00,0.00,0.00,0.00,0.00,-0.00,0.00,0
1.14805,-24,11,300,0,DRIVE [ 44 ] [ 1 ] [ 1867 1654 1890 ] [    0    0    0 ] [      0      0      0 ] [ 0 ],drive [ 44 ] [ 0 ] [ 1867 1654 1887 ] [   14   40    5 ] [   9996   9679   9864 ] [ 0 ],1.00,1.00,1.00,1.20,-24.20,12.82,0.00,0.00,0.00,0.00,0.00,-0.00,0.00,0.00,0.00,0.00,0.00,0.00,0.00,-0.00,0.00,0
1.16225,-24,11,298,0,DRIVE [ 45 ] [ 1 ] [ 1867 1653 1893 ] [    0    0    0 ] [      0      0      0 ] [ 0 ],drive [ 44 ] [ 0 ] [ 1867 1654 1890 ] [   14   40    5 ] [   9996   9679   9864 ] [ 0 ],1.00,1.00,1.00,1.20,-23.50,13.24,0.00,0.00,0.00,0.00,0.00,-0.00,0.00,0.00,0.00,0.00,0.00,0.00,0.00,-0.00,0.00,0
1.17457,-23,11,297,0,DRIVE [ 45 ] [ 1 ] [ 1867 1653 1897 ] [    0    0    0 ] [      0      0      0 ] [ 0 ],drive [ 45 ] [ 0 ] [ 1867 1653 1893 ] [   14   40    5 ] [   9996   9601   9863 ] [ 0 ],1.00,1.00,1.00,1.20,-22.68,13.60,0.00,0.00,0.00,0.00,0.00,-0.00,0.00,0.00,0.00,0.00,0.00,0.00,0.00,-0.00,0.00,0
1.18926,-22,12,295,0,DRIVE [ 46 ] [ 1 ] [ 1867 1652 1901 ] [    0    0    0 ] [      0      0      0 ] [ 0 ],drive [ 45 ] [ 0 ] [ 1867 1653 1897 ] [    6   44    6 ] [   9996   9601   9863 ] [ 0 ],1.00,1.00,1.00,1.20,-21.82,14.15,0.00,0.00,0.00,0.00,0.00,-0.00,0.00,0.00,0.00,0.00,0.00,0.00,0.00,-0.00,0.00,0
1.20211,-21,12,294,0,DRIVE [ 46 ] [ 1 ] [ 1904 1651 1901 ] [    0    0    0 ] [      0      0      0 ] [ 0 ],drive [ 46 ] [ 0 ] [ 1867 1652 1901 ] [    6   44    6 ] [   9996   9601   9863 ] [ 0 ],1.00,1.00,1.00,1.20,-20.94,14.86,0.00,0.00,0.00,0.00,0.00,-0.00,0.00,0.00,0.00,0.00,0.00,0.00,0.00,-0.00,0.00,0
1.21639,-20,13,293,0,DRIVE [ 47 ] [ 1 ] [ 1898 1659 1901 ] [    0    0    0 ] [      0      0      0 ] [ 0 ],drive [ 46 ] [ 0 ] [ 1904 1651 1901 ] [    6   44    6 ] [   9945   9575   9851 ] [ 0 ],1.00,1.00,1.00,1.20,-19.95,15.66,0.00,0.00,0.00,0.00,0.00,-0.00,0.00,0.00,0.00,0.00,0.00,0.00,0.00,-0.00,0.00,0
1.23013,-19,14,291,0,DRIVE [ 47 ] [ 1 ] [ 1890 1671 1901 ] [    0    0    0 ] [      0      0      0 ] [ 0 ],drive [ 47 ] [ 0 ] [ 1898 1659 1901 ] [    6   44    6 ] [   9945   9575   9851 ] [ 0 ],1.00,1.00,1.00,1.20,-18.51,16.52,0.00,0.00,0.00,0.00,0.00,-0.00,0.00,0.00,0.00,0.00,0.00,0.00,0.00,-0.00,0.00,0
1.24283,-17,14,289,0,DRIVE [ 48 ] [ 1 ] [ 1882 1681 1901 ] [    0    0    0 ] [      0      0      0 ] [ 0 ],drive [ 47 ] [ 0 ] [ 1890 1671 1901 ] [   11   41   21 ] [   9945   9575   9851 ] [ 0 ],1.00,1.00,1.00,1.20,-17.19,17.38,0.00,0.00,0.00,0.00,0.00,-0.00,0.00,0.00,0.00,0.00,0.00,0.00,0.00,-0.00,0.00,0
1.25468,-16,15,287,0,DRIVE [ 48 ] [ 1 ] [ 1875 1690 1901 ] [    0    0    0 ] [      0      0      0 ] [ 0 ],drive [ 48 ] [ 0 ] [ 1882 1681 1901 ] [   11   41   21 ] [   9945   9575   9851 ] [ 0 ],1.00,1.00,1.00,1.20,-15.96,18.16,0.00,0.00,0.00,0.00,0.00,-0.00,0.00,0.00,0.00,0.00,0.00,0.00,0.00,-0.00,0.00,0
1.26705,-15,16,285,0,DRIVE [ 49 ] [ 1 ] [ 1868 1696 1901 ] [    0    0    0 ] [      0      0      0 ] [ 0 ],drive [ 48 ] [ 0 ] [ 1875 1690 1901 ] [   11   41   21 ] [   9883   9500   9807 ] [ 0 ],1.00,1.00,1.00,1.20,-14.91,18.76,0.00,0.00,0.00,0.00,0.00,-0.00,0.00,0.00,0.00,0.00,0.00,0.00,0.00,-0.00,0.00,0
1.27943,-14,16,283,0,DRIVE [ 49 ] [ 1 ] [ 1862 1703 1901 ] [    0    0    0 ] [      0      0      0 ] [ 0 ],drive [ 49 ] [ 0 ] [ 1868 1696 1901 ] [    9   32   26 ] [   9883   9500   9807 ] [ 0 ],1.00,1.00,1.00,1.20,-13.82,19.34,0.00,0.00,0.00,0.00,0.00,-0.00,0.00,0.00,0.00,0.00,0.00,0.00,0.00,-0.00,0.00,0
1.29114,-13,17,281,0,DRIVE [ 50 ] [ 1 ] [ 1855 1708 1901 ] [    0    0    0 ] [      0      0      0 ] [ 0 ],drive [ 49 ] [ 0 ] [ 1862 1703 1901 ] [    9   32   26 ] [   9883   9500   9807 ] [ 0 ],1.00,1.00,1.00,1.20,-12.83,19.96,0.00,0.00,0.00,0.00,0.00,-0.00,0.00,0.00,0.00,0.00,0.00,0.00,0.00,-0.00,0.00,0
1.30574,-12,17,279,0,DRIVE [ 50 ] [ 1 ] [ 1849 1709 1901 ] [    0    0    0 ] [      0      0      0 ] [ 0 ],drive [ 50 ] [ 0 ] [ 1855 1708 1901 ] [    9   32   26 ] [   9883   9500   9807 ] [ 0 ],1.00,1.00,1.00,1.20,-12.17,20.72,0.00,0.00,0.00,0.00,0.00,-0.00,0.00,0.00,0.00,0.00,0.00,0.00,0.00,-0.00,0.00,0
1.31882,-12,18,276,0,DRIVE [ 51 ] [ 1 ] [ 1843 1709 1901 ] [    0    0    0 ] [      0      0      0 ] [ 0 ],drive [ 50 ] [ 0 ] [ 1849 1709 1901 ] [    9   32   26 ] [   9879   9280   9807 ] [ 0 ],1.00,1.00,1.00,1.20,-11.68,21.44,0.00,0.00,0.00,0.00,0.00,-0.00,0.00,0.00,0.00,0.00,0.00,0.00,0.00,-0.00,0.00,0
1.33125,-12,19,274,0,DRIVE [ 51 ] [ 1 ] [ 1839 1704 1901 ] [    0    0    0 ] [      0      0      0 ] [ 0 ],drive [ 51 ] [ 0 ] [ 1843 1709 1901 ] [   12   38   25 ] [   9879   9280   9807 ] [ 0 ],1.00,1.00,1.00,1.20,-11.61,22.25,0.00,0.00,0.00,0.00,0.00,-0.00,0.00,0.00,0.00,0.00,0.00,0.00,0.00,-0.00,0.00,0
1.34331,-12,19,271,0,DRIVE [ 52 ] [ 1 ] [ 1834 1697 1901 ] [    0    0    0 ] [      0      0      0 ] [ 0 ],drive [ 51 ] [ 0 ] [ 1839 1704 1901 ] [   12   38   25 ] [   9879   9280   9807 ] [ 0 ],1.00,1.00,1.00,1.20,-11.78,23.07,0.00,0.00,0.00,0.00,0.00,-0.00,0.00,0.00,0.00,0.00,0.00,0.00,0.00,-0.00,0.00,0
1.35574,-12,20,270,0,DRIVE [ 52 ] [ 1 ] [ 1830 1689 1901 ] [    0    0    0 ] [      0      0      0 ] [ 0 ],drive [ 52 ] [ 0 ] [ 1834 1697 1901 ] [   12   38   25 ] [   9879   9280   9807 ] [ 0 ],1.00,1.00,1.00,1.20,-12.09,24.01,0.00,0.00,0.00,0.00,0.00,-0.00,0.00,0.00,0.00,0.00,0.00,0.00,0.00,-0.00,0.00,0
1.36786,-12,21,266,0,DRIVE [ 53 ] [ 1 ] [ 1825 1678 1901 ] [    0    0    0 ] [      0      0      0 ] [ 0 ],drive [ 52 ] [ 0 ] [ 1830 1689 1901 ] [   12   38   25 ] [   9881   9140   9807 ] [ 0 ],1.00,1.00,1.00,1.20,-12.46,25.13,0.00,0.00,0.00,0.00,0.00,-0.00,0.00,0.00,0.00,0.00,0.00,0.00,0.00,0.00,0.00,0
1.37996,-13,22,263,0,DRIVE [ 53 ] [ 1 ] [ 1821 1667 1901 ] [    0    0    0 ] [      0      0      0 ] [ 0 ],drive [ 53 ] [ 0 ] [ 1825 1678 1901 ] [   15   38   26 ] [   9881   9140   9807 ] [ 0 ],1.00,1.00,1.00,1.20,-12.85,26.09,0.00,0.00,0.00,0.00,0.00,-0.00,0.00,0.00,0.00,0.00,0.00,0.00,0.00,0.00,0.00,0
1.39282,-13,23,261,0,DRIVE [ 54 ] [ 1 ] [ 1816 1657 1901 ] [    0    0    0 ] [      0      0      0 ] [ 0 ],drive [ 53 ] [ 0 ] [ 1821 1667 1901 ] [   15   38   26 ] [   9881   9140   9807 ] [ 0 ],1.00,1.00,1.00,1.20,-13.24,27.13,0.00,0.00,0.00,0.00,0.00,-0.00,0.00,0.00,0.00,0.00,0.00,0.00,0.00,0.00,0.00,0
1.4044,-14,23,258,0,DRIVE [ 54 ] [ 1 ] [ 1812 1647 1901 ] [    0    0    0 ] [      0      0      0 ] [ 0 ],drive [ 54 ] [ 0 ] [ 1816 1657 1901 ] [   15   38   26 ] [   9881   9140   9807 ] [ 0 ],1.00,1.00,1.00,1.20,-13.55,27.97,0.00,0.00,0.00,0.00,0.00,-0.00,0.00,0.00,0.00,0.00,0.00,0.00,0.00,0.00,0.00,0
1.41643,-14,24,256,0,DRIVE [ 55 ] [ 1 ] [ 1808 1639 1901 ] [    0    0    0 ] [      0      0      0 ] [ 0 ],drive [ 54 ] [ 0 ] [ 1812 1647 1901 ] [   15   38   26 ] [   9883   9136   9807 ] [ 0 ],1.00,1.00,1.00,1.20,-13.78,28.72,0.00,0.00,0.00,0.00,0.00,-0.00,0.00,0.00,0.00,0.00,0.00,0.00,0.00,0.00,0.00,0
1.42852,-14,25,254,0,DRIVE [ 55 ] [ 1 ] [ 1804 1630 1901 ] [    0    0    0 ] [      0      0      0 ] [ 0 ],drive [ 55 ] [ 0 ] [ 1808 1639 1901 ] [   20   45   27 ] [   9883   9136   9807 ] [ 0 ],1.00,1.00,1.00,1.20,-14.04,29.55,0.00,0.00,0.00,0.00,0.00,-0.00,0.00,0.00,0.00,0.00,0.00,0.00,0.00,0.00,0.00,0
1.44009,-14,25,251,0,DRIVE [ 56 ] [ 1 ] [ 1800 1621 1901 ] [    0    0    0 ] [      0      0      0 ] [ 0 ],drive [ 55 ] [ 0 ] [ 1804 1630 1901 ] [   20   45   27 ] [   9883   9136   9807 ] [ 0 ],1.00,1.00,1.00,1.20,-14.37,30.34,0.00,0.00,0.00,0.00,0.00,-0.00,0.00,0.00,0.00,0.00,0.00,0.00,0.00,0.00,0.00,0
1.45234,-15,26,249,0,DRIVE [ 56 ] [ 1 ] [ 1796 1611 1901 ] [    0    0    0 ] [      0      0      0 ] [ 0 ],drive [ 56 ] [ 0 ] [ 1800 1621 1901 ] [   20   45   27 ] [   9883   9136   9807 ] [ 0 ],1.00,1.00,1.00,1.20,-14.72,31.16,0.00,0.00,0.00,0.00,0.00,-0.00,0.00,0.00,0.00,0.00,0.00,0.00,0.00,0.00,0.00,0
1.46435,-15,27,247,0,DRIVE [ 57 ] [ 1 ] [ 1792 1600 1901 ] [    0    0    0 ] [      0      0      0 ] [ 0 ],drive [ 56 ] [ 0 ] [ 1796 1611 1901 ] [   20   45   27 ] [   9885   9081   9808 ] [ 0 ],1.00,1.00,1.00,1.20,-15.09,32.09,0.00,0.00,0.00,0.00,0.00,-0.00,0.00,0.00,0.00,0.00,0.00,0.00,0.00,0.00,0.00,0
1.47595,-15,27,245,0,DRIVE [ 57 ] [ 1 ] [ 1787 1590 1901 ] [    0    0    0 ] [      0      0      0 ] [ 0 ],drive [ 57 ] [ 0 ] [ 1792 1600 1901 ] [   20   45   27 ] [   9885   9081   9808 ] [ 0 ],1.00,1.00,1.00,1.20,-15.40,32.94,0.00,0.00,0.00,0.00,0.00,-0.00,0.00,0.00,0.00,0.00,0.00,0.00,0.00,0.00,0.00,0
1.48812,-16,28,242,0,DRIVE [ 58 ] [ 1 ] [ 1783 1579 1901 ] [    0    0    0 ] [      0      0      0 ] [ 0 ],drive [ 57 ] [ 0 ] [ 1787 1590 1901 ] [   23   48   26 ] [   9885   9081   9808 ] [ 0 ],1.00,1.00,1.00,1.20,-15.77,33.85,0.00,0.00,0.00,0.00,0.00,-0.00,0.00,0.00,0.00,0.00,0.00,0.00,0.00,0.00,0.00,0
1.5,-16,29,239,0,DRIVE [ 58 ] [ 1 ] [ 1778 1568 1901 ] [    0    0    0 ] [      0      0      0 ] [ 0 ],drive [ 58 ] [ 0 ] [ 1783 1579 1901 ] [   23   48   26 ] [   9885   9081   9808 ] [ 0 ],1.00,1.00,1.00,1.20,-16.05,34.72,0.00,0.00,0.00,0.00,0.00,-0.00,0.00,0.00,0.00,0.00,0.00,0.00,0.00,0.00,0.00,0
1.51199,-17,30,236,0,DRIVE [ 59 ] [ 1 ] [ 1772 1552 1901 ] [    0    0    0 ] [      0      0      0 ] [ 0 ],drive [ 58 ] [ 0 ] [ 1778 1568 1901 ] [   23   48   26 ] [   9885   9081   9808 ] [ 0 ],1.00,1.00,1.00,1.20,-16.61,35.90,0.00,0.00,0.00,0.00,0.00,-0.00,0.00,0.00,0.00,0.00,0.00,0.00,0.00,0.00,0.00,0
1.52336,-17,31,233,0,DRIVE [ 59 ] [ 1 ] [ 1766 1535 1901 ] [    0    0    0 ] [      0      0      0 ] [ 0 ],drive [ 59 ] [ 0 ] [ 1772 1552 1901 ] [   23   48   26 ] [   9895   8938   9809 ] [ 0 ],1.00,1.00,1.00,1.20,-17.21,37.01,0.00,0.00,0.00,0.00,0.00,-0.00,0.00,0.00,0.00,0.00,0.00,0.00,0.00,0.00,0.00,0
1.53544,-18,32,230,0,DRIVE [ 60 ] [ 1 ] [ 1761 1520 1901 ] [    0    0    0 ] [      0      0      0 ] [ 0 ],drive [ 59 ] [ 0 ] [ 1766 1535 1901 ] [   29   44   27 ] [   9895   8938   9809 ] [ 0 ],1.00,1.00,1.00,1.20,-17.79,38.02,0.00,0.00,0.00,0.00,0.00,-0.00,0.00,0.00,0.00,0.00,0.00,0.00,0.00,0.00,0.00,0
1.54732,-18,32,227,0,DRIVE [ 60 ] [ 1 ] [ 1758 1505 1901 ] [    0    0    0 ] [      0      0      0 ] [ 0 ],drive [ 60 ] [ 0 ] [ 1761 1520 1901 ] [   29   44   27 ] [   9895   8938   9809 ] [ 0 ],1.00,1.00,1.00,1.20,-18.34,38.74,0.00,0.00,0.00,0.00,0.00,-0.00,0.00,0.00,0.00,0.00,0.00,0.00,0.00,0.00,0.00,0
1.55928,-19,33,225,0,DRIVE [ 61 ] [ 1 ] [ 1754 1492 1901 ] [    0    0    0 ] [      0      0      0 ] [ 0 ],drive [ 60 ] [ 0 ] [ 1758 1505 1901 ] [   29   44   27 ] [   9895   8938   9809 ] [ 0 ],1.00,1.00,1.00,1.20,-18.87,39.48,0.00,0.00,0.00,0.00,0.00,-0.00,0.00,0.00,0.00,0.00,0.00,0.00,0.00,0.00,0.00,0
1.57059,-19,33,222,0,DRIVE [ 61 ] [ 1 ] [ 1751 1481 1901 ] [    0    0    0 ] [      0      0      0 ] [ 0 ],drive [ 61 ] [ 0 ] [ 1754 1492 1901 ] [   29   44   27 ] [   9898   8934   9809 ] [ 0 ],1.00,1.00,1.00,1.20,-19.28,40.00,0.00,0.00,0.00,0.00,0.00,-0.00,0.00,0.00,0.00,0.00,0.00,0.00,0.00,0.00,0.00,0
1.58263,-20,34,220,0,DRIVE [ 62 ] [ 1 ] [ 1749 1470 1901 ] [    0    0    0 ] [      0      0      0 ] [ 0 ],drive [ 61 ] [ 0 ] [ 1751 1481 1901 ] [   32   49   27 ] [   9898   8934   9809 ] [ 0 ],1.00,1.00,1.00,1.20,-19.63,40.42,0.00,0.00,0.00,0.00,0.00,-0.00,0.00,0.00,0.00,0.00,0.00,0.00,0.00,0.00,0.00,0
1.59449,-20,34,217,0,DRIVE [ 62 ] [ 1 ] [ 1746 1460 1901 ] [    0    0    0 ] [      0      0      0 ] [ 0 ],drive [ 62 ] [ 0 ] [ 1749 1470 1901 ] [   32   49   27 ] [   9898   8934   9809 ] [ 0 ],1.00,1.00,1.00,1.20,-19.94,40.80,0.00,0.00,0.00,0.00,0.00,-0.00,0.00,0.00,0.00,0.00,0.00,0.00,0.00,0.00,0.00,0
1.60586,-20,34,215,0,DRIVE [ 63 ] [ 1 ] [ 1743 1452 1901 ] [    0    0    0 ] [      0      0      0 ] [ 0 ],drive [ 62 ] [ 0 ] [ 1746 1460 1901 ] [   32   49   27 ] [   9898   8934   9809 ] [ 0 ],1.00,1.00,1.00,1.20,-20.14,41.20,0.00,0.00,0.00,0.00,0.00,-0.00,0.00,0.00,0.00,0.00,0.00,0.00,0.00,0.00,0.00,0
1.6177,-20,35,213,0,DRIVE [ 63 ] [ 1 ] [ 1740 1445 1901 ] [    0    0    0 ] [      0      0      0 ] [ 0 ],drive [ 63 ] [ 0 ] [ 1743 1452 1901 ] [   32   49   27 ] [   9914   8934   9809 ] [ 0 ],1.00,1.00,1.00,1.20,-20.20,41.53,0.00,0.00,0.00,0.00,0.00,-0.00,0.00,0.00,0.00,0.00,0.00,0.00,0.00,0.00,0.00,0
1.62952,-20,35,211,0,DRIVE [ 64 ] [ 1 ] [ 1736 1439 1901 ] [    0    0    0 ] [      0      0      0 ] [ 0 ],drive [ 63 ] [ 0 ] [ 1740 1445 1901 ] [   18   54   26 ] [   9914   8934   9809 ] [ 0 ],1.00,1.00,1.00,1.20,-20.14,41.87,0.00,0.00,0.00,0.00,0.00,-0.00,0.00,0.00,0.00,0.00,0.00,0.00,0.00,0.00,0.00,0
1.64098,-20,35,208,0,DRIVE [ 64 ] [ 1 ] [ 1733 1435 1901 ] [    0    0    0 ] [      0      0      0 ] [ 0 ],drive [ 64 ] [ 0 ] [ 1736 1439 1901 ] [   18   54   26 ] [   9914   8934   9809 ] [ 0 ],1.00,1.00,1.00,1.20,-19.95,41.92,0.00,0.00,0.00,0.00,0.00,-0.00,0.00,0.00,0.00,0.00,0.00,0.00,0.00,0.00,0.00,0
1.6531,-20,35,206,0,DRIVE [ 65 ] [ 1 ] [ 1729 1431 1901 ] [    0    0    0 ] [      0      0      0 ] [ 0 ],drive [ 64 ] [ 0 ] [ 1733 1435 1901 ] [   18   54   26 ] [   9914   8934   9809 ] [ 0 ],1.00,1.00,1.00,1.20,-19.72,42.05,0.00,0.00,0.00,0.00,0.00,-0.00,0.00,0.00,0.00,0.00,0.00,0.00,0.00,0.00,0.00,0
1.66484,-19,35,204,0,DRIVE [ 65 ] [ 1 ] [ 1726 1429 1901 ] [    0    0    0 ] [      0      0      0 ] [ 0 ],drive [ 65 ] [ 0 ] [ 1729 1431 1901 ] [   18   54   26 ] [   9981   8935   9807 ] [ 0 ],1.00,1.00,1.00,1.20,-19.47,42.01,0.00,0.00,0.00,0.00,0.00,-0.00,0.00,0.00,0.00,0.00,0.00,0.00,0.00,0.00,0.00,0
1.67628,-19,35,202,0,DRIVE [ 66 ] [ 1 ] [ 1723 1428 1901 ] [    0    0    0 ] [      0      0      0 ] [ 0 ],drive [ 65 ] [ 0 ] [ 1726 1429 1901 ] [   18   54   26 ] [   9981   8935   9807 ] [ 0 ],1.00,1.00,1.00,1.20,-19.16,41.88,0.00,0.00,0.00,0.00,0.00,-0.00,0.00,0.00,0.00,0.00,0.00,0.00,0.00,0.00,0.00,0
1.68804,-19,35,199,0,DRIVE [ 66 ] [ 1 ] [ 1721 1429 1901 ] [    0    0    0 ] [      0      0      0 ] [ 0 ],drive [ 66 ] [ 0 ] [ 1723 1428 1901 ] [   17   56   26 ] [   9981   8935   9807 ] [ 0 ],1.00,1.00,1.00,1.20,-18.82,41.65,0.00,0.00,0.00,0.00,0.00,-0.00,0.00,0.00,0.00,0.00,0.00,0.00,0.00,0.00,0.00,0
1.69983,-18,34,197,0,DRIVE [ 67 ] [ 1 ] [ 1719 1430 1901 ] [    0    0    0 ] [      0      0      0 ] [ 0 ],drive [ 66 ] [ 0 ] [ 1721 1429 1901 ] [   17   56   26 ] [   9981   8935   9807 ] [ 0 ],1.00,1.00,1.00,1.20,-18.45,41.34,0.00,0.00,0.00,0.00,0.00,-0.00,0.00,0.00,0.00,0.00,0.00,0.00,0.00,0.00,0.00,0
1.7117,-18,34,195,0,DRIVE [ 67 ] [ 1 ] [ 1718 1432 1901 ] [    0    0    0 ] [      0      0      0 ] [ 0 ],drive [ 67 ] [ 0 ] [ 1719 1430 1901 ] [   17   56   26 ] [   9981   8935   9807 ] [ 0 ],1.00,1.00,1.00,1.20,-18.04,41.00,0.00,0.00,0.00,0.00,0.00,-0.00,0.00,0.00,0.00,0.00,0.00,0.00,0.00,0.00,0.00,0
1.72324,-17,34,194,0,DRIVE [ 68 ] [ 1 ] [ 1715 1436 1901 ] [    0    0    0 ] [      0      0      0 ] [ 0 ],drive [ 67 ] [ 0 ] [ 1718 1432 1901 ] [   17   56   26 ] [   9982   8935   9807 ] [ 0 ],1.00,1.00,1.00,1.20,-17.49,40.66,0.00,0.00,0.00,0.00,0.00,-0.00,0.00,0.00,0.00,0.00,0.00,0.00,0.00,0.00,0.00,0
1.73662,-17,34,192,0,DRIVE [ 68 ] [ 1 ] [ 1713 1441 1901 ] [    0    0    0 ] [      0      0      0 ] [ 0 ],drive [ 68 ] [ 0 ] [ 1715 1436 1901 ] [   19   56   27 ] [   9982   8935   9807 ] [ 0 ],1.00,1.00,1.00,1.20,-16.87,40.29,0.00,0.00,0.00,0.00,0.00,-0.00,0.00,0.00,0.00,0.00,0.00,0.00,0.00,0.00,0.00,0
1.74834,-16,33,190,0,DRIVE [ 69 ] [ 1 ] [ 1710 1448 1901 ] [    0    0    0 ] [      0      0      0 ] [ 0 ],drive [ 68 ] [ 0 ] [ 1713 1441 1901 ] [   19   56   27 ] [   9982   8935   9807 ] [ 0 ],1.00,1.00,1.00,1.20,-16.20,39.91,0.00,0.00,0.00,0.00,0.00,-0.00,0.00,0.00,0.00,0.00,0.00,0.00,0.00,0.00,0.00,0
1.75992,-15,33,189,0,DRIVE [ 69 ] [ 1 ] [ 1707 1456 1901 ] [    0    0    0 ] [      0      0      0 ] [ 0 ],drive [ 69 ] [ 0 ] [ 1710 1448 1901 ] [   19   56   27 ] [   9982   8935   9807 ] [ 0 ],1.00,1.00,1.00,1.20,-15.41,39.44,0.00,0.00,0.00,0.00,0.00,-0.00,0.00,0.00,0.00,0.00,0.00,0.00,0.00,0.00,0.00,0
1.77132,-15,32,187,0,DRIVE [ 70 ] [ 1 ] [ 1704 1465 1901 ] [    0    0    0 ] [      0      0      0 ] [ 0 ],drive [ 69 ] [ 0 ] [ 1707 1456 1901 ] [   19   56   27 ] [   9985   8935   9807 ] [ 0 ],1.00,1.00,1.00,1.20,-14.55,38.87,0.00,0.00,0.00,0.00,0.00,-0.00,0.00,0.00,0.00,0.00,0.00,0.00,0.00,0.00,0.00,0
1.78317,-14,32,185,0,DRIVE [ 70 ] [ 1 ] [ 1701 1475 1901 ] [    0    0    0 ] [      0      0      0 ] [ 0 ],drive [ 70 ] [ 0 ] [ 1704 1465 1901 ] [   21   54   26 ] [   9985   8935   9807 ] [ 0 ],1.00,1.00,1.00,1.20,-13.61,38.29,0.00,0.00,0.00,0.00,0.00,-0.00,0.00,0.00,0.00,0.00,0.00,0.00,0.00,-0.00,0.00,0
1.79484,-12,31,182,0,DRIVE [ 71 ] [ 1 ] [ 1693 1490 1901 ] [    0    0    0 ] [      0      0      0 ] [ 0 ],drive [ 70 ] [ 0 ] [ 1701 1475 1901 ] [   21   54   26 ] [   9985   8935   9807 ] [ 0 ],1.00,1.00,1.00,1.20,-12.09,37.66,0.00,0.00,0.00,0.00,0.00,-0.00,0.00,0.00,0.00,0.00,0.00,0.00,0.00,-0.00,0.00,0
1.80621,-10,31,180,0,DRIVE [ 71 ] [ 1 ] [ 1685 1507 1901 ] [    0    0    0 ] [      0      0      0 ] [ 0 ],drive [ 71 ] [ 0 ] [ 1693 1490 1901 ] [   21   54   26 ] [   9985   8935   9807 ] [ 0 ],1.00,1.00,1.00,1.20,-10.47,37.06,0.00,0.00,0.00,0.00,0.00,-0.00,0.00,0.00,0.00,0.00,0.00,0.00,0.00,-0.00,0.00,0
1.81806,-9,30,177,0,DRIVE [ 72 ] [ 1 ] [ 1674 1523 1901 ] [    0    0    0 ] [      0      0      0 ] [ 0 ],drive [ 71 ] [ 0 ] [ 1685 1507 1901 ] [   21   54   26 ] [   9986   8935   9807 ] [ 0 ],1.00,1.00,1.00,1.20,-8.80,36.56,0.00,0.00,0.00,0.00,0.00,-0.00,0.00,0.00,0.00,0.00,0.00,0.00,0.00,-0.00,0.00,0
1.82966,-7,30,175,0,DRIVE [ 72 ] [ 1 ] [ 1662 1539 1901 ] [    0    0    0 ] [      0      0      0 ] [ 0 ],drive [ 72 ] [ 0 ] [ 1674 1523 1901 ] [   22   51   25 ] [   9986   8935   9807 ] [ 0 ],1.00,1.00,1.00,1.20,-7.10,36.16,0.00,0.00,0.00,0.00,0.00,-0.00,0.00,0.00,0.00,0.00,0.00,0.00,0.00,-0.00,0.00,0
1.84068,-5,30,173,0,DRIVE [ 73 ] [ 1 ] [ 1649 1555 1901 ] [    0    0    0 ] [      0      0      0 ] [ 0 ],drive [ 72 ] [ 0 ] [ 1662 1539 1901 ] [   22   51   25 ] [   9986   8935   9807 ] [ 0 ],1.00,1.00,1.00,1.20,-5.35,35.84,0.00,0.00,0.00,0.00,0.00,-0.00,0.00,0.00,0.00,0.00,0.00,0.00,0.00,-0.00,0.00,0
1.85258,-4,30,170,0,DRIVE [ 73 ] [ 1 ] [ 1635 1571 1901 ] [    0    0    0 ] [      0      0      0 ] [ 0 ],drive [ 73 ] [ 0 ] [ 1649 1555 1901 ] [   22   51   25 ] [   9986   8935   9807 ] [ 0 ],1.00,1.00,1.00,1.20,-3.63,35.42,0.00,0.00,0.00,0.00,0.00,-0.00,0.00,0.00,0.00,0.00,0.00,0.00,0.00,-0.00,0.00,0
1.86423,-2,29,168,0,DRIVE [ 74 ] [ 1 ] [ 1620 1585 1901 ] [    0    0    0 ] [      0      0      0 ] [ 0 ],drive [ 73 ] [ 0 ] [ 1635 1571 1901 ] [   22   51   25 ] [  10039   8930   9807 ] [ 0 ],1.00,1.00,1.00,1.20,-1.93,35.03,0.00,0.00,0.00,0.00,0.00,-0.00,0.00,0.00,0.00,0.00,0.00,0.00,0.00,-0.00,0.00,0
1.87542,0,29,165,1,DRIVE [ 74 ] [ 1 ] [ 1604 1599 1901 ] [    0    0    0 ] [      0      0      0 ] [ 0 ],drive [ 74 ] [ 0 ] [ 1620 1585 1901 ] [   22   51   25 ] [  10039   8930   9807 ] [ 0 ],1.00,1.00,1.00,1.20,-0.25,34.75,0.00,0.00,0.00,0.00,0.00,-0.00,0.00,0.00,0.00,0.00,0.00,0.00,0.00,-0.00,0.00,0
