timestamp,Xmm,Ymm,Zmm,TouchDetected,OutgoingPacket,IncomingPacket,GainPropAb, GainPropAd, GainPropFl, GainPropEx,PropA, PropB, PropC,GainIntegAb, GainIntegAd, GainIntegFl, GainIntegEx,IntegA, IntegB, IntegC,GainDerivAb, GainDerivAd, GainDerivFl, GainDerivEx,DerivA, DerivB, DerivC,Heading5
0.0200827,-33,-11,476,0,DRIVE [ 21 ] [ 1 ] [ 1879 1883 1884 ] [    0    0    0 ] [      0      0      0 ] [ 0 ],drive [ 20 ] [ 0 ] [ 1879 1885 1885 ] [    5   21   12 ] [   8267   2828  11599 ] [ 0 ],1.00,1.00,1.00,1.00,-33.28,-11.42,0.00,0.00,0.00,0.00,0.00,0.00,0.00,0.00,0.00,0.00,0.00,0.00,0.00,0.00,0.00,0
0.0332475,-34,-11,488,0,DRIVE [ 21 ] [ 1 ] [ 1879 1881 1882 ] [    0    0    0 ] [      0      0      0 ] [ 0 ],drive [ 21 ] [ 0 ] [ 1879 1883 1884 ] [    9   15    7 ] [   8267   2828  11599 ] [ 0 ],1.00,1.00,1.00,1.00,-33.61,-11.49,0.00,0.00,0.00,0.00,0.00,-0.00,-0.00,0.00,0.00,0.00,0.00,0.00,0.00,0.00,0.00,0
0.0467429,-33,-11,483,0,DRIVE [ 22 ] [ 1 ] [ 1879 1880 1881 ] [    0    0    0 ] [      0      0      0 ] [ 0 ],drive [ 21 ] [ 0 ] [ 1879 1881 1882 ] [    9   15    7 ] [   8267   2828  11599 ] [ 0 ],1.00,1.00,1.00,1.00,-32.94,-11.34,0.00,0.00,0.00,0.00,0.00,-0.00,-0.00,0.00,0.00,0.00,0.00,0.00,0.00,0.00,0.00,0
0.0602275,-32,-11,475,0,DRIVE [ 22 ] [ 1 ] [ 1879 1878 1880 ] [    0    0    0 ] [      0      0      0 ] [ 0 ],drive [ 22 ] [ 0 ] [ 1879 1880 1881 ] [    9   15    7 ] [   8267   2828  11599 ] [ 0 ],1.00,1.00,1.00,1.00,-32.26,-11.08,0.00,0.00,0.00,0.00,0.00,-0.00,-0.00,0.00,0.00,0.00,0.00,0.00,0.00,0.00,0.00,0
0.0737687,-32,-11,475,0,DRIVE [ 23 ] [ 1 ] [ 1879 1877 1879 ] [    0    0    0 ] [      0      0      0 ] [ 0 ],drive [ 22 ] [ 0 ] [ 1879 1878 1880 ] [    9   15    7 ] [   8268   2797  11549 ] [ 0 ],1.00,1.00,1.00,1.00,-31.98,-11.37,0.00,0.00,0.00,0.00,0.00,-0.00,-0.00,0.00,0.00,0.00,0.00,0.00,0.00,0.00,0.00,0
0.0863523,-32,-12,476,0,DRIVE [ 23 ] [ 1 ] [ 1879 1875 1877 ] [    0    0    0 ] [      0      0      0 ] [ 0 ],drive [ 23 ] [ 0 ] [ 1879 1877 1879 ] [    9   10   15 ] [   8268   2797  11549 ] [ 0 ],1.00,1.00,1.00,1.00,-31.84,-11.79,0.00,0.00,0.00,0.00,0.00,-0.00,-0.00,0.00,0.00,0.00,0.00,0.00,0.00,0.00,0.00,0
0.0999586,-32,-12,475,0,DRIVE [ 24 ] [ 1 ] [ 1879 1874 1876 ] [    0    0    0 ] [      0      0      0 ] [ 0 ],drive [ 23 ] [ 0 ] [ 1879 1875 1877 ] [    9   10   15 ] [   8268   2797  11549 ] [ 0 ],1.00,1.00,1.00,1.00,-31.52,-12.21,0.00,0.00,0.00,0.00,0.00,-0.00,-0.00,0.00,0.00,0.00,0.00,0.00,0.00,0.00,0.00,0
0.120557,-32,-12,475,0,DRIVE [ 24 ] [ 1 ] [ 1879 1875 1877 ] [    0    0    0 ] [      0      0      0 ] [ 0 ],drive [ 24 ] [ 0 ] [ 1879 1874 1876 ] [    9   10   15 ] [   8268   2797  11550 ] [ 0 ],1.00,1.00,1.00,1.00,-28.37,-10.99,0.00,0.00,0.00,0.00,0.00,-0.00,-0.00,0.00,0.00,0.00,0.00,0.00,0.00,0.00,0.00,0
0.13452,-31,-13,479,0,DRIVE [ 25 ] [ 1 ] [ 1879 1870 1873 ] [    0    0    0 ] [      0      0      0 ] [ 0 ],drive [ 24 ] [ 0 ] [ 1879 1875 1877 ] [    8   10   16 ] [   8268   2797  11550 ] [ 0 ],1.00,1.00,1.00,1.00,-31.42,-12.85,0.00,0.00,0.00,0.00,0.00,-0.00,-0.00,0.00,0.00,0.00,0.00,0.00,0.00,0.00,0.00,0
0.147725,-43,89,505,0,DRIVE [ 25 ] [ 1 ] [ 1863 1825 1873 ] [    0    0    0 ] [      0      0      0 ] [ 0 ],drive [ 25 ] [ 0 ] [ 1879 1870 1873 ] [    8   10   16 ] [   8268   2797  11550 ] [ 0 ],1.00,1.00,1.00,1.00,-42.55,89.23,0.00,0.00,0.00,0.00,0.00,0.00,0.00,0.00,0.00,0.00,0.00,0.00,0.00,0.00,0.00,0
0.161067,-42,90,518,0,DRIVE [ 26 ] [ 1 ] [ 1861 1821 1873 ] [    0    0    0 ] [      0      0      0 ] [ 0 ],drive [ 25 ] [ 0 ] [ 1863 1825 1873 ] [    8   10   16 ] [   8268   2797  11550 ] [ 0 ],1.00,1.00,1.00,1.00,-42.37,90.15,0.00,0.00,0.00,0.00,0.00,0.00,0.00,0.00,0.00,0.00,0.00,0.00,0.00,0.00,0.00,0
0.175971,-42,91,525,0,DRIVE [ 26 ] [ 1 ] [ 1859 1816 1873 ] [    0    0    0 ] [      0      0      0 ] [ 0 ],drive [ 26 ] [ 0 ] [ 1861 1821 1873 ] [    8   10   16 ] [   8268   2797  11550 ] [ 0 ],1.00,1.00,1.00,1.00,-42.27,91.09,0.00,0.00,0.00,0.00,0.00,0.00,0.00,0.00,0.00,0.00,0.00,0.00,0.00,0.00,0.00,0
0.189471,-41,90,521,0,DRIVE [ 27 ] [ 1 ] [ 1857 1811 1873 ] [    0    0    0 ] [      0      0      0 ] [ 0 ],drive [ 26 ] [ 0 ] [ 1859 1816 1873 ] [    9   13   16 ] [   8268   2797  11550 ] [ 0 ],1.00,1.00,1.00,1.00,-41.01,90.01,0.00,0.00,0.00,0.00,0.00,0.00,0.00,0.00,0.00,0.00,0.00,0.00,0.00,-0.00,0.00,0
0.203049,-40,90,524,0,DRIVE [ 27 ] [ 1 ] [ 1854 1807 1873 ] [    0    0    0 ] [      0      0      0 ] [ 0 ],drive [ 27 ] [ 0 ] [ 1857 1811 1873 ] [    9   13   16 ] [   8268   2797  11550 ] [ 0 ],1.00,1.00,1.00,1.00,-40.31,90.08,0.00,0.00,0.00,0.00,0.00,0.00,0.00,0.00,0.00,0.00,0.00,0.00,0.00,-0.00,0.00,0
0.216117,-39,89,521,0,DRIVE [ 28 ] [ 1 ] [ 1852 1802 1873 ] [    0    0    0 ] [      0      0      0 ] [ 0 ],drive [ 27 ] [ 0 ] [ 1854 1807 1873 ] [    9   13   16 ] [   8270   2800  11550 ] [ 0 ],1.00,1.00,1.00,1.00,-39.17,89.33,0.00,0.00,0.00,0.00,0.00,0.00,0.00,0.00,0.00,0.00,0.00,0.00,0.00,-0.00,0.00,0
0.229591,-38,89,522,0,DRIVE [ 28 ] [ 1 ] [ 1850 1798 1873 ] [    0    0    0 ] [      0      0      0 ] [ 0 ],drive [ 28 ] [ 0 ] [ 1852 1802 1873 ] [   10   14   17 ] [   8270   2800  11550 ] [ 0 ],1.00,1.00,1.00,1.00,-38.21,89.26,0.00,0.00,0.00,0.00,0.00,0.00,0.00,0.00,0.00,0.00,0.00,0.00,0.00,-0.00,0.00,0
0.242985,-37,89,524,0,DRIVE [ 29 ] [ 1 ] [ 1847 1795 1873 ] [    0    0    0 ] [      0      0      0 ] [ 0 ],drive [ 28 ] [ 0 ] [ 1850 1798 1873 ] [   10   14   17 ] [   8270   2800  11550 ] [ 0 ],1.00,1.00,1.00,1.00,-36.56,89.44,0.00,0.00,0.00,0.00,0.00,0.00,0.00,0.00,0.00,0.00,0.00,0.00,0.00,-0.00,0.00,0
0.256326,-35,90,525,0,DRIVE [ 29 ] [ 1 ] [ 1844 1791 1873 ] [    0    0    0 ] [      0      0      0 ] [ 0 ],drive [ 29 ] [ 0 ] [ 1847 1795 1873 ] [   10   14   17 ] [   8270   2800  11550 ] [ 0 ],1.00,1.00,1.00,1.00,-34.94,89.75,0.00,0.00,0.00,0.00,0.00,0.00,0.00,0.00,0.00,0.00,0.00,0.00,0.00,-0.00,0.00,0
0.271199,-33,90,525,0,DRIVE [ 30 ] [ 1 ] [ 1840 1788 1873 ] [    0    0    0 ] [      0      0      0 ] [ 0 ],drive [ 29 ] [ 0 ] [ 1844 1791 1873 ] [   10   14   17 ] [   8269   2801  11551 ] [ 0 ],1.00,1.00,1.00,1.00,-33.00,90.01,0.00,0.00,0.00,0.00,0.00,0.00,0.00,0.00,0.00,0.00,0.00,0.00,0.00,-0.00,0.00,0
0.284482,-31,90,524,0,DRIVE [ 30 ] [ 1 ] [ 1836 1785 1873 ] [    0    0    0 ] [      0      0      0 ] [ 0 ],drive [ 30 ] [ 0 ] [ 1840 1788 1873 ] [   12   16   15 ] [   8269   2801  11551 ] [ 0 ],1.00,1.00,1.00,1.00,-30.97,90.31,0.00,0.00,0.00,0.00,0.00,0.00,0.00,0.00,0.00,0.00,0.00,0.00,0.00,-0.00,0.00,0
0.298067,-29,91,524,0,DRIVE [ 31 ] [ 1 ] [ 1832 1782 1873 ] [    0    0    0 ] [      0      0      0 ] [ 0 ],drive [ 30 ] [ 0 ] [ 1836 1785 1873 ] [   12   16   15 ] [   8269   2801  11551 ] [ 0 ],1.00,1.00,1.00,1.00,-28.72,90.79,0.00,0.00,0.00,0.00,0.00,0.00,0.00,0.00,0.00,0.00,0.00,0.00,0.00,-0.00,0.00,0
0.310937,-26,92,527,0,DRIVE [ 31 ] [ 1 ] [ 1827 1780 1873 ] [    0    0    0 ] [      0      0      0 ] [ 0 ],drive [ 31 ] [ 0 ] [ 1832 1782 1873 ] [   12   16   15 ] [   8269   2801  11551 ] [ 0 ],1.00,1.00,1.00,1.00,-25.83,92.39,0.00,0.00,0.00,0.00,0.00,0.00,0.00,0.00,0.00,0.00,0.00,0.00,0.00,-0.00,0.00,0
0.324221,-23,92,522,0,DRIVE [ 32 ] [ 1 ] [ 1821 1778 1873 ] [    0    0    0 ] [      0      0      0 ] [ 0 ],drive [ 31 ] [ 0 ] [ 1827 1780 1873 ] [   12   16   15 ] [   8268   2801  11554 ] [ 0 ],1.00,1.00,1.00,1.00,-22.82,92.48,0.00,0.00,0.00,0.00,0.00,0.00,0.00,0.00,0.00,0.00,0.00,0.00,0.00,-0.00,0.00,0
0.337478,-20,93,519,0,DRIVE [ 32 ] [ 1 ] [ 1815 1776 1873 ] [    0    0    0 ] [      0      0      0 ] [ 0 ],drive [ 32 ] [ 0 ] [ 1821 1778 1873 ] [   13   16   15 ] [   8268   2801  11554 ] [ 0 ],1.00,1.00,1.00,1.00,-19.93,93.05,0.00,0.00,0.00,0.00,0.00,0.00,0.00,0.00,0.00,0.00,0.00,0.00,0.00,-0.00,0.00,0
0.350289,-17,94,516,0,DRIVE [ 33 ] [ 1 ] [ 1809 1774 1873 ] [    0    0    0 ] [      0      0      0 ] [ 0 ],drive [ 32 ] [ 0 ] [ 1815 1776 1873 ] [   13   16   15 ] [   8268   2801  11554 ] [ 0 ],1.00,1.00,1.00,1.00,-17.06,93.58,0.00,0.00,0.00,0.00,0.00,0.00,0.00,0.00,0.00,0.00,0.00,0.00,0.00,0.00,0.00,0
0.363948,-15,95,518,0,DRIVE [ 33 ] [ 1 ] [ 1803 1772 1873 ] [    0    0    0 ] [      0      0      0 ] [ 0 ],drive [ 33 ] [ 0 ] [ 1809 1774 1873 ] [   13   16   15 ] [   8269   2801  11555 ] [ 0 ],1.00,1.00,1.00,1.00,-14.52,94.94,0.00,0.00,0.00,0.00,0.00,0.00,0.00,0.00,0.00,0.00,0.00,0.00,0.00,0.00,0.00,0
0.377028,-11,96,519,0,DRIVE [ 34 ] [ 1 ] [ 1796 1771 1873 ] [    0    0    0 ] [      0      0      0 ] [ 0 ],drive [ 33 ] [ 0 ] [ 1803 1772 1873 ] [   13   16   15 ] [   8269   2801  11555 ] [ 0 ],1.00,1.00,1.00,1.00,-11.24,96.11,0.00,0.00,0.00,0.00,0.00,0.00,0.00,0.00,0.00,0.00,0.00,0.00,0.00,0.00,0.00,0
0.390469,-8,97,519,0,DRIVE [ 34 ] [ 1 ] [ 1789 1770 1873 ] [    0    0    0 ] [      0      0      0 ] [ 0 ],drive [ 34 ] [ 0 ] [ 1796 1771 1873 ] [   14   18   14 ] [   8269   2801  11555 ] [ 0 ],1.00,1.00,1.00,1.00,-8.38,97.04,0.00,0.00,0.00,0.00,0.00,0.00,0.00,0.00,0.00,0.00,0.00,0.00,0.00,0.00,0.00,0
0.403837,-6,97,516,0,DRIVE [ 35 ] [ 1 ] [ 1782 1768 1873 ] [    0    0    0 ] [      0      0      0 ] [ 0 ],drive [ 34 ] [ 0 ] [ 1789 1770 1873 ] [   14   18   14 ] [   8269   2801  11555 ] [ 0 ],1.00,1.00,1.00,1.00,-5.82,97.16,0.00,0.00,0.00,0.00,0.00,0.00,0.00,0.00,0.00,0.00,0.00,0.00,0.00,0.00,0.00,0
0.417264,-4,97,514,0,DRIVE [ 35 ] [ 1 ] [ 1775 1766 1873 ] [    0    0    0 ] [      0      0      0 ] [ 0 ],drive [ 35 ] [ 0 ] [ 1782 1768 1873 ] [   14   18   14 ] [   8271   2803  11553 ] [ 0 ],1.00,1.00,1.00,1.00,-3.55,97.37,0.00,0.00,0.00,0.00,0.00,0.00,0.00,0.00,0.00,0.00,0.00,0.00,0.00,0.00,0.00,0
0.430652,-2,98,514,0,DRIVE [ 36 ] [ 1 ] [ 1769 1765 1873 ] [    0    0    0 ] [      0      0      0 ] [ 0 ],drive [ 35 ] [ 0 ] [ 1775 1766 1873 ] [   15   17   15 ] [   8271   2803  11553 ] [ 0 ],1.00,1.00,1.00,1.00,-1.55,97.69,0.00,0.00,0.00,0.00,0.00,0.00,0.00,0.00,0.00,0.00,0.00,0.00,0.00,0.00,0.00,0
0.444281,0,98,517,0,DRIVE [ 36 ] [ 1 ] [ 1763 1763 1873 ] [    0    0    0 ] [      0      0      0 ] [ 0 ],drive [ 36 ] [ 0 ] [ 1769 1765 1873 ] [   15   17   15 ] [   8271   2803  11553 ] [ 0 ],1.00,1.00,1.00,1.00,0.20,98.40,0.00,0.00,0.00,0.00,0.00,0.00,0.00,0.00,0.00,0.00,0.00,0.00,0.00,0.00,0.00,0
0.457644,2,99,516,0,DRIVE [ 37 ] [ 1 ] [ 1756 1761 1873 ] [    0    0    0 ] [      0      0      0 ] [ 0 ],drive [ 36 ] [ 0 ] [ 1763 1763 1873 ] [   15   17   15 ] [   8271   2803  11553 ] [ 0 ],1.00,1.00,1.00,1.00,1.71,98.57,0.00,0.00,0.00,0.00,0.00,0.00,0.00,0.00,0.00,0.00,0.00,0.00,0.00,0.00,0.00,0
0.4709,3,99,517,0,DRIVE [ 37 ] [ 1 ] [ 1750 1759 1873 ] [    0    0    0 ] [      0      0      0 ] [ 0 ],drive [ 37 ] [ 0 ] [ 1756 1761 1873 ] [   15   17   15 ] [   8274   2803  11554 ] [ 0 ],1.00,1.00,1.00,1.00,3.20,98.98,0.00,0.00,0.00,0.00,0.00,0.00,0.00,0.00,0.00,0.00,0.00,0.00,0.00,0.00,0.00,0
0.4837,4,99,517,0,DRIVE [ 38 ] [ 1 ] [ 1744 1757 1873 ] [    0    0    0 ] [      0      0      0 ] [ 0 ],drive [ 37 ] [ 0 ] [ 1750 1759 1873 ] [   16   17   15 ] [   8274   2803  11554 ] [ 0 ],1.00,1.00,1.00,1.00,4.39,99.16,0.00,0.00,0.00,0.00,0.00,0.00,0.00,0.00,0.00,0.00,0.00,0.00,0.00,0.00,0.00,0
0.497398,5,100,518,0,DRIVE [ 38 ] [ 1 ] [ 1739 1754 1873 ] [    0    0    0 ] [      0      0      0 ] [ 0 ],drive [ 38 ] [ 0 ] [ 1744 1757 1873 ] [   16   17   15 ] [   8274   2803  11554 ] [ 0 ],1.00,1.00,1.00,1.00,5.39,99.61,0.00,0.00,0.00,0.00,0.00,0.00,0.00,0.00,0.00,0.00,0.00,0.00,0.00,0.00,0.00,0
0.510781,6,100,516,0,DRIVE [ 39 ] [ 1 ] [ 1733 1751 1873 ] [    0    0    0 ] [      0      0      0 ] [ 0 ],drive [ 38 ] [ 0 ] [ 1739 1754 1873 ] [   16   17   15 ] [   8274   2803  11554 ] [ 0 ],1.00,1.00,1.00,1.00,6.07,99.62,0.00,0.00,0.00,0.00,0.00,0.00,0.00,0.00,0.00,0.00,0.00,0.00,0.00,0.00,0.00,0
0.524195,7,100,513,0,DRIVE [ 39 ] [ 1 ] [ 1727 1748 1873 ] [    0    0    0 ] [      0      0      0 ] [ 0 ],drive [ 39 ] [ 0 ] [ 1733 1751 1873 ] [   16   17   15 ] [   8277   2803  11554 ] [ 0 ],1.00,1.00,1.00,1.00,6.83,99.51,0.00,0.00,0.00,0.00,0.00,0.00,0.00,0.00,0.00,0.00,0.00,0.00,0.00,0.00,0.00,0
0.537594,8,100,516,0,DRIVE [ 40 ] [ 1 ] [ 1722 1745 1873 ] [    0    0    0 ] [      0      0      0 ] [ 0 ],drive [ 39 ] [ 0 ] [ 1727 1748 1873 ] [   17   18   16 ] [   8277   2803  11554 ] [ 0 ],1.00,1.00,1.00,1.00,7.57,100.32,0.00,0.00,0.00,0.00,0.00,0.00,0.00,0.00,0.00,0.00,0.00,0.00,0.00,0.00,0.00,0
0.550767,9,101,515,0,DRIVE [ 40 ] [ 1 ] [ 1715 1742 1873 ] [    0    0    0 ] [      0      0      0 ] [ 0 ],drive [ 40 ] [ 0 ] [ 1722 1745 1873 ] [   17   18   16 ] [   8277   2803  11554 ] [ 0 ],1.00,1.00,1.00,1.00,8.54,100.58,0.00,0.00,0.00,0.00,0.00,0.00,0.00,0.00,0.00,0.00,0.00,0.00,0.00,0.00,0.00,0
0.56432,9,100,508,0,DRIVE [ 41 ] [ 1 ] [ 1708 1739 1873 ] [    0    0    0 ] [      0      0      0 ] [ 0 ],drive [ 40 ] [ 0 ] [ 1715 1742 1873 ] [   17   18   16 ] [   8280   2803  11551 ] [ 0 ],1.00,1.00,1.00,1.00,9.42,100.01,0.00,0.00,0.00,0.00,0.00,0.00,0.00,0.00,0.00,0.00,0.00,0.00,0.00,0.00,0.00,0
0.577889,10,100,506,0,DRIVE [ 41 ] [ 1 ] [ 1701 1736 1873 ] [    0    0    0 ] [      0      0      0 ] [ 0 ],drive [ 41 ] [ 0 ] [ 1708 1739 1873 ] [   17   18   16 ] [   8280   2803  11551 ] [ 0 ],1.00,1.00,1.00,1.00,10.32,100.20,0.00,0.00,0.00,0.00,0.00,0.00,0.00,0.00,0.00,0.00,0.00,0.00,0.00,0.00,0.00,0
0.593217,12,101,507,0,DRIVE [ 42 ] [ 1 ] [ 1693 1733 1873 ] [    0    0    0 ] [      0      0      0 ] [ 0 ],drive [ 41 ] [ 0 ] [ 1701 1736 1873 ] [   19   19   16 ] [   8280   2803  11551 ] [ 0 ],1.00,1.00,1.00,1.00,11.56,101.27,0.00,0.00,0.00,0.00,0.00,0.00,0.00,0.00,0.00,0.00,0.00,0.00,0.00,0.00,0.00,0
0.607048,14,102,504,0,DRIVE [ 42 ] [ 1 ] [ 1681 1731 1873 ] [    0    0    0 ] [      0      0      0 ] [ 0 ],drive [ 42 ] [ 0 ] [ 1693 1733 1873 ] [   19   19   16 ] [   8280   2803  11551 ] [ 0 ],1.00,1.00,1.00,1.00,13.57,101.97,0.00,0.00,0.00,0.00,0.00,0.00,0.00,0.00,0.00,0.00,0.00,0.00,0.00,0.00,0.00,0
0.619853,16,103,502,0,DRIVE [ 43 ] [ 1 ] [ 1670 1729 1873 ] [    0    0    0 ] [      0      0      0 ] [ 0 ],drive [ 42 ] [ 0 ] [ 1681 1731 1873 ] [   19   19   16 ] [   8283   2803  11550 ] [ 0 ],1.00,1.00,1.00,1.00,15.86,102.73,0.00,0.00,0.00,0.00,0.00,0.00,0.00,0.00,0.00,0.00,0.00,0.00,0.00,0.00,0.00,0
0.633509,18,104,500,0,DRIVE [ 43 ] [ 1 ] [ 1658 1727 1873 ] [    0    0    0 ] [      0      0      0 ] [ 0 ],drive [ 43 ] [ 0 ] [ 1670 1729 1873 ] [   20   19   16 ] [   8283   2803  11550 ] [ 0 ],1.00,1.00,1.00,1.00,18.16,103.59,0.00,0.00,0.00,0.00,0.00,0.00,0.00,0.00,0.00,0.00,0.00,0.00,0.00,0.00,0.00,0
0.647074,21,105,500,0,DRIVE [ 44 ] [ 1 ] [ 1645 1726 1873 ] [    0    0    0 ] [      0      0      0 ] [ 0 ],drive [ 43 ] [ 0 ] [ 1658 1727 1873 ] [   20   19   16 ] [   8283   2803  11550 ] [ 0 ],1.00,1.00,1.00,1.00,20.74,104.83,0.00,0.00,0.00,0.00,0.00,0.00,0.00,0.00,0.00,0.00,0.00,0.00,0.00,0.00,0.00,0
0.660222,24,106,500,0,DRIVE [ 44 ] [ 1 ] [ 1630 1725 1873 ] [    0    0    0 ] [      0      0      0 ] [ 0 ],drive [ 44 ] [ 0 ] [ 1645 1726 1873 ] [   20   19   16 ] [   8283   2803  11550 ] [ 0 ],1.00,1.00,1.00,1.00,23.58,106.26,0.00,0.00,0.00,0.00,0.00,0.00,0.00,0.00,0.00,0.00,0.00,0.00,0.00,0.00,0.00,0
0.673569,27,107,499,0,DRIVE [ 45 ] [ 1 ] [ 1613 1725 1873 ] [    0    0    0 ] [      0      0      0 ] [ 0 ],drive [ 44 ] [ 0 ] [ 1630 1725 1873 ] [   20   19   16 ] [   8290   2803  11550 ] [ 0 ],1.00,1.00,1.00,1.00,27.43,107.50,0.00,0.00,0.00,0.00,0.00,0.00,0.00,0.00,0.00,0.00,0.00,0.00,0.00,0.00,0.00,0
0.688303,31,108,495,0,DRIVE [ 45 ] [ 1 ] [ 1594 1725 1873 ] [    0    0    0 ] [      0      0      0 ] [ 0 ],drive [ 45 ] [ 0 ] [ 1613 1725 1873 ] [   27   20   18 ] [   8290   2803  11550 ] [ 0 ],1.00,1.00,1.00,1.00,30.97,108.20,0.00,0.00,0.00,0.00,0.00,0.00,0.00,0.00,0.00,0.00,0.00,0.00,0.00,0.00,0.00,0
0.701797,34,109,491,0,DRIVE [ 46 ] [ 1 ] [ 1575 1725 1873 ] [    0    0    0 ] [      0      0      0 ] [ 0 ],drive [ 45 ] [ 0 ] [ 1594 1725 1873 ] [   27   20   18 ] [   8290   2803  11550 ] [ 0 ],1.00,1.00,1.00,1.00,34.25,108.75,0.00,0.00,0.00,0.00,0.00,0.00,0.00,0.00,0.00,0.00,0.00,0.00,0.00,0.00,0.00,0
0.715228,37,109,487,0,DRIVE [ 46 ] [ 1 ] [ 1558 1725 1873 ] [    0    0    0 ] [      0      0      0 ] [ 0 ],drive [ 46 ] [ 0 ] [ 1575 1725 1873 ] [   27   20   18 ] [   8324   2804  11522 ] [ 0 ],1.00,1.00,1.00,1.00,37.22,108.87,0.00,0.00,0.00,0.00,0.00,0.00,0.00,0.00,0.00,0.00,0.00,0.00,0.00,0.00,0.00,0
0.72868,40,110,485,0,DRIVE [ 47 ] [ 1 ] [ 1540 1725 1873 ] [    0    0    0 ] [      0      0      0 ] [ 0 ],drive [ 46 ] [ 0 ] [ 1558 1725 1873 ] [   56   20   25 ] [   8324   2804  11522 ] [ 0 ],1.00,1.00,1.00,1.00,40.42,109.54,0.00,0.00,0.00,0.00,0.00,0.00,0.00,0.00,0.00,0.00,0.00,0.00,0.00,0.00,0.00,0
0.742087,44,110,483,0,DRIVE [ 47 ] [ 1 ] [ 1519 1728 1873 ] [    0    0    0 ] [      0      0      0 ] [ 0 ],drive [ 47 ] [ 0 ] [ 1540 1725 1873 ] [   56   20   25 ] [   8324   2804  11522 ] [ 0 ],1.00,1.00,1.00,1.00,44.33,109.81,0.00,0.00,0.00,0.00,0.00,0.00,0.00,0.00,0.00,0.00,0.00,0.00,0.00,0.00,0.00,0
0.756662,48,109,479,0,DRIVE [ 48 ] [ 1 ] [ 1498 1730 1873 ] [    0    0    0 ] [      0      0      0 ] [ 0 ],drive [ 47 ] [ 0 ] [ 1519 1728 1873 ] [   56   20   25 ] [   8324   2804  11522 ] [ 0 ],1.00,1.00,1.00,1.00,47.72,109.33,0.00,0.00,0.00,0.00,0.00,0.00,0.00,0.00,0.00,0.00,0.00,0.00,0.00,0.00,0.00,0
0.771612,51,109,477,0,DRIVE [ 48 ] [ 1 ] [ 1479 1732 1873 ] [    0    0    0 ] [      0      0      0 ] [ 0 ],drive [ 48 ] [ 0 ] [ 1498 1730 1873 ] [   56   20   25 ] [   8642   2804  11501 ] [ 0 ],1.00,1.00,1.00,1.00,50.76,109.16,0.00,0.00,0.00,0.00,0.00,0.00,0.00,0.00,0.00,0.00,0.00,0.00,0.00,0.00,0.00,0
0.785381,53,108,471,0,DRIVE [ 49 ] [ 1 ] [ 1460 1733 1873 ] [    0    0    0 ] [      0      0      0 ] [ 0 ],drive [ 48 ] [ 0 ] [ 1479 1732 1873 ] [   48   20   17 ] [   8642   2804  11501 ] [ 0 ],1.00,1.00,1.00,1.00,52.90,108.21,0.00,0.00,0.00,0.00,0.00,0.00,0.00,0.00,0.00,0.00,0.00,0.00,0.00,0.00,0.00,0
0.798523,56,109,470,0,DRIVE [ 49 ] [ 1 ] [ 1440 1735 1873 ] [    0    0    0 ] [      0      0      0 ] [ 0 ],drive [ 49 ] [ 0 ] [ 1460 1733 1873 ] [   48   20   17 ] [   8642   2804  11501 ] [ 0 ],1.00,1.00,1.00,1.00,55.96,108.52,0.00,0.00,0.00,0.00,0.00,0.00,0.00,0.00,0.00,0.00,0.00,0.00,0.00,0.00,0.00,0
0.811504,58,108,466,0,DRIVE [ 50 ] [ 1 ] [ 1420 1735 1873 ] [    0    0    0 ] [      0      0      0 ] [ 0 ],drive [ 49 ] [ 0 ] [ 1440 1735 1873 ] [   48   20   17 ] [   8642   2804  11501 ] [ 0 ],1.00,1.00,1.00,1.00,58.20,108.25,0.00,0.00,0.00,0.00,0.00,0.00,0.00,0.00,0.00,0.00,0.00,0.00,0.00,0.00,0.00,0
0.824601,60,108,460,0,DRIVE [ 50 ] [ 1 ] [ 1399 1736 1873 ] [    0    0    0 ] [      0      0      0 ] [ 0 ],drive [ 50 ] [ 0 ] [ 1420 1735 1873 ] [   48   20   17 ] [   8694   2804  11501 ] [ 0 ],1.00,1.00,1.00,1.00,60.21,107.92,0.00,0.00,0.00,0.00,0.00,0.00,0.00,0.00,0.00,0.00,0.00,0.00,0.00,0.00,0.00,0
0.839734,62,108,457,0,DRIVE [ 51 ] [ 1 ] [ 1378 1735 1873 ] [    0    0    0 ] [      0      0      0 ] [ 0 ],drive [ 50 ] [ 0 ] [ 1399 1736 1873 ] [   61   19   16 ] [   8694   2804  11501 ] [ 0 ],1.00,1.00,1.00,1.00,62.45,108.37,0.00,0.00,0.00,0.00,0.00,0.00,0.00,0.00,0.00,0.00,0.00,0.00,0.00,0.00,0.00,0
0.852828,64,109,454,0,DRIVE [ 51 ] [ 1 ] [ 1357 1734 1873 ] [    0    0    0 ] [      0      0      0 ] [ 0 ],drive [ 51 ] [ 0 ] [ 1378 1735 1873 ] [   61   19   16 ] [   8694   2804  11501 ] [ 0 ],1.00,1.00,1.00,1.00,64.20,108.79,0.00,0.00,0.00,0.00,0.00,0.00,0.00,0.00,0.00,0.00,0.00,0.00,0.00,0.00,0.00,0
0.865445,66,109,449,0,DRIVE [ 52 ] [ 1 ] [ 1336 1732 1873 ] [    0    0    0 ] [      0      0      0 ] [ 0 ],drive [ 51 ] [ 0 ] [ 1357 1734 1873 ] [   61   19   16 ] [   8860   2804  11487 ] [ 0 ],1.00,1.00,1.00,1.00,65.63,109.24,0.00,0.00,0.00,0.00,0.00,0.00,0.00,0.00,0.00,0.00,0.00,0.00,0.00,0.00,0.00,0
0.878683,66,110,443,0,DRIVE [ 52 ] [ 1 ] [ 1317 1728 1873 ] [    0    0    0 ] [      0      0      0 ] [ 0 ],drive [ 52 ] [ 0 ] [ 1336 1732 1873 ] [   73   19    5 ] [   8860   2804  11487 ] [ 0 ],1.00,1.00,1.00,1.00,66.45,109.63,0.00,0.00,0.00,0.00,0.00,0.00,0.00,0.00,0.00,0.00,0.00,0.00,0.00,0.00,0.00,0
0.89157,67,111,439,0,DRIVE [ 53 ] [ 1 ] [ 1297 1723 1873 ] [    0    0    0 ] [      0      0      0 ] [ 0 ],drive [ 52 ] [ 0 ] [ 1317 1728 1873 ] [   73   19    5 ] [   8860   2804  11487 ] [ 0 ],1.00,1.00,1.00,1.00,67.23,110.55,0.00,0.00,0.00,0.00,0.00,0.00,0.00,0.00,0.00,0.00,0.00,0.00,0.00,0.00,0.00,0
0.904544,68,111,434,0,DRIVE [ 53 ] [ 1 ] [ 1278 1719 1873 ] [    0    0    0 ] [      0      0      0 ] [ 0 ],drive [ 53 ] [ 0 ] [ 1297 1723 1873 ] [   73   19    5 ] [   8860   2804  11487 ] [ 0 ],1.00,1.00,1.00,1.00,67.81,111.13,0.00,0.00,0.00,0.00,0.00,0.00,0.00,0.00,0.00,0.00,0.00,0.00,0.00,0.00,0.00,0
0.917008,69,112,429,0,DRIVE [ 54 ] [ 1 ] [ 1253 1714 1873 ] [    0    0    0 ] [      0      0      0 ] [ 0 ],drive [ 53 ] [ 0 ] [ 1278 1719 1873 ] [   73   19    5 ] [   9018   2804  11463 ] [ 0 ],1.00,1.00,1.00,1.00,69.21,112.45,0.00,0.00,0.00,0.00,0.00,0.00,0.00,0.00,0.00,0.00,0.00,0.00,0.00,0.00,0.00,0
0.93052,73,118,438,0,DRIVE [ 54 ] [ 1 ] [ 1229 1709 1873 ] [    0    0    0 ] [      0      0      0 ] [ 0 ],drive [ 54 ] [ 0 ] [ 1253 1714 1873 ] [   71   20   13 ] [   9018   2804  11463 ] [ 0 ],1.00,1.00,1.00,1.00,72.76,117.55,0.00,0.00,0.00,0.00,0.00,0.00,0.00,0.00,0.00,0.00,0.00,0.00,0.00,0.00,0.00,0
0.943512,73,118,431,0,DRIVE [ 55 ] [ 1 ] [ 1205 1703 1873 ] [    0    0    0 ] [      0      0      0 ] [ 0 ],drive [ 54 ] [ 0 ] [ 1229 1709 1873 ] [   71   20   13 ] [   9018   2804  11463 ] [ 0 ],1.00,1.00,1.00,1.00,73.27,118.07,0.00,0.00,0.00,0.00,0.00,0.00,0.00,0.00,0.00,0.00,0.00,0.00,0.00,0.00,0.00,0
0.956776,74,119,424,0,DRIVE [ 55 ] [ 1 ] [ 1182 1697 1873 ] [    0    0    0 ] [      0      0      0 ] [ 0 ],drive [ 55 ] [ 0 ] [ 1205 1703 1873 ] [   71   20   13 ] [   9018   2804  11463 ] [ 0 ],1.00,1.00,1.00,1.00,73.70,118.85,0.00,0.00,0.00,0.00,0.00,0.00,0.00,0.00,0.00,0.00,0.00,0.00,0.00,0.00,0.00,0
0.972947,74,120,418,0,DRIVE [ 56 ] [ 1 ] [ 1161 1690 1873 ] [    0    0    0 ] [      0      0      0 ] [ 0 ],drive [ 55 ] [ 0 ] [ 1182 1697 1873 ] [   71   20   13 ] [   9242   2799  11380 ] [ 0 ],1.00,1.00,1.00,1.00,73.85,119.61,0.00,0.00,0.00,0.00,0.00,0.00,0.00,0.00,0.00,0.00,0.00,0.00,0.00,0.00,0.00,0
0.987411,74,121,414,0,DRIVE [ 56 ] [ 1 ] [ 1137 1683 1873 ] [    0    0    0 ] [      0      0      0 ] [ 0 ],drive [ 56 ] [ 0 ] [ 1161 1690 1873 ] [   85   25    3 ] [   9242   2799  11380 ] [ 0 ],1.00,1.00,1.00,1.00,74.38,120.78,0.00,0.00,0.00,0.00,0.00,0.00,0.00,0.00,0.00,0.00,0.00,0.00,0.00,0.00,0.00,0
0.999938,74,121,408,0,DRIVE [ 57 ] [ 1 ] [ 1115 1677 1873 ] [    0    0    0 ] [      0      0      0 ] [ 0 ],drive [ 56 ] [ 0 ] [ 1137 1683 1873 ] [   85   25    3 ] [   9242   2799  11380 ] [ 0 ],1.00,1.00,1.00,1.00,74.46,121.00,0.00,0.00,0.00,0.00,0.00,0.00,0.00,0.00,0.00,0.00,0.00,0.00,0.00,0.00,0.00,0
1.0128,75,122,404,0,DRIVE [ 57 ] [ 1 ] [ 1099 1672 1873 ] [    0    0    0 ] [      0      0      0 ] [ 0 ],drive [ 57 ] [ 0 ] [ 1115 1677 1873 ] [   85   25    3 ] [   9571   2799  11289 ] [ 0 ],1.00,1.00,1.00,1.00,74.93,122.01,0.00,0.00,0.00,0.00,0.00,0.00,0.00,0.00,0.00,0.00,0.00,0.00,0.00,0.00,0.00,0
1.02595,74,122,398,0,DRIVE [ 58 ] [ 1 ] [ 1090 1668 1873 ] [    0    0    0 ] [      0      0      0 ] [ 0 ],drive [ 57 ] [ 0 ] [ 1099 1672 1873 ] [   85   25    3 ] [   9571   2799  11289 ] [ 0 ],1.00,1.00,1.00,1.00,74.46,121.91,0.00,0.00,0.00,0.00,0.00,0.00,0.00,0.00,0.00,0.00,0.00,0.00,0.00,0.00,0.00,0
1.03873,74,122,393,0,DRIVE [ 58 ] [ 1 ] [ 1083 1664 1873 ] [    0    0    0 ] [      0      0      0 ] [ 0 ],drive [ 58 ] [ 0 ] [ 1090 1668 1873 ] [   78   27    2 ] [   9571   2799  11289 ] [ 0 ],1.00,1.00,1.00,1.00,74.07,122.07,0.00,0.00,0.00,0.00,0.00,0.00,0.00,0.00,0.00,0.00,0.00,0.00,0.00,0.00,0.00,0
1.0524,73,122,387,0,DRIVE [ 59 ] [ 1 ] [ 1077 1661 1873 ] [    0    0    0 ] [      0      0      0 ] [ 0 ],drive [ 58 ] [ 0 ] [ 1083 1664 1873 ] [   78   27    2 ] [   9571   2799  11289 ] [ 0 ],1.00,1.00,1.00,1.00,73.49,121.74,0.00,0.00,0.00,0.00,0.00,0.00,0.00,0.00,0.00,0.00,0.00,0.00,0.00,0.00,0.00,0
1.06476,73,121,382,0,DRIVE [ 59 ] [ 1 ] [ 1073 1658 1873 ] [    0    0    0 ] [      0      0      0 ] [ 0 ],drive [ 59 ] [ 0 ] [ 1077 1661 1873 ] [   78   27    2 ] [  10143   2799  11136 ] [ 0 ],1.00,1.00,1.00,1.00,72.63,121.08,0.00,0.00,0.00,0.00,0.00,0.00,0.00,0.00,0.00,0.00,0.00,0.00,0.00,0.00,0.00,0
1.07772,72,121,378,0,DRIVE [ 60 ] [ 1 ] [ 1072 1654 1873 ] [    0    0    0 ] [      0      0      0 ] [ 0 ],drive [ 59 ] [ 0 ] [ 1073 1658 1873 ] [   97   28   21 ] [  10143   2799  11136 ] [ 0 ],1.00,1.00,1.00,1.00,71.72,120.90,0.00,0.00,0.00,0.00,0.00,0.00,0.00,0.00,0.00,0.00,0.00,0.00,0.00,0.00,0.00,0
1.09068,71,121,375,0,DRIVE [ 60 ] [ 1 ] [ 1073 1650 1873 ] [    0    0    0 ] [      0      0      0 ] [ 0 ],drive [ 60 ] [ 0 ] [ 1072 1654 1873 ] [   97   28   21 ] [  10143   2799  11136 ] [ 0 ],1.00,1.00,1.00,1.00,70.63,120.62,0.00,0.00,0.00,0.00,0.00,0.00,0.00,0.00,0.00,0.00,0.00,0.00,0.00,0.00,0.00,0
1.10354,69,120,371,0,DRIVE [ 61 ] [ 1 ] [ 1075 1647 1873 ] [    0    0    0 ] [      0      0      0 ] [ 0 ],drive [ 60 ] [ 0 ] [ 1073 1650 1873 ] [   97   28   21 ] [  10143   2799  11136 ] [ 0 ],1.00,1.00,1.00,1.00,69.35,119.94,0.00,0.00,0.00,0.00,0.00,0.00,0.00,0.00,0.00,0.00,0.00,0.00,0.00,0.00,0.00,0
1.11584,68,119,367,0,DRIVE [ 61 ] [ 1 ] [ 1076 1644 1873 ] [    0    0    0 ] [      0      0      0 ] [ 0 ],drive [ 61 ] [ 0 ] [ 1075 1647 1873 ] [   97   28   21 ] [  10246   2799  11008 ] [ 0 ],1.00,1.00,1.00,1.00,68.17,119.04,0.00,0.00,0.00,0.00,0.00,0.00,0.00,0.00,0.00,0.00,0.00,0.00,0.00,0.00,0.00,0
1.12867,68,119,365,0,DRIVE [ 62 ] [ 1 ] [ 1075 1642 1873 ] [    0    0    0 ] [      0      0      0 ] [ 0 ],drive [ 61 ] [ 0 ] [ 1076 1644 1873 ] [   79   29   11 ] [  10246   2799  11008 ] [ 0 ],1.00,1.00,1.00,1.00,67.77,119.12,0.00,0.00,0.00,0.00,0.00,0.00,0.00,0.00,0.00,0.00,0.00,0.00,0.00,0.00,0.00,0
1.14146,68,119,362,0,DRIVE [ 62 ] [ 1 ] [ 1070 1639 1873 ] [    0    0    0 ] [      0      0      0 ] [ 0 ],drive [ 62 ] [ 0 ] [ 1075 1642 1873 ] [   79   29   11 ] [  10246   2799  11008 ] [ 0 ],1.00,1.00,1.00,1.00,67.52,119.03,0.00,0.00,0.00,0.00,0.00,0.00,0.00,0.00,0.00,0.00,0.00,0.00,0.00,0.00,0.00,0
1.15376,67,119,357,0,DRIVE [ 63 ] [ 1 ] [ 1061 1637 1873 ] [    0    0    0 ] [      0      0      0 ] [ 0 ],drive [ 62 ] [ 0 ] [ 1070 1639 1873 ] [   79   29   11 ] [  10246   2799  11008 ] [ 0 ],1.00,1.00,1.00,1.00,67.35,118.70,0.00,0.00,0.00,0.00,0.00,0.00,0.00,0.00,0.00,0.00,0.00,0.00,0.00,0.00,0.00,0
1.16664,68,119,353,0,DRIVE [ 63 ] [ 1 ] [ 1045 1636 1873 ] [    0    0    0 ] [      0      0      0 ] [ 0 ],drive [ 63 ] [ 0 ] [ 1061 1637 1873 ] [   79   29   11 ] [  10319   2799  10885 ] [ 0 ],1.00,1.00,1.00,1.00,68.50,119.25,0.00,0.00,0.00,0.00,0.00,0.00,0.00,0.00,0.00,0.00,0.00,0.00,0.00,0.00,0.00,0
1.17953,70,120,350,0,DRIVE [ 64 ] [ 1 ] [ 1028 1636 1873 ] [    0    0    0 ] [      0      0      0 ] [ 0 ],drive [ 63 ] [ 0 ] [ 1045 1636 1873 ] [   83   31   15 ] [  10319   2799  10885 ] [ 0 ],1.00,1.00,1.00,1.00,69.70,119.61,0.00,0.00,0.00,0.00,0.00,0.00,0.00,0.00,0.00,0.00,0.00,0.00,0.00,0.00,0.00,0
1.19223,71,120,347,0,DRIVE [ 64 ] [ 1 ] [ 1025 1637 1873 ] [    0    0    0 ] [      0      0      0 ] [ 0 ],drive [ 64 ] [ 0 ] [ 1028 1636 1873 ] [   83   31   15 ] [  10319   2799  10885 ] [ 0 ],1.00,1.00,1.00,1.00,71.06,119.91,0.00,0.00,0.00,0.00,0.00,0.00,0.00,0.00,0.00,0.00,0.00,0.00,0.00,0.00,0.00,0
1.20481,72,119,342,0,DRIVE [ 65 ] [ 1 ] [ 1025 1638 1873 ] [    0    0    0 ] [      0      0      0 ] [ 0 ],drive [ 64 ] [ 0 ] [ 1025 1637 1873 ] [   83   31   15 ] [  10319   2799  10885 ] [ 0 ],1.00,1.00,1.00,1.00,71.84,119.14,0.00,0.00,0.00,0.00,0.00,0.00,0.00,0.00,0.00,0.00,0.00,0.00,0.00,0.00,0.00,0
1.21718,73,119,338,0,DRIVE [ 65 ] [ 1 ] [ 1025 1640 1873 ] [    0    0    0 ] [      0      0      0 ] [ 0 ],drive [ 65 ] [ 0 ] [ 1025 1638 1873 ] [   83   31   15 ] [  10415   2799  10773 ] [ 0 ],1.00,1.00,1.00,1.00,72.81,118.74,0.00,0.00,0.00,0.00,0.00,0.00,0.00,0.00,0.00,0.00,0.00,0.00,0.00,0.00,0.00,0
1.23001,74,118,335,0,DRIVE [ 66 ] [ 1 ] [ 1025 1641 1873 ] [    0    0    0 ] [      0      0      0 ] [ 0 ],drive [ 65 ] [ 0 ] [ 1025 1640 1873 ] [   81   31   10 ] [  10415   2799  10773 ] [ 0 ],1.00,1.00,1.00,1.00,73.54,118.27,0.00,0.00,0.00,0.00,0.00,0.00,0.00,0.00,0.00,0.00,0.00,0.00,0.00,0.00,0.00,0
1.24258,74,118,330,0,DRIVE [ 66 ] [ 1 ] [ 1025 1640 1873 ] [    0    0    0 ] [      0      0      0 ] [ 0 ],drive [ 66 ] [ 0 ] [ 1025 1641 1873 ] [   81   31   10 ] [  10415   2799  10773 ] [ 0 ],1.00,1.00,1.00,1.00,73.69,117.94,0.00,0.00,0.00,0.00,0.00,0.00,0.00,0.00,0.00,0.00,0.00,0.00,0.00,0.00,0.00,0
1.25535,74,118,327,0,DRIVE [ 67 ] [ 1 ] [ 1025 1638 1873 ] [    0    0    0 ] [      0      0      0 ] [ 0 ],drive [ 66 ] [ 0 ] [ 1025 1640 1873 ] [   81   31   10 ] [  10415   2799  10773 ] [ 0 ],1.00,1.00,1.00,1.00,73.72,117.92,0.00,0.00,0.00,0.00,0.00,0.00,0.00,0.00,0.00,0.00,0.00,0.00,0.00,0.00,0.00,0
1.26912,73,118,324,0,DRIVE [ 67 ] [ 1 ] [ 1025 1635 1873 ] [    0    0    0 ] [      0      0      0 ] [ 0 ],drive [ 67 ] [ 0 ] [ 1025 1638 1873 ] [   81   31   10 ] [  10680   2799  10720 ] [ 0 ],1.00,1.00,1.00,1.00,73.08,117.79,0.00,0.00,0.00,0.00,0.00,0.00,0.00,0.00,0.00,0.00,0.00,0.00,0.00,0.00,0.00,0
1.28118,72,118,321,0,DRIVE [ 68 ] [ 1 ] [ 1025 1629 1873 ] [    0    0    0 ] [      0      0      0 ] [ 0 ],drive [ 67 ] [ 0 ] [ 1025 1635 1873 ] [  100   31    2 ] [  10680   2799  10720 ] [ 0 ],1.00,1.00,1.00,1.00,71.79,117.61,0.00,0.00,0.00,0.00,0.00,0.00,0.00,0.00,0.00,0.00,0.00,0.00,0.00,0.00,0.00,0
1.29371,70,117,317,0,DRIVE [ 68 ] [ 1 ] [ 1025 1623 1873 ] [    0    0    0 ] [      0      0      0 ] [ 0 ],drive [ 68 ] [ 0 ] [ 1025 1629 1873 ] [  100   31    2 ] [  10680   2799  10720 ] [ 0 ],1.00,1.00,1.00,1.00,69.93,117.12,0.00,0.00,0.00,0.00,0.00,0.00,0.00,0.00,0.00,0.00,0.00,0.00,0.00,0.00,0.00,0
1.30615,68,116,314,0,DRIVE [ 69 ] [ 1 ] [ 1025 1617 1873 ] [    0    0    0 ] [      0      0      0 ] [ 0 ],drive [ 68 ] [ 0 ] [ 1025 1623 1873 ] [  100   31    2 ] [  10680   2799  10720 ] [ 0 ],1.00,1.00,1.00,1.00,67.90,116.48,0.00,0.00,0.00,0.00,0.00,0.00,0.00,0.00,0.00,0.00,0.00,0.00,0.00,0.00,0.00,0
1.31889,66,117,313,0,DRIVE [ 69 ] [ 1 ] [ 1025 1610 1873 ] [    0    0    0 ] [      0      0      0 ] [ 0 ],drive [ 69 ] [ 0 ] [ 1025 1617 1873 ] [  100   31    2 ] [  10810   2799  10622 ] [ 0 ],1.00,1.00,1.00,1.00,66.06,116.53,0.00,0.00,0.00,0.00,0.00,0.00,0.00,0.00,0.00,0.00,0.00,0.00,-0.00,-0.00,0.00,0
1.33073,64,116,311,0,DRIVE [ 70 ] [ 1 ] [ 1025 1603 1873 ] [    0    0    0 ] [      0      0      0 ] [ 0 ],drive [ 69 ] [ 0 ] [ 1025 1610 1873 ] [  100   32   12 ] [  10810   2799  10622 ] [ 0 ],1.00,1.00,1.00,1.00,63.76,115.97,0.00,0.00,0.00,0.00,0.00,0.00,0.00,0.00,0.00,0.00,0.00,0.00,-0.00,-0.00,0.00,0
1.34447,61,116,309,0,DRIVE [ 70 ] [ 1 ] [ 1025 1596 1873 ] [    0    0    0 ] [      0      0      0 ] [ 0 ],drive [ 70 ] [ 0 ] [ 1025 1603 1873 ] [  100   32   12 ] [  10810   2799  10622 ] [ 0 ],1.00,1.00,1.00,1.00,61.41,115.63,0.00,0.00,0.00,0.00,0.00,0.00,0.00,0.00,0.00,0.00,0.00,0.00,-0.00,-0.00,0.00,0
1.35654,59,115,308,0,DRIVE [ 71 ] [ 1 ] [ 1025 1588 1873 ] [    0    0    0 ] [      0      0      0 ] [ 0 ],drive [ 70 ] [ 0 ] [ 1025 1596 1873 ] [  100   32   12 ] [  10810   2799  10622 ] [ 0 ],1.00,1.00,1.00,1.00,58.74,115.19,0.00,0.00,0.00,0.00,0.00,0.00,0.00,0.00,0.00,0.00,0.00,0.00,-0.00,-0.00,0.00,0
1.36949,55,114,305,0,DRIVE [ 71 ] [ 1 ] [ 1041 1576 1873 ] [    0    0    0 ] [      0      0      0 ] [ 0 ],drive [ 71 ] [ 0 ] [ 1025 1588 1873 ] [  100   32   12 ] [  10911   2799  10546 ] [ 0 ],1.00,1.00,1.00,1.00,54.55,114.08,0.00,0.00,0.00,0.00,0.00,0.00,0.00,0.00,0.00,0.00,0.00,0.00,-0.00,-0.00,0.00,0
1.38128,50,113,302,0,DRIVE [ 72 ] [ 1 ] [ 1065 1564 1873 ] [    0    0    0 ] [      0      0      0 ] [ 0 ],drive [ 71 ] [ 0 ] [ 1041 1576 1873 ] [  106   36   30 ] [  10911   2799  10546 ] [ 0 ],1.00,1.00,1.00,1.00,50.47,112.98,0.00,0.00,0.00,0.00,0.00,0.00,0.00,0.00,0.00,0.00,0.00,0.00,-0.00,-0.00,0.00,0
1.39356,47,112,299,0,DRIVE [ 72 ] [ 1 ] [ 1088 1552 1873 ] [    0    0    0 ] [      0      0      0 ] [ 0 ],drive [ 72 ] [ 0 ] [ 1065 1564 1873 ] [  106   36   30 ] [  10911   2799  10546 ] [ 0 ],1.00,1.00,1.00,1.00,46.61,111.94,0.00,0.00,0.00,0.00,0.00,0.00,0.00,0.00,0.00,0.00,0.00,0.00,-0.00,-0.00,0.00,0
1.40573,43,111,297,0,DRIVE [ 73 ] [ 1 ] [ 1111 1541 1873 ] [    0    0    0 ] [      0      0      0 ] [ 0 ],drive [ 72 ] [ 0 ] [ 1088 1552 1873 ] [  106   36   30 ] [  10911   2799  10546 ] [ 0 ],1.00,1.00,1.00,1.00,42.97,111.00,0.00,0.00,0.00,0.00,0.00,0.00,0.00,0.00,0.00,0.00,0.00,0.00,-0.00,-0.00,0.00,0
1.41753,39,110,296,0,DRIVE [ 73 ] [ 1 ] [ 1135 1531 1873 ] [    0    0    0 ] [      0      0      0 ] [ 0 ],drive [ 73 ] [ 0 ] [ 1111 1541 1873 ] [  106   36   30 ] [  11183   2802  10405 ] [ 0 ],1.00,1.00,1.00,1.00,39.48,110.01,0.00,0.00,0.00,0.00,0.00,0.00,0.00,0.00,0.00,0.00,0.00,0.00,-0.00,-0.00,0.00,0
1.43004,36,109,294,0,DRIVE [ 74 ] [ 1 ] [ 1159 1521 1873 ] [    0    0    0 ] [      0      0      0 ] [ 0 ],drive [ 73 ] [ 0 ] [ 1135 1531 1873 ] [   74   36   14 ] [  11183   2802  10405 ] [ 0 ],1.00,1.00,1.00,1.00,35.93,108.82,0.00,0.00,0.00,0.00,0.00,0.00,0.00,0.00,0.00,0.00,0.00,0.00,-0.00,-0.00,0.00,0
1.4422,32,107,293,0,DRIVE [ 74 ] [ 1 ] [ 1186 1511 1873 ] [    0    0    0 ] [      0      0      0 ] [ 0 ],drive [ 74 ] [ 0 ] [ 1159 1521 1873 ] [   74   36   14 ] [  11183   2802  10405 ] [ 0 ],1.00,1.00,1.00,1.00,32.26,107.39,0.00,0.00,0.00,0.00,0.00,0.00,0.00,0.00,0.00,0.00,0.00,0.00,-0.00,-0.00,0.00,0
1.45422,28,106,292,0,DRIVE [ 75 ] [ 1 ] [ 1215 1502 1873 ] [    0    0    0 ] [      0      0      0 ] [ 0 ],drive [ 74 ] [ 0 ] [ 1186 1511 1873 ] [   74   36   14 ] [  11183   2802  10405 ] [ 0 ],1.00,1.00,1.00,1.00,28.41,105.76,0.00,0.00,0.00,0.00,0.00,0.00,0.00,0.00,0.00,0.00,0.00,0.00,-0.00,-0.00,0.00,0
1.46579,24,104,291,0,DRIVE [ 75 ] [ 1 ] [ 1246 1493 1873 ] [    0    0    0 ] [      0      0      0 ] [ 0 ],drive [ 75 ] [ 0 ] [ 1215 1502 1873 ] [   74   36   14 ] [  11390   2810  10200 ] [ 0 ],1.00,1.00,1.00,1.00,24.38,103.74,0.00,0.00,0.00,0.00,0.00,0.00,0.00,0.00,0.00,0.00,0.00,0.00,-0.00,-0.00,0.00,0
1.47801,20,102,290,0,DRIVE [ 76 ] [ 1 ] [ 1278 1485 1873 ] [    0    0    0 ] [      0      0      0 ] [ 0 ],drive [ 75 ] [ 0 ] [ 1246 1493 1873 ] [   83   39   10 ] [  11390   2810  10200 ] [ 0 ],1.00,1.00,1.00,1.00,20.31,101.61,0.00,0.00,0.00,0.00,0.00,0.00,0.00,0.00,0.00,0.00,0.00,0.00,-0.00,-0.00,0.00,0
1.48999,15,99,288,0,DRIVE [ 76 ] [ 1 ] [ 1316 1473 1873 ] [    0    0    0 ] [      0      0      0 ] [ 0 ],drive [ 76 ] [ 0 ] [ 1278 1485 1873 ] [   83   39   10 ] [  11390   2810  10200 ] [ 0 ],1.00,1.00,1.00,1.00,15.32,98.99,0.00,0.00,0.00,0.00,0.00,0.00,0.00,0.00,0.00,0.00,0.00,0.00,-0.00,-0.00,0.00,0
1.5029,11,96,285,0,DRIVE [ 77 ] [ 1 ] [ 1348 1461 1873 ] [    0    0    0 ] [      0      0      0 ] [ 0 ],drive [ 76 ] [ 0 ] [ 1316 1473 1873 ] [   83   39   10 ] [  11390   2810  10200 ] [ 0 ],1.00,1.00,1.00,1.00,10.88,96.38,0.00,0.00,0.00,0.00,0.00,0.00,0.00,0.00,0.00,0.00,0.00,0.00,-0.00,-0.00,0.00,0
1.51442,7,94,283,0,DRIVE [ 77 ] [ 1 ] [ 1377 1448 1873 ] [    0    0    0 ] [      0      0      0 ] [ 0 ],drive [ 77 ] [ 0 ] [ 1348 1461 1873 ] [   83   39   10 ] [  11380   2811  10199 ] [ 0 ],1.00,1.00,1.00,1.00,6.85,94.16,0.00,0.00,0.00,0.00,0.00,0.00,0.00,0.00,0.00,0.00,0.00,0.00,-0.00,-0.00,0.00,0
1.52637,3,92,281,0,DRIVE [ 78 ] [ 1 ] [ 1403 1436 1873 ] [    0    0    0 ] [      0      0      0 ] [ 0 ],drive [ 77 ] [ 0 ] [ 1377 1448 1873 ] [   71   43   20 ] [  11380   2811  10199 ] [ 0 ],1.00,1.00,1.00,1.00,3.13,92.16,0.00,0.00,0.00,0.00,0.00,0.00,0.00,0.00,0.00,0.00,0.00,0.00,-0.00,-0.00,0.00,0
1.53807,0,90,279,0,DRIVE [ 78 ] [ 1 ] [ 1427 1422 1873 ] [    0    0    0 ] [      0      0      0 ] [ 0 ],drive [ 78 ] [ 0 ] [ 1403 1436 1873 ] [   71   43   20 ] [  11380   2811  10199 ] [ 0 ],1.00,1.00,1.00,1.00,-0.44,90.49,0.00,0.00,0.00,0.00,0.00,0.00,0.00,0.00,0.00,0.00,0.00,0.00,0.00,-0.00,0.00,0
1.54942,-4,89,278,0,DRIVE [ 79 ] [ 1 ] [ 1450 1409 1873 ] [    0    0    0 ] [      0      0      0 ] [ 0 ],drive [ 78 ] [ 0 ] [ 1427 1422 1873 ] [   71   43   20 ] [  11380   2811  10199 ] [ 0 ],1.00,1.00,1.00,1.00,-3.85,89.00,0.00,0.00,0.00,0.00,0.00,0.00,0.00,0.00,0.00,0.00,0.00,0.00,0.00,-0.00,0.00,0
1.56126,-7,87,275,0,DRIVE [ 79 ] [ 1 ] [ 1473 1396 1873 ] [    0    0    0 ] [      0      0      0 ] [ 0 ],drive [ 79 ] [ 0 ] [ 1450 1409 1873 ] [   71   43   20 ] [  11373   2838  10108 ] [ 0 ],1.00,1.00,1.00,1.00,-7.08,86.90,0.00,0.00,0.00,0.00,0.00,0.00,0.00,0.00,0.00,0.00,0.00,0.00,0.00,-0.00,0.00,0
1.57308,-10,85,274,0,DRIVE [ 80 ] [ 1 ] [ 1495 1384 1873 ] [    0    0    0 ] [      0      0      0 ] [ 0 ],drive [ 79 ] [ 0 ] [ 1473 1396 1873 ] [   71   43   20 ] [  11373   2838  10108 ] [ 0 ],1.00,1.00,1.00,1.00,-10.25,85.37,0.00,0.00,0.00,0.00,0.00,0.00,0.00,0.00,0.00,0.00,0.00,0.00,0.00,-0.00,0.00,0
1.58655,-13,84,273,0,DRIVE [ 80 ] [ 1 ] [ 1517 1371 1873 ] [    0    0    0 ] [      0      0      0 ] [ 0 ],drive [ 80 ] [ 0 ] [ 1495 1384 1873 ] [   42   63   10 ] [  11373   2838  10108 ] [ 0 ],1.00,1.00,1.00,1.00,-13.36,83.57,0.00,0.00,0.00,0.00,0.00,0.00,0.00,0.00,0.00,0.00,0.00,0.00,0.00,-0.00,0.00,0
1.60366,-16,82,272,0,DRIVE [ 81 ] [ 1 ] [ 1538 1358 1873 ] [    0    0    0 ] [      0      0      0 ] [ 0 ],drive [ 80 ] [ 0 ] [ 1517 1371 1873 ] [   42   63   10 ] [  11373   2838  10108 ] [ 0 ],1.00,1.00,1.00,1.00,-16.37,81.78,0.00,0.00,0.00,0.00,0.00,0.00,0.00,0.00,0.00,0.00,0.00,0.00,0.00,-0.00,0.00,0
1.61563,-19,80,270,0,DRIVE [ 81 ] [ 1 ] [ 1559 1343 1873 ] [    0    0    0 ] [      0      0      0 ] [ 0 ],drive [ 81 ] [ 0 ] [ 1538 1358 1873 ] [   42   63   10 ] [  11307   3053  10063 ] [ 0 ],1.00,1.00,1.00,1.00,-19.42,80.04,0.00,0.00,0.00,0.00,0.00,0.00,0.00,0.00,0.00,0.00,0.00,0.00,0.00,-0.00,0.00,0
1.62725,-22,78,268,0,DRIVE [ 82 ] [ 1 ] [ 1578 1329 1873 ] [    0    0    0 ] [      0      0      0 ] [ 0 ],drive [ 81 ] [ 0 ] [ 1559 1343 1873 ] [   56   66   25 ] [  11307   3053  10063 ] [ 0 ],1.00,1.00,1.00,1.00,-22.24,78.20,0.00,0.00,0.00,0.00,0.00,0.00,0.00,0.00,0.00,0.00,0.00,0.00,0.00,-0.00,0.00,0
1.6388,-25,77,267,0,DRIVE [ 82 ] [ 1 ] [ 1597 1314 1873 ] [    0    0    0 ] [      0      0      0 ] [ 0 ],drive [ 82 ] [ 0 ] [ 1578 1329 1873 ] [   56   66   25 ] [  11307   3053  10063 ] [ 0 ],1.00,1.00,1.00,1.00,-24.99,76.54,0.00,0.00,0.00,0.00,0.00,0.00,0.00,0.00,0.00,0.00,0.00,0.00,0.00,-0.00,0.00,0
1.6524,-28,74,265,0,DRIVE [ 83 ] [ 1 ] [ 1620 1295 1873 ] [    0    0    0 ] [      0      0      0 ] [ 0 ],drive [ 82 ] [ 0 ] [ 1597 1314 1873 ] [   56   66   25 ] [  11307   3053  10063 ] [ 0 ],1.00,1.00,1.00,1.00,-28.37,74.30,0.00,0.00,0.00,0.00,0.00,0.00,0.00,0.00,0.00,0.00,0.00,0.00,0.00,-0.00,0.00,0
1.66468,-31,72,263,0,DRIVE [ 83 ] [ 1 ] [ 1641 1277 1873 ] [    0    0    0 ] [      0      0      0 ] [ 0 ],drive [ 83 ] [ 0 ] [ 1620 1295 1873 ] [   56   66   25 ] [  11198   3322   9997 ] [ 0 ],1.00,1.00,1.00,1.00,-31.31,71.98,0.00,0.00,0.00,0.00,0.00,0.00,0.00,0.00,0.00,0.00,0.00,0.00,0.00,-0.00,0.00,0
1.67654,-34,70,262,0,DRIVE [ 84 ] [ 1 ] [ 1661 1261 1873 ] [    0    0    0 ] [      0      0      0 ] [ 0 ],drive [ 83 ] [ 0 ] [ 1641 1277 1873 ] [   48   60    5 ] [  11198   3322   9997 ] [ 0 ],1.00,1.00,1.00,1.00,-34.10,70.06,0.00,0.00,0.00,0.00,0.00,0.00,0.00,0.00,0.00,0.00,0.00,0.00,0.00,-0.00,0.00,0
1.69013,-36,68,260,0,DRIVE [ 84 ] [ 1 ] [ 1679 1245 1873 ] [    0    0    0 ] [      0      0      0 ] [ 0 ],drive [ 84 ] [ 0 ] [ 1661 1261 1873 ] [   48   60    5 ] [  11198   3322   9997 ] [ 0 ],1.00,1.00,1.00,1.00,-36.37,67.92,0.00,0.00,0.00,0.00,0.00,0.00,0.00,0.00,0.00,0.00,0.00,0.00,0.00,-0.00,0.00,0
1.70249,-39,66,257,0,DRIVE [ 85 ] [ 1 ] [ 1695 1228 1873 ] [    0    0    0 ] [      0      0      0 ] [ 0 ],drive [ 84 ] [ 0 ] [ 1679 1245 1873 ] [   48   60    5 ] [  11198   3322   9997 ] [ 0 ],1.00,1.00,1.00,1.00,-38.51,65.98,0.00,0.00,0.00,0.00,0.00,0.00,0.00,0.00,0.00,0.00,0.00,0.00,0.00,0.00,0.00,0
1.71386,-41,64,256,0,DRIVE [ 85 ] [ 1 ] [ 1709 1211 1873 ] [    0    0    0 ] [      0      0      0 ] [ 0 ],drive [ 85 ] [ 0 ] [ 1695 1228 1873 ] [   48   60    5 ] [  10996   3500   9987 ] [ 0 ],1.00,1.00,1.00,1.00,-40.62,64.38,0.00,0.00,0.00,0.00,0.00,0.00,0.00,0.00,0.00,0.00,0.00,0.00,0.00,0.00,0.00,0
1.72545,-43,63,254,0,DRIVE [ 86 ] [ 1 ] [ 1723 1193 1873 ] [    0    0    0 ] [      0      0      0 ] [ 0 ],drive [ 85 ] [ 0 ] [ 1709 1211 1873 ] [   48   60    5 ] [  10996   3500   9987 ] [ 0 ],1.00,1.00,1.00,1.00,-42.63,62.99,0.00,0.00,0.00,0.00,0.00,0.00,0.00,0.00,0.00,0.00,0.00,0.00,0.00,0.00,0.00,0
1.73693,-45,62,252,0,DRIVE [ 86 ] [ 1 ] [ 1734 1173 1873 ] [    0    0    0 ] [      0      0      0 ] [ 0 ],drive [ 86 ] [ 0 ] [ 1723 1193 1873 ] [   21   68    4 ] [  10996   3500   9987 ] [ 0 ],1.00,1.00,1.00,1.00,-44.54,61.77,0.00,0.00,0.00,0.00,0.00,0.00,0.00,0.00,0.00,0.00,0.00,0.00,0.00,0.00,0.00,0
1.74831,-47,61,250,0,DRIVE [ 87 ] [ 1 ] [ 1746 1149 1873 ] [    0    0    0 ] [      0      0      0 ] [ 0 ],drive [ 86 ] [ 0 ] [ 1734 1173 1873 ] [   21   68    4 ] [  10996   3500   9987 ] [ 0 ],1.00,1.00,1.00,1.00,-46.80,61.05,0.00,0.00,0.00,0.00,0.00,0.00,0.00,0.00,0.00,0.00,0.00,0.00,0.00,0.00,0.00,0
1.75982,-48,60,248,0,DRIVE [ 87 ] [ 1 ] [ 1754 1129 1873 ] [    0    0    0 ] [      0      0      0 ] [ 0 ],drive [ 87 ] [ 0 ] [ 1746 1149 1873 ] [   21   68    4 ] [  10996   3500   9987 ] [ 0 ],1.00,1.00,1.00,1.00,-48.47,60.49,0.00,0.00,0.00,0.00,0.00,0.00,0.00,0.00,0.00,0.00,0.00,0.00,0.00,0.00,0.00,0
1.77121,-50,60,247,0,DRIVE [ 88 ] [ 1 ] [ 1760 1112 1873 ] [    0    0    0 ] [      0      0      0 ] [ 0 ],drive [ 87 ] [ 0 ] [ 1754 1129 1873 ] [   21   68    4 ] [  10557   3774   9992 ] [ 0 ],1.00,1.00,1.00,1.00,-49.78,59.99,0.00,0.00,0.00,0.00,0.00,0.00,0.00,0.00,0.00,0.00,0.00,0.00,0.00,0.00,0.00,0
1.7825,-51,60,245,0,DRIVE [ 88 ] [ 1 ] [ 1765 1097 1873 ] [    0    0    0 ] [      0      0      0 ] [ 0 ],drive [ 88 ] [ 0 ] [ 1760 1112 1873 ] [   29   96    5 ] [  10557   3774   9992 ] [ 0 ],1.00,1.00,1.00,1.00,-50.89,59.72,0.00,0.00,0.00,0.00,0.00,0.00,0.00,0.00,0.00,0.00,0.00,0.00,0.00,0.00,0.00,0
1.79417,-52,59,243,0,DRIVE [ 89 ] [ 1 ] [ 1769 1084 1873 ] [    0    0    0 ] [      0      0      0 ] [ 0 ],drive [ 88 ] [ 0 ] [ 1765 1097 1873 ] [   29   96    5 ] [  10557   3774   9992 ] [ 0 ],1.00,1.00,1.00,1.00,-51.60,59.20,0.00,0.00,0.00,0.00,0.00,0.00,0.00,0.00,0.00,0.00,0.00,0.00,0.00,0.00,0.00,0
1.8056,-52,59,241,0,DRIVE [ 89 ] [ 1 ] [ 1772 1073 1873 ] [    0    0    0 ] [      0      0      0 ] [ 0 ],drive [ 89 ] [ 0 ] [ 1769 1084 1873 ] [   29   96    5 ] [  10557   3774   9992 ] [ 0 ],1.00,1.00,1.00,1.00,-52.24,58.83,0.00,0.00,0.00,0.00,0.00,0.00,0.00,0.00,0.00,0.00,0.00,0.00,0.00,0.00,0.00,0
1.81657,-53,58,239,0,DRIVE [ 90 ] [ 1 ] [ 1776 1065 1873 ] [    0    0    0 ] [      0      0      0 ] [ 0 ],drive [ 89 ] [ 0 ] [ 1772 1073 1873 ] [   29   96    5 ] [  10469   4088   9971 ] [ 0 ],1.00,1.00,1.00,1.00,-52.58,58.24,0.00,0.00,0.00,0.00,0.00,0.00,0.00,0.00,0.00,0.00,0.00,0.00,0.00,0.00,0.00,0
1.82824,-53,58,238,0,DRIVE [ 90 ] [ 1 ] [ 1779 1056 1873 ] [    0    0    0 ] [      0      0      0 ] [ 0 ],drive [ 90 ] [ 0 ] [ 1776 1065 1873 ] [   25   98   13 ] [  10469   4088   9971 ] [ 0 ],1.00,1.00,1.00,1.00,-53.13,58.00,0.00,0.00,0.00,0.00,0.00,0.00,0.00,0.00,0.00,0.00,0.00,0.00,0.00,0.00,0.00,0
1.84057,-53,58,237,0,DRIVE [ 91 ] [ 1 ] [ 1780 1050 1873 ] [    0    0    0 ] [      0      0      0 ] [ 0 ],drive [ 90 ] [ 0 ] [ 1779 1056 1873 ] [   25   98   13 ] [  10469   4088   9971 ] [ 0 ],1.00,1.00,1.00,1.00,-53.46,57.81,0.00,0.00,0.00,0.00,0.00,0.00,0.00,0.00,0.00,0.00,0.00,0.00,0.00,0.00,0.00,0
1.85198,-54,58,236,0,DRIVE [ 91 ] [ 1 ] [ 1782 1042 1873 ] [    0    0    0 ] [      0      0      0 ] [ 0 ],drive [ 91 ] [ 0 ] [ 1780 1050 1873 ] [   25   98   13 ] [  10469   4088   9971 ] [ 0 ],1.00,1.00,1.00,1.00,-53.71,57.64,0.00,0.00,0.00,0.00,0.00,0.00,0.00,0.00,0.00,0.00,0.00,0.00,0.00,0.00,0.00,0
1.86324,-54,58,234,0,DRIVE [ 92 ] [ 1 ] [ 1781 1037 1873 ] [    0    0    0 ] [      0      0      0 ] [ 0 ],drive [ 91 ] [ 0 ] [ 1782 1042 1873 ] [   25   98   13 ] [  10244   4231   9946 ] [ 0 ],1.00,1.00,1.00,1.00,-53.68,57.56,0.00,0.00,0.00,0.00,0.00,0.00,0.00,0.00,0.00,0.00,0.00,0.00,0.00,0.00,0.00,0
1.87465,-53,57,232,0,DRIVE [ 92 ] [ 1 ] [ 1780 1035 1873 ] [    0    0    0 ] [      0      0      0 ] [ 0 ],drive [ 92 ] [ 0 ] [ 1781 1037 1873 ] [   25   98   13 ] [  10244   4231   9946 ] [ 0 ],1.00,1.00,1.00,1.00,-53.21,57.21,0.00,0.00,0.00,0.00,0.00,0.00,0.00,0.00,0.00,0.00,0.00,0.00,0.00,0.00,0.00,0
1.8857,-53,57,230,0,DRIVE [ 93 ] [ 1 ] [ 1779 1038 1873 ] [    0    0    0 ] [      0      0      0 ] [ 0 ],drive [ 92 ] [ 0 ] [ 1780 1035 1873 ] [   16   91   27 ] [  10244   4231   9946 ] [ 0 ],1.00,1.00,1.00,1.00,-52.63,56.92,0.00,0.00,0.00,0.00,0.00,0.00,0.00,0.00,0.00,0.00,0.00,0.00,0.00,0.00,0.00,0
1.89712,-52,57,229,0,DRIVE [ 93 ] [ 1 ] [ 1777 1044 1873 ] [    0    0    0 ] [      0      0      0 ] [ 0 ],drive [ 93 ] [ 0 ] [ 1779 1038 1873 ] [   16   91   27 ] [  10244   4231   9946 ] [ 0 ],1.00,1.00,1.00,1.00,-51.89,56.68,0.00,0.00,0.00,0.00,0.00,0.00,0.00,0.00,0.00,0.00,0.00,0.00,0.00,0.00,0.00,0
1.90864,-51,56,227,0,DRIVE [ 94 ] [ 1 ] [ 1775 1055 1873 ] [    0    0    0 ] [      0      0      0 ] [ 0 ],drive [ 93 ] [ 0 ] [ 1777 1044 1873 ] [   16   91   27 ] [  10244   4231   9946 ] [ 0 ],1.00,1.00,1.00,1.00,-50.61,56.01,0.00,0.00,0.00,0.00,0.00,0.00,0.00,0.00,0.00,0.00,0.00,0.00,0.00,0.00,0.00,0
1.91996,-49,55,225,0,DRIVE [ 94 ] [ 1 ] [ 1773 1067 1873 ] [    0    0    0 ] [      0      0      0 ] [ 0 ],drive [ 94 ] [ 0 ] [ 1775 1055 1873 ] [   16   91   27 ] [  10184   4423   9884 ] [ 0 ],1.00,1.00,1.00,1.00,-49.19,55.14,0.00,0.00,0.00,0.00,0.00,0.00,0.00,0.00,0.00,0.00,0.00,0.00,0.00,0.00,0.00,0
1.93097,-48,54,223,0,DRIVE [ 95 ] [ 1 ] [ 1771 1083 1873 ] [    0    0    0 ] [      0      0      0 ] [ 0 ],drive [ 94 ] [ 0 ] [ 1773 1067 1873 ] [   18   92    5 ] [  10184   4423   9884 ] [ 0 ],1.00,1.00,1.00,1.00,-47.59,54.12,0.00,0.00,0.00,0.00,0.00,0.00,0.00,0.00,0.00,0.00,0.00,0.00,0.00,-0.00,0.00,0
1.94237,-46,53,222,0,DRIVE [ 95 ] [ 1 ] [ 1769 1102 1873 ] [    0    0    0 ] [      0      0      0 ] [ 0 ],drive [ 95 ] [ 0 ] [ 1771 1083 1873 ] [   18   92    5 ] [  10184   4423   9884 ] [ 0 ],1.00,1.00,1.00,1.00,-45.96,53.16,0.00,0.00,0.00,0.00,0.00,0.00,0.00,0.00,0.00,0.00,0.00,0.00,0.00,-0.00,0.00,0
1.95444,-44,52,221,0,DRIVE [ 96 ] [ 1 ] [ 1767 1121 1873 ] [    0    0    0 ] [      0      0      0 ] [ 0 ],drive [ 95 ] [ 0 ] [ 1769 1102 1873 ] [   18   92    5 ] [  10184   4423   9884 ] [ 0 ],1.00,1.00,1.00,1.00,-44.20,52.12,0.00,0.00,0.00,0.00,0.00,0.00,0.00,0.00,0.00,0.00,0.00,0.00,0.00,-0.00,0.00,0
1.96514,-42,51,219,0,DRIVE [ 96 ] [ 1 ] [ 1765 1141 1873 ] [    0    0    0 ] [      0      0      0 ] [ 0 ],drive [ 96 ] [ 0 ] [ 1767 1121 1873 ] [   18   92    5 ] [  10168   4434   9886 ] [ 0 ],1.00,1.00,1.00,1.00,-42.39,51.01,0.00,0.00,0.00,0.00,0.00,0.00,0.00,0.00,0.00,0.00,0.00,0.00,0.00,-0.00,0.00,0
1.97636,-41,50,217,0,DRIVE [ 97 ] [ 1 ] [ 1763 1160 1873 ] [    0    0    0 ] [      0      0      0 ] [ 0 ],drive [ 96 ] [ 0 ] [ 1765 1141 1873 ] [   27   87    5 ] [  10168   4434   9886 ] [ 0 ],1.00,1.00,1.00,1.00,-40.62,49.90,0.00,0.00,0.00,0.00,0.00,0.00,0.00,0.00,0.00,0.00,0.00,0.00,0.00,-0.00,0.00,0
1.98744,-39,49,215,0,DRIVE [ 97 ] [ 1 ] [ 1761 1181 1873 ] [    0    0    0 ] [      0      0      0 ] [ 0 ],drive [ 97 ] [ 0 ] [ 1763 1160 1873 ] [   27   87    5 ] [  10168   4434   9886 ] [ 0 ],1.00,1.00,1.00,1.00,-38.83,48.75,0.00,0.00,0.00,0.00,0.00,0.00,0.00,0.00,0.00,0.00,0.00,0.00,0.00,-0.00,0.00,0
1.99817,-37,48,215,0,DRIVE [ 98 ] [ 1 ] [ 1759 1204 1873 ] [    0    0    0 ] [      0      0      0 ] [ 0 ],drive [ 97 ] [ 0 ] [ 1761 1181 1873 ] [   27   87    5 ] [  10168   4434   9886 ] [ 0 ],1.00,1.00,1.00,1.00,-37.12,47.72,0.00,0.00,0.00,0.00,0.00,0.00,0.00,0.00,0.00,0.00,0.00,0.00,0.00,-0.00,0.00,0
2.00943,-35,46,213,0,DRIVE [ 98 ] [ 1 ] [ 1759 1229 1873 ] [    0    0    0 ] [      0      0      0 ] [ 0 ],drive [ 98 ] [ 0 ] [ 1759 1204 1873 ] [   27   87    5 ] [  10168   4434   9886 ] [ 0 ],1.00,1.00,1.00,1.00,-35.13,46.24,0.00,0.00,0.00,0.00,0.00,0.00,0.00,0.00,0.00,0.00,0.00,0.00,0.00,-0.00,0.00,0
2.02059,-33,45,211,0,DRIVE [ 99 ] [ 1 ] [ 1758 1256 1873 ] [    0    0    0 ] [      0      0      0 ] [ 0 ],drive [ 98 ] [ 0 ] [ 1759 1229 1873 ] [   27   87    5 ] [  10167   4434   9884 ] [ 0 ],1.00,1.00,1.00,1.00,-33.10,44.74,0.00,0.00,0.00,0.00,0.00,0.00,0.00,0.00,0.00,0.00,0.00,0.00,0.00,-0.00,0.00,0
2.03119,-31,43,209,0,DRIVE [ 99 ] [ 1 ] [ 1757 1284 1873 ] [    0    0    0 ] [      0      0      0 ] [ 0 ],drive [ 99 ] [ 0 ] [ 1758 1256 1873 ] [   27   77    4 ] [  10167   4434   9884 ] [ 0 ],1.00,1.00,1.00,1.00,-30.86,42.97,0.00,0.00,0.00,0.00,0.00,0.00,0.00,0.00,0.00,0.00,0.00,0.00,0.00,-0.00,0.00,0
2.04233,-29,41,207,0,DRIVE [ 00 ] [ 1 ] [ 1756 1315 1873 ] [    0    0    0 ] [      0      0      0 ] [ 0 ],drive [ 99 ] [ 0 ] [ 1757 1284 1873 ] [   27   77    4 ] [  10167   4434   9884 ] [ 0 ],1.00,1.00,1.00,1.00,-28.64,41.33,0.00,0.00,0.00,0.00,0.00,-0.00,0.00,0.00,0.00,0.00,0.00,0.00,0.00,-0.00,0.00,0
2.05325,-26,40,206,0,DRIVE [ 00 ] [ 1 ] [ 1755 1346 1873 ] [    0    0    0 ] [      0      0      0 ] [ 0 ],drive [ 00 ] [ 0 ] [ 1756 1315 1873 ] [   27   77    4 ] [  10167   4434   9884 ] [ 0 ],1.00,1.00,1.00,1.00,-26.39,39.78,0.00,0.00,0.00,0.00,0.00,-0.00,0.00,0.00,0.00,0.00,0.00,0.00,0.00,-0.00,0.00,0
2.06401,-24,38,204,0,DRIVE [ 01 ] [ 1 ] [ 1752 1378 1873 ] [    0    0    0 ] [      0      0      0 ] [ 0 ],drive [ 00 ] [ 0 ] [ 1755 1346 1873 ] [   27   77    4 ] [  10165   4427   9884 ] [ 0 ],1.00,1.00,1.00,1.00,-24.01,38.14,0.00,0.00,0.00,0.00,0.00,-0.00,0.00,0.00,0.00,0.00,0.00,0.00,0.00,-0.00,0.00,0
2.07512,-22,37,201,0,DRIVE [ 01 ] [ 1 ] [ 1749 1410 1873 ] [    0    0    0 ] [      0      0      0 ] [ 0 ],drive [ 01 ] [ 0 ] [ 1752 1378 1873 ] [   27   77    4 ] [  10165   4427   9884 ] [ 0 ],1.00,1.00,1.00,1.00,-21.56,36.61,0.00,0.00,0.00,0.00,0.00,-0.00,0.00,0.00,0.00,0.00,0.00,0.00,0.00,-0.00,0.00,0
2.08705,-19,35,199,0,DRIVE [ 02 ] [ 1 ] [ 1745 1441 1873 ] [    0    0    0 ] [      0      0      0 ] [ 0 ],drive [ 01 ] [ 0 ] [ 1749 1410 1873 ] [   27   59    4 ] [  10165   4427   9884 ] [ 0 ],1.00,1.00,1.00,1.00,-19.23,35.30,0.00,0.00,0.00,0.00,0.00,-0.00,0.00,0.00,0.00,0.00,0.00,0.00,0.00,-0.00,0.00,0
2.09851,-17,34,198,0,DRIVE [ 02 ] [ 1 ] [ 1739 1472 1873 ] [    0    0    0 ] [      0      0      0 ] [ 0 ],drive [ 02 ] [ 0 ] [ 1745 1441 1873 ] [   27   59    4 ] [  10165   4427   9884 ] [ 0 ],1.00,1.00,1.00,1.00,-16.89,34.13,0.00,0.00,0.00,0.00,0.00,-0.00,0.00,0.00,0.00,0.00,0.00,0.00,0.00,-0.00,0.00,0
2.10956,-15,33,195,0,DRIVE [ 03 ] [ 1 ] [ 1734 1502 1873 ] [    0    0    0 ] [      0      0      0 ] [ 0 ],drive [ 02 ] [ 0 ] [ 1739 1472 1873 ] [   27   59    4 ] [  10165   4427   9884 ] [ 0 ],1.00,1.00,1.00,1.00,-14.57,32.91,0.00,0.00,0.00,0.00,0.00,-0.00,0.00,0.00,0.00,0.00,0.00,0.00,0.00,-0.00,0.00,0
2.12043,-12,32,193,0,DRIVE [ 03 ] [ 1 ] [ 1727 1530 1873 ] [    0    0    0 ] [      0      0      0 ] [ 0 ],drive [ 03 ] [ 0 ] [ 1734 1502 1873 ] [   27   59    4 ] [  10165   4402   9884 ] [ 0 ],1.00,1.00,1.00,1.00,-12.29,31.73,0.00,0.00,0.00,0.00,0.00,-0.00,0.00,0.00,0.00,0.00,0.00,0.00,0.00,-0.00,0.00,0
2.13115,-10,31,191,0,DRIVE [ 04 ] [ 1 ] [ 1721 1558 1873 ] [    0    0    0 ] [      0      0      0 ] [ 0 ],drive [ 03 ] [ 0 ] [ 1727 1530 1873 ] [   29   56    4 ] [  10165   4402   9884 ] [ 0 ],1.00,1.00,1.00,1.00,-10.06,30.65,0.00,0.00,0.00,0.00,0.00,-0.00,0.00,0.00,0.00,0.00,0.00,0.00,0.00,-0.00,0.00,0
2.14207,-8,30,188,0,DRIVE [ 04 ] [ 1 ] [ 1713 1584 1873 ] [    0    0    0 ] [      0      0      0 ] [ 0 ],drive [ 04 ] [ 0 ] [ 1721 1558 1873 ] [   29   56    4 ] [  10165   4402   9884 ] [ 0 ],1.00,1.00,1.00,1.00,-7.93,29.53,0.00,0.00,0.00,0.00,0.00,-0.00,0.00,0.00,0.00,0.00,0.00,0.00,0.00,-0.00,0.00,0
2.15235,-6,29,186,0,DRIVE [ 05 ] [ 1 ] [ 1705 1609 1873 ] [    0    0    0 ] [      0      0      0 ] [ 0 ],drive [ 04 ] [ 0 ] [ 1713 1584 1873 ] [   29   56    4 ] [  10165   4402   9884 ] [ 0 ],1.00,1.00,1.00,1.00,-5.80,28.54,0.00,0.00,0.00,0.00,0.00,-0.00,0.00,0.00,0.00,0.00,0.00,0.00,0.00,-0.00,0.00,0
2.16337,-4,28,184,0,DRIVE [ 05 ] [ 1 ] [ 1694 1634 1873 ] [    0    0    0 ] [      0      0      0 ] [ 0 ],drive [ 05 ] [ 0 ] [ 1705 1609 1873 ] [   29   56    4 ] [  10168   4363   9884 ] [ 0 ],1.00,1.00,1.00,1.00,-3.64,27.72,0.00,0.00,0.00,0.00,0.00,-0.00,0.00,0.00,0.00,0.00,0.00,0.00,0.00,-0.00,0.00,0
2.17561,-1,27,182,0,DRIVE [ 06 ] [ 1 ] [ 1681 1657 1873 ] [    0    0    0 ] [      0      0      0 ] [ 0 ],drive [ 05 ] [ 0 ] [ 1694 1634 1873 ] [   29   56    4 ] [  10168   4363   9884 ] [ 0 ],1.00,1.00,1.00,1.00,-1.41,26.95,0.00,0.00,0.00,0.00,0.00,-0.00,0.00,0.00,0.00,0.00,0.00,0.00,0.00,-0.00,0.00,0
2.18692,1,26,179,0,DRIVE [ 06 ] [ 1 ] [ 1665 1678 1873 ] [    0    0    0 ] [      0      0      0 ] [ 0 ],drive [ 06 ] [ 0 ] [ 1681 1657 1873 ] [   30   46    5 ] [  10168   4363   9884 ] [ 0 ],1.00,1.00,1.00,1.00,0.79,26.25,0.00,0.00,0.00,0.00,0.00,-0.00,0.00,0.00,0.00,0.00,0.00,0.00,-0.00,-0.00,0.00,0
2.1982,3,26,177,0,DRIVE [ 07 ] [ 1 ] [ 1646 1697 1873 ] [    0    0    0 ] [      0      0      0 ] [ 0 ],drive [ 06 ] [ 0 ] [ 1665 1678 1873 ] [   30   46    5 ] [  10168   4363   9884 ] [ 0 ],1.00,1.00,1.00,1.00,3.03,25.78,0.00,0.00,0.00,0.00,0.00,-0.00,0.00,0.00,0.00,0.00,0.00,0.00,-0.00,-0.00,0.00,0
2.21112,5,25,175,0,DRIVE [ 07 ] [ 1 ] [ 1623 1713 1873 ] [    0    0    0 ] [      0      0      0 ] [ 0 ],drive [ 07 ] [ 0 ] [ 1646 1697 1873 ] [   30   46    5 ] [  10168   4363   9884 ] [ 0 ],1.00,1.00,1.00,1.00,5.19,25.48,0.00,0.00,0.00,0.00,0.00,-0.00,0.00,0.00,0.00,0.00,0.00,0.00,-0.00,-0.00,0.00,0
2.22209,7,25,172,0,DRIVE [ 08 ] [ 1 ] [ 1596 1726 1873 ] [    0    0    0 ] [      0      0      0 ] [ 0 ],drive [ 07 ] [ 0 ] [ 1623 1713 1873 ] [   30   46    5 ] [  10169   4158   9891 ] [ 0 ],1.00,1.00,1.00,1.00,7.31,25.41,0.00,0.00,0.00,0.00,0.00,-0.00,0.00,0.00,0.00,0.00,0.00,0.00,-0.00,-0.00,0.00,0
2.23314,9,26,170,0,DRIVE [ 08 ] [ 1 ] [ 1566 1737 1873 ] [    0    0    0 ] [      0      0      0 ] [ 0 ],drive [ 08 ] [ 0 ] [ 1596 1726 1873 ] [   35   35    8 ] [  10169   4158   9891 ] [ 0 ],1.00,1.00,1.00,1.00,9.40,25.58,0.00,0.00,0.00,0.00,0.00,-0.00,0.00,0.00,0.00,0.00,0.00,0.00,-0.00,-0.00,0.00,0
2.24449,11,26,168,0,DRIVE [ 09 ] [ 1 ] [ 1533 1746 1873 ] [    0    0    0 ] [      0      0      0 ] [ 0 ],drive [ 08 ] [ 0 ] [ 1566 1737 1873 ] [   35   35    8 ] [  10169   4158   9891 ] [ 0 ],1.00,1.00,1.00,1.00,11.46,25.86,0.00,0.00,0.00,0.00,0.00,-0.00,0.00,0.00,0.00,0.00,0.00,0.00,-0.00,-0.00,0.00,0
2.25521,13,26,165,0,DRIVE [ 09 ] [ 1 ] [ 1498 1754 1873 ] [    0    0    0 ] [      0      0      0 ] [ 0 ],drive [ 09 ] [ 0 ] [ 1533 1746 1873 ] [   35   35    8 ] [  10169   4158   9891 ] [ 0 ],1.00,1.00,1.00,1.00,13.46,26.22,0.00,0.00,0.00,0.00,0.00,-0.00,0.00,0.00,0.00,0.00,0.00,0.00,0.00,0.00,0.00,0
2.2669,15,27,163,0,DRIVE [ 10 ] [ 1 ] [ 1460 1761 1873 ] [    0    0    0 ] [      0      0      0 ] [ 0 ],drive [ 09 ] [ 0 ] [ 1498 1754 1873 ] [   35   35    8 ] [  10182   4061   9891 ] [ 0 ],1.00,1.00,1.00,1.00,15.47,26.63,0.00,0.00,0.00,0.00,0.00,-0.00,0.00,0.00,0.00,0.00,0.00,0.00,0.00,0.00,0.00,0
2.2773,17,27,160,0,DRIVE [ 10 ] [ 1 ] [ 1420 1768 1873 ] [    0    0    0 ] [      0      0      0 ] [ 0 ],drive [ 10 ] [ 0 ] [ 1460 1761 1873 ] [   40   39    8 ] [  10182   4061   9891 ] [ 0 ],1.00,1.00,1.00,1.00,17.50,27.03,0.00,0.00,0.00,0.00,0.00,-0.00,0.00,0.00,0.00,0.00,0.00,0.00,0.00,0.00,0.00,0
2.28799,19,27,158,0,DRIVE [ 11 ] [ 1 ] [ 1379 1775 1873 ] [    0    0    0 ] [      0      0      0 ] [ 0 ],drive [ 10 ] [ 0 ] [ 1420 1768 1873 ] [   40   39    8 ] [  10182   4061   9891 ] [ 0 ],1.00,1.00,1.00,1.00,19.47,27.41,0.00,0.00,0.00,0.00,0.00,-0.00,0.00,0.00,0.00,0.00,0.00,0.00,0.00,0.00,0.00,0
2.29826,21,28,156,0,DRIVE [ 11 ] [ 1 ] [ 1338 1781 1873 ] [    0    0    0 ] [      0      0      0 ] [ 0 ],drive [ 11 ] [ 0 ] [ 1379 1775 1873 ] [   40   39    8 ] [  10182   4061   9891 ] [ 0 ],1.00,1.00,1.00,1.00,21.36,27.81,0.00,0.00,0.00,0.00,0.00,-0.00,0.00,0.00,0.00,0.00,0.00,0.00,0.00,0.00,0.00,0
2.30898,23,28,153,0,DRIVE [ 12 ] [ 1 ] [ 1297 1787 1873 ] [    0    0    0 ] [      0      0      0 ] [ 0 ],drive [ 11 ] [ 0 ] [ 1338 1781 1873 ] [   40   39    8 ] [  10182   4061   9891 ] [ 0 ],1.00,1.00,1.00,1.00,23.13,28.20,0.00,0.00,0.00,0.00,0.00,-0.00,0.00,0.00,0.00,0.00,0.00,0.00,0.00,0.00,0.00,0
2.31934,25,29,151,0,DRIVE [ 12 ] [ 1 ] [ 1257 1793 1873 ] [    0    0    0 ] [      0      0      0 ] [ 0 ],drive [ 12 ] [ 0 ] [ 1297 1787 1873 ] [   40   39    8 ] [  10271   3868   9892 ] [ 0 ],1.00,1.00,1.00,1.00,24.78,28.54,0.00,0.00,0.00,0.00,0.00,0.00,0.00,0.00,0.00,0.00,0.00,0.00,0.00,0.00,0.00,0
2.3294,26,29,149,0,DRIVE [ 13 ] [ 1 ] [ 1218 1798 1873 ] [    0    0    0 ] [      0      0      0 ] [ 0 ],drive [ 12 ] [ 0 ] [ 1257 1793 1873 ] [   71   30    8 ] [  10271   3868   9892 ] [ 0 ],1.00,1.00,1.00,1.00,26.33,28.95,0.00,0.00,0.00,0.00,0.00,0.00,0.00,0.00,0.00,0.00,0.00,0.00,0.00,0.00,0.00,0
2.34003,28,29,147,0,DRIVE [ 13 ] [ 1 ] [ 1180 1802 1873 ] [    0    0    0 ] [      0      0      0 ] [ 0 ],drive [ 13 ] [ 0 ] [ 1218 1798 1873 ] [   71   30    8 ] [  10271   3868   9892 ] [ 0 ],1.00,1.00,1.00,1.00,27.76,29.24,0.00,0.00,0.00,0.00,0.00,0.00,0.00,0.00,0.00,0.00,0.00,0.00,0.00,0.00,0.00,0
2.35022,29,29,144,0,DRIVE [ 14 ] [ 1 ] [ 1145 1808 1873 ] [    0    0    0 ] [      0      0      0 ] [ 0 ],drive [ 13 ] [ 0 ] [ 1180 1802 1873 ] [   71   30    8 ] [  10271   3868   9892 ] [ 0 ],1.00,1.00,1.00,1.00,29.04,29.42,0.00,0.00,0.00,0.00,0.00,0.00,0.00,0.00,0.00,0.00,0.00,0.00,0.00,0.00,0.00,0
2.36189,30,30,142,0,DRIVE [ 14 ] [ 1 ] [ 1113 1812 1873 ] [    0    0    0 ] [      0      0      0 ] [ 0 ],drive [ 14 ] [ 0 ] [ 1145 1808 1873 ] [   71   30    8 ] [  10727   3648   9892 ] [ 0 ],1.00,1.00,1.00,1.00,30.11,29.57,0.00,0.00,0.00,0.00,0.00,0.00,0.00,0.00,0.00,0.00,0.00,0.00,0.00,0.00,0.00,0
2.37378,31,30,140,0,DRIVE [ 15 ] [ 1 ] [ 1084 1816 1873 ] [    0    0    0 ] [      0      0      0 ] [ 0 ],drive [ 14 ] [ 0 ] [ 1113 1812 1873 ] [   71   30    8 ] [  10727   3648   9892 ] [ 0 ],1.00,1.00,1.00,1.00,31.00,29.65,0.00,0.00,0.00,0.00,0.00,0.00,0.00,0.00,0.00,0.00,0.00,0.00,0.00,0.00,0.00,0
2.38455,32,30,139,0,DRIVE [ 15 ] [ 1 ] [ 1058 1819 1873 ] [    0    0    0 ] [      0      0      0 ] [ 0 ],drive [ 15 ] [ 0 ] [ 1084 1816 1873 ] [   78   25    7 ] [  10727   3648   9892 ] [ 0 ],1.00,1.00,1.00,1.00,31.81,29.72,0.00,0.00,0.00,0.00,0.00,0.00,0.00,0.00,0.00,0.00,0.00,0.00,0.00,0.00,0.00,0
2.3949,32,30,137,0,DRIVE [ 16 ] [ 1 ] [ 1034 1823 1873 ] [    0    0    0 ] [      0      0      0 ] [ 0 ],drive [ 15 ] [ 0 ] [ 1058 1819 1873 ] [   78   25    7 ] [  10727   3648   9892 ] [ 0 ],1.00,1.00,1.00,1.00,32.45,29.69,0.00,0.00,0.00,0.00,0.00,0.00,0.00,0.00,0.00,0.00,0.00,0.00,0.00,0.00,0.00,0
2.40538,33,30,135,0,DRIVE [ 16 ] [ 1 ] [ 1025 1826 1873 ] [    0    0    0 ] [      0      0      0 ] [ 0 ],drive [ 16 ] [ 0 ] [ 1034 1823 1873 ] [   78   25    7 ] [  10727   3648   9892 ] [ 0 ],1.00,1.00,1.00,1.00,33.04,29.65,0.00,0.00,0.00,0.00,0.00,0.00,0.00,0.00,0.00,0.00,0.00,0.00,0.00,0.00,0.00,0
2.41551,34,30,134,0,DRIVE [ 17 ] [ 1 ] [ 1025 1830 1873 ] [    0    0    0 ] [      0      0      0 ] [ 0 ],drive [ 16 ] [ 0 ] [ 1025 1826 1873 ] [   78   25    7 ] [  11134   3525   9883 ] [ 0 ],1.00,1.00,1.00,1.00,33.56,29.50,0.00,0.00,0.00,0.00,0.00,0.00,0.00,0.00,0.00,0.00,0.00,0.00,0.00,0.00,0.00,0
2.42608,34,29,132,0,DRIVE [ 17 ] [ 1 ] [ 1025 1835 1873 ] [    0    0    0 ] [      0      0      0 ] [ 0 ],drive [ 17 ] [ 0 ] [ 1025 1830 1873 ] [   84   10    4 ] [  11134   3525   9883 ] [ 0 ],1.00,1.00,1.00,1.00,33.99,29.23,0.00,0.00,0.00,0.00,0.00,0.00,0.00,0.00,0.00,0.00,0.00,0.00,0.00,0.00,0.00,0
2.43622,34,29,130,0,DRIVE [ 18 ] [ 1 ] [ 1025 1840 1873 ] [    0    0    0 ] [      0      0      0 ] [ 0 ],drive [ 17 ] [ 0 ] [ 1025 1835 1873 ] [   84   10    4 ] [  11134   3525   9883 ] [ 0 ],1.00,1.00,1.00,1.00,34.34,28.89,0.00,0.00,0.00,0.00,0.00,0.00,0.00,0.00,0.00,0.00,0.00,0.00,0.00,0.00,0.00,0
2.44615,34,28,129,0,DRIVE [ 18 ] [ 1 ] [ 1025 1844 1873 ] [    0    0    0 ] [      0      0      0 ] [ 0 ],drive [ 18 ] [ 0 ] [ 1025 1840 1873 ] [   84   10    4 ] [  11134   3525   9883 ] [ 0 ],1.00,1.00,1.00,1.00,34.49,28.46,0.00,0.00,0.00,0.00,0.00,0.00,0.00,0.00,0.00,0.00,0.00,0.00,0.00,0.00,0.00,0
2.45664,34,28,127,0,DRIVE [ 19 ] [ 1 ] [ 1025 1847 1873 ] [    0    0    0 ] [      0      0      0 ] [ 0 ],drive [ 18 ] [ 0 ] [ 1025 1844 1873 ] [   84   10    4 ] [  11134   3525   9883 ] [ 0 ],1.00,1.00,1.00,1.00,34.37,28.04,0.00,0.00,0.00,0.00,0.00,0.00,0.00,0.00,0.00,0.00,0.00,0.00,0.00,0.00,0.00,0
2.46675,34,28,126,0,DRIVE [ 19 ] [ 1 ] [ 1025 1849 1873 ] [    0    0    0 ] [      0      0      0 ] [ 0 ],drive [ 19 ] [ 0 ] [ 1025 1847 1873 ] [   84   10    4 ] [  11605   3318   9871 ] [ 0 ],1.00,1.00,1.00,1.00,34.01,27.58,0.00,0.00,0.00,0.00,0.00,0.00,0.00,0.00,0.00,0.00,0.00,0.00,0.00,0.00,0.00,0
2.47656,34,27,125,0,DRIVE [ 20 ] [ 1 ] [ 1025 1850 1873 ] [    0    0    0 ] [      0      0      0 ] [ 0 ],drive [ 19 ] [ 0 ] [ 1025 1849 1873 ] [  100    7   12 ] [  11605   3318   9871 ] [ 0 ],1.00,1.00,1.00,1.00,33.58,27.09,0.00,0.00,0.00,0.00,0.00,0.00,0.00,0.00,0.00,0.00,0.00,0.00,0.00,0.00,0.00,0
2.48684,33,26,123,0,DRIVE [ 20 ] [ 1 ] [ 1025 1853 1873 ] [    0    0    0 ] [      0      0      0 ] [ 0 ],drive [ 20 ] [ 0 ] [ 1025 1850 1873 ] [  100    7   12 ] [  11605   3318   9871 ] [ 0 ],1.00,1.00,1.00,1.00,33.19,26.49,0.00,0.00,0.00,0.00,0.00,0.00,0.00,0.00,0.00,0.00,0.00,0.00,0.00,0.00,0.00,0
2.4966,33,26,122,0,DRIVE [ 21 ] [ 1 ] [ 1025 1857 1873 ] [    0    0    0 ] [      0      0      0 ] [ 0 ],drive [ 20 ] [ 0 ] [ 1025 1853 1873 ] [  100    7   12 ] [  11605   3318   9871 ] [ 0 ],1.00,1.00,1.00,1.00,32.86,25.76,0.00,0.00,0.00,0.00,0.00,0.00,0.00,0.00,0.00,0.00,0.00,0.00,0.00,0.00,0.00,0
2.50726,32,25,121,0,DRIVE [ 21 ] [ 1 ] [ 1025 1863 1873 ] [    0    0    0 ] [      0      0      0 ] [ 0 ],drive [ 21 ] [ 0 ] [ 1025 1857 1873 ] [  100    7   12 ] [  11605   3318   9871 ] [ 0 ],1.00,1.00,1.00,1.00,32.50,24.94,0.00,0.00,0.00,0.00,0.00,0.00,0.00,0.00,0.00,0.00,0.00,0.00,0.00,0.00,0.00,0
2.51758,32,24,120,0,DRIVE [ 22 ] [ 1 ] [ 1025 1869 1873 ] [    0    0    0 ] [      0      0      0 ] [ 0 ],drive [ 21 ] [ 0 ] [ 1025 1863 1873 ] [  100    7   12 ] [  11738   3192   9793 ] [ 0 ],1.00,1.00,1.00,1.00,32.01,23.98,0.00,0.00,0.00,0.00,0.00,0.00,0.00,0.00,0.00,0.00,0.00,0.00,0.00,0.00,0.00,0
2.52748,31,23,118,0,DRIVE [ 22 ] [ 1 ] [ 1025 1875 1873 ] [    0    0    0 ] [      0      0      0 ] [ 0 ],drive [ 22 ] [ 0 ] [ 1025 1869 1873 ] [  103   10    5 ] [  11738   3192   9793 ] [ 0 ],1.00,1.00,1.00,1.00,31.34,22.92,0.00,0.00,0.00,0.00,0.00,0.00,0.00,0.00,0.00,0.00,0.00,0.00,0.00,0.00,0.00,0
2.53781,31,22,117,0,DRIVE [ 23 ] [ 1 ] [ 1025 1881 1873 ] [    0    0    0 ] [      0      0      0 ] [ 0 ],drive [ 22 ] [ 0 ] [ 1025 1875 1873 ] [  103   10    5 ] [  11738   3192   9793 ] [ 0 ],1.00,1.00,1.00,1.00,30.53,21.71,0.00,0.00,0.00,0.00,0.00,0.00,0.00,0.00,0.00,0.00,0.00,0.00,0.00,0.00,0.00,0
2.54817,30,20,116,0,DRIVE [ 23 ] [ 1 ] [ 1025 1881 1881 ] [    0    0    0 ] [      0      0      0 ] [ 0 ],drive [ 23 ] [ 0 ] [ 1025 1881 1873 ] [  103   10    5 ] [  11738   3192   9793 ] [ 0 ],1.00,1.00,1.00,1.00,29.61,20.36,0.00,0.00,0.00,0.00,0.00,0.00,0.00,0.00,0.00,0.00,0.00,0.00,0.00,0.00,0.00,0
2.56053,29,19,115,0,DRIVE [ 24 ] [ 1 ] [ 1050 1881 1874 ] [    0    0    0 ] [      0      0      0 ] [ 0 ],drive [ 23 ] [ 0 ] [ 1025 1881 1881 ] [  103   10    5 ] [  11738   3192   9793 ] [ 0 ],1.00,1.00,1.00,1.00,28.56,18.87,0.00,0.00,0.00,0.00,0.00,0.00,0.00,0.00,0.00,0.00,0.00,0.00,-0.00,-0.00,0.00,0
2.57231,27,17,115,0,DRIVE [ 24 ] [ 1 ] [ 1095 1881 1867 ] [    0    0    0 ] [      0      0      0 ] [ 0 ],drive [ 24 ] [ 0 ] [ 1050 1881 1874 ] [  103   10    5 ] [  12086   3099   9608 ] [ 0 ],1.00,1.00,1.00,1.00,27.42,17.26,0.00,0.00,0.00,0.00,0.00,0.00,0.00,0.00,0.00,0.00,0.00,0.00,-0.00,-0.00,0.00,0
2.58457,26,16,114,0,DRIVE [ 25 ] [ 1 ] [ 1145 1881 1859 ] [    0    0    0 ] [      0      0      0 ] [ 0 ],drive [ 24 ] [ 0 ] [ 1095 1881 1867 ] [   84   23    5 ] [  12086   3099   9608 ] [ 0 ],1.00,1.00,1.00,1.00,26.16,15.54,0.00,0.00,0.00,0.00,0.00,0.00,0.00,0.00,0.00,0.00,0.00,0.00,-0.00,-0.00,0.00,0
2.59464,25,14,113,0,DRIVE [ 25 ] [ 1 ] [ 1198 1881 1851 ] [    0    0    0 ] [      0      0      0 ] [ 0 ],drive [ 25 ] [ 0 ] [ 1145 1881 1859 ] [   84   23    5 ] [  12086   3099   9608 ] [ 0 ],1.00,1.00,1.00,1.00,24.77,13.81,0.00,0.00,0.00,0.00,0.00,0.00,0.00,0.00,0.00,0.00,0.00,0.00,-0.00,-0.00,0.00,0
2.60544,23,12,112,0,DRIVE [ 26 ] [ 1 ] [ 1254 1881 1843 ] [    0    0    0 ] [      0      0      0 ] [ 0 ],drive [ 25 ] [ 0 ] [ 1198 1881 1851 ] [   84   23    5 ] [  12086   3099   9608 ] [ 0 ],1.00,1.00,1.00,1.00,23.29,12.00,0.00,0.00,0.00,0.00,0.00,0.00,0.00,0.00,0.00,0.00,0.00,0.00,-0.00,-0.00,0.00,0
2.61645,22,10,112,0,DRIVE [ 26 ] [ 1 ] [ 1311 1881 1836 ] [    0    0    0 ] [      0      0      0 ] [ 0 ],drive [ 26 ] [ 0 ] [ 1254 1881 1843 ] [   84   23    5 ] [  12496   2953   9438 ] [ 0 ],1.00,1.00,1.00,1.00,21.82,10.25,0.00,0.00,0.00,0.00,0.00,0.00,0.00,0.00,0.00,0.00,0.00,0.00,-0.00,-0.00,0.00,0
2.62844,20,9,111,0,DRIVE [ 27 ] [ 1 ] [ 1363 1881 1828 ] [    0    0    0 ] [      0      0      0 ] [ 0 ],drive [ 26 ] [ 0 ] [ 1311 1881 1836 ] [   65   10    7 ] [  12496   2953   9438 ] [ 0 ],1.00,1.00,1.00,1.00,20.48,8.56,0.00,0.00,0.00,0.00,0.00,0.00,0.00,0.00,0.00,0.00,0.00,0.00,-0.00,-0.00,0.00,0
2.64048,19,7,110,0,DRIVE [ 27 ] [ 1 ] [ 1410 1881 1819 ] [    0    0    0 ] [      0      0      0 ] [ 0 ],drive [ 27 ] [ 0 ] [ 1363 1881 1828 ] [   65   10    7 ] [  12496   2953   9438 ] [ 0 ],1.00,1.00,1.00,1.00,19.30,6.93,0.00,0.00,0.00,0.00,0.00,0.00,0.00,0.00,0.00,0.00,0.00,0.00,-0.00,-0.00,0.00,0
2.65129,18,5,109,0,DRIVE [ 28 ] [ 1 ] [ 1455 1881 1809 ] [    0    0    0 ] [      0      0      0 ] [ 0 ],drive [ 27 ] [ 0 ] [ 1410 1881 1819 ] [   65   10    7 ] [  12496   2953   9438 ] [ 0 ],1.00,1.00,1.00,1.00,18.23,5.35,0.00,0.00,0.00,0.00,0.00,0.00,0.00,0.00,0.00,0.00,0.00,0.00,-0.00,-0.00,0.00,0
2.6617,17,4,108,0,DRIVE [ 28 ] [ 1 ] [ 1496 1881 1800 ] [    0    0    0 ] [      0      0      0 ] [ 0 ],drive [ 28 ] [ 0 ] [ 1455 1881 1809 ] [   65   10    7 ] [  12471   2929   9429 ] [ 0 ],1.00,1.00,1.00,1.00,17.22,3.85,0.00,0.00,0.00,0.00,0.00,0.00,0.00,0.00,0.00,0.00,0.00,0.00,-0.00,-0.00,0.00,0
2.67268,16,2,108,0,DRIVE [ 29 ] [ 1 ] [ 1536 1881 1791 ] [    0    0    0 ] [      0      0      0 ] [ 0 ],drive [ 28 ] [ 0 ] [ 1496 1881 1800 ] [   65   10    7 ] [  12471   2929   9429 ] [ 0 ],1.00,1.00,1.00,1.00,16.17,2.41,0.00,0.00,0.00,0.00,0.00,0.00,0.00,0.00,0.00,0.00,0.00,0.00,-0.00,-0.00,0.00,0
2.68497,15,1,107,0,DRIVE [ 29 ] [ 1 ] [ 1576 1881 1783 ] [    0    0    0 ] [      0      0      0 ] [ 0 ],drive [ 29 ] [ 0 ] [ 1536 1881 1791 ] [   55   25   11 ] [  12471   2929   9429 ] [ 0 ],1.00,1.00,1.00,1.00,14.99,1.04,0.00,0.00,0.00,0.00,0.00,0.00,0.00,0.00,0.00,0.00,0.00,0.00,-0.00,-0.00,0.00,0
2.69662,14,0,106,0,DRIVE [ 30 ] [ 1 ] [ 1616 1881 1776 ] [    0    0    0 ] [      0      0      0 ] [ 0 ],drive [ 29 ] [ 0 ] [ 1576 1881 1783 ] [   55   25   11 ] [  12471   2929   9429 ] [ 0 ],1.00,1.00,1.00,1.00,13.70,-0.25,0.00,0.00,0.00,0.00,0.00,0.00,0.00,0.00,0.00,0.00,0.00,0.00,-0.00,0.00,0.00,0
2.70892,12,-1,105,0,DRIVE [ 30 ] [ 1 ] [ 1655 1881 1770 ] [    0    0    0 ] [      0      0      0 ] [ 0 ],drive [ 30 ] [ 0 ] [ 1616 1881 1776 ] [   55   25   11 ] [  12471   2929   9429 ] [ 0 ],1.00,1.00,1.00,1.00,12.29,-1.43,0.00,0.00,0.00,0.00,0.00,0.00,0.00,0.00,0.00,0.00,0.00,0.00,-0.00,0.00,0.00,0
2.71992,11,-3,104,0,DRIVE [ 31 ] [ 1 ] [ 1692 1881 1764 ] [    0    0    0 ] [      0      0      0 ] [ 0 ],drive [ 30 ] [ 0 ] [ 1655 1881 1770 ] [   55   25   11 ] [  12358   2743   9436 ] [ 0 ],1.00,1.00,1.00,1.00,10.83,-2.53,0.00,0.00,0.00,0.00,0.00,0.00,0.00,0.00,0.00,0.00,0.00,0.00,-0.00,0.00,0.00,0
2.73013,9,-4,103,0,DRIVE [ 31 ] [ 1 ] [ 1726 1881 1757 ] [    0    0    0 ] [      0      0      0 ] [ 0 ],drive [ 31 ] [ 0 ] [ 1692 1881 1764 ] [   29   19   25 ] [  12358   2743   9436 ] [ 0 ],1.00,1.00,1.00,1.00,9.42,-3.57,0.00,0.00,0.00,0.00,0.00,0.00,0.00,0.00,0.00,0.00,0.00,0.00,-0.00,0.00,0.00,0
2.74128,8,-5,102,0,DRIVE [ 32 ] [ 1 ] [ 1755 1881 1747 ] [    0    0    0 ] [      0      0      0 ] [ 0 ],drive [ 31 ] [ 0 ] [ 1726 1881 1757 ] [   29   19   25 ] [  12358   2743   9436 ] [ 0 ],1.00,1.00,1.00,1.00,8.10,-4.60,0.00,0.00,0.00,0.00,0.00,0.00,0.00,0.00,0.00,0.00,0.00,0.00,-0.00,0.00,0.00,0
2.7525,7,-6,101,0,DRIVE [ 32 ] [ 1 ] [ 1780 1881 1733 ] [    0    0    0 ] [      0      0      0 ] [ 0 ],drive [ 32 ] [ 0 ] [ 1755 1881 1747 ] [   29   19   25 ] [  12358   2743   9436 ] [ 0 ],1.00,1.00,1.00,1.00,6.89,-5.56,0.00,0.00,0.00,0.00,0.00,0.00,0.00,0.00,0.00,0.00,0.00,0.00,0.00,0.00,0.00,0
2.76473,6,-7,100,0,DRIVE [ 33 ] [ 1 ] [ 1800 1881 1715 ] [    0    0    0 ] [      0      0      0 ] [ 0 ],drive [ 32 ] [ 0 ] [ 1780 1881 1733 ] [   29   19   25 ] [  11909   2731   9445 ] [ 0 ],1.00,1.00,1.00,1.00,5.79,-6.51,0.00,0.00,0.00,0.00,0.00,0.00,0.00,0.00,0.00,0.00,0.00,0.00,0.00,0.00,0.00,0
2.77667,5,-7,99,0,DRIVE [ 33 ] [ 1 ] [ 1817 1881 1694 ] [    0    0    0 ] [      0      0      0 ] [ 0 ],drive [ 33 ] [ 0 ] [ 1800 1881 1715 ] [   35   18   33 ] [  11909   2731   9445 ] [ 0 ],1.00,1.00,1.00,1.00,4.74,-7.37,0.00,0.00,0.00,0.00,0.00,0.00,0.00,0.00,0.00,0.00,0.00,0.00,0.00,0.00,0.00,0
2.78767,4,-8,98,0,DRIVE [ 34 ] [ 1 ] [ 1832 1881 1671 ] [    0    0    0 ] [      0      0      0 ] [ 0 ],drive [ 33 ] [ 0 ] [ 1817 1881 1694 ] [   35   18   33 ] [  11909   2731   9445 ] [ 0 ],1.00,1.00,1.00,1.00,3.74,-8.10,0.00,0.00,0.00,0.00,0.00,0.00,0.00,0.00,0.00,0.00,0.00,0.00,0.00,0.00,0.00,0
2.7978,3,-9,97,0,DRIVE [ 34 ] [ 1 ] [ 1846 1881 1649 ] [    0    0    0 ] [      0      0      0 ] [ 0 ],drive [ 34 ] [ 0 ] [ 1832 1881 1671 ] [   35   18   33 ] [  11909   2731   9445 ] [ 0 ],1.00,1.00,1.00,1.00,2.79,-8.67,0.00,0.00,0.00,0.00,0.00,0.00,0.00,0.00,0.00,0.00,0.00,0.00,0.00,0.00,0.00,0
2.80881,2,-9,96,0,DRIVE [ 35 ] [ 1 ] [ 1858 1881 1631 ] [    0    0    0 ] [      0      0      0 ] [ 0 ],drive [ 34 ] [ 0 ] [ 1846 1881 1649 ] [   35   18   33 ] [  11909   2731   9445 ] [ 0 ],1.00,1.00,1.00,1.00,1.88,-9.01,0.00,0.00,0.00,0.00,0.00,0.00,0.00,0.00,0.00,0.00,0.00,0.00,0.00,0.00,0.00,0
2.82054,1,-9,95,0,DRIVE [ 35 ] [ 1 ] [ 1870 1881 1617 ] [    0    0    0 ] [      0      0      0 ] [ 0 ],drive [ 35 ] [ 0 ] [ 1858 1881 1631 ] [   35   18   33 ] [  11351   2731   9572 ] [ 0 ],1.00,1.00,1.00,1.00,1.03,-9.11,0.00,0.00,0.00,0.00,0.00,0.00,0.00,0.00,0.00,0.00,0.00,0.00,0.00,0.00,0.00,0
2.83256,0,-9,94,0,DRIVE [ 36 ] [ 1 ] [ 1882 1881 1608 ] [    0    0    0 ] [      0      0      0 ] [ 0 ],drive [ 35 ] [ 0 ] [ 1870 1881 1617 ] [   16   12   48 ] [  11351   2731   9572 ] [ 0 ],1.00,1.00,1.00,1.00,0.23,-8.96,0.00,0.00,0.00,0.00,0.00,0.00,0.00,0.00,0.00,0.00,0.00,0.00,0.00,0.00,0.00,0
2.84344,-1,-9,93,0,DRIVE [ 36 ] [ 1 ] [ 1882 1877 1621 ] [    0    0    0 ] [      0      0      0 ] [ 0 ],drive [ 36 ] [ 0 ] [ 1882 1881 1608 ] [   16   12   48 ] [  11351   2731   9572 ] [ 0 ],1.00,1.00,1.00,1.00,-0.53,-8.57,0.00,0.00,0.00,0.00,0.00,0.00,0.00,0.00,0.00,0.00,0.00,0.00,0.00,0.00,0.00,0
2.85427,-1,-8,92,0,DRIVE [ 37 ] [ 1 ] [ 1882 1866 1643 ] [    0    0    0 ] [      0      0      0 ] [ 0 ],drive [ 36 ] [ 0 ] [ 1882 1877 1621 ] [   16   12   48 ] [  11351   2731   9572 ] [ 0 ],1.00,1.00,1.00,1.00,-1.25,-8.04,0.00,0.00,0.00,0.00,0.00,0.00,0.00,0.00,0.00,0.00,0.00,0.00,0.00,0.00,0.00,0
2.86447,-2,-7,90,0,DRIVE [ 37 ] [ 1 ] [ 1882 1856 1663 ] [    0    0    0 ] [      0      0      0 ] [ 0 ],drive [ 37 ] [ 0 ] [ 1882 1866 1643 ] [   16   12   48 ] [  10747   2669   9939 ] [ 0 ],1.00,1.00,1.00,1.00,-1.89,-7.50,0.00,0.00,0.00,0.00,0.00,0.00,0.00,0.00,0.00,0.00,0.00,0.00,0.00,0.00,0.00,0
2.87635,-2,-7,89,0,DRIVE [ 38 ] [ 1 ] [ 1882 1848 1679 ] [    0    0    0 ] [      0      0      0 ] [ 0 ],drive [ 37 ] [ 0 ] [ 1882 1856 1663 ] [   20   20   34 ] [  10747   2669   9939 ] [ 0 ],1.00,1.00,1.00,1.00,-2.43,-7.02,0.00,0.00,0.00,0.00,0.00,0.00,0.00,0.00,0.00,0.00,0.00,0.00,0.00,0.00,0.00,0
2.88868,-3,-7,88,0,DRIVE [ 38 ] [ 1 ] [ 1882 1840 1691 ] [    0    0    0 ] [      0      0      0 ] [ 0 ],drive [ 38 ] [ 0 ] [ 1882 1848 1679 ] [   20   20   34 ] [  10747   2669   9939 ] [ 0 ],1.00,1.00,1.00,1.00,-2.86,-6.62,0.00,0.00,0.00,0.00,0.00,0.00,0.00,0.00,0.00,0.00,0.00,0.00,0.00,0.00,0.00,0
2.90056,-3,-6,87,0,DRIVE [ 39 ] [ 1 ] [ 1882 1834 1699 ] [    0    0    0 ] [      0      0      0 ] [ 0 ],drive [ 38 ] [ 0 ] [ 1882 1840 1691 ] [   20   20   34 ] [  10747   2669   9939 ] [ 0 ],1.00,1.00,1.00,1.00,-3.20,-6.32,0.00,0.00,0.00,0.00,0.00,0.00,0.00,0.00,0.00,0.00,0.00,0.00,0.00,0.00,0.00,0
2.91119,-3,-6,86,0,DRIVE [ 39 ] [ 1 ] [ 1882 1828 1703 ] [    0    0    0 ] [      0      0      0 ] [ 0 ],drive [ 39 ] [ 0 ] [ 1882 1834 1699 ] [   20   20   34 ] [  10551   2671   9965 ] [ 0 ],1.00,1.00,1.00,1.00,-3.48,-6.11,0.00,0.00,0.00,0.00,0.00,0.00,0.00,0.00,0.00,0.00,0.00,0.00,0.00,0.00,0.00,0
2.92202,-4,-6,86,0,DRIVE [ 40 ] [ 1 ] [ 1882 1823 1706 ] [    0    0    0 ] [      0      0      0 ] [ 0 ],drive [ 39 ] [ 0 ] [ 1882 1828 1703 ] [   20   20   34 ] [  10551   2671   9965 ] [ 0 ],1.00,1.00,1.00,1.00,-3.73,-5.96,0.00,0.00,0.00,0.00,0.00,0.00,0.00,0.00,0.00,0.00,0.00,0.00,0.00,0.00,0.00,0
2.93354,-4,-6,85,0,DRIVE [ 40 ] [ 1 ] [ 1882 1819 1708 ] [    0    0    0 ] [      0      0      0 ] [ 0 ],drive [ 40 ] [ 0 ] [ 1882 1823 1706 ] [    2   21   32 ] [  10551   2671   9965 ] [ 0 ],1.00,1.00,1.00,1.00,-3.90,-5.82,0.00,0.00,0.00,0.00,0.00,0.00,0.00,0.00,0.00,0.00,0.00,0.00,0.00,0.00,0.00,0
2.94461,-4,-6,84,0,DRIVE [ 41 ] [ 1 ] [ 1882 1817 1711 ] [    0    0    0 ] [      0      0      0 ] [ 0 ],drive [ 40 ] [ 0 ] [ 1882 1819 1708 ] [    2   21   32 ] [  10551   2671   9965 ] [ 0 ],1.00,1.00,1.00,1.00,-3.99,-5.67,0.00,0.00,0.00,0.00,0.00,0.00,0.00,0.00,0.00,0.00,0.00,0.00,0.00,0.00,0.00,0
2.9566,-4,-5,83,0,DRIVE [ 41 ] [ 1 ] [ 1882 1816 1715 ] [    0    0    0 ] [      0      0      0 ] [ 0 ],drive [ 41 ] [ 0 ] [ 1882 1817 1711 ] [    2   21   32 ] [  10551   2671   9965 ] [ 0 ],1.00,1.00,1.00,1.00,-3.97,-5.48,0.00,0.00,0.00,0.00,0.00,0.00,0.00,0.00,0.00,0.00,0.00,0.00,0.00,0.00,0.00,0
2.96733,-4,-5,82,0,DRIVE [ 42 ] [ 1 ] [ 1882 1819 1722 ] [    0    0    0 ] [      0      0      0 ] [ 0 ],drive [ 41 ] [ 0 ] [ 1882 1816 1715 ] [    2   21   32 ] [  10510   2676   9968 ] [ 0 ],1.00,1.00,1.00,1.00,-3.79,-5.20,0.00,0.00,0.00,0.00,0.00,0.00,0.00,0.00,0.00,0.00,0.00,0.00,0.00,0.00,0.00,0
2.97711,-3,-5,81,0,DRIVE [ 42 ] [ 1 ] [ 1882 1824 1731 ] [    0    0    0 ] [      0      0      0 ] [ 0 ],drive [ 42 ] [ 0 ] [ 1882 1819 1722 ] [    6   20   22 ] [  10510   2676   9968 ] [ 0 ],1.00,1.00,1.00,1.00,-3.46,-4.85,0.00,0.00,0.00,0.00,0.00,0.00,0.00,0.00,0.00,0.00,0.00,0.00,0.00,0.00,0.00,0
2.98841,-3,-4,80,0,DRIVE [ 43 ] [ 1 ] [ 1882 1832 1744 ] [    0    0    0 ] [      0      0      0 ] [ 0 ],drive [ 42 ] [ 0 ] [ 1882 1824 1731 ] [    6   20   22 ] [  10510   2676   9968 ] [ 0 ],1.00,1.00,1.00,1.00,-2.98,-4.41,0.00,0.00,0.00,0.00,0.00,0.00,0.00,0.00,0.00,0.00,0.00,0.00,0.00,0.00,0.00,0
2.99987,-2,-4,80,0,DRIVE [ 43 ] [ 1 ] [ 1882 1842 1758 ] [    0    0    0 ] [      0      0      0 ] [ 0 ],drive [ 43 ] [ 0 ] [ 1882 1832 1744 ] [    6   20   22 ] [  10510   2676   9968 ] [ 0 ],1.00,1.00,1.00,1.00,-2.38,-3.93,0.00,0.00,0.00,0.00,0.00,0.00,0.00,0.00,0.00,0.00,0.00,0.00,0.00,0.00,0.00,0
3.01211,-2,-3,79,0,DRIVE [ 44 ] [ 1 ] [ 1882 1855 1774 ] [    0    0    0 ] [      0      0      0 ] [ 0 ],drive [ 43 ] [ 0 ] [ 1882 1842 1758 ] [    6   20   22 ] [  10239   2676  10018 ] [ 0 ],1.00,1.00,1.00,1.00,-1.68,-3.39,0.00,0.00,0.00,0.00,0.00,0.00,0.00,0.00,0.00,0.00,0.00,0.00,0.00,0.00,0.00,0
3.0242,-1,-3,78,0,DRIVE [ 44 ] [ 1 ] [ 1882 1869 1789 ] [    0    0    0 ] [      0      0      0 ] [ 0 ],drive [ 44 ] [ 0 ] [ 1882 1855 1774 ] [    6   20   22 ] [  10239   2676  10018 ] [ 0 ],1.00,1.00,1.00,1.00,-0.89,-2.82,0.00,0.00,0.00,0.00,0.00,0.00,0.00,0.00,0.00,0.00,0.00,0.00,0.00,0.00,0.00,0
3.03458,0,-2,77,0,DRIVE [ 45 ] [ 1 ] [ 1882 1884 1802 ] [    0    0    0 ] [      0      0      0 ] [ 0 ],drive [ 44 ] [ 0 ] [ 1882 1869 1789 ] [   19   19   35 ] [  10239   2676  10018 ] [ 0 ],1.00,1.00,1.00,1.00,-0.06,-2.19,0.00,0.00,0.00,0.00,0.00,0.00,0.00,0.00,0.00,0.00,0.00,0.00,0.00,0.00,0.00,0
3.0443,1,-2,76,0,DRIVE [ 45 ] [ 1 ] [ 1871 1884 1833 ] [    0    0    0 ] [      0      0      0 ] [ 0 ],drive [ 45 ] [ 0 ] [ 1882 1884 1802 ] [   19   19   35 ] [  10239   2676  10018 ] [ 0 ],1.00,1.00,1.00,1.00,0.77,-1.51,0.00,0.00,0.00,0.00,0.00,0.00,0.00,0.00,0.00,0.00,0.00,0.00,-0.00,0.00,0.00,0
3.05645,2,-1,75,0,DRIVE [ 46 ] [ 1 ] [ 1850 1884 1850 ] [    0    0    0 ] [      0      0      0 ] [ 0 ],drive [ 45 ] [ 0 ] [ 1871 1884 1833 ] [   19   19   35 ] [  10239   2676  10018 ] [ 0 ],1.00,1.00,1.00,1.00,1.59,-0.80,0.00,0.00,0.00,0.00,0.00,0.00,0.00,0.00,0.00,0.00,0.00,0.00,-0.00,0.00,0.00,0
3.06823,2,0,74,0,DRIVE [ 46 ] [ 1 ] [ 1818 1884 1858 ] [    0    0    0 ] [      0      0      0 ] [ 0 ],drive [ 46 ] [ 0 ] [ 1850 1884 1850 ] [   19   19   35 ] [  10098   2674  10033 ] [ 0 ],1.00,1.00,1.00,1.00,2.36,-0.03,0.00,0.00,0.00,0.00,0.00,0.00,0.00,0.00,0.00,0.00,0.00,0.00,-0.00,0.00,0.00,0
3.08006,3,1,73,0,DRIVE [ 47 ] [ 1 ] [ 1778 1884 1864 ] [    0    0    0 ] [      0      0      0 ] [ 0 ],drive [ 46 ] [ 0 ] [ 1818 1884 1858 ] [    8   21   32 ] [  10098   2674  10033 ] [ 0 ],1.00,1.00,1.00,1.00,3.06,0.82,0.00,0.00,0.00,0.00,0.00,0.00,0.00,0.00,0.00,0.00,0.00,0.00,0.00,0.00,0.00,0
3.09222,4,2,72,0,DRIVE [ 47 ] [ 1 ] [ 1734 1884 1871 ] [    0    0    0 ] [      0      0      0 ] [ 0 ],drive [ 47 ] [ 0 ] [ 1778 1884 1864 ] [    8   21   32 ] [  10098   2674  10033 ] [ 0 ],1.00,1.00,1.00,1.00,3.68,1.70,0.00,0.00,0.00,0.00,0.00,0.00,0.00,0.00,0.00,0.00,0.00,0.00,0.00,0.00,0.00,0
3.10232,4,3,71,0,DRIVE [ 48 ] [ 1 ] [ 1687 1884 1879 ] [    0    0    0 ] [      0      0      0 ] [ 0 ],drive [ 47 ] [ 0 ] [ 1734 1884 1871 ] [    8   21   32 ] [  10098   2674  10033 ] [ 0 ],1.00,1.00,1.00,1.00,4.22,2.60,0.00,0.00,0.00,0.00,0.00,0.00,0.00,0.00,0.00,0.00,0.00,0.00,0.00,0.00,0.00,0
3.11206,5,4,71,0,DRIVE [ 48 ] [ 1 ] [ 1644 1881 1879 ] [    0    0    0 ] [      0      0      0 ] [ 0 ],drive [ 48 ] [ 0 ] [ 1687 1884 1879 ] [    8   21   32 ] [  10096   2613  10044 ] [ 0 ],1.00,1.00,1.00,1.00,4.73,3.54,0.00,0.00,0.00,0.00,0.00,0.00,0.00,0.00,0.00,0.00,0.00,0.00,0.00,0.00,0.00,0
3.12408,5,5,70,0,DRIVE [ 49 ] [ 1 ] [ 1613 1869 1879 ] [    0    0    0 ] [      0      0      0 ] [ 0 ],drive [ 48 ] [ 0 ] [ 1644 1881 1879 ] [    8   21   32 ] [  10096   2613  10044 ] [ 0 ],1.00,1.00,1.00,1.00,5.17,4.51,0.00,0.00,0.00,0.00,0.00,0.00,0.00,0.00,0.00,0.00,0.00,0.00,0.00,0.00,0.00,0
3.13602,6,6,69,0,DRIVE [ 49 ] [ 1 ] [ 1582 1855 1879 ] [    0    0    0 ] [      0      0      0 ] [ 0 ],drive [ 49 ] [ 0 ] [ 1613 1869 1879 ] [   29   14   30 ] [  10096   2613  10044 ] [ 0 ],1.00,1.00,1.00,1.00,5.57,5.52,0.00,0.00,0.00,0.00,0.00,0.00,0.00,0.00,0.00,0.00,0.00,0.00,0.00,0.00,0.00,0
3.14829,6,7,68,0,DRIVE [ 50 ] [ 1 ] [ 1552 1840 1879 ] [    0    0    0 ] [      0      0      0 ] [ 0 ],drive [ 49 ] [ 0 ] [ 1582 1855 1879 ] [   29   14   30 ] [  10096   2613  10044 ] [ 0 ],1.00,1.00,1.00,1.00,5.88,6.54,0.00,0.00,0.00,0.00,0.00,0.00,0.00,0.00,0.00,0.00,0.00,0.00,0.00,0.00,0.00,0
3.15856,6,8,67,0,DRIVE [ 50 ] [ 1 ] [ 1527 1823 1879 ] [    0    0    0 ] [      0      0      0 ] [ 0 ],drive [ 50 ] [ 0 ] [ 1552 1840 1879 ] [   29   14   30 ] [  10096   2613  10044 ] [ 0 ],1.00,1.00,1.00,1.00,6.06,7.53,0.00,0.00,0.00,0.00,0.00,0.00,0.00,0.00,0.00,0.00,0.00,0.00,0.00,0.00,0.00,0
3.16856,6,9,66,0,DRIVE [ 51 ] [ 1 ] [ 1504 1805 1879 ] [    0    0    0 ] [      0      0      0 ] [ 0 ],drive [ 50 ] [ 0 ] [ 1527 1823 1879 ] [   29   14   30 ] [  10270   2412  10037 ] [ 0 ],1.00,1.00,1.00,1.00,6.15,8.51,0.00,0.00,0.00,0.00,0.00,0.00,0.00,0.00,0.00,0.00,0.00,0.00,0.00,0.00,0.00,0
3.18017,6,9,66,0,DRIVE [ 51 ] [ 1 ] [ 1484 1784 1879 ] [    0    0    0 ] [      0      0      0 ] [ 0 ],drive [ 51 ] [ 0 ] [ 1504 1805 1879 ] [   41   10   27 ] [  10270   2412  10037 ] [ 0 ],1.00,1.00,1.00,1.00,6.15,9.50,0.00,0.00,0.00,0.00,0.00,0.00,0.00,0.00,0.00,0.00,0.00,0.00,0.00,0.00,0.00,0
3.19352,6,11,65,0,DRIVE [ 52 ] [ 1 ] [ 1463 1761 1879 ] [    0    0    0 ] [      0      0      0 ] [ 0 ],drive [ 51 ] [ 0 ] [ 1484 1784 1879 ] [   41   10   27 ] [  10270   2412  10037 ] [ 0 ],1.00,1.00,1.00,1.00,6.10,10.53,0.00,0.00,0.00,0.00,0.00,0.00,0.00,0.00,0.00,0.00,0.00,0.00,0.00,0.00,0.00,0
3.20418,6,12,64,0,DRIVE [ 52 ] [ 1 ] [ 1440 1739 1879 ] [    0    0    0 ] [      0      0      0 ] [ 0 ],drive [ 52 ] [ 0 ] [ 1463 1761 1879 ] [   41   10   27 ] [  10270   2412  10037 ] [ 0 ],1.00,1.00,1.00,1.00,6.09,11.54,0.00,0.00,0.00,0.00,0.00,0.00,0.00,0.00,0.00,0.00,0.00,0.00,0.00,0.00,0.00,0
3.21756,6,13,63,0,DRIVE [ 53 ] [ 1 ] [ 1414 1717 1879 ] [    0    0    0 ] [      0      0      0 ] [ 0 ],drive [ 52 ] [ 0 ] [ 1440 1739 1879 ] [   41   10   27 ] [  10332   2344  10043 ] [ 0 ],1.00,1.00,1.00,1.00,6.14,12.53,0.00,0.00,0.00,0.00,0.00,0.00,0.00,0.00,0.00,0.00,0.00,0.00,0.00,0.00,0.00,0
3.22829,6,13,62,0,DRIVE [ 53 ] [ 1 ] [ 1387 1696 1879 ] [    0    0    0 ] [      0      0      0 ] [ 0 ],drive [ 53 ] [ 0 ] [ 1414 1717 1879 ] [   51   20   30 ] [  10332   2344  10043 ] [ 0 ],1.00,1.00,1.00,1.00,6.22,13.46,0.00,0.00,0.00,0.00,0.00,0.00,0.00,0.00,0.00,0.00,0.00,0.00,0.00,0.00,0.00,0
3.23921,6,14,61,0,DRIVE [ 54 ] [ 1 ] [ 1361 1676 1879 ] [    0    0    0 ] [      0      0      0 ] [ 0 ],drive [ 53 ] [ 0 ] [ 1387 1696 1879 ] [   51   20   30 ] [  10332   2344  10043 ] [ 0 ],1.00,1.00,1.00,1.00,6.29,14.37,0.00,0.00,0.00,0.00,0.00,0.00,0.00,0.00,0.00,0.00,0.00,0.00,0.00,0.00,0.00,0
3.24965,6,15,61,0,DRIVE [ 54 ] [ 1 ] [ 1336 1655 1879 ] [    0    0    0 ] [      0      0      0 ] [ 0 ],drive [ 54 ] [ 0 ] [ 1361 1676 1879 ] [   51   20   30 ] [  10332   2344  10043 ] [ 0 ],1.00,1.00,1.00,1.00,6.33,15.23,0.00,0.00,0.00,0.00,0.00,0.00,0.00,0.00,0.00,0.00,0.00,0.00,0.00,0.00,0.00,0
3.25976,6,16,60,0,DRIVE [ 55 ] [ 1 ] [ 1311 1635 1879 ] [    0    0    0 ] [      0      0      0 ] [ 0 ],drive [ 54 ] [ 0 ] [ 1336 1655 1879 ] [   51   20   30 ] [  10362   2353  10043 ] [ 0 ],1.00,1.00,1.00,1.00,6.37,16.04,0.00,0.00,0.00,0.00,0.00,0.00,0.00,0.00,0.00,0.00,0.00,0.00,0.00,0.00,0.00,0
3.2719,6,17,59,0,DRIVE [ 55 ] [ 1 ] [ 1287 1615 1879 ] [    0    0    0 ] [      0      0      0 ] [ 0 ],drive [ 55 ] [ 0 ] [ 1311 1635 1879 ] [   51   20   30 ] [  10362   2353  10043 ] [ 0 ],1.00,1.00,1.00,1.00,6.38,16.80,0.00,0.00,0.00,0.00,0.00,0.00,0.00,0.00,0.00,0.00,0.00,0.00,0.00,0.00,0.00,0
3.28391,6,17,58,0,DRIVE [ 56 ] [ 1 ] [ 1267 1597 1879 ] [    0    0    0 ] [      0      0      0 ] [ 0 ],drive [ 55 ] [ 0 ] [ 1287 1615 1879 ] [   78   26   27 ] [  10362   2353  10043 ] [ 0 ],1.00,1.00,1.00,1.00,6.36,17.44,0.00,0.00,0.00,0.00,0.00,0.00,0.00,0.00,0.00,0.00,0.00,0.00,0.00,0.00,0.00,0
3.29424,6,18,57,0,DRIVE [ 56 ] [ 1 ] [ 1252 1579 1879 ] [    0    0    0 ] [      0      0      0 ] [ 0 ],drive [ 56 ] [ 0 ] [ 1267 1597 1879 ] [   78   26   27 ] [  10362   2353  10043 ] [ 0 ],1.00,1.00,1.00,1.00,6.26,17.97,0.00,0.00,0.00,0.00,0.00,0.00,0.00,0.00,0.00,0.00,0.00,0.00,0.00,0.00,0.00,0
3.30423,6,18,57,0,DRIVE [ 57 ] [ 1 ] [ 1241 1562 1879 ] [    0    0    0 ] [      0      0      0 ] [ 0 ],drive [ 56 ] [ 0 ] [ 1252 1579 1879 ] [   78   26   27 ] [  10362   2353  10043 ] [ 0 ],1.00,1.00,1.00,1.00,6.09,18.43,0.00,0.00,0.00,0.00,0.00,0.00,0.00,0.00,0.00,0.00,0.00,0.00,0.00,0.00,0.00,0
3.31596,6,19,56,0,DRIVE [ 57 ] [ 1 ] [ 1233 1545 1879 ] [    0    0    0 ] [      0      0      0 ] [ 0 ],drive [ 57 ] [ 0 ] [ 1241 1562 1879 ] [   78   26   27 ] [  10763   2381  10009 ] [ 0 ],1.00,1.00,1.00,1.00,5.86,18.81,0.00,0.00,0.00,0.00,0.00,0.00,0.00,0.00,0.00,0.00,0.00,0.00,0.00,0.00,0.00,0
3.32806,6,19,55,0,DRIVE [ 58 ] [ 1 ] [ 1227 1529 1879 ] [    0    0    0 ] [      0      0      0 ] [ 0 ],drive [ 57 ] [ 0 ] [ 1233 1545 1879 ] [   81   41    4 ] [  10763   2381  10009 ] [ 0 ],1.00,1.00,1.00,1.00,5.63,19.09,0.00,0.00,0.00,0.00,0.00,0.00,0.00,0.00,0.00,0.00,0.00,0.00,0.00,0.00,0.00,0
3.34001,5,19,55,0,DRIVE [ 58 ] [ 1 ] [ 1221 1518 1879 ] [    0    0    0 ] [      0      0      0 ] [ 0 ],drive [ 58 ] [ 0 ] [ 1227 1529 1879 ] [   81   41    4 ] [  10763   2381  10009 ] [ 0 ],1.00,1.00,1.00,1.00,5.47,19.25,0.00,0.00,0.00,0.00,0.00,0.00,0.00,0.00,0.00,0.00,0.00,0.00,0.00,0.00,0.00,0
3.34982,5,19,54,0,DRIVE [ 59 ] [ 1 ] [ 1216 1511 1879 ] [    0    0    0 ] [      0      0      0 ] [ 0 ],drive [ 58 ] [ 0 ] [ 1221 1518 1879 ] [   81   41    4 ] [  10763   2381  10009 ] [ 0 ],1.00,1.00,1.00,1.00,5.39,19.27,0.00,0.00,0.00,0.00,0.00,0.00,0.00,0.00,0.00,0.00,0.00,0.00,0.00,0.00,0.00,0
3.36002,5,19,53,0,DRIVE [ 59 ] [ 1 ] [ 1210 1509 1879 ] [    0    0    0 ] [      0      0      0 ] [ 0 ],drive [ 59 ] [ 0 ] [ 1216 1511 1879 ] [   81   41    4 ] [  10913   2613   9921 ] [ 0 ],1.00,1.00,1.00,1.00,5.39,19.19,0.00,0.00,0.00,0.00,0.00,0.00,0.00,0.00,0.00,0.00,0.00,0.00,0.00,0.00,0.00,0
3.37196,5,19,53,0,DRIVE [ 60 ] [ 1 ] [ 1204 1510 1879 ] [    0    0    0 ] [      0      0      0 ] [ 0 ],drive [ 59 ] [ 0 ] [ 1210 1509 1879 ] [   81   41    4 ] [  10913   2613   9921 ] [ 0 ],1.00,1.00,1.00,1.00,5.44,19.04,0.00,0.00,0.00,0.00,0.00,0.00,0.00,0.00,0.00,0.00,0.00,0.00,0.00,0.00,0.00,0
3.38419,6,19,52,0,DRIVE [ 60 ] [ 1 ] [ 1198 1513 1879 ] [    0    0    0 ] [      0      0      0 ] [ 0 ],drive [ 60 ] [ 0 ] [ 1204 1510 1879 ] [   91   53   17 ] [  10913   2613   9921 ] [ 0 ],1.00,1.00,1.00,1.00,5.53,18.81,0.00,0.00,0.00,0.00,0.00,0.00,0.00,0.00,0.00,0.00,0.00,0.00,0.00,0.00,0.00,0
3.39591,6,18,51,0,DRIVE [ 61 ] [ 1 ] [ 1196 1521 1879 ] [    0    0    0 ] [      0      0      0 ] [ 0 ],drive [ 60 ] [ 0 ] [ 1198 1513 1879 ] [   91   53   17 ] [  10913   2613   9921 ] [ 0 ],1.00,1.00,1.00,1.00,5.64,18.44,0.00,0.00,0.00,0.00,0.00,0.00,0.00,0.00,0.00,0.00,0.00,0.00,0.00,0.00,0.00,0
3.40815,6,18,51,0,DRIVE [ 61 ] [ 1 ] [ 1201 1533 1879 ] [    0    0    0 ] [      0      0      0 ] [ 0 ],drive [ 61 ] [ 0 ] [ 1196 1521 1879 ] [   91   53   17 ] [  10913   2613   9921 ] [ 0 ],1.00,1.00,1.00,1.00,5.69,17.89,0.00,0.00,0.00,0.00,0.00,0.00,0.00,0.00,0.00,0.00,0.00,0.00,0.00,0.00,0.00,0
3.41781,6,17,50,0,DRIVE [ 62 ] [ 1 ] [ 1215 1547 1879 ] [    0    0    0 ] [      0      0      0 ] [ 0 ],drive [ 61 ] [ 0 ] [ 1201 1533 1879 ] [   91   53   17 ] [  11224   2723   9824 ] [ 0 ],1.00,1.00,1.00,1.00,5.62,17.17,0.00,0.00,0.00,0.00,0.00,0.00,0.00,0.00,0.00,0.00,0.00,0.00,0.00,0.00,0.00,0
3.42823,5,16,50,1,DRIVE [ 62 ] [ 1 ] [ 1241 1563 1879 ] [    0    0    0 ] [      0      0      0 ] [ 0 ],drive [ 62 ] [ 0 ] [ 1215 1547 1879 ] [   66   52   10 ] [  11224   2723   9824 ] [ 0 ],1.00,1.00,1.00,1.00,5.39,16.26,0.00,0.00,0.00,0.00,0.00,0.00,0.00,0.00,0.00,0.00,0.00,0.00,0.00,0.00,0.00,0
