timestamp,Xmm,Ymm,Zmm,TouchDetected,OutgoingPacket,IncomingPacket,GainPropAb, GainPropAd, GainPropFl, GainPropEx,PropA, PropB, PropC,GainIntegAb, GainIntegAd, GainIntegFl, GainIntegEx,IntegA, IntegB, IntegC,GainDerivAb, GainDerivAd, GainDerivFl, GainDerivEx,DerivA, DerivB, DerivC,Heading5
0.111823,-14,99,525,0,DRIVE [ 79 ] [ 1 ] [ 1882 1881 1885 ] [    0    0    0 ] [      0      0      0 ] [ 0 ],drive [ 78 ] [ 0 ] [ 1883 1885 1885 ] [   11   23   25 ] [   3978   1628  12419 ] [ 0 ],1.00,1.00,1.00,1.00,-13.62,99.26,0.00,0.00,0.00,0.00,0.00,0.00,0.00,0.00,0.00,0.00,0.00,0.00,0.00,0.00,0.00,0
0.125049,-14,100,531,0,DRIVE [ 79 ] [ 1 ] [ 1878 1876 1885 ] [    0    0    0 ] [      0      0      0 ] [ 0 ],drive [ 79 ] [ 0 ] [ 1882 1881 1885 ] [   11   23   25 ] [   3978   1628  12424 ] [ 0 ],1.00,1.00,1.00,1.00,-13.55,100.14,0.00,0.00,0.00,0.00,0.00,0.00,0.00,0.00,0.00,0.00,0.00,0.00,0.00,0.00,0.00,0
0.138243,-13,98,521,0,DRIVE [ 80 ] [ 1 ] [ 1875 1872 1885 ] [    0    0    0 ] [      0      0      0 ] [ 0 ],drive [ 79 ] [ 0 ] [ 1878 1876 1885 ] [   11   23   25 ] [   3978   1628  12424 ] [ 0 ],1.00,1.00,1.00,1.00,-12.59,98.29,0.00,0.00,0.00,0.00,0.00,0.00,0.00,0.00,0.00,0.00,0.00,0.00,0.00,-0.00,0.00,0
0.151368,-12,99,521,0,DRIVE [ 80 ] [ 1 ] [ 1872 1868 1885 ] [    0    0    0 ] [      0      0      0 ] [ 0 ],drive [ 80 ] [ 0 ] [ 1875 1872 1885 ] [   12   24   26 ] [   3978   1628  12424 ] [ 0 ],1.00,1.00,1.00,1.00,-12.40,99.07,0.00,0.00,0.00,0.00,0.00,0.00,0.00,0.00,0.00,0.00,0.00,0.00,0.00,0.00,0.00,0
0.16456,-12,100,525,0,DRIVE [ 81 ] [ 1 ] [ 1869 1864 1885 ] [    0    0    0 ] [      0      0      0 ] [ 0 ],drive [ 80 ] [ 0 ] [ 1872 1868 1885 ] [   12   24   26 ] [   3978   1628  12424 ] [ 0 ],1.00,1.00,1.00,1.00,-12.13,100.31,0.00,0.00,0.00,0.00,0.00,0.00,0.00,0.00,0.00,0.00,0.00,0.00,0.00,0.00,0.00,0
0.177422,-12,101,523,0,DRIVE [ 81 ] [ 1 ] [ 1865 1860 1885 ] [    0    0    0 ] [      0      0      0 ] [ 0 ],drive [ 81 ] [ 0 ] [ 1869 1864 1885 ] [   12   24   26 ] [   3978   1628  12422 ] [ 0 ],1.00,1.00,1.00,1.00,-11.61,100.66,0.00,0.00,0.00,0.00,0.00,0.00,0.00,0.00,0.00,0.00,0.00,0.00,0.00,0.00,0.00,0
0.1908,-11,101,521,0,DRIVE [ 82 ] [ 1 ] [ 1861 1855 1885 ] [    0    0    0 ] [      0      0      0 ] [ 0 ],drive [ 81 ] [ 0 ] [ 1865 1860 1885 ] [   15   25   25 ] [   3978   1628  12422 ] [ 0 ],1.00,1.00,1.00,1.00,-11.19,101.32,0.00,0.00,0.00,0.00,0.00,0.00,0.00,0.00,0.00,0.00,0.00,0.00,0.00,0.00,0.00,0
0.204697,-11,102,519,0,DRIVE [ 82 ] [ 1 ] [ 1858 1851 1885 ] [    0    0    0 ] [      0      0      0 ] [ 0 ],drive [ 82 ] [ 0 ] [ 1861 1855 1885 ] [   15   25   25 ] [   3978   1628  12422 ] [ 0 ],1.00,1.00,1.00,1.00,-10.75,102.27,0.00,0.00,0.00,0.00,0.00,0.00,0.00,0.00,0.00,0.00,0.00,0.00,0.00,0.00,0.00,0
0.217794,-10,103,516,0,DRIVE [ 83 ] [ 1 ] [ 1853 1846 1885 ] [    0    0    0 ] [      0      0      0 ] [ 0 ],drive [ 82 ] [ 0 ] [ 1858 1851 1885 ] [   15   25   25 ] [   3978   1628  12422 ] [ 0 ],1.00,1.00,1.00,1.00,-10.02,102.83,0.00,0.00,0.00,0.00,0.00,0.00,0.00,0.00,0.00,0.00,0.00,0.00,0.00,0.00,0.00,0
0.230867,-9,104,514,0,DRIVE [ 83 ] [ 1 ] [ 1849 1842 1885 ] [    0    0    0 ] [      0      0      0 ] [ 0 ],drive [ 83 ] [ 0 ] [ 1853 1846 1885 ] [   15   25   25 ] [   3981   1628  12412 ] [ 0 ],1.00,1.00,1.00,1.00,-9.10,104.05,0.00,0.00,0.00,0.00,0.00,0.00,0.00,0.00,0.00,0.00,0.00,0.00,0.00,0.00,0.00,0
0.243472,-8,106,513,0,DRIVE [ 84 ] [ 1 ] [ 1844 1837 1885 ] [    0    0    0 ] [      0      0      0 ] [ 0 ],drive [ 83 ] [ 0 ] [ 1849 1842 1885 ] [   16   28   24 ] [   3981   1628  12412 ] [ 0 ],1.00,1.00,1.00,1.00,-7.94,105.61,0.00,0.00,0.00,0.00,0.00,0.00,0.00,0.00,0.00,0.00,0.00,0.00,0.00,0.00,0.00,0
0.256751,-6,107,511,0,DRIVE [ 84 ] [ 1 ] [ 1839 1833 1885 ] [    0    0    0 ] [      0      0      0 ] [ 0 ],drive [ 84 ] [ 0 ] [ 1844 1837 1885 ] [   16   28   24 ] [   3981   1628  12412 ] [ 0 ],1.00,1.00,1.00,1.00,-6.47,107.05,0.00,0.00,0.00,0.00,0.00,0.00,0.00,0.00,0.00,0.00,0.00,0.00,0.00,0.00,0.00,0
0.269614,-5,109,509,0,DRIVE [ 85 ] [ 1 ] [ 1833 1829 1885 ] [    0    0    0 ] [      0      0      0 ] [ 0 ],drive [ 84 ] [ 0 ] [ 1839 1833 1885 ] [   16   28   24 ] [   3981   1628  12412 ] [ 0 ],1.00,1.00,1.00,1.00,-4.59,108.61,0.00,0.00,0.00,0.00,0.00,0.00,0.00,0.00,0.00,0.00,0.00,0.00,0.00,0.00,0.00,0
0.282752,-2,110,503,0,DRIVE [ 85 ] [ 1 ] [ 1827 1825 1885 ] [    0    0    0 ] [      0      0      0 ] [ 0 ],drive [ 85 ] [ 0 ] [ 1833 1829 1885 ] [   16   28   24 ] [   3981   1628  12411 ] [ 0 ],1.00,1.00,1.00,1.00,-1.75,110.45,0.00,0.00,0.00,0.00,0.00,0.00,0.00,0.00,0.00,0.00,0.00,0.00,0.00,0.00,0.00,0
0.296354,1,112,497,0,DRIVE [ 86 ] [ 1 ] [ 1819 1820 1885 ] [    0    0    0 ] [      0      0      0 ] [ 0 ],drive [ 85 ] [ 0 ] [ 1827 1825 1885 ] [   18   28   24 ] [   3981   1628  12411 ] [ 0 ],1.00,1.00,1.00,1.00,0.95,111.97,0.00,0.00,0.00,0.00,0.00,0.00,0.00,0.00,0.00,0.00,0.00,0.00,0.00,0.00,0.00,0
0.308774,4,114,495,0,DRIVE [ 86 ] [ 1 ] [ 1811 1816 1885 ] [    0    0    0 ] [      0      0      0 ] [ 0 ],drive [ 86 ] [ 0 ] [ 1819 1820 1885 ] [   18   28   24 ] [   3981   1628  12411 ] [ 0 ],1.00,1.00,1.00,1.00,3.61,114.17,0.00,0.00,0.00,0.00,0.00,0.00,0.00,0.00,0.00,0.00,0.00,0.00,0.00,0.00,0.00,0
0.32187,6,116,490,0,DRIVE [ 87 ] [ 1 ] [ 1803 1812 1885 ] [    0    0    0 ] [      0      0      0 ] [ 0 ],drive [ 86 ] [ 0 ] [ 1811 1816 1885 ] [   18   28   24 ] [   3981   1628  12411 ] [ 0 ],1.00,1.00,1.00,1.00,6.33,115.52,0.00,0.00,0.00,0.00,0.00,0.00,0.00,0.00,0.00,0.00,0.00,0.00,0.00,0.00,0.00,0
0.335048,9,118,490,0,DRIVE [ 87 ] [ 1 ] [ 1795 1808 1885 ] [    0    0    0 ] [      0      0      0 ] [ 0 ],drive [ 87 ] [ 0 ] [ 1803 1812 1885 ] [   18   28   24 ] [   3984   1631  12411 ] [ 0 ],1.00,1.00,1.00,1.00,9.03,117.91,0.00,0.00,0.00,0.00,0.00,0.00,0.00,0.00,0.00,0.00,0.00,0.00,0.00,0.00,0.00,0
0.348608,11,119,484,0,DRIVE [ 88 ] [ 1 ] [ 1786 1804 1885 ] [    0    0    0 ] [      0      0      0 ] [ 0 ],drive [ 87 ] [ 0 ] [ 1795 1808 1885 ] [   27   29   24 ] [   3984   1631  12411 ] [ 0 ],1.00,1.00,1.00,1.00,11.48,118.81,0.00,0.00,0.00,0.00,0.00,0.00,0.00,0.00,0.00,0.00,0.00,0.00,0.00,0.00,0.00,0
0.361628,14,120,480,0,DRIVE [ 88 ] [ 1 ] [ 1776 1799 1885 ] [    0    0    0 ] [      0      0      0 ] [ 0 ],drive [ 88 ] [ 0 ] [ 1786 1804 1885 ] [   27   29   24 ] [   3984   1631  12411 ] [ 0 ],1.00,1.00,1.00,1.00,13.77,120.13,0.00,0.00,0.00,0.00,0.00,0.00,0.00,0.00,0.00,0.00,0.00,0.00,0.00,0.00,0.00,0
0.374892,17,122,475,0,DRIVE [ 89 ] [ 1 ] [ 1765 1795 1885 ] [    0    0    0 ] [      0      0      0 ] [ 0 ],drive [ 88 ] [ 0 ] [ 1776 1799 1885 ] [   27   29   24 ] [   3996   1632  12407 ] [ 0 ],1.00,1.00,1.00,1.00,16.80,121.65,0.00,0.00,0.00,0.00,0.00,0.00,0.00,0.00,0.00,0.00,0.00,0.00,0.00,0.00,0.00,0
0.389549,20,123,470,0,DRIVE [ 89 ] [ 1 ] [ 1754 1791 1885 ] [    0    0    0 ] [      0      0      0 ] [ 0 ],drive [ 89 ] [ 0 ] [ 1765 1795 1885 ] [   27   29   24 ] [   3996   1632  12407 ] [ 0 ],1.00,1.00,1.00,1.00,19.60,122.70,0.00,0.00,0.00,0.00,0.00,0.00,0.00,0.00,0.00,0.00,0.00,0.00,0.00,0.00,0.00,0
0.402591,22,123,464,0,DRIVE [ 90 ] [ 1 ] [ 1742 1787 1885 ] [    0    0    0 ] [      0      0      0 ] [ 0 ],drive [ 89 ] [ 0 ] [ 1754 1791 1885 ] [   34   30    9 ] [   3996   1632  12407 ] [ 0 ],1.00,1.00,1.00,1.00,22.08,123.27,0.00,0.00,0.00,0.00,0.00,0.00,0.00,0.00,0.00,0.00,0.00,0.00,0.00,0.00,0.00,0
0.419155,25,124,459,0,DRIVE [ 90 ] [ 1 ] [ 1731 1783 1885 ] [    0    0    0 ] [      0      0      0 ] [ 0 ],drive [ 90 ] [ 0 ] [ 1742 1787 1885 ] [   34   30    9 ] [   3996   1632  12407 ] [ 0 ],1.00,1.00,1.00,1.00,24.68,124.10,0.00,0.00,0.00,0.00,0.00,0.00,0.00,0.00,0.00,0.00,0.00,0.00,0.00,0.00,0.00,0
0.435275,27,125,456,0,DRIVE [ 91 ] [ 1 ] [ 1718 1779 1885 ] [    0    0    0 ] [      0      0      0 ] [ 0 ],drive [ 90 ] [ 0 ] [ 1731 1783 1885 ] [   34   30    9 ] [   4173   1634  12277 ] [ 0 ],1.00,1.00,1.00,1.00,27.15,124.81,0.00,0.00,0.00,0.00,0.00,0.00,0.00,0.00,0.00,0.00,0.00,0.00,0.00,0.00,0.00,0
0.448146,30,124,450,0,DRIVE [ 91 ] [ 1 ] [ 1704 1775 1885 ] [    0    0    0 ] [      0      0      0 ] [ 0 ],drive [ 91 ] [ 0 ] [ 1718 1779 1885 ] [   32   30   16 ] [   4173   1634  12277 ] [ 0 ],1.00,1.00,1.00,1.00,29.53,124.36,0.00,0.00,0.00,0.00,0.00,0.00,0.00,0.00,0.00,0.00,0.00,0.00,0.00,0.00,0.00,0
0.461086,31,123,444,0,DRIVE [ 92 ] [ 1 ] [ 1694 1772 1885 ] [    0    0    0 ] [      0      0      0 ] [ 0 ],drive [ 91 ] [ 0 ] [ 1704 1775 1885 ] [   32   30   16 ] [   4173   1634  12277 ] [ 0 ],1.00,1.00,1.00,1.00,31.30,123.14,0.00,0.00,0.00,0.00,0.00,0.00,0.00,0.00,0.00,0.00,0.00,0.00,0.00,0.00,0.00,0
0.473916,32,122,439,0,DRIVE [ 92 ] [ 1 ] [ 1684 1769 1885 ] [    0    0    0 ] [      0      0      0 ] [ 0 ],drive [ 92 ] [ 0 ] [ 1694 1772 1885 ] [   32   30   16 ] [   4560   1636  12179 ] [ 0 ],1.00,1.00,1.00,1.00,32.50,122.25,0.00,0.00,0.00,0.00,0.00,0.00,0.00,0.00,0.00,0.00,0.00,0.00,0.00,0.00,0.00,0
0.487168,34,122,435,0,DRIVE [ 93 ] [ 1 ] [ 1674 1766 1885 ] [    0    0    0 ] [      0      0      0 ] [ 0 ],drive [ 92 ] [ 0 ] [ 1684 1769 1885 ] [   32   30   16 ] [   4560   1636  12179 ] [ 0 ],1.00,1.00,1.00,1.00,33.52,121.70,0.00,0.00,0.00,0.00,0.00,0.00,0.00,0.00,0.00,0.00,0.00,0.00,0.00,0.00,0.00,0
0.499696,34,120,427,0,DRIVE [ 93 ] [ 1 ] [ 1664 1762 1885 ] [    0    0    0 ] [      0      0      0 ] [ 0 ],drive [ 93 ] [ 0 ] [ 1674 1766 1885 ] [   43   31   18 ] [   4560   1636  12179 ] [ 0 ],1.00,1.00,1.00,1.00,33.98,120.43,0.00,0.00,0.00,0.00,0.00,0.00,0.00,0.00,0.00,0.00,0.00,0.00,0.00,0.00,0.00,0
0.513215,35,120,422,0,DRIVE [ 94 ] [ 1 ] [ 1654 1758 1885 ] [    0    0    0 ] [      0      0      0 ] [ 0 ],drive [ 93 ] [ 0 ] [ 1664 1762 1885 ] [   43   31   18 ] [   4560   1636  12179 ] [ 0 ],1.00,1.00,1.00,1.00,34.65,119.93,0.00,0.00,0.00,0.00,0.00,0.00,0.00,0.00,0.00,0.00,0.00,0.00,0.00,0.00,0.00,0
0.525908,36,120,419,0,DRIVE [ 94 ] [ 1 ] [ 1642 1754 1885 ] [    0    0    0 ] [      0      0      0 ] [ 0 ],drive [ 94 ] [ 0 ] [ 1654 1758 1885 ] [   43   31   18 ] [   4564   1636  12178 ] [ 0 ],1.00,1.00,1.00,1.00,35.61,120.20,0.00,0.00,0.00,0.00,0.00,0.00,0.00,0.00,0.00,0.00,0.00,0.00,0.00,0.00,0.00,0
0.538801,37,120,414,0,DRIVE [ 95 ] [ 1 ] [ 1630 1751 1885 ] [    0    0    0 ] [      0      0      0 ] [ 0 ],drive [ 94 ] [ 0 ] [ 1642 1754 1885 ] [   43   33   17 ] [   4564   1636  12178 ] [ 0 ],1.00,1.00,1.00,1.00,36.90,119.82,0.00,0.00,0.00,0.00,0.00,0.00,0.00,0.00,0.00,0.00,0.00,0.00,0.00,0.00,0.00,0
0.551595,39,119,407,0,DRIVE [ 95 ] [ 1 ] [ 1616 1749 1885 ] [    0    0    0 ] [      0      0      0 ] [ 0 ],drive [ 95 ] [ 0 ] [ 1630 1751 1885 ] [   43   33   17 ] [   4564   1636  12178 ] [ 0 ],1.00,1.00,1.00,1.00,38.66,118.77,0.00,0.00,0.00,0.00,0.00,0.00,0.00,0.00,0.00,0.00,0.00,0.00,0.00,0.00,0.00,0
0.564117,41,117,400,0,DRIVE [ 96 ] [ 1 ] [ 1600 1748 1885 ] [    0    0    0 ] [      0      0      0 ] [ 0 ],drive [ 95 ] [ 0 ] [ 1616 1749 1885 ] [   43   33   17 ] [   4564   1636  12178 ] [ 0 ],1.00,1.00,1.00,1.00,41.27,117.09,0.00,0.00,0.00,0.00,0.00,0.00,0.00,0.00,0.00,0.00,0.00,0.00,0.00,0.00,0.00,0
0.576586,44,116,395,0,DRIVE [ 96 ] [ 1 ] [ 1583 1748 1885 ] [    0    0    0 ] [      0      0      0 ] [ 0 ],drive [ 96 ] [ 0 ] [ 1600 1748 1885 ] [   43   33   17 ] [   4782   1635  12115 ] [ 0 ],1.00,1.00,1.00,1.00,43.81,116.24,0.00,0.00,0.00,0.00,0.00,0.00,0.00,0.00,0.00,0.00,0.00,0.00,0.00,0.00,0.00,0
0.589806,46,115,391,0,DRIVE [ 97 ] [ 1 ] [ 1568 1747 1885 ] [    0    0    0 ] [      0      0      0 ] [ 0 ],drive [ 96 ] [ 0 ] [ 1583 1748 1885 ] [   49   33   22 ] [   4782   1635  12115 ] [ 0 ],1.00,1.00,1.00,1.00,46.13,115.49,0.00,0.00,0.00,0.00,0.00,0.00,0.00,0.00,0.00,0.00,0.00,0.00,0.00,0.00,0.00,0
0.602223,48,115,388,0,DRIVE [ 97 ] [ 1 ] [ 1552 1747 1885 ] [    0    0    0 ] [      0      0      0 ] [ 0 ],drive [ 97 ] [ 0 ] [ 1568 1747 1885 ] [   49   33   22 ] [   4782   1635  12115 ] [ 0 ],1.00,1.00,1.00,1.00,48.24,115.01,0.00,0.00,0.00,0.00,0.00,0.00,0.00,0.00,0.00,0.00,0.00,0.00,0.00,0.00,0.00,0
0.618347,50,114,384,0,DRIVE [ 98 ] [ 1 ] [ 1536 1747 1885 ] [    0    0    0 ] [      0      0      0 ] [ 0 ],drive [ 97 ] [ 0 ] [ 1552 1747 1885 ] [   49   33   22 ] [   4782   1635  12115 ] [ 0 ],1.00,1.00,1.00,1.00,50.23,113.68,0.00,0.00,0.00,0.00,0.00,0.00,0.00,0.00,0.00,0.00,0.00,0.00,0.00,0.00,0.00,0
0.630792,52,112,378,0,DRIVE [ 98 ] [ 1 ] [ 1517 1747 1885 ] [    0    0    0 ] [      0      0      0 ] [ 0 ],drive [ 98 ] [ 0 ] [ 1536 1747 1885 ] [   49   33   22 ] [   4879   1635  12069 ] [ 0 ],1.00,1.00,1.00,1.00,52.36,112.19,0.00,0.00,0.00,0.00,0.00,0.00,0.00,0.00,0.00,0.00,0.00,0.00,0.00,0.00,0.00,0
0.643647,55,111,374,0,DRIVE [ 99 ] [ 1 ] [ 1497 1748 1885 ] [    0    0    0 ] [      0      0      0 ] [ 0 ],drive [ 98 ] [ 0 ] [ 1517 1747 1885 ] [   47   33   16 ] [   4879   1635  12069 ] [ 0 ],1.00,1.00,1.00,1.00,54.99,111.05,0.00,0.00,0.00,0.00,0.00,0.00,0.00,0.00,0.00,0.00,0.00,0.00,0.00,0.00,0.00,0
0.658111,59,110,370,0,DRIVE [ 99 ] [ 1 ] [ 1473 1753 1885 ] [    0    0    0 ] [      0      0      0 ] [ 0 ],drive [ 99 ] [ 0 ] [ 1497 1748 1885 ] [   47   33   16 ] [   4879   1635  12069 ] [ 0 ],1.00,1.00,1.00,1.00,59.03,109.53,0.00,0.00,0.00,0.00,0.00,0.00,0.00,0.00,0.00,0.00,0.00,0.00,0.00,0.00,0.00,0
0.670314,63,108,367,0,DRIVE [ 00 ] [ 1 ] [ 1446 1757 1885 ] [    0    0    0 ] [      0      0      0 ] [ 0 ],drive [ 99 ] [ 0 ] [ 1473 1753 1885 ] [   47   33   16 ] [   4879   1635  12069 ] [ 0 ],1.00,1.00,1.00,1.00,63.08,108.43,0.00,0.00,0.00,0.00,0.00,0.00,0.00,0.00,0.00,0.00,0.00,0.00,0.00,0.00,0.00,0
0.682953,67,107,363,0,DRIVE [ 00 ] [ 1 ] [ 1421 1761 1885 ] [    0    0    0 ] [      0      0      0 ] [ 0 ],drive [ 00 ] [ 0 ] [ 1446 1757 1885 ] [   47   33   16 ] [   4992   1635  12052 ] [ 0 ],1.00,1.00,1.00,1.00,66.59,107.09,0.00,0.00,0.00,0.00,0.00,0.00,0.00,0.00,0.00,0.00,0.00,0.00,0.00,0.00,0.00,0
0.695152,70,106,359,0,DRIVE [ 01 ] [ 1 ] [ 1395 1765 1885 ] [    0    0    0 ] [      0      0      0 ] [ 0 ],drive [ 00 ] [ 0 ] [ 1421 1761 1885 ] [   59   33    4 ] [   4992   1635  12052 ] [ 0 ],1.00,1.00,1.00,1.00,69.80,106.09,0.00,0.00,0.00,0.00,0.00,0.00,0.00,0.00,0.00,0.00,0.00,0.00,0.00,0.00,0.00,0
0.707584,73,105,355,0,DRIVE [ 01 ] [ 1 ] [ 1369 1768 1885 ] [    0    0    0 ] [      0      0      0 ] [ 0 ],drive [ 01 ] [ 0 ] [ 1395 1765 1885 ] [   59   33    4 ] [   4992   1635  12052 ] [ 0 ],1.00,1.00,1.00,1.00,72.54,104.77,0.00,0.00,0.00,0.00,0.00,0.00,0.00,0.00,0.00,0.00,0.00,0.00,0.00,0.00,0.00,0
0.720511,75,104,349,0,DRIVE [ 02 ] [ 1 ] [ 1340 1772 1885 ] [    0    0    0 ] [      0      0      0 ] [ 0 ],drive [ 01 ] [ 0 ] [ 1369 1768 1885 ] [   59   33    4 ] [   4992   1635  12052 ] [ 0 ],1.00,1.00,1.00,1.00,75.44,103.53,0.00,0.00,0.00,0.00,0.00,0.00,0.00,0.00,0.00,0.00,0.00,0.00,0.00,0.00,0.00,0
0.732729,77,102,343,0,DRIVE [ 02 ] [ 1 ] [ 1313 1774 1885 ] [    0    0    0 ] [      0      0      0 ] [ 0 ],drive [ 02 ] [ 0 ] [ 1340 1772 1885 ] [   59   33    4 ] [   5319   1632  11919 ] [ 0 ],1.00,1.00,1.00,1.00,77.44,101.97,0.00,0.00,0.00,0.00,0.00,0.00,0.00,0.00,0.00,0.00,0.00,0.00,0.00,0.00,0.00,0
0.745011,79,100,337,0,DRIVE [ 03 ] [ 1 ] [ 1289 1777 1885 ] [    0    0    0 ] [      0      0      0 ] [ 0 ],drive [ 02 ] [ 0 ] [ 1313 1774 1885 ] [   53   32   29 ] [   5319   1632  11919 ] [ 0 ],1.00,1.00,1.00,1.00,78.80,100.17,0.00,0.00,0.00,0.00,0.00,0.00,0.00,0.00,0.00,0.00,0.00,0.00,0.00,0.00,0.00,0
0.758045,80,99,333,0,DRIVE [ 03 ] [ 1 ] [ 1266 1779 1885 ] [    0    0    0 ] [      0      0      0 ] [ 0 ],drive [ 03 ] [ 0 ] [ 1289 1777 1885 ] [   53   32   29 ] [   5319   1632  11919 ] [ 0 ],1.00,1.00,1.00,1.00,79.97,99.03,0.00,0.00,0.00,0.00,0.00,0.00,0.00,0.00,0.00,0.00,0.00,0.00,0.00,0.00,0.00,0
0.7703,81,98,330,0,DRIVE [ 04 ] [ 1 ] [ 1244 1779 1885 ] [    0    0    0 ] [      0      0      0 ] [ 0 ],drive [ 03 ] [ 0 ] [ 1266 1779 1885 ] [   53   32   29 ] [   5319   1632  11919 ] [ 0 ],1.00,1.00,1.00,1.00,81.04,98.48,0.00,0.00,0.00,0.00,0.00,0.00,0.00,0.00,0.00,0.00,0.00,0.00,0.00,0.00,0.00,0
0.783013,81,97,326,0,DRIVE [ 04 ] [ 1 ] [ 1225 1779 1885 ] [    0    0    0 ] [      0      0      0 ] [ 0 ],drive [ 04 ] [ 0 ] [ 1244 1779 1885 ] [   53   32   29 ] [   6059   1630  11694 ] [ 0 ],1.00,1.00,1.00,1.00,81.40,97.47,0.00,0.00,0.00,0.00,0.00,0.00,0.00,0.00,0.00,0.00,0.00,0.00,0.00,0.00,0.00,0
0.795422,81,96,321,0,DRIVE [ 05 ] [ 1 ] [ 1206 1779 1885 ] [    0    0    0 ] [      0      0      0 ] [ 0 ],drive [ 04 ] [ 0 ] [ 1225 1779 1885 ] [   82   33   23 ] [   6059   1630  11694 ] [ 0 ],1.00,1.00,1.00,1.00,81.38,96.35,0.00,0.00,0.00,0.00,0.00,0.00,0.00,0.00,0.00,0.00,0.00,0.00,0.00,0.00,0.00,0
0.807739,81,95,315,0,DRIVE [ 05 ] [ 1 ] [ 1187 1777 1885 ] [    0    0    0 ] [      0      0      0 ] [ 0 ],drive [ 05 ] [ 0 ] [ 1206 1779 1885 ] [   82   33   23 ] [   6059   1630  11694 ] [ 0 ],1.00,1.00,1.00,1.00,80.93,95.31,0.00,0.00,0.00,0.00,0.00,0.00,0.00,0.00,0.00,0.00,0.00,0.00,0.00,0.00,0.00,0
0.820231,81,95,312,0,DRIVE [ 06 ] [ 1 ] [ 1170 1775 1885 ] [    0    0    0 ] [      0      0      0 ] [ 0 ],drive [ 05 ] [ 0 ] [ 1187 1777 1885 ] [   82   33   23 ] [   6059   1630  11694 ] [ 0 ],1.00,1.00,1.00,1.00,80.67,94.95,0.00,0.00,0.00,0.00,0.00,0.00,0.00,0.00,0.00,0.00,0.00,0.00,0.00,0.00,0.00,0
0.83224,80,95,308,0,DRIVE [ 06 ] [ 1 ] [ 1153 1771 1885 ] [    0    0    0 ] [      0      0      0 ] [ 0 ],drive [ 06 ] [ 0 ] [ 1170 1775 1885 ] [   82   33   23 ] [   6547   1624  11512 ] [ 0 ],1.00,1.00,1.00,1.00,80.39,94.94,0.00,0.00,0.00,0.00,0.00,0.00,0.00,0.00,0.00,0.00,0.00,0.00,0.00,0.00,0.00,0
0.844187,80,95,305,0,DRIVE [ 07 ] [ 1 ] [ 1136 1767 1885 ] [    0    0    0 ] [      0      0      0 ] [ 0 ],drive [ 06 ] [ 0 ] [ 1153 1771 1885 ] [   70   35   26 ] [   6547   1624  11512 ] [ 0 ],1.00,1.00,1.00,1.00,80.10,95.08,0.00,0.00,0.00,0.00,0.00,0.00,0.00,0.00,0.00,0.00,0.00,0.00,0.00,0.00,0.00,0
0.85689,80,95,302,0,DRIVE [ 07 ] [ 1 ] [ 1119 1764 1885 ] [    0    0    0 ] [      0      0      0 ] [ 0 ],drive [ 07 ] [ 0 ] [ 1136 1767 1885 ] [   70   35   26 ] [   6547   1624  11512 ] [ 0 ],1.00,1.00,1.00,1.00,79.98,95.07,0.00,0.00,0.00,0.00,0.00,0.00,0.00,0.00,0.00,0.00,0.00,0.00,0.00,0.00,0.00,0
0.868712,80,95,299,0,DRIVE [ 08 ] [ 1 ] [ 1101 1762 1885 ] [    0    0    0 ] [      0      0      0 ] [ 0 ],drive [ 07 ] [ 0 ] [ 1119 1764 1885 ] [   70   35   26 ] [   6547   1624  11512 ] [ 0 ],1.00,1.00,1.00,1.00,79.88,94.91,0.00,0.00,0.00,0.00,0.00,0.00,0.00,0.00,0.00,0.00,0.00,0.00,0.00,0.00,0.00,0
0.882917,80,95,297,0,DRIVE [ 08 ] [ 1 ] [ 1083 1759 1885 ] [    0    0    0 ] [      0      0      0 ] [ 0 ],drive [ 08 ] [ 0 ] [ 1101 1762 1885 ] [   70   35   26 ] [   6977   1609  11294 ] [ 0 ],1.00,1.00,1.00,1.00,79.86,94.76,0.00,0.00,0.00,0.00,0.00,0.00,0.00,0.00,0.00,0.00,0.00,0.00,0.00,0.00,0.00,0
0.895136,80,94,294,0,DRIVE [ 09 ] [ 1 ] [ 1065 1756 1885 ] [    0    0    0 ] [      0      0      0 ] [ 0 ],drive [ 08 ] [ 0 ] [ 1083 1759 1885 ] [   85   38    3 ] [   6977   1609  11294 ] [ 0 ],1.00,1.00,1.00,1.00,79.56,94.38,0.00,0.00,0.00,0.00,0.00,0.00,0.00,0.00,0.00,0.00,0.00,0.00,0.00,0.00,0.00,0
0.90695,79,94,291,0,DRIVE [ 09 ] [ 1 ] [ 1049 1754 1885 ] [    0    0    0 ] [      0      0      0 ] [ 0 ],drive [ 09 ] [ 0 ] [ 1065 1756 1885 ] [   85   38    3 ] [   6977   1609  11294 ] [ 0 ],1.00,1.00,1.00,1.00,79.16,94.06,0.00,0.00,0.00,0.00,0.00,0.00,0.00,0.00,0.00,0.00,0.00,0.00,0.00,0.00,0.00,0
0.919425,79,94,288,0,DRIVE [ 10 ] [ 1 ] [ 1034 1750 1885 ] [    0    0    0 ] [      0      0      0 ] [ 0 ],drive [ 09 ] [ 0 ] [ 1049 1754 1885 ] [   85   38    3 ] [   6977   1609  11294 ] [ 0 ],1.00,1.00,1.00,1.00,78.57,93.65,0.00,0.00,0.00,0.00,0.00,0.00,0.00,0.00,0.00,0.00,0.00,0.00,0.00,0.00,0.00,0
0.931074,78,93,284,0,DRIVE [ 10 ] [ 1 ] [ 1025 1746 1885 ] [    0    0    0 ] [      0      0      0 ] [ 0 ],drive [ 10 ] [ 0 ] [ 1034 1750 1885 ] [   85   38    3 ] [   7618   1607  11130 ] [ 0 ],1.00,1.00,1.00,1.00,77.58,93.26,0.00,0.00,0.00,0.00,0.00,0.00,0.00,0.00,0.00,0.00,0.00,0.00,0.00,0.00,0.00,0
0.942921,76,92,280,0,DRIVE [ 11 ] [ 1 ] [ 1025 1739 1885 ] [    0    0    0 ] [      0      0      0 ] [ 0 ],drive [ 10 ] [ 0 ] [ 1025 1746 1885 ] [   88   40    3 ] [   7618   1607  11130 ] [ 0 ],1.00,1.00,1.00,1.00,75.54,92.45,0.00,0.00,0.00,0.00,0.00,0.00,0.00,0.00,0.00,0.00,0.00,0.00,-0.00,-0.00,0.00,0
0.955333,74,92,278,0,DRIVE [ 11 ] [ 1 ] [ 1025 1734 1885 ] [    0    0    0 ] [      0      0      0 ] [ 0 ],drive [ 11 ] [ 0 ] [ 1025 1739 1885 ] [   88   40    3 ] [   7618   1607  11130 ] [ 0 ],1.00,1.00,1.00,1.00,73.63,91.76,0.00,0.00,0.00,0.00,0.00,0.00,0.00,0.00,0.00,0.00,0.00,0.00,-0.00,-0.00,0.00,0
0.966871,71,91,275,0,DRIVE [ 12 ] [ 1 ] [ 1025 1728 1885 ] [    0    0    0 ] [      0      0      0 ] [ 0 ],drive [ 11 ] [ 0 ] [ 1025 1734 1885 ] [   88   40    3 ] [   7618   1607  11130 ] [ 0 ],1.00,1.00,1.00,1.00,71.49,90.83,0.00,0.00,0.00,0.00,0.00,0.00,0.00,0.00,0.00,0.00,0.00,0.00,-0.00,-0.00,0.00,0
0.978933,69,90,273,0,DRIVE [ 12 ] [ 1 ] [ 1025 1722 1885 ] [    0    0    0 ] [      0      0      0 ] [ 0 ],drive [ 12 ] [ 0 ] [ 1025 1728 1885 ] [   88   40    3 ] [   8431   1607  10805 ] [ 0 ],1.00,1.00,1.00,1.00,69.37,89.91,0.00,0.00,0.00,0.00,0.00,0.00,0.00,0.00,0.00,0.00,0.00,0.00,-0.00,-0.00,0.00,0
0.990424,67,88,270,0,DRIVE [ 13 ] [ 1 ] [ 1025 1717 1885 ] [    0    0    0 ] [      0      0      0 ] [ 0 ],drive [ 12 ] [ 0 ] [ 1025 1722 1885 ] [   91   43   14 ] [   8431   1607  10805 ] [ 0 ],1.00,1.00,1.00,1.00,66.82,88.39,0.00,0.00,0.00,0.00,0.00,0.00,0.00,0.00,0.00,0.00,0.00,0.00,-0.00,-0.00,0.00,0
1.00171,64,87,268,0,DRIVE [ 13 ] [ 1 ] [ 1032 1712 1885 ] [    0    0    0 ] [      0      0      0 ] [ 0 ],drive [ 13 ] [ 0 ] [ 1025 1717 1885 ] [   91   43   14 ] [   8431   1607  10805 ] [ 0 ],1.00,1.00,1.00,1.00,64.29,87.04,0.00,0.00,0.00,0.00,0.00,0.00,0.00,0.00,0.00,0.00,0.00,0.00,-0.00,-0.00,0.00,0
1.01443,62,85,266,0,DRIVE [ 14 ] [ 1 ] [ 1044 1707 1885 ] [    0    0    0 ] [      0      0      0 ] [ 0 ],drive [ 13 ] [ 0 ] [ 1032 1712 1885 ] [   91   43   14 ] [   8431   1607  10805 ] [ 0 ],1.00,1.00,1.00,1.00,61.50,85.32,0.00,0.00,0.00,0.00,0.00,0.00,0.00,0.00,0.00,0.00,0.00,0.00,-0.00,-0.00,0.00,0
1.02595,59,84,264,0,DRIVE [ 14 ] [ 1 ] [ 1054 1700 1885 ] [    0    0    0 ] [      0      0      0 ] [ 0 ],drive [ 14 ] [ 0 ] [ 1044 1707 1885 ] [   91   43   14 ] [   8761   1607  10600 ] [ 0 ],1.00,1.00,1.00,1.00,58.80,83.87,0.00,0.00,0.00,0.00,0.00,0.00,0.00,0.00,0.00,0.00,0.00,0.00,-0.00,-0.00,0.00,0
1.03802,56,83,262,0,DRIVE [ 15 ] [ 1 ] [ 1065 1694 1885 ] [    0    0    0 ] [      0      0      0 ] [ 0 ],drive [ 14 ] [ 0 ] [ 1054 1700 1885 ] [   95   44    3 ] [   8761   1607  10600 ] [ 0 ],1.00,1.00,1.00,1.00,56.21,82.54,0.00,0.00,0.00,0.00,0.00,0.00,0.00,0.00,0.00,0.00,0.00,0.00,-0.00,-0.00,0.00,0
1.04993,54,81,259,0,DRIVE [ 15 ] [ 1 ] [ 1074 1687 1885 ] [    0    0    0 ] [      0      0      0 ] [ 0 ],drive [ 15 ] [ 0 ] [ 1065 1694 1885 ] [   95   44    3 ] [   8761   1607  10600 ] [ 0 ],1.00,1.00,1.00,1.00,53.64,81.13,0.00,0.00,0.00,0.00,0.00,0.00,0.00,0.00,0.00,0.00,0.00,0.00,-0.00,-0.00,0.00,0
1.06126,51,80,256,0,DRIVE [ 16 ] [ 1 ] [ 1082 1681 1885 ] [    0    0    0 ] [      0      0      0 ] [ 0 ],drive [ 15 ] [ 0 ] [ 1074 1687 1885 ] [   95   44    3 ] [   8761   1607  10600 ] [ 0 ],1.00,1.00,1.00,1.00,51.34,79.81,0.00,0.00,0.00,0.00,0.00,0.00,0.00,0.00,0.00,0.00,0.00,0.00,-0.00,-0.00,0.00,0
1.07336,49,79,254,0,DRIVE [ 16 ] [ 1 ] [ 1089 1675 1885 ] [    0    0    0 ] [      0      0      0 ] [ 0 ],drive [ 16 ] [ 0 ] [ 1082 1681 1885 ] [   95   44    3 ] [   8766   1607  10514 ] [ 0 ],1.00,1.00,1.00,1.00,49.28,78.69,0.00,0.00,0.00,0.00,0.00,0.00,0.00,0.00,0.00,0.00,0.00,0.00,-0.00,-0.00,0.00,0
1.08514,47,78,251,0,DRIVE [ 17 ] [ 1 ] [ 1092 1668 1885 ] [    0    0    0 ] [      0      0      0 ] [ 0 ],drive [ 16 ] [ 0 ] [ 1089 1675 1885 ] [   95   44    3 ] [   8766   1607  10514 ] [ 0 ],1.00,1.00,1.00,1.00,47.39,77.58,0.00,0.00,0.00,0.00,0.00,0.00,0.00,0.00,0.00,0.00,0.00,0.00,-0.00,-0.00,0.00,0
1.09684,46,77,249,0,DRIVE [ 17 ] [ 1 ] [ 1095 1662 1885 ] [    0    0    0 ] [      0      0      0 ] [ 0 ],drive [ 17 ] [ 0 ] [ 1092 1668 1885 ] [   91   47   11 ] [   8766   1607  10514 ] [ 0 ],1.00,1.00,1.00,1.00,45.85,76.80,0.00,0.00,0.00,0.00,0.00,0.00,0.00,0.00,0.00,0.00,0.00,0.00,-0.00,-0.00,0.00,0
1.10972,44,76,247,0,DRIVE [ 18 ] [ 1 ] [ 1107 1659 1885 ] [    0    0    0 ] [      0      0      0 ] [ 0 ],drive [ 17 ] [ 0 ] [ 1095 1662 1885 ] [   91   47   11 ] [   8766   1607  10514 ] [ 0 ],1.00,1.00,1.00,1.00,44.29,75.89,0.00,0.00,0.00,0.00,0.00,0.00,0.00,0.00,0.00,0.00,0.00,0.00,-0.00,-0.00,0.00,0
1.12149,43,75,245,0,DRIVE [ 18 ] [ 1 ] [ 1119 1656 1885 ] [    0    0    0 ] [      0      0      0 ] [ 0 ],drive [ 18 ] [ 0 ] [ 1107 1659 1885 ] [   91   47   11 ] [   8766   1607  10514 ] [ 0 ],1.00,1.00,1.00,1.00,42.73,74.98,0.00,0.00,0.00,0.00,0.00,0.00,0.00,0.00,0.00,0.00,0.00,0.00,-0.00,-0.00,0.00,0
1.13322,41,74,243,0,DRIVE [ 19 ] [ 1 ] [ 1138 1650 1885 ] [    0    0    0 ] [      0      0      0 ] [ 0 ],drive [ 18 ] [ 0 ] [ 1119 1656 1885 ] [   91   47   11 ] [   8768   1607  10417 ] [ 0 ],1.00,1.00,1.00,1.00,40.58,73.97,0.00,0.00,0.00,0.00,0.00,0.00,0.00,0.00,0.00,0.00,0.00,0.00,-0.00,-0.00,0.00,0
1.14418,38,73,239,0,DRIVE [ 19 ] [ 1 ] [ 1156 1645 1885 ] [    0    0    0 ] [      0      0      0 ] [ 0 ],drive [ 19 ] [ 0 ] [ 1138 1650 1885 ] [   88   49   28 ] [   8768   1607  10417 ] [ 0 ],1.00,1.00,1.00,1.00,38.23,72.62,0.00,0.00,0.00,0.00,0.00,0.00,0.00,0.00,0.00,0.00,0.00,0.00,-0.00,-0.00,0.00,0
1.15556,36,71,237,0,DRIVE [ 20 ] [ 1 ] [ 1175 1639 1885 ] [    0    0    0 ] [      0      0      0 ] [ 0 ],drive [ 19 ] [ 0 ] [ 1156 1645 1885 ] [   88   49   28 ] [   8768   1607  10417 ] [ 0 ],1.00,1.00,1.00,1.00,35.98,71.44,0.00,0.00,0.00,0.00,0.00,0.00,0.00,0.00,0.00,0.00,0.00,0.00,-0.00,-0.00,0.00,0
1.16686,34,70,235,0,DRIVE [ 20 ] [ 1 ] [ 1195 1633 1885 ] [    0    0    0 ] [      0      0      0 ] [ 0 ],drive [ 20 ] [ 0 ] [ 1175 1639 1885 ] [   88   49   28 ] [   8768   1607  10417 ] [ 0 ],1.00,1.00,1.00,1.00,33.72,70.34,0.00,0.00,0.00,0.00,0.00,0.00,0.00,0.00,0.00,0.00,0.00,0.00,-0.00,-0.00,0.00,0
1.17805,31,69,232,0,DRIVE [ 21 ] [ 1 ] [ 1216 1626 1885 ] [    0    0    0 ] [      0      0      0 ] [ 0 ],drive [ 20 ] [ 0 ] [ 1195 1633 1885 ] [   88   49   28 ] [   8765   1607  10367 ] [ 0 ],1.00,1.00,1.00,1.00,31.28,69.25,0.00,0.00,0.00,0.00,0.00,0.00,0.00,0.00,0.00,0.00,0.00,0.00,-0.00,-0.00,0.00,0
1.18859,29,68,230,0,DRIVE [ 21 ] [ 1 ] [ 1239 1616 1885 ] [    0    0    0 ] [      0      0      0 ] [ 0 ],drive [ 21 ] [ 0 ] [ 1216 1626 1885 ] [   82   51   20 ] [   8765   1607  10367 ] [ 0 ],1.00,1.00,1.00,1.00,28.64,68.39,0.00,0.00,0.00,0.00,0.00,0.00,0.00,0.00,0.00,0.00,0.00,0.00,-0.00,-0.00,0.00,0
1.19975,26,68,228,0,DRIVE [ 22 ] [ 1 ] [ 1263 1606 1885 ] [    0    0    0 ] [      0      0      0 ] [ 0 ],drive [ 21 ] [ 0 ] [ 1239 1616 1885 ] [   82   51   20 ] [   8765   1607  10367 ] [ 0 ],1.00,1.00,1.00,1.00,25.83,67.55,0.00,0.00,0.00,0.00,0.00,0.00,0.00,0.00,0.00,0.00,0.00,0.00,-0.00,-0.00,0.00,0
1.21028,23,67,226,0,DRIVE [ 22 ] [ 1 ] [ 1289 1594 1885 ] [    0    0    0 ] [      0      0      0 ] [ 0 ],drive [ 22 ] [ 0 ] [ 1263 1606 1885 ] [   82   51   20 ] [   8765   1607  10367 ] [ 0 ],1.00,1.00,1.00,1.00,22.86,66.55,0.00,0.00,0.00,0.00,0.00,0.00,0.00,0.00,0.00,0.00,0.00,0.00,-0.00,-0.00,0.00,0
1.22144,20,66,224,0,DRIVE [ 23 ] [ 1 ] [ 1315 1581 1885 ] [    0    0    0 ] [      0      0      0 ] [ 0 ],drive [ 22 ] [ 0 ] [ 1289 1594 1885 ] [   82   51   20 ] [   8765   1611  10328 ] [ 0 ],1.00,1.00,1.00,1.00,19.82,65.80,0.00,0.00,0.00,0.00,0.00,0.00,0.00,0.00,0.00,0.00,0.00,0.00,-0.00,-0.00,0.00,0
1.23242,17,65,222,0,DRIVE [ 23 ] [ 1 ] [ 1343 1567 1885 ] [    0    0    0 ] [      0      0      0 ] [ 0 ],drive [ 23 ] [ 0 ] [ 1315 1581 1885 ] [   82   51   20 ] [   8765   1611  10328 ] [ 0 ],1.00,1.00,1.00,1.00,16.59,65.02,0.00,0.00,0.00,0.00,0.00,0.00,0.00,0.00,0.00,0.00,0.00,0.00,-0.00,-0.00,0.00,0
1.24428,13,64,221,0,DRIVE [ 24 ] [ 1 ] [ 1371 1551 1885 ] [    0    0    0 ] [      0      0      0 ] [ 0 ],drive [ 23 ] [ 0 ] [ 1343 1567 1885 ] [   73   53   22 ] [   8765   1611  10328 ] [ 0 ],1.00,1.00,1.00,1.00,13.27,64.15,0.00,0.00,0.00,0.00,0.00,0.00,0.00,0.00,0.00,0.00,0.00,0.00,-0.00,-0.00,0.00,0
1.25464,10,63,219,0,DRIVE [ 24 ] [ 1 ] [ 1400 1535 1885 ] [    0    0    0 ] [      0      0      0 ] [ 0 ],drive [ 24 ] [ 0 ] [ 1371 1551 1885 ] [   73   53   22 ] [   8765   1611  10328 ] [ 0 ],1.00,1.00,1.00,1.00,9.91,63.28,0.00,0.00,0.00,0.00,0.00,0.00,0.00,0.00,0.00,0.00,0.00,0.00,-0.00,-0.00,0.00,0
1.26604,6,62,217,0,DRIVE [ 25 ] [ 1 ] [ 1428 1517 1885 ] [    0    0    0 ] [      0      0      0 ] [ 0 ],drive [ 24 ] [ 0 ] [ 1400 1535 1885 ] [   73   53   22 ] [   8765   1611  10328 ] [ 0 ],1.00,1.00,1.00,1.00,6.49,62.39,0.00,0.00,0.00,0.00,0.00,0.00,0.00,0.00,0.00,0.00,0.00,0.00,-0.00,-0.00,0.00,0
1.28218,3,61,215,0,DRIVE [ 25 ] [ 1 ] [ 1456 1497 1885 ] [    0    0    0 ] [      0      0      0 ] [ 0 ],drive [ 25 ] [ 0 ] [ 1428 1517 1885 ] [   73   53   22 ] [   8759   1624  10251 ] [ 0 ],1.00,1.00,1.00,1.00,3.01,61.35,0.00,0.00,0.00,0.00,0.00,0.00,0.00,0.00,0.00,0.00,0.00,0.00,-0.00,-0.00,0.00,0
1.29468,-1,60,213,0,DRIVE [ 26 ] [ 1 ] [ 1484 1475 1885 ] [    0    0    0 ] [      0      0      0 ] [ 0 ],drive [ 25 ] [ 0 ] [ 1456 1497 1885 ] [   50   48   17 ] [   8759   1624  10251 ] [ 0 ],1.00,1.00,1.00,1.00,-0.56,60.35,0.00,0.00,0.00,0.00,0.00,0.00,0.00,0.00,0.00,0.00,0.00,0.00,0.00,-0.00,0.00,0
1.30567,-4,59,211,0,DRIVE [ 26 ] [ 1 ] [ 1510 1451 1885 ] [    0    0    0 ] [      0      0      0 ] [ 0 ],drive [ 26 ] [ 0 ] [ 1484 1475 1885 ] [   50   48   17 ] [   8759   1624  10251 ] [ 0 ],1.00,1.00,1.00,1.00,-4.19,59.45,0.00,0.00,0.00,0.00,0.00,0.00,0.00,0.00,0.00,0.00,0.00,0.00,0.00,-0.00,0.00,0
1.31664,-8,58,208,0,DRIVE [ 27 ] [ 1 ] [ 1536 1425 1885 ] [    0    0    0 ] [      0      0      0 ] [ 0 ],drive [ 26 ] [ 0 ] [ 1510 1451 1885 ] [   50   48   17 ] [   8759   1624  10251 ] [ 0 ],1.00,1.00,1.00,1.00,-7.76,58.37,0.00,0.00,0.00,0.00,0.00,0.00,0.00,0.00,0.00,0.00,0.00,0.00,0.00,-0.00,0.00,0
1.32731,-11,57,206,0,DRIVE [ 27 ] [ 1 ] [ 1561 1398 1885 ] [    0    0    0 ] [      0      0      0 ] [ 0 ],drive [ 27 ] [ 0 ] [ 1536 1425 1885 ] [   50   48   17 ] [   8740   1692  10240 ] [ 0 ],1.00,1.00,1.00,1.00,-11.24,57.40,0.00,0.00,0.00,0.00,0.00,0.00,0.00,0.00,0.00,0.00,0.00,0.00,0.00,-0.00,0.00,0
1.3385,-15,56,204,0,DRIVE [ 28 ] [ 1 ] [ 1584 1369 1885 ] [    0    0    0 ] [      0      0      0 ] [ 0 ],drive [ 27 ] [ 0 ] [ 1561 1398 1885 ] [   37   63   10 ] [   8740   1692  10240 ] [ 0 ],1.00,1.00,1.00,1.00,-14.60,56.48,0.00,0.00,0.00,0.00,0.00,0.00,0.00,0.00,0.00,0.00,0.00,0.00,0.00,-0.00,0.00,0
1.34947,-18,56,202,0,DRIVE [ 28 ] [ 1 ] [ 1606 1339 1885 ] [    0    0    0 ] [      0      0      0 ] [ 0 ],drive [ 28 ] [ 0 ] [ 1584 1369 1885 ] [   37   63   10 ] [   8740   1692  10240 ] [ 0 ],1.00,1.00,1.00,1.00,-17.84,55.58,0.00,0.00,0.00,0.00,0.00,0.00,0.00,0.00,0.00,0.00,0.00,0.00,0.00,-0.00,0.00,0
1.36121,-21,55,200,0,DRIVE [ 29 ] [ 1 ] [ 1627 1307 1885 ] [    0    0    0 ] [      0      0      0 ] [ 0 ],drive [ 28 ] [ 0 ] [ 1606 1339 1885 ] [   37   63   10 ] [   8740   1692  10240 ] [ 0 ],1.00,1.00,1.00,1.00,-21.03,54.75,0.00,0.00,0.00,0.00,0.00,0.00,0.00,0.00,0.00,0.00,0.00,0.00,0.00,0.00,0.00,0
1.37178,-24,54,198,0,DRIVE [ 29 ] [ 1 ] [ 1646 1274 1885 ] [    0    0    0 ] [      0      0      0 ] [ 0 ],drive [ 29 ] [ 0 ] [ 1627 1307 1885 ] [   37   63   10 ] [   8661   1910  10204 ] [ 0 ],1.00,1.00,1.00,1.00,-24.07,53.90,0.00,0.00,0.00,0.00,0.00,0.00,0.00,0.00,0.00,0.00,0.00,0.00,0.00,0.00,0.00,0
1.38286,-27,53,196,0,DRIVE [ 30 ] [ 1 ] [ 1664 1242 1885 ] [    0    0    0 ] [      0      0      0 ] [ 0 ],drive [ 29 ] [ 0 ] [ 1646 1274 1885 ] [   37   63   10 ] [   8661   1910  10204 ] [ 0 ],1.00,1.00,1.00,1.00,-26.91,53.04,0.00,0.00,0.00,0.00,0.00,0.00,0.00,0.00,0.00,0.00,0.00,0.00,0.00,0.00,0.00,0
1.39338,-29,52,194,0,DRIVE [ 30 ] [ 1 ] [ 1682 1212 1885 ] [    0    0    0 ] [      0      0      0 ] [ 0 ],drive [ 30 ] [ 0 ] [ 1664 1242 1885 ] [   45   79   17 ] [   8661   1910  10204 ] [ 0 ],1.00,1.00,1.00,1.00,-29.40,52.05,0.00,0.00,0.00,0.00,0.00,0.00,0.00,0.00,0.00,0.00,0.00,0.00,0.00,0.00,0.00,0
1.40433,-32,51,193,0,DRIVE [ 31 ] [ 1 ] [ 1699 1188 1885 ] [    0    0    0 ] [      0      0      0 ] [ 0 ],drive [ 30 ] [ 0 ] [ 1682 1212 1885 ] [   45   79   17 ] [   8661   1910  10204 ] [ 0 ],1.00,1.00,1.00,1.00,-31.54,50.86,0.00,0.00,0.00,0.00,0.00,0.00,0.00,0.00,0.00,0.00,0.00,0.00,0.00,0.00,0.00,0
1.41494,-33,49,191,0,DRIVE [ 31 ] [ 1 ] [ 1715 1168 1885 ] [    0    0    0 ] [      0      0      0 ] [ 0 ],drive [ 31 ] [ 0 ] [ 1699 1188 1885 ] [   45   79   17 ] [   8661   1910  10204 ] [ 0 ],1.00,1.00,1.00,1.00,-33.33,49.49,0.00,0.00,0.00,0.00,0.00,0.00,0.00,0.00,0.00,0.00,0.00,0.00,0.00,0.00,0.00,0
1.42531,-35,48,190,0,DRIVE [ 32 ] [ 1 ] [ 1731 1149 1885 ] [    0    0    0 ] [      0      0      0 ] [ 0 ],drive [ 31 ] [ 0 ] [ 1715 1168 1885 ] [   45   79   17 ] [   8382   2277  10120 ] [ 0 ],1.00,1.00,1.00,1.00,-34.87,48.04,0.00,0.00,0.00,0.00,0.00,0.00,0.00,0.00,0.00,0.00,0.00,0.00,0.00,0.00,0.00,0
1.43616,-36,47,188,0,DRIVE [ 32 ] [ 1 ] [ 1746 1130 1885 ] [    0    0    0 ] [      0      0      0 ] [ 0 ],drive [ 32 ] [ 0 ] [ 1731 1149 1885 ] [   38   91    5 ] [   8382   2277  10120 ] [ 0 ],1.00,1.00,1.00,1.00,-36.29,46.73,0.00,0.00,0.00,0.00,0.00,0.00,0.00,0.00,0.00,0.00,0.00,0.00,0.00,0.00,0.00,0
1.44667,-37,45,186,0,DRIVE [ 33 ] [ 1 ] [ 1759 1113 1885 ] [    0    0    0 ] [      0      0      0 ] [ 0 ],drive [ 32 ] [ 0 ] [ 1746 1130 1885 ] [   38   91    5 ] [   8382   2277  10120 ] [ 0 ],1.00,1.00,1.00,1.00,-37.45,45.34,0.00,0.00,0.00,0.00,0.00,0.00,0.00,0.00,0.00,0.00,0.00,0.00,0.00,0.00,0.00,0
1.45701,-38,44,185,0,DRIVE [ 33 ] [ 1 ] [ 1771 1100 1885 ] [    0    0    0 ] [      0      0      0 ] [ 0 ],drive [ 33 ] [ 0 ] [ 1759 1113 1885 ] [   38   91    5 ] [   8382   2277  10120 ] [ 0 ],1.00,1.00,1.00,1.00,-38.32,44.08,0.00,0.00,0.00,0.00,0.00,0.00,0.00,0.00,0.00,0.00,0.00,0.00,0.00,0.00,0.00,0
1.46771,-39,43,183,0,DRIVE [ 34 ] [ 1 ] [ 1781 1090 1885 ] [    0    0    0 ] [      0      0      0 ] [ 0 ],drive [ 33 ] [ 0 ] [ 1771 1100 1885 ] [   38   91    5 ] [   8382   2277  10120 ] [ 0 ],1.00,1.00,1.00,1.00,-38.93,42.88,0.00,0.00,0.00,0.00,0.00,0.00,0.00,0.00,0.00,0.00,0.00,0.00,0.00,0.00,0.00,0
1.47899,-39,42,182,0,DRIVE [ 34 ] [ 1 ] [ 1790 1082 1885 ] [    0    0    0 ] [      0      0      0 ] [ 0 ],drive [ 34 ] [ 0 ] [ 1781 1090 1885 ] [   38   91    5 ] [   7744   2501  10151 ] [ 0 ],1.00,1.00,1.00,1.00,-39.43,41.79,0.00,0.00,0.00,0.00,0.00,0.00,0.00,0.00,0.00,0.00,0.00,0.00,0.00,0.00,0.00,0
1.4892,-40,41,180,0,DRIVE [ 35 ] [ 1 ] [ 1797 1071 1885 ] [    0    0    0 ] [      0      0      0 ] [ 0 ],drive [ 34 ] [ 0 ] [ 1790 1082 1885 ] [   29   78   22 ] [   7744   2501  10151 ] [ 0 ],1.00,1.00,1.00,1.00,-39.97,40.95,0.00,0.00,0.00,0.00,0.00,0.00,0.00,0.00,0.00,0.00,0.00,0.00,0.00,0.00,0.00,0
1.50005,-41,40,179,0,DRIVE [ 35 ] [ 1 ] [ 1805 1059 1885 ] [    0    0    0 ] [      0      0      0 ] [ 0 ],drive [ 35 ] [ 0 ] [ 1797 1071 1885 ] [   29   78   22 ] [   7744   2501  10151 ] [ 0 ],1.00,1.00,1.00,1.00,-40.60,40.25,0.00,0.00,0.00,0.00,0.00,0.00,0.00,0.00,0.00,0.00,0.00,0.00,0.00,0.00,0.00,0
1.51085,-41,39,178,0,DRIVE [ 36 ] [ 1 ] [ 1812 1049 1885 ] [    0    0    0 ] [      0      0      0 ] [ 0 ],drive [ 35 ] [ 0 ] [ 1805 1059 1885 ] [   29   78   22 ] [   7744   2501  10151 ] [ 0 ],1.00,1.00,1.00,1.00,-41.06,39.46,0.00,0.00,0.00,0.00,0.00,0.00,0.00,0.00,0.00,0.00,0.00,0.00,0.00,0.00,0.00,0
1.52101,-41,38,176,0,DRIVE [ 36 ] [ 1 ] [ 1819 1043 1885 ] [    0    0    0 ] [      0      0      0 ] [ 0 ],drive [ 36 ] [ 0 ] [ 1812 1049 1885 ] [   29   78   22 ] [   7359   2848  10172 ] [ 0 ],1.00,1.00,1.00,1.00,-41.22,38.43,0.00,0.00,0.00,0.00,0.00,0.00,0.00,0.00,0.00,0.00,0.00,0.00,0.00,0.00,0.00,0
1.53243,-41,37,175,0,DRIVE [ 37 ] [ 1 ] [ 1826 1040 1885 ] [    0    0    0 ] [      0      0      0 ] [ 0 ],drive [ 36 ] [ 0 ] [ 1819 1043 1885 ] [   29   78   22 ] [   7359   2848  10172 ] [ 0 ],1.00,1.00,1.00,1.00,-41.18,37.33,0.00,0.00,0.00,0.00,0.00,0.00,0.00,0.00,0.00,0.00,0.00,0.00,0.00,0.00,0.00,0
1.54284,-41,36,173,0,DRIVE [ 37 ] [ 1 ] [ 1833 1040 1885 ] [    0    0    0 ] [      0      0      0 ] [ 0 ],drive [ 37 ] [ 0 ] [ 1826 1040 1885 ] [   36   88   22 ] [   7359   2848  10172 ] [ 0 ],1.00,1.00,1.00,1.00,-41.04,36.22,0.00,0.00,0.00,0.00,0.00,0.00,0.00,0.00,0.00,0.00,0.00,0.00,0.00,0.00,0.00,0
1.55519,-41,35,172,0,DRIVE [ 38 ] [ 1 ] [ 1839 1040 1885 ] [    0    0    0 ] [      0      0      0 ] [ 0 ],drive [ 37 ] [ 0 ] [ 1833 1040 1885 ] [   36   88   22 ] [   7359   2848  10172 ] [ 0 ],1.00,1.00,1.00,1.00,-40.86,35.14,0.00,0.00,0.00,0.00,0.00,0.00,0.00,0.00,0.00,0.00,0.00,0.00,0.00,0.00,0.00,0
1.56606,-41,34,171,0,DRIVE [ 38 ] [ 1 ] [ 1845 1041 1885 ] [    0    0    0 ] [      0      0      0 ] [ 0 ],drive [ 38 ] [ 0 ] [ 1839 1040 1885 ] [   36   88   22 ] [   7359   2848  10172 ] [ 0 ],1.00,1.00,1.00,1.00,-40.60,34.03,0.00,0.00,0.00,0.00,0.00,0.00,0.00,0.00,0.00,0.00,0.00,0.00,0.00,0.00,0.00,0
1.57894,-41,33,169,0,DRIVE [ 39 ] [ 1 ] [ 1851 1040 1885 ] [    0    0    0 ] [      0      0      0 ] [ 0 ],drive [ 38 ] [ 0 ] [ 1845 1041 1885 ] [   36   88   22 ] [   7237   3057  10168 ] [ 0 ],1.00,1.00,1.00,1.00,-40.51,33.09,0.00,0.00,0.00,0.00,0.00,0.00,0.00,0.00,0.00,0.00,0.00,0.00,0.00,0.00,0.00,0
1.58918,-40,32,168,0,DRIVE [ 39 ] [ 1 ] [ 1857 1037 1885 ] [    0    0    0 ] [      0      0      0 ] [ 0 ],drive [ 39 ] [ 0 ] [ 1851 1040 1885 ] [    9   87   22 ] [   7237   3057  10168 ] [ 0 ],1.00,1.00,1.00,1.00,-40.43,32.20,0.00,0.00,0.00,0.00,0.00,0.00,0.00,0.00,0.00,0.00,0.00,0.00,0.00,0.00,0.00,0
1.60002,-40,31,167,0,DRIVE [ 40 ] [ 1 ] [ 1861 1036 1885 ] [    0    0    0 ] [      0      0      0 ] [ 0 ],drive [ 39 ] [ 0 ] [ 1857 1037 1885 ] [    9   87   22 ] [   7237   3057  10168 ] [ 0 ],1.00,1.00,1.00,1.00,-40.24,31.45,0.00,0.00,0.00,0.00,0.00,0.00,0.00,0.00,0.00,0.00,0.00,0.00,0.00,0.00,0.00,0
1.61008,-40,31,165,0,DRIVE [ 40 ] [ 1 ] [ 1863 1036 1885 ] [    0    0    0 ] [      0      0      0 ] [ 0 ],drive [ 40 ] [ 0 ] [ 1861 1036 1885 ] [    9   87   22 ] [   7237   3057  10168 ] [ 0 ],1.00,1.00,1.00,1.00,-39.92,30.91,0.00,0.00,0.00,0.00,0.00,-0.00,0.00,0.00,0.00,0.00,0.00,0.00,0.00,0.00,0.00,0
1.62098,-39,30,164,0,DRIVE [ 41 ] [ 1 ] [ 1863 1040 1885 ] [    0    0    0 ] [      0      0      0 ] [ 0 ],drive [ 40 ] [ 0 ] [ 1863 1036 1885 ] [    9   87   22 ] [   6970   3215  10178 ] [ 0 ],1.00,1.00,1.00,1.00,-39.34,30.46,0.00,0.00,0.00,0.00,0.00,-0.00,0.00,0.00,0.00,0.00,0.00,0.00,0.00,0.00,0.00,0
1.63169,-39,30,162,0,DRIVE [ 41 ] [ 1 ] [ 1861 1050 1885 ] [    0    0    0 ] [      0      0      0 ] [ 0 ],drive [ 41 ] [ 0 ] [ 1863 1040 1885 ] [    9   87   22 ] [   6970   3215  10178 ] [ 0 ],1.00,1.00,1.00,1.00,-38.55,30.16,0.00,0.00,0.00,0.00,0.00,-0.00,0.00,0.00,0.00,0.00,0.00,0.00,0.00,0.00,0.00,0
1.64188,-37,30,161,0,DRIVE [ 42 ] [ 1 ] [ 1857 1067 1885 ] [    0    0    0 ] [      0      0      0 ] [ 0 ],drive [ 41 ] [ 0 ] [ 1861 1050 1885 ] [   13   98   21 ] [   6970   3215  10178 ] [ 0 ],1.00,1.00,1.00,1.00,-37.30,29.76,0.00,0.00,0.00,0.00,0.00,-0.00,0.00,0.00,0.00,0.00,0.00,0.00,0.00,-0.00,0.00,0
1.65265,-36,29,160,0,DRIVE [ 42 ] [ 1 ] [ 1852 1090 1885 ] [    0    0    0 ] [      0      0      0 ] [ 0 ],drive [ 42 ] [ 0 ] [ 1857 1067 1885 ] [   13   98   21 ] [   6970   3215  10178 ] [ 0 ],1.00,1.00,1.00,1.00,-35.80,29.38,0.00,0.00,0.00,0.00,0.00,-0.00,0.00,0.00,0.00,0.00,0.00,0.00,0.00,-0.00,0.00,0
1.66293,-34,29,159,0,DRIVE [ 43 ] [ 1 ] [ 1845 1118 1885 ] [    0    0    0 ] [      0      0      0 ] [ 0 ],drive [ 42 ] [ 0 ] [ 1852 1090 1885 ] [   13   98   21 ] [   6970   3215  10178 ] [ 0 ],1.00,1.00,1.00,1.00,-34.04,29.03,0.00,0.00,0.00,0.00,0.00,-0.00,0.00,0.00,0.00,0.00,0.00,0.00,0.00,-0.00,0.00,0
1.67367,-32,29,157,0,DRIVE [ 43 ] [ 1 ] [ 1837 1148 1885 ] [    0    0    0 ] [      0      0      0 ] [ 0 ],drive [ 43 ] [ 0 ] [ 1845 1118 1885 ] [   13   98   21 ] [   6887   3478  10177 ] [ 0 ],1.00,1.00,1.00,1.00,-32.19,28.67,0.00,0.00,0.00,0.00,0.00,-0.00,0.00,0.00,0.00,0.00,0.00,0.00,0.00,-0.00,0.00,0
1.68421,-30,28,156,0,DRIVE [ 44 ] [ 1 ] [ 1829 1176 1885 ] [    0    0    0 ] [      0      0      0 ] [ 0 ],drive [ 43 ] [ 0 ] [ 1837 1148 1885 ] [   13   98   21 ] [   6887   3478  10177 ] [ 0 ],1.00,1.00,1.00,1.00,-30.36,28.35,0.00,0.00,0.00,0.00,0.00,-0.00,0.00,0.00,0.00,0.00,0.00,0.00,0.00,-0.00,0.00,0
1.69472,-29,28,155,0,DRIVE [ 44 ] [ 1 ] [ 1821 1206 1885 ] [    0    0    0 ] [      0      0      0 ] [ 0 ],drive [ 44 ] [ 0 ] [ 1829 1176 1885 ] [   29   74   22 ] [   6887   3478  10177 ] [ 0 ],1.00,1.00,1.00,1.00,-28.57,28.09,0.00,0.00,0.00,0.00,0.00,-0.00,0.00,0.00,0.00,0.00,0.00,0.00,0.00,-0.00,0.00,0
1.70535,-27,28,154,0,DRIVE [ 45 ] [ 1 ] [ 1812 1233 1885 ] [    0    0    0 ] [      0      0      0 ] [ 0 ],drive [ 44 ] [ 0 ] [ 1821 1206 1885 ] [   29   74   22 ] [   6887   3478  10177 ] [ 0 ],1.00,1.00,1.00,1.00,-26.84,27.89,0.00,0.00,0.00,0.00,0.00,-0.00,0.00,0.00,0.00,0.00,0.00,0.00,0.00,-0.00,0.00,0
1.71603,-25,28,152,0,DRIVE [ 45 ] [ 1 ] [ 1802 1260 1885 ] [    0    0    0 ] [      0      0      0 ] [ 0 ],drive [ 45 ] [ 0 ] [ 1812 1233 1885 ] [   29   74   22 ] [   6887   3478  10177 ] [ 0 ],1.00,1.00,1.00,1.00,-25.13,27.74,0.00,0.00,0.00,0.00,0.00,-0.00,0.00,0.00,0.00,0.00,0.00,0.00,0.00,-0.00,0.00,0
1.72624,-23,28,151,0,DRIVE [ 46 ] [ 1 ] [ 1793 1286 1885 ] [    0    0    0 ] [      0      0      0 ] [ 0 ],drive [ 45 ] [ 0 ] [ 1802 1260 1885 ] [   29   74   22 ] [   6809   3498  10177 ] [ 0 ],1.00,1.00,1.00,1.00,-23.45,27.62,0.00,0.00,0.00,0.00,0.00,-0.00,0.00,0.00,0.00,0.00,0.00,0.00,0.00,-0.00,0.00,0
1.73686,-22,27,150,0,DRIVE [ 46 ] [ 1 ] [ 1783 1313 1885 ] [    0    0    0 ] [      0      0      0 ] [ 0 ],drive [ 46 ] [ 0 ] [ 1793 1286 1885 ] [   19   64   22 ] [   6809   3498  10177 ] [ 0 ],1.00,1.00,1.00,1.00,-21.72,27.45,0.00,0.00,0.00,0.00,0.00,-0.00,0.00,0.00,0.00,0.00,0.00,0.00,0.00,-0.00,0.00,0
1.74719,-20,27,148,0,DRIVE [ 47 ] [ 1 ] [ 1773 1341 1885 ] [    0    0    0 ] [      0      0      0 ] [ 0 ],drive [ 46 ] [ 0 ] [ 1783 1313 1885 ] [   19   64   22 ] [   6809   3498  10177 ] [ 0 ],1.00,1.00,1.00,1.00,-19.92,27.24,0.00,0.00,0.00,0.00,0.00,-0.00,0.00,0.00,0.00,0.00,0.00,0.00,0.00,-0.00,0.00,0
1.7573,-18,27,147,0,DRIVE [ 47 ] [ 1 ] [ 1762 1370 1885 ] [    0    0    0 ] [      0      0      0 ] [ 0 ],drive [ 47 ] [ 0 ] [ 1773 1341 1885 ] [   19   64   22 ] [   6809   3498  10177 ] [ 0 ],1.00,1.00,1.00,1.00,-18.10,27.01,0.00,0.00,0.00,0.00,0.00,-0.00,0.00,0.00,0.00,0.00,0.00,0.00,0.00,-0.00,0.00,0
1.76794,-16,27,146,0,DRIVE [ 48 ] [ 1 ] [ 1751 1399 1885 ] [    0    0    0 ] [      0      0      0 ] [ 0 ],drive [ 47 ] [ 0 ] [ 1762 1370 1885 ] [   19   64   22 ] [   6809   3498  10177 ] [ 0 ],1.00,1.00,1.00,1.00,-16.24,26.79,0.00,0.00,0.00,0.00,0.00,-0.00,0.00,0.00,0.00,0.00,0.00,0.00,0.00,-0.00,0.00,0
1.77877,-14,26,145,0,DRIVE [ 48 ] [ 1 ] [ 1740 1429 1885 ] [    0    0    0 ] [      0      0      0 ] [ 0 ],drive [ 48 ] [ 0 ] [ 1751 1399 1885 ] [   19   64   22 ] [   6810   3492  10170 ] [ 0 ],1.00,1.00,1.00,1.00,-14.33,26.48,0.00,0.00,0.00,0.00,0.00,-0.00,0.00,0.00,0.00,0.00,0.00,0.00,0.00,-0.00,0.00,0
1.78896,-12,26,144,0,DRIVE [ 49 ] [ 1 ] [ 1728 1459 1885 ] [    0    0    0 ] [      0      0      0 ] [ 0 ],drive [ 48 ] [ 0 ] [ 1740 1429 1885 ] [   23   55   23 ] [   6810   3492  10170 ] [ 0 ],1.00,1.00,1.00,1.00,-12.43,26.18,0.00,0.00,0.00,0.00,0.00,-0.00,0.00,0.00,0.00,0.00,0.00,0.00,0.00,-0.00,0.00,0
1.79946,-11,26,143,0,DRIVE [ 49 ] [ 1 ] [ 1716 1487 1885 ] [    0    0    0 ] [      0      0      0 ] [ 0 ],drive [ 49 ] [ 0 ] [ 1728 1459 1885 ] [   23   55   23 ] [   6810   3492  10170 ] [ 0 ],1.00,1.00,1.00,1.00,-10.54,25.88,0.00,0.00,0.00,0.00,0.00,-0.00,0.00,0.00,0.00,0.00,0.00,0.00,0.00,-0.00,0.00,0
1.81066,-9,25,142,0,DRIVE [ 50 ] [ 1 ] [ 1703 1515 1885 ] [    0    0    0 ] [      0      0      0 ] [ 0 ],drive [ 49 ] [ 0 ] [ 1716 1487 1885 ] [   23   55   23 ] [   6810   3492  10170 ] [ 0 ],1.00,1.00,1.00,1.00,-8.66,25.48,0.00,0.00,0.00,0.00,0.00,-0.00,0.00,0.00,0.00,0.00,0.00,0.00,0.00,-0.00,0.00,0
1.82298,-7,25,140,0,DRIVE [ 50 ] [ 1 ] [ 1691 1543 1885 ] [    0    0    0 ] [      0      0      0 ] [ 0 ],drive [ 50 ] [ 0 ] [ 1703 1515 1885 ] [   23   55   23 ] [   6815   3468  10170 ] [ 0 ],1.00,1.00,1.00,1.00,-6.82,25.01,0.00,0.00,0.00,0.00,0.00,-0.00,0.00,0.00,0.00,0.00,0.00,0.00,0.00,-0.00,0.00,0
1.83477,-5,24,139,0,DRIVE [ 51 ] [ 1 ] [ 1679 1568 1885 ] [    0    0    0 ] [      0      0      0 ] [ 0 ],drive [ 50 ] [ 0 ] [ 1691 1543 1885 ] [   23   55   23 ] [   6815   3468  10170 ] [ 0 ],1.00,1.00,1.00,1.00,-5.06,24.47,0.00,0.00,0.00,0.00,0.00,-0.00,0.00,0.00,0.00,0.00,0.00,0.00,0.00,-0.00,0.00,0
1.84522,-3,24,138,0,DRIVE [ 51 ] [ 1 ] [ 1668 1594 1885 ] [    0    0    0 ] [      0      0      0 ] [ 0 ],drive [ 51 ] [ 0 ] [ 1679 1568 1885 ] [   32   60   24 ] [   6815   3468  10170 ] [ 0 ],1.00,1.00,1.00,1.00,-3.38,23.86,0.00,0.00,0.00,0.00,0.00,-0.00,0.00,0.00,0.00,0.00,0.00,0.00,0.00,-0.00,0.00,0
1.85531,-2,23,137,0,DRIVE [ 52 ] [ 1 ] [ 1659 1619 1885 ] [    0    0    0 ] [      0      0      0 ] [ 0 ],drive [ 51 ] [ 0 ] [ 1668 1594 1885 ] [   32   60   24 ] [   6815   3468  10170 ] [ 0 ],1.00,1.00,1.00,1.00,-1.81,23.09,0.00,0.00,0.00,0.00,0.00,-0.00,0.00,0.00,0.00,0.00,0.00,0.00,0.00,-0.00,0.00,0
1.86703,0,22,136,0,DRIVE [ 52 ] [ 1 ] [ 1651 1643 1885 ] [    0    0    0 ] [      0      0      0 ] [ 0 ],drive [ 52 ] [ 0 ] [ 1659 1619 1885 ] [   32   60   24 ] [   6815   3468  10170 ] [ 0 ],1.00,1.00,1.00,1.00,-0.37,22.18,0.00,0.00,0.00,0.00,0.00,-0.00,0.00,0.00,0.00,0.00,0.00,0.00,0.00,-0.00,0.00,0
1.8787,1,21,135,0,DRIVE [ 53 ] [ 1 ] [ 1646 1667 1885 ] [    0    0    0 ] [      0      0      0 ] [ 0 ],drive [ 52 ] [ 0 ] [ 1651 1643 1885 ] [   32   60   24 ] [   6926   3369  10121 ] [ 0 ],1.00,1.00,1.00,1.00,0.94,21.18,0.00,0.00,0.00,0.00,0.00,-0.00,0.00,0.00,0.00,0.00,0.00,0.00,-0.00,-0.00,0.00,0
1.89114,2,20,134,0,DRIVE [ 53 ] [ 1 ] [ 1641 1688 1885 ] [    0    0    0 ] [      0      0      0 ] [ 0 ],drive [ 53 ] [ 0 ] [ 1646 1667 1885 ] [   36   34   10 ] [   6926   3369  10121 ] [ 0 ],1.00,1.00,1.00,1.00,2.10,20.13,0.00,0.00,0.00,0.00,0.00,-0.00,0.00,0.00,0.00,0.00,0.00,0.00,-0.00,-0.00,0.00,0
1.90315,3,19,133,0,DRIVE [ 54 ] [ 1 ] [ 1637 1710 1885 ] [    0    0    0 ] [      0      0      0 ] [ 0 ],drive [ 53 ] [ 0 ] [ 1641 1688 1885 ] [   36   34   10 ] [   6926   3369  10121 ] [ 0 ],1.00,1.00,1.00,1.00,3.17,19.02,0.00,0.00,0.00,0.00,0.00,-0.00,0.00,0.00,0.00,0.00,0.00,0.00,-0.00,-0.00,0.00,0
1.91367,4,18,132,0,DRIVE [ 54 ] [ 1 ] [ 1635 1731 1885 ] [    0    0    0 ] [      0      0      0 ] [ 0 ],drive [ 54 ] [ 0 ] [ 1637 1710 1885 ] [   36   34   10 ] [   6926   3369  10121 ] [ 0 ],1.00,1.00,1.00,1.00,4.12,17.83,0.00,0.00,0.00,0.00,0.00,-0.00,0.00,0.00,0.00,0.00,0.00,0.00,-0.00,-0.00,0.00,0
1.9238,5,17,131,0,DRIVE [ 55 ] [ 1 ] [ 1633 1751 1885 ] [    0    0    0 ] [      0      0      0 ] [ 0 ],drive [ 54 ] [ 0 ] [ 1635 1731 1885 ] [   36   34   10 ] [   7170   3218   9996 ] [ 0 ],1.00,1.00,1.00,1.00,5.05,16.59,0.00,0.00,0.00,0.00,0.00,-0.00,0.00,0.00,0.00,0.00,0.00,0.00,-0.00,-0.00,0.00,0
1.93518,6,15,130,0,DRIVE [ 55 ] [ 1 ] [ 1629 1771 1885 ] [    0    0    0 ] [      0      0      0 ] [ 0 ],drive [ 55 ] [ 0 ] [ 1633 1751 1885 ] [   36   34   10 ] [   7170   3218   9996 ] [ 0 ],1.00,1.00,1.00,1.00,5.95,15.43,0.00,0.00,0.00,0.00,0.00,-0.00,0.00,0.00,0.00,0.00,0.00,0.00,-0.00,-0.00,0.00,0
1.94704,7,14,129,0,DRIVE [ 56 ] [ 1 ] [ 1622 1788 1885 ] [    0    0    0 ] [      0      0      0 ] [ 0 ],drive [ 55 ] [ 0 ] [ 1629 1771 1885 ] [   39   38    4 ] [   7170   3218   9996 ] [ 0 ],1.00,1.00,1.00,1.00,6.84,14.36,0.00,0.00,0.00,0.00,0.00,-0.00,0.00,0.00,0.00,0.00,0.00,0.00,-0.00,-0.00,0.00,0
1.95874,8,13,129,0,DRIVE [ 56 ] [ 1 ] [ 1614 1805 1885 ] [    0    0    0 ] [      0      0      0 ] [ 0 ],drive [ 56 ] [ 0 ] [ 1622 1788 1885 ] [   39   38    4 ] [   7170   3218   9996 ] [ 0 ],1.00,1.00,1.00,1.00,7.70,13.39,0.00,0.00,0.00,0.00,0.00,-0.00,0.00,0.00,0.00,0.00,0.00,0.00,-0.00,-0.00,0.00,0
1.97096,8,12,128,0,DRIVE [ 57 ] [ 1 ] [ 1605 1819 1885 ] [    0    0    0 ] [      0      0      0 ] [ 0 ],drive [ 56 ] [ 0 ] [ 1614 1805 1885 ] [   39   38    4 ] [   7170   3218   9996 ] [ 0 ],1.00,1.00,1.00,1.00,8.44,12.49,0.00,0.00,0.00,0.00,0.00,-0.00,0.00,0.00,0.00,0.00,0.00,0.00,-0.00,-0.00,0.00,0
1.98179,9,12,126,0,DRIVE [ 57 ] [ 1 ] [ 1598 1831 1885 ] [    0    0    0 ] [      0      0      0 ] [ 0 ],drive [ 57 ] [ 0 ] [ 1605 1819 1885 ] [   39   38    4 ] [   7170   3049   9987 ] [ 0 ],1.00,1.00,1.00,1.00,9.02,11.65,0.00,0.00,0.00,0.00,0.00,-0.00,0.00,0.00,0.00,0.00,0.00,0.00,-0.00,-0.00,0.00,0
1.99236,9,11,125,0,DRIVE [ 58 ] [ 1 ] [ 1591 1842 1885 ] [    0    0    0 ] [      0      0      0 ] [ 0 ],drive [ 57 ] [ 0 ] [ 1598 1831 1885 ] [   46   22    4 ] [   7170   3049   9987 ] [ 0 ],1.00,1.00,1.00,1.00,9.48,10.86,0.00,0.00,0.00,0.00,0.00,-0.00,0.00,0.00,0.00,0.00,0.00,0.00,0.00,0.00,0.00,0
2.00341,10,10,124,0,DRIVE [ 58 ] [ 1 ] [ 1587 1852 1885 ] [    0    0    0 ] [      0      0      0 ] [ 0 ],drive [ 58 ] [ 0 ] [ 1591 1842 1885 ] [   46   22    4 ] [   7170   3049   9987 ] [ 0 ],1.00,1.00,1.00,1.00,9.80,10.12,0.00,0.00,0.00,0.00,0.00,-0.00,0.00,0.00,0.00,0.00,0.00,0.00,0.00,0.00,0.00,0
2.01498,10,9,123,0,DRIVE [ 59 ] [ 1 ] [ 1585 1861 1885 ] [    0    0    0 ] [      0      0      0 ] [ 0 ],drive [ 58 ] [ 0 ] [ 1587 1852 1885 ] [   46   22    4 ] [   7170   3049   9987 ] [ 0 ],1.00,1.00,1.00,1.00,9.99,9.33,0.00,0.00,0.00,0.00,0.00,-0.00,0.00,0.00,0.00,0.00,0.00,0.00,0.00,0.00,0.00,0
2.02664,10,8,122,0,DRIVE [ 59 ] [ 1 ] [ 1584 1870 1885 ] [    0    0    0 ] [      0      0      0 ] [ 0 ],drive [ 59 ] [ 0 ] [ 1585 1861 1885 ] [   46   22    4 ] [   7302   2692   9989 ] [ 0 ],1.00,1.00,1.00,1.00,10.12,8.48,0.00,0.00,0.00,0.00,0.00,-0.00,0.00,0.00,0.00,0.00,0.00,0.00,0.00,0.00,0.00,0
2.0377,10,8,122,0,DRIVE [ 60 ] [ 1 ] [ 1584 1880 1885 ] [    0    0    0 ] [      0      0      0 ] [ 0 ],drive [ 59 ] [ 0 ] [ 1584 1870 1885 ] [   40   26    4 ] [   7302   2692   9989 ] [ 0 ],1.00,1.00,1.00,1.00,10.21,7.59,0.00,0.00,0.00,0.00,0.00,-0.00,0.00,0.00,0.00,0.00,0.00,0.00,0.00,0.00,0.00,0
2.04826,10,7,121,0,DRIVE [ 60 ] [ 1 ] [ 1595 1880 1880 ] [    0    0    0 ] [      0      0      0 ] [ 0 ],drive [ 60 ] [ 0 ] [ 1584 1880 1885 ] [   40   26    4 ] [   7302   2692   9989 ] [ 0 ],1.00,1.00,1.00,1.00,10.25,6.60,0.00,0.00,0.00,0.00,0.00,-0.00,0.00,0.00,0.00,0.00,0.00,0.00,0.00,0.00,0.00,0
2.05873,10,6,120,0,DRIVE [ 61 ] [ 1 ] [ 1615 1880 1869 ] [    0    0    0 ] [      0      0      0 ] [ 0 ],drive [ 60 ] [ 0 ] [ 1595 1880 1880 ] [   40   26    4 ] [   7302   2692   9989 ] [ 0 ],1.00,1.00,1.00,1.00,10.31,5.53,0.00,0.00,0.00,0.00,0.00,-0.00,0.00,0.00,0.00,0.00,0.00,0.00,0.00,0.00,0.00,0
2.07128,10,4,119,0,DRIVE [ 61 ] [ 1 ] [ 1634 1880 1859 ] [    0    0    0 ] [      0      0      0 ] [ 0 ],drive [ 61 ] [ 0 ] [ 1615 1880 1869 ] [   40   26    4 ] [   7302   2692   9989 ] [ 0 ],1.00,1.00,1.00,1.00,10.38,4.45,0.00,0.00,0.00,0.00,0.00,-0.00,0.00,0.00,0.00,0.00,0.00,0.00,0.00,0.00,0.00,0
2.08315,10,3,118,0,DRIVE [ 62 ] [ 1 ] [ 1650 1880 1848 ] [    0    0    0 ] [      0      0      0 ] [ 0 ],drive [ 61 ] [ 0 ] [ 1634 1880 1859 ] [   40   26    4 ] [   7394   2618   9991 ] [ 0 ],1.00,1.00,1.00,1.00,10.43,3.40,0.00,0.00,0.00,0.00,0.00,-0.00,0.00,0.00,0.00,0.00,0.00,0.00,0.00,0.00,0.00,0
2.09513,11,2,118,0,DRIVE [ 62 ] [ 1 ] [ 1664 1880 1837 ] [    0    0    0 ] [      0      0      0 ] [ 0 ],drive [ 62 ] [ 0 ] [ 1650 1880 1848 ] [   36    4    9 ] [   7394   2618   9991 ] [ 0 ],1.00,1.00,1.00,1.00,10.51,2.40,0.00,0.00,0.00,0.00,0.00,-0.00,0.00,0.00,0.00,0.00,0.00,0.00,0.00,0.00,0.00,0
2.10535,11,1,117,0,DRIVE [ 63 ] [ 1 ] [ 1677 1880 1827 ] [    0    0    0 ] [      0      0      0 ] [ 0 ],drive [ 62 ] [ 0 ] [ 1664 1880 1837 ] [   36    4    9 ] [   7394   2618   9991 ] [ 0 ],1.00,1.00,1.00,1.00,10.51,1.45,0.00,0.00,0.00,0.00,0.00,-0.00,0.00,0.00,0.00,0.00,0.00,0.00,0.00,0.00,0.00,0
2.11609,10,1,116,0,DRIVE [ 63 ] [ 1 ] [ 1689 1880 1817 ] [    0    0    0 ] [      0      0      0 ] [ 0 ],drive [ 63 ] [ 0 ] [ 1677 1880 1827 ] [   36    4    9 ] [   7394   2618   9991 ] [ 0 ],1.00,1.00,1.00,1.00,10.44,0.55,0.00,0.00,0.00,0.00,0.00,-0.00,0.00,0.00,0.00,0.00,0.00,0.00,0.00,0.00,0.00,0
2.12697,10,0,115,0,DRIVE [ 64 ] [ 1 ] [ 1699 1880 1809 ] [    0    0    0 ] [      0      0      0 ] [ 0 ],drive [ 63 ] [ 0 ] [ 1689 1880 1817 ] [   36    4    9 ] [   7390   2373  10046 ] [ 0 ],1.00,1.00,1.00,1.00,10.32,-0.25,0.00,0.00,0.00,0.00,0.00,-0.00,0.00,0.00,0.00,0.00,0.00,0.00,0.00,0.00,0.00,0
2.13923,10,-1,115,0,DRIVE [ 64 ] [ 1 ] [ 1709 1880 1802 ] [    0    0    0 ] [      0      0      0 ] [ 0 ],drive [ 64 ] [ 0 ] [ 1699 1880 1809 ] [   30   12    7 ] [   7390   2373  10046 ] [ 0 ],1.00,1.00,1.00,1.00,10.11,-0.90,0.00,0.00,0.00,0.00,0.00,-0.00,0.00,0.00,0.00,0.00,0.00,0.00,0.00,0.00,0.00,0
2.15122,10,-1,114,0,DRIVE [ 65 ] [ 1 ] [ 1717 1880 1797 ] [    0    0    0 ] [      0      0      0 ] [ 0 ],drive [ 64 ] [ 0 ] [ 1709 1880 1802 ] [   30   12    7 ] [   7390   2373  10046 ] [ 0 ],1.00,1.00,1.00,1.00,9.82,-1.34,0.00,0.00,0.00,0.00,0.00,-0.00,0.00,0.00,0.00,0.00,0.00,0.00,0.00,0.00,0.00,0
2.16173,9,-2,113,0,DRIVE [ 65 ] [ 1 ] [ 1725 1880 1795 ] [    0    0    0 ] [      0      0      0 ] [ 0 ],drive [ 65 ] [ 0 ] [ 1717 1880 1797 ] [   30   12    7 ] [   7390   2373  10046 ] [ 0 ],1.00,1.00,1.00,1.00,9.47,-1.68,0.00,0.00,0.00,0.00,0.00,-0.00,0.00,0.00,0.00,0.00,0.00,0.00,0.00,0.00,0.00,0
2.17231,9,-2,112,0,DRIVE [ 66 ] [ 1 ] [ 1733 1880 1793 ] [    0    0    0 ] [      0      0      0 ] [ 0 ],drive [ 65 ] [ 0 ] [ 1725 1880 1795 ] [   30   12    7 ] [   7384   2087  10223 ] [ 0 ],1.00,1.00,1.00,1.00,9.11,-1.98,0.00,0.00,0.00,0.00,0.00,-0.00,0.00,0.00,0.00,0.00,0.00,0.00,0.00,0.00,0.00,0
2.18268,9,-2,111,0,DRIVE [ 66 ] [ 1 ] [ 1742 1880 1790 ] [    0    0    0 ] [      0      0      0 ] [ 0 ],drive [ 66 ] [ 0 ] [ 1733 1880 1793 ] [   30   12    7 ] [   7384   2087  10223 ] [ 0 ],1.00,1.00,1.00,1.00,8.73,-2.33,0.00,0.00,0.00,0.00,0.00,-0.00,0.00,0.00,0.00,0.00,0.00,0.00,0.00,0.00,0.00,0
2.19495,8,-3,110,0,DRIVE [ 67 ] [ 1 ] [ 1749 1880 1785 ] [    0    0    0 ] [      0      0      0 ] [ 0 ],drive [ 66 ] [ 0 ] [ 1742 1880 1790 ] [   22   28    9 ] [   7384   2087  10223 ] [ 0 ],1.00,1.00,1.00,1.00,8.42,-2.72,0.00,0.00,0.00,0.00,0.00,-0.00,0.00,0.00,0.00,0.00,0.00,0.00,0.00,0.00,0.00,0
2.20728,8,-3,109,0,DRIVE [ 67 ] [ 1 ] [ 1755 1880 1780 ] [    0    0    0 ] [      0      0      0 ] [ 0 ],drive [ 67 ] [ 0 ] [ 1749 1880 1785 ] [   22   28    9 ] [   7384   2087  10223 ] [ 0 ],1.00,1.00,1.00,1.00,8.19,-3.13,0.00,0.00,0.00,0.00,0.00,-0.00,0.00,0.00,0.00,0.00,0.00,0.00,0.00,0.00,0.00,0
2.21907,8,-4,109,0,DRIVE [ 68 ] [ 1 ] [ 1759 1880 1774 ] [    0    0    0 ] [      0      0      0 ] [ 0 ],drive [ 67 ] [ 0 ] [ 1755 1880 1780 ] [   22   28    9 ] [   7384   2087  10223 ] [ 0 ],1.00,1.00,1.00,1.00,8.02,-3.51,0.00,0.00,0.00,0.00,0.00,-0.00,0.00,0.00,0.00,0.00,0.00,0.00,0.00,0.00,0.00,0
2.22988,8,-4,108,0,DRIVE [ 68 ] [ 1 ] [ 1763 1880 1769 ] [    0    0    0 ] [      0      0      0 ] [ 0 ],drive [ 68 ] [ 0 ] [ 1759 1880 1774 ] [   22   28    9 ] [   7381   2059  10229 ] [ 0 ],1.00,1.00,1.00,1.00,7.85,-3.85,0.00,0.00,0.00,0.00,0.00,-0.00,0.00,0.00,0.00,0.00,0.00,0.00,0.00,0.00,0.00,0
2.24008,8,-4,107,0,DRIVE [ 69 ] [ 1 ] [ 1766 1880 1764 ] [    0    0    0 ] [      0      0      0 ] [ 0 ],drive [ 68 ] [ 0 ] [ 1763 1880 1769 ] [   18   27   12 ] [   7381   2059  10229 ] [ 0 ],1.00,1.00,1.00,1.00,7.70,-4.12,0.00,0.00,0.00,0.00,0.00,-0.00,0.00,0.00,0.00,0.00,0.00,0.00,0.00,0.00,0.00,0
2.25091,8,-4,106,0,DRIVE [ 69 ] [ 1 ] [ 1769 1880 1761 ] [    0    0    0 ] [      0      0      0 ] [ 0 ],drive [ 69 ] [ 0 ] [ 1766 1880 1764 ] [   18   27   12 ] [   7381   2059  10229 ] [ 0 ],1.00,1.00,1.00,1.00,7.57,-4.27,0.00,0.00,0.00,0.00,0.00,-0.00,0.00,0.00,0.00,0.00,0.00,0.00,0.00,0.00,0.00,0
2.26285,7,-4,105,0,DRIVE [ 70 ] [ 1 ] [ 1769 1880 1761 ] [    0    0    0 ] [      0      0      0 ] [ 0 ],drive [ 69 ] [ 0 ] [ 1769 1880 1761 ] [   18   27   12 ] [   7381   2059  10229 ] [ 0 ],1.00,1.00,1.00,1.00,7.46,-4.25,0.00,0.00,0.00,0.00,0.00,-0.00,0.00,0.00,0.00,0.00,0.00,0.00,0.00,0.00,0.00,0
2.27489,7,-4,104,0,DRIVE [ 70 ] [ 1 ] [ 1769 1880 1766 ] [    0    0    0 ] [      0      0      0 ] [ 0 ],drive [ 70 ] [ 0 ] [ 1769 1880 1761 ] [   18   27   12 ] [   7376   2005  10341 ] [ 0 ],1.00,1.00,1.00,1.00,7.36,-3.95,0.00,0.00,0.00,0.00,0.00,-0.00,0.00,0.00,0.00,0.00,0.00,0.00,0.00,0.00,0.00,0
2.28695,7,-3,103,0,DRIVE [ 71 ] [ 1 ] [ 1766 1880 1776 ] [    0    0    0 ] [      0      0      0 ] [ 0 ],drive [ 70 ] [ 0 ] [ 1769 1880 1766 ] [   18   27   12 ] [   7376   2005  10341 ] [ 0 ],1.00,1.00,1.00,1.00,7.26,-3.35,0.00,0.00,0.00,0.00,0.00,-0.00,0.00,0.00,0.00,0.00,0.00,0.00,0.00,0.00,0.00,0
2.29743,7,-3,102,0,DRIVE [ 71 ] [ 1 ] [ 1762 1880 1791 ] [    0    0    0 ] [      0      0      0 ] [ 0 ],drive [ 71 ] [ 0 ] [ 1766 1880 1776 ] [   13   14   19 ] [   7376   2005  10341 ] [ 0 ],1.00,1.00,1.00,1.00,7.15,-2.50,0.00,0.00,0.00,0.00,0.00,-0.00,0.00,0.00,0.00,0.00,0.00,0.00,0.00,0.00,0.00,0
2.30744,7,-2,101,0,DRIVE [ 72 ] [ 1 ] [ 1754 1880 1806 ] [    0    0    0 ] [      0      0      0 ] [ 0 ],drive [ 71 ] [ 0 ] [ 1762 1880 1791 ] [   13   14   19 ] [   7376   2005  10341 ] [ 0 ],1.00,1.00,1.00,1.00,7.08,-1.53,0.00,0.00,0.00,0.00,0.00,-0.00,0.00,0.00,0.00,0.00,0.00,0.00,0.00,0.00,0.00,0
2.31878,7,-1,100,0,DRIVE [ 72 ] [ 1 ] [ 1744 1880 1819 ] [    0    0    0 ] [      0      0      0 ] [ 0 ],drive [ 72 ] [ 0 ] [ 1754 1880 1806 ] [   13   14   19 ] [   7376   2005  10341 ] [ 0 ],1.00,1.00,1.00,1.00,7.03,-0.58,0.00,0.00,0.00,0.00,0.00,-0.00,0.00,0.00,0.00,0.00,0.00,0.00,0.00,0.00,0.00,0
2.33043,7,0,99,0,DRIVE [ 73 ] [ 1 ] [ 1731 1880 1830 ] [    0    0    0 ] [      0      0      0 ] [ 0 ],drive [ 72 ] [ 0 ] [ 1744 1880 1819 ] [   13   14   19 ] [   7311   1827  10516 ] [ 0 ],1.00,1.00,1.00,1.00,7.06,0.30,0.00,0.00,0.00,0.00,0.00,-0.00,0.00,0.00,0.00,0.00,0.00,0.00,0.00,0.00,0.00,0
2.3427,7,1,98,0,DRIVE [ 73 ] [ 1 ] [ 1715 1880 1839 ] [    0    0    0 ] [      0      0      0 ] [ 0 ],drive [ 73 ] [ 0 ] [ 1731 1880 1830 ] [   42   23   26 ] [   7311   1827  10516 ] [ 0 ],1.00,1.00,1.00,1.00,7.16,1.07,0.00,0.00,0.00,0.00,0.00,-0.00,0.00,0.00,0.00,0.00,0.00,0.00,0.00,0.00,0.00,0
2.35313,7,2,97,0,DRIVE [ 74 ] [ 1 ] [ 1698 1880 1845 ] [    0    0    0 ] [      0      0      0 ] [ 0 ],drive [ 73 ] [ 0 ] [ 1715 1880 1839 ] [   42   23   26 ] [   7311   1827  10516 ] [ 0 ],1.00,1.00,1.00,1.00,7.35,1.72,0.00,0.00,0.00,0.00,0.00,-0.00,0.00,0.00,0.00,0.00,0.00,0.00,0.00,0.00,0.00,0
2.3637,8,2,97,0,DRIVE [ 74 ] [ 1 ] [ 1679 1880 1849 ] [    0    0    0 ] [      0      0      0 ] [ 0 ],drive [ 74 ] [ 0 ] [ 1698 1880 1845 ] [   42   23   26 ] [   7311   1827  10516 ] [ 0 ],1.00,1.00,1.00,1.00,7.64,2.25,0.00,0.00,0.00,0.00,0.00,-0.00,0.00,0.00,0.00,0.00,0.00,0.00,0.00,0.00,0.00,0
2.37454,8,3,96,0,DRIVE [ 75 ] [ 1 ] [ 1661 1880 1851 ] [    0    0    0 ] [      0      0      0 ] [ 0 ],drive [ 74 ] [ 0 ] [ 1679 1880 1849 ] [   42   23   26 ] [   7316   1819  10496 ] [ 0 ],1.00,1.00,1.00,1.00,8.00,2.67,0.00,0.00,0.00,0.00,0.00,-0.00,0.00,0.00,0.00,0.00,0.00,0.00,0.00,0.00,0.00,0
2.38672,8,3,95,0,DRIVE [ 75 ] [ 1 ] [ 1643 1880 1851 ] [    0    0    0 ] [      0      0      0 ] [ 0 ],drive [ 75 ] [ 0 ] [ 1661 1880 1851 ] [   42   23   26 ] [   7316   1819  10496 ] [ 0 ],1.00,1.00,1.00,1.00,8.40,3.02,0.00,0.00,0.00,0.00,0.00,-0.00,0.00,0.00,0.00,0.00,0.00,0.00,0.00,0.00,0.00,0
2.39841,9,3,94,0,DRIVE [ 76 ] [ 1 ] [ 1626 1880 1852 ] [    0    0    0 ] [      0      0      0 ] [ 0 ],drive [ 75 ] [ 0 ] [ 1643 1880 1851 ] [   46   14   14 ] [   7316   1819  10496 ] [ 0 ],1.00,1.00,1.00,1.00,8.77,3.34,0.00,0.00,0.00,0.00,0.00,-0.00,0.00,0.00,0.00,0.00,0.00,0.00,0.00,0.00,0.00,0
2.41062,9,4,93,0,DRIVE [ 76 ] [ 1 ] [ 1609 1880 1852 ] [    0    0    0 ] [      0      0      0 ] [ 0 ],drive [ 76 ] [ 0 ] [ 1626 1880 1852 ] [   46   14   14 ] [   7316   1819  10496 ] [ 0 ],1.00,1.00,1.00,1.00,9.10,3.65,0.00,0.00,0.00,0.00,0.00,-0.00,0.00,0.00,0.00,0.00,0.00,0.00,0.00,0.00,0.00,0
2.42123,9,4,92,0,DRIVE [ 77 ] [ 1 ] [ 1595 1880 1854 ] [    0    0    0 ] [      0      0      0 ] [ 0 ],drive [ 76 ] [ 0 ] [ 1609 1880 1852 ] [   46   14   14 ] [   7362   1705  10461 ] [ 0 ],1.00,1.00,1.00,1.00,9.34,3.94,0.00,0.00,0.00,0.00,0.00,-0.00,0.00,0.00,0.00,0.00,0.00,0.00,0.00,0.00,0.00,0
2.4317,9,4,91,0,DRIVE [ 77 ] [ 1 ] [ 1583 1880 1856 ] [    0    0    0 ] [      0      0      0 ] [ 0 ],drive [ 77 ] [ 0 ] [ 1595 1880 1854 ] [   46   14   14 ] [   7362   1705  10461 ] [ 0 ],1.00,1.00,1.00,1.00,9.46,4.22,0.00,0.00,0.00,0.00,0.00,-0.00,0.00,0.00,0.00,0.00,0.00,0.00,0.00,0.00,0.00,0
2.44253,9,4,90,0,DRIVE [ 78 ] [ 1 ] [ 1574 1880 1858 ] [    0    0    0 ] [      0      0      0 ] [ 0 ],drive [ 77 ] [ 0 ] [ 1583 1880 1856 ] [   33   19    9 ] [   7362   1705  10461 ] [ 0 ],1.00,1.00,1.00,1.00,9.46,4.46,0.00,0.00,0.00,0.00,0.00,-0.00,0.00,0.00,0.00,0.00,0.00,0.00,0.00,0.00,0.00,0
2.45473,9,5,90,0,DRIVE [ 78 ] [ 1 ] [ 1568 1880 1861 ] [    0    0    0 ] [      0      0      0 ] [ 0 ],drive [ 78 ] [ 0 ] [ 1574 1880 1858 ] [   33   19    9 ] [   7362   1705  10461 ] [ 0 ],1.00,1.00,1.00,1.00,9.36,4.63,0.00,0.00,0.00,0.00,0.00,-0.00,0.00,0.00,0.00,0.00,0.00,0.00,0.00,0.00,0.00,0
2.46673,9,5,89,0,DRIVE [ 79 ] [ 1 ] [ 1566 1880 1863 ] [    0    0    0 ] [      0      0      0 ] [ 0 ],drive [ 78 ] [ 0 ] [ 1568 1880 1861 ] [   33   19    9 ] [   7362   1705  10461 ] [ 0 ],1.00,1.00,1.00,1.00,9.23,4.69,0.00,0.00,0.00,0.00,0.00,-0.00,0.00,0.00,0.00,0.00,0.00,0.00,0.00,0.00,0.00,0
2.47842,9,5,88,0,DRIVE [ 79 ] [ 1 ] [ 1568 1880 1862 ] [    0    0    0 ] [      0      0      0 ] [ 0 ],drive [ 79 ] [ 0 ] [ 1566 1880 1863 ] [   33   19    9 ] [   7460   1578  10381 ] [ 0 ],1.00,1.00,1.00,1.00,9.16,4.56,0.00,0.00,0.00,0.00,0.00,-0.00,0.00,0.00,0.00,0.00,0.00,0.00,0.00,0.00,0.00,0
2.48864,9,4,87,0,DRIVE [ 80 ] [ 1 ] [ 1573 1880 1858 ] [    0    0    0 ] [      0      0      0 ] [ 0 ],drive [ 79 ] [ 0 ] [ 1568 1880 1862 ] [   54   12   12 ] [   7460   1578  10381 ] [ 0 ],1.00,1.00,1.00,1.00,9.15,4.29,0.00,0.00,0.00,0.00,0.00,-0.00,0.00,0.00,0.00,0.00,0.00,0.00,0.00,0.00,0.00,0
2.49886,9,4,86,0,DRIVE [ 80 ] [ 1 ] [ 1579 1880 1854 ] [    0    0    0 ] [      0      0      0 ] [ 0 ],drive [ 80 ] [ 0 ] [ 1573 1880 1858 ] [   54   12   12 ] [   7460   1578  10381 ] [ 0 ],1.00,1.00,1.00,1.00,9.15,3.98,0.00,0.00,0.00,0.00,0.00,-0.00,0.00,0.00,0.00,0.00,0.00,0.00,0.00,0.00,0.00,0
2.51045,9,4,86,0,DRIVE [ 81 ] [ 1 ] [ 1583 1880 1850 ] [    0    0    0 ] [      0      0      0 ] [ 0 ],drive [ 80 ] [ 0 ] [ 1579 1880 1854 ] [   54   12   12 ] [   7460   1578  10381 ] [ 0 ],1.00,1.00,1.00,1.00,9.14,3.71,0.00,0.00,0.00,0.00,0.00,-0.00,0.00,0.00,0.00,0.00,0.00,0.00,0.00,0.00,0.00,0
2.52274,9,4,85,0,DRIVE [ 81 ] [ 1 ] [ 1584 1880 1848 ] [    0    0    0 ] [      0      0      0 ] [ 0 ],drive [ 81 ] [ 0 ] [ 1583 1880 1850 ] [   54   12   12 ] [   7621   1578  10256 ] [ 0 ],1.00,1.00,1.00,1.00,9.13,3.58,0.00,0.00,0.00,0.00,0.00,-0.00,0.00,0.00,0.00,0.00,0.00,0.00,0.00,0.00,0.00,0
2.53464,9,4,84,0,DRIVE [ 82 ] [ 1 ] [ 1581 1880 1848 ] [    0    0    0 ] [      0      0      0 ] [ 0 ],drive [ 81 ] [ 0 ] [ 1584 1880 1848 ] [   54   12   12 ] [   7621   1578  10256 ] [ 0 ],1.00,1.00,1.00,1.00,9.13,3.57,0.00,0.00,0.00,0.00,0.00,-0.00,0.00,0.00,0.00,0.00,0.00,0.00,0.00,0.00,0.00,0
2.54564,9,4,83,0,DRIVE [ 82 ] [ 1 ] [ 1575 1880 1847 ] [    0    0    0 ] [      0      0      0 ] [ 0 ],drive [ 82 ] [ 0 ] [ 1581 1880 1848 ] [   43   10   26 ] [   7621   1578  10256 ] [ 0 ],1.00,1.00,1.00,1.00,9.21,3.63,0.00,0.00,0.00,0.00,0.00,-0.00,0.00,0.00,0.00,0.00,0.00,0.00,0.00,0.00,0.00,0
2.55574,9,4,82,0,DRIVE [ 83 ] [ 1 ] [ 1565 1880 1848 ] [    0    0    0 ] [      0      0      0 ] [ 0 ],drive [ 82 ] [ 0 ] [ 1575 1880 1847 ] [   43   10   26 ] [   7621   1578  10256 ] [ 0 ],1.00,1.00,1.00,1.00,9.33,3.76,0.00,0.00,0.00,0.00,0.00,-0.00,0.00,0.00,0.00,0.00,0.00,0.00,0.00,0.00,0.00,0
2.5666,9,4,81,0,DRIVE [ 83 ] [ 1 ] [ 1554 1880 1849 ] [    0    0    0 ] [      0      0      0 ] [ 0 ],drive [ 83 ] [ 0 ] [ 1565 1880 1848 ] [   43   10   26 ] [   7621   1578  10256 ] [ 0 ],1.00,1.00,1.00,1.00,9.44,3.95,0.00,0.00,0.00,0.00,0.00,0.00,0.00,0.00,0.00,0.00,0.00,0.00,0.00,0.00,0.00,0
2.57874,10,4,81,0,DRIVE [ 84 ] [ 1 ] [ 1543 1880 1851 ] [    0    0    0 ] [      0      0      0 ] [ 0 ],drive [ 83 ] [ 0 ] [ 1554 1880 1849 ] [   43   10   26 ] [   7619   1487  10258 ] [ 0 ],1.00,1.00,1.00,1.00,9.52,4.17,0.00,0.00,0.00,0.00,0.00,0.00,0.00,0.00,0.00,0.00,0.00,0.00,0.00,0.00,0.00,0
2.59098,10,4,80,0,DRIVE [ 84 ] [ 1 ] [ 1532 1880 1853 ] [    0    0    0 ] [      0      0      0 ] [ 0 ],drive [ 84 ] [ 0 ] [ 1543 1880 1851 ] [   44    9   25 ] [   7619   1487  10258 ] [ 0 ],1.00,1.00,1.00,1.00,9.56,4.39,0.00,0.00,0.00,0.00,0.00,0.00,0.00,0.00,0.00,0.00,0.00,0.00,0.00,0.00,0.00,0
2.60271,10,5,79,0,DRIVE [ 85 ] [ 1 ] [ 1522 1880 1856 ] [    0    0    0 ] [      0      0      0 ] [ 0 ],drive [ 84 ] [ 0 ] [ 1532 1880 1853 ] [   44    9   25 ] [   7619   1487  10258 ] [ 0 ],1.00,1.00,1.00,1.00,9.52,4.62,0.00,0.00,0.00,0.00,0.00,0.00,0.00,0.00,0.00,0.00,0.00,0.00,0.00,0.00,0.00,0
2.61287,9,5,78,0,DRIVE [ 85 ] [ 1 ] [ 1512 1880 1860 ] [    0    0    0 ] [      0      0      0 ] [ 0 ],drive [ 85 ] [ 0 ] [ 1522 1880 1856 ] [   44    9   25 ] [   7619   1487  10258 ] [ 0 ],1.00,1.00,1.00,1.00,9.46,4.84,0.00,0.00,0.00,0.00,0.00,0.00,0.00,0.00,0.00,0.00,0.00,0.00,0.00,0.00,0.00,0
2.62301,9,5,77,0,DRIVE [ 86 ] [ 1 ] [ 1502 1880 1864 ] [    0    0    0 ] [      0      0      0 ] [ 0 ],drive [ 85 ] [ 0 ] [ 1512 1880 1860 ] [   44    9   25 ] [   7640   1354  10247 ] [ 0 ],1.00,1.00,1.00,1.00,9.38,5.09,0.00,0.00,0.00,0.00,0.00,0.00,0.00,0.00,0.00,0.00,0.00,0.00,0.00,0.00,0.00,0
2.6348,9,5,76,0,DRIVE [ 86 ] [ 1 ] [ 1492 1880 1868 ] [    0    0    0 ] [      0      0      0 ] [ 0 ],drive [ 86 ] [ 0 ] [ 1502 1880 1864 ] [   44    9   25 ] [   7640   1354  10247 ] [ 0 ],1.00,1.00,1.00,1.00,9.28,5.34,0.00,0.00,0.00,0.00,0.00,0.00,0.00,0.00,0.00,0.00,0.00,0.00,0.00,0.00,0.00,0
2.6468,9,6,75,0,DRIVE [ 87 ] [ 1 ] [ 1482 1880 1872 ] [    0    0    0 ] [      0      0      0 ] [ 0 ],drive [ 86 ] [ 0 ] [ 1492 1880 1868 ] [   46   15   19 ] [   7640   1354  10247 ] [ 0 ],1.00,1.00,1.00,1.00,9.18,5.55,0.00,0.00,0.00,0.00,0.00,0.00,0.00,0.00,0.00,0.00,0.00,0.00,0.00,0.00,0.00,0
2.65846,9,6,74,0,DRIVE [ 87 ] [ 1 ] [ 1474 1880 1875 ] [    0    0    0 ] [      0      0      0 ] [ 0 ],drive [ 87 ] [ 0 ] [ 1482 1880 1872 ] [   46   15   19 ] [   7640   1354  10247 ] [ 0 ],1.00,1.00,1.00,1.00,9.09,5.72,0.00,0.00,0.00,0.00,0.00,0.00,0.00,0.00,0.00,0.00,0.00,0.00,0.00,0.00,0.00,0
2.67064,9,6,74,0,DRIVE [ 88 ] [ 1 ] [ 1468 1880 1878 ] [    0    0    0 ] [      0      0      0 ] [ 0 ],drive [ 87 ] [ 0 ] [ 1474 1880 1875 ] [   46   15   19 ] [   7640   1354  10247 ] [ 0 ],1.00,1.00,1.00,1.00,8.98,5.84,0.00,0.00,0.00,0.00,0.00,0.00,0.00,0.00,0.00,0.00,0.00,0.00,0.00,0.00,0.00,0
2.68067,9,6,73,0,DRIVE [ 88 ] [ 1 ] [ 1464 1880 1881 ] [    0    0    0 ] [      0      0      0 ] [ 0 ],drive [ 88 ] [ 0 ] [ 1468 1880 1878 ] [   46   15   19 ] [   7758   1275  10238 ] [ 0 ],1.00,1.00,1.00,1.00,8.79,5.93,0.00,0.00,0.00,0.00,0.00,0.00,0.00,0.00,0.00,0.00,0.00,0.00,0.00,0.00,0.00,0
2.69069,9,6,72,0,DRIVE [ 89 ] [ 1 ] [ 1466 1880 1884 ] [    0    0    0 ] [      0      0      0 ] [ 0 ],drive [ 88 ] [ 0 ] [ 1464 1880 1881 ] [   44    8   14 ] [   7758   1275  10238 ] [ 0 ],1.00,1.00,1.00,1.00,8.51,5.92,0.00,0.00,0.00,0.00,0.00,0.00,0.00,0.00,0.00,0.00,0.00,0.00,0.00,0.00,0.00,0
2.7027,8,6,71,0,DRIVE [ 89 ] [ 1 ] [ 1476 1884 1884 ] [    0    0    0 ] [      0      0      0 ] [ 0 ],drive [ 89 ] [ 0 ] [ 1466 1880 1884 ] [   44    8   14 ] [   7758   1275  10238 ] [ 0 ],1.00,1.00,1.00,1.00,8.17,5.78,0.00,0.00,0.00,0.00,0.00,0.00,0.00,0.00,0.00,0.00,0.00,0.00,0.00,0.00,0.00,0
2.71444,8,6,70,0,DRIVE [ 90 ] [ 1 ] [ 1489 1883 1884 ] [    0    0    0 ] [      0      0      0 ] [ 0 ],drive [ 89 ] [ 0 ] [ 1476 1884 1884 ] [   44    8   14 ] [   7758   1275  10238 ] [ 0 ],1.00,1.00,1.00,1.00,7.81,5.56,0.00,0.00,0.00,0.00,0.00,0.00,0.00,0.00,0.00,0.00,0.00,0.00,-0.00,-0.00,0.00,0
2.72677,7,5,70,0,DRIVE [ 90 ] [ 1 ] [ 1503 1884 1884 ] [    0    0    0 ] [      0      0      0 ] [ 0 ],drive [ 90 ] [ 0 ] [ 1489 1883 1884 ] [   44    8   14 ] [   7950   1164  10081 ] [ 0 ],1.00,1.00,1.00,1.00,7.47,5.27,0.00,0.00,0.00,0.00,0.00,0.00,0.00,0.00,0.00,0.00,0.00,0.00,-0.00,-0.00,0.00,0
2.73702,7,5,69,0,DRIVE [ 91 ] [ 1 ] [ 1518 1884 1885 ] [    0    0    0 ] [      0      0      0 ] [ 0 ],drive [ 90 ] [ 0 ] [ 1503 1884 1884 ] [   44   24   26 ] [   7950   1164  10081 ] [ 0 ],1.00,1.00,1.00,1.00,7.11,4.96,0.00,0.00,0.00,0.00,0.00,0.00,0.00,0.00,0.00,0.00,0.00,0.00,-0.00,-0.00,0.00,0
2.74724,7,5,68,0,DRIVE [ 91 ] [ 1 ] [ 1534 1884 1884 ] [    0    0    0 ] [      0      0      0 ] [ 0 ],drive [ 91 ] [ 0 ] [ 1518 1884 1885 ] [   44   24   26 ] [   7950   1164  10081 ] [ 0 ],1.00,1.00,1.00,1.00,6.75,4.68,0.00,0.00,0.00,0.00,0.00,0.00,0.00,0.00,0.00,0.00,0.00,0.00,-0.00,-0.00,0.00,0
2.75837,6,4,67,0,DRIVE [ 92 ] [ 1 ] [ 1551 1884 1883 ] [    0    0    0 ] [      0      0      0 ] [ 0 ],drive [ 91 ] [ 0 ] [ 1534 1884 1884 ] [   44   24   26 ] [   7950   1164  10081 ] [ 0 ],1.00,1.00,1.00,1.00,6.39,4.39,0.00,0.00,0.00,0.00,0.00,0.00,0.00,0.00,0.00,0.00,0.00,0.00,-0.00,-0.00,0.00,0
2.7709,6,4,67,0,DRIVE [ 92 ] [ 1 ] [ 1566 1884 1883 ] [    0    0    0 ] [      0      0      0 ] [ 0 ],drive [ 92 ] [ 0 ] [ 1551 1884 1883 ] [   44   24   26 ] [   7950   1164  10081 ] [ 0 ],1.00,1.00,1.00,1.00,6.05,4.12,0.00,0.00,0.00,0.00,0.00,0.00,0.00,0.00,0.00,0.00,0.00,0.00,-0.00,-0.00,0.00,0
2.78249,6,4,66,0,DRIVE [ 93 ] [ 1 ] [ 1580 1884 1882 ] [    0    0    0 ] [      0      0      0 ] [ 0 ],drive [ 92 ] [ 0 ] [ 1566 1884 1883 ] [   44   24   26 ] [   7953   1164  10045 ] [ 0 ],1.00,1.00,1.00,1.00,5.75,3.88,0.00,0.00,0.00,0.00,0.00,0.00,0.00,0.00,0.00,0.00,0.00,0.00,-0.00,-0.00,0.00,0
2.79453,5,4,65,0,DRIVE [ 93 ] [ 1 ] [ 1593 1884 1882 ] [    0    0    0 ] [      0      0      0 ] [ 0 ],drive [ 93 ] [ 0 ] [ 1580 1884 1882 ] [   37   25   29 ] [   7953   1164  10045 ] [ 0 ],1.00,1.00,1.00,1.00,5.46,3.65,0.00,0.00,0.00,0.00,0.00,0.00,0.00,0.00,0.00,0.00,0.00,0.00,-0.00,-0.00,0.00,0
2.80471,5,3,64,0,DRIVE [ 94 ] [ 1 ] [ 1606 1884 1882 ] [    0    0    0 ] [      0      0      0 ] [ 0 ],drive [ 93 ] [ 0 ] [ 1593 1884 1882 ] [   37   25   29 ] [   7953   1164  10045 ] [ 0 ],1.00,1.00,1.00,1.00,5.17,3.44,0.00,0.00,0.00,0.00,0.00,0.00,0.00,0.00,0.00,0.00,0.00,0.00,-0.00,-0.00,0.00,0
2.8148,5,3,64,0,DRIVE [ 94 ] [ 1 ] [ 1619 1884 1882 ] [    0    0    0 ] [      0      0      0 ] [ 0 ],drive [ 94 ] [ 0 ] [ 1606 1884 1882 ] [   37   25   29 ] [   7953   1164  10045 ] [ 0 ],1.00,1.00,1.00,1.00,4.87,3.25,0.00,0.00,0.00,0.00,0.00,0.00,0.00,0.00,0.00,0.00,0.00,0.00,-0.00,-0.00,0.00,0
2.82658,5,3,63,0,DRIVE [ 95 ] [ 1 ] [ 1630 1884 1883 ] [    0    0    0 ] [      0      0      0 ] [ 0 ],drive [ 94 ] [ 0 ] [ 1619 1884 1882 ] [   37   25   29 ] [   7947   1164  10044 ] [ 0 ],1.00,1.00,1.00,1.00,4.58,3.09,0.00,0.00,0.00,0.00,0.00,0.00,0.00,0.00,0.00,0.00,0.00,0.00,-0.00,-0.00,0.00,0
2.83853,4,3,62,0,DRIVE [ 95 ] [ 1 ] [ 1640 1884 1884 ] [    0    0    0 ] [      0      0      0 ] [ 0 ],drive [ 95 ] [ 0 ] [ 1630 1884 1883 ] [   28   25   29 ] [   7947   1164  10044 ] [ 0 ],1.00,1.00,1.00,1.00,4.29,2.97,0.00,0.00,0.00,0.00,0.00,0.00,0.00,0.00,0.00,0.00,0.00,0.00,-0.00,-0.00,0.00,0
2.85046,4,3,61,0,DRIVE [ 96 ] [ 1 ] [ 1649 1883 1884 ] [    0    0    0 ] [      0      0      0 ] [ 0 ],drive [ 95 ] [ 0 ] [ 1640 1884 1884 ] [   28   25   29 ] [   7947   1164  10044 ] [ 0 ],1.00,1.00,1.00,1.00,4.04,2.92,0.00,0.00,0.00,0.00,0.00,0.00,0.00,0.00,0.00,0.00,0.00,0.00,-0.00,-0.00,0.00,0
2.86017,4,3,61,0,DRIVE [ 96 ] [ 1 ] [ 1656 1880 1884 ] [    0    0    0 ] [      0      0      0 ] [ 0 ],drive [ 96 ] [ 0 ] [ 1649 1883 1884 ] [   28   25   29 ] [   7947   1164  10044 ] [ 0 ],1.00,1.00,1.00,1.00,3.85,2.91,0.00,0.00,0.00,0.00,0.00,0.00,0.00,0.00,0.00,0.00,0.00,0.00,-0.00,-0.00,0.00,0
2.87093,4,3,60,0,DRIVE [ 97 ] [ 1 ] [ 1660 1878 1884 ] [    0    0    0 ] [      0      0      0 ] [ 0 ],drive [ 96 ] [ 0 ] [ 1656 1880 1884 ] [   28   25   29 ] [   7937   1164  10043 ] [ 0 ],1.00,1.00,1.00,1.00,3.71,2.94,0.00,0.00,0.00,0.00,0.00,0.00,0.00,0.00,0.00,0.00,0.00,0.00,-0.00,-0.00,0.00,0
2.88282,4,3,59,0,DRIVE [ 97 ] [ 1 ] [ 1661 1875 1884 ] [    0    0    0 ] [      0      0      0 ] [ 0 ],drive [ 97 ] [ 0 ] [ 1660 1878 1884 ] [   28   25   29 ] [   7937   1164  10043 ] [ 0 ],1.00,1.00,1.00,1.00,3.63,3.01,0.00,0.00,0.00,0.00,0.00,0.00,0.00,0.00,0.00,0.00,0.00,0.00,-0.00,-0.00,0.00,0
2.89475,4,3,58,0,DRIVE [ 98 ] [ 1 ] [ 1658 1872 1884 ] [    0    0    0 ] [      0      0      0 ] [ 0 ],drive [ 97 ] [ 0 ] [ 1661 1875 1884 ] [   28   25   30 ] [   7937   1164  10043 ] [ 0 ],1.00,1.00,1.00,1.00,3.61,3.11,0.00,0.00,0.00,0.00,0.00,0.00,0.00,0.00,0.00,0.00,0.00,0.00,-0.00,-0.00,0.00,0
2.90673,4,3,57,0,DRIVE [ 98 ] [ 1 ] [ 1651 1870 1884 ] [    0    0    0 ] [      0      0      0 ] [ 0 ],drive [ 98 ] [ 0 ] [ 1658 1872 1884 ] [   28   25   30 ] [   7937   1164  10043 ] [ 0 ],1.00,1.00,1.00,1.00,3.65,3.23,0.00,0.00,0.00,0.00,0.00,0.00,0.00,0.00,0.00,0.00,0.00,0.00,-0.00,-0.00,0.00,0
2.91868,4,3,57,0,DRIVE [ 99 ] [ 1 ] [ 1642 1869 1884 ] [    0    0    0 ] [      0      0      0 ] [ 0 ],drive [ 98 ] [ 0 ] [ 1651 1870 1884 ] [   28   25   30 ] [   7937   1164  10043 ] [ 0 ],1.00,1.00,1.00,1.00,3.73,3.31,0.00,0.00,0.00,0.00,0.00,0.00,0.00,0.00,0.00,0.00,0.00,0.00,-0.00,-0.00,0.00,0
2.9284,4,3,56,0,DRIVE [ 99 ] [ 1 ] [ 1630 1870 1884 ] [    0    0    0 ] [      0      0      0 ] [ 0 ],drive [ 99 ] [ 0 ] [ 1642 1869 1884 ] [   28   25   30 ] [   7917   1164  10011 ] [ 0 ],1.00,1.00,1.00,1.00,3.87,3.36,0.00,0.00,0.00,0.00,0.00,0.00,0.00,0.00,0.00,0.00,0.00,0.00,-0.00,-0.00,0.00,0
2.93821,4,3,55,0,DRIVE [ 00 ] [ 1 ] [ 1617 1871 1884 ] [    0    0    0 ] [      0      0      0 ] [ 0 ],drive [ 99 ] [ 0 ] [ 1630 1870 1884 ] [   30   26    5 ] [   7917   1164  10011 ] [ 0 ],1.00,1.00,1.00,1.00,4.02,3.42,0.00,0.00,0.00,0.00,0.00,0.00,0.00,0.00,0.00,0.00,0.00,0.00,-0.00,-0.00,0.00,0
2.9504,4,3,54,0,DRIVE [ 00 ] [ 1 ] [ 1602 1873 1884 ] [    0    0    0 ] [      0      0      0 ] [ 0 ],drive [ 00 ] [ 0 ] [ 1617 1871 1884 ] [   30   26    5 ] [   7917   1164  10011 ] [ 0 ],1.00,1.00,1.00,1.00,4.20,3.47,0.00,0.00,0.00,0.00,0.00,0.00,0.00,0.00,0.00,0.00,0.00,0.00,-0.00,-0.00,0.00,0
2.96244,4,4,53,0,DRIVE [ 01 ] [ 1 ] [ 1587 1874 1884 ] [    0    0    0 ] [      0      0      0 ] [ 0 ],drive [ 00 ] [ 0 ] [ 1602 1873 1884 ] [   30   26    5 ] [   7917   1164  10011 ] [ 0 ],1.00,1.00,1.00,1.00,4.39,3.52,0.00,0.00,0.00,0.00,0.00,0.00,0.00,0.00,0.00,0.00,0.00,0.00,-0.00,-0.00,0.00,0
2.9743,5,4,52,0,DRIVE [ 01 ] [ 1 ] [ 1569 1876 1884 ] [    0    0    0 ] [      0      0      0 ] [ 0 ],drive [ 01 ] [ 0 ] [ 1587 1874 1884 ] [   30   26    5 ] [   7920   1164   9992 ] [ 0 ],1.00,1.00,1.00,1.00,4.59,3.57,0.00,0.00,0.00,0.00,0.00,0.00,0.00,0.00,0.00,0.00,0.00,0.00,-0.00,-0.00,0.00,0
2.98666,5,4,52,0,DRIVE [ 02 ] [ 1 ] [ 1552 1878 1884 ] [    0    0    0 ] [      0      0      0 ] [ 0 ],drive [ 01 ] [ 0 ] [ 1569 1876 1884 ] [   30   26    5 ] [   7920   1164   9992 ] [ 0 ],1.00,1.00,1.00,1.00,4.78,3.63,0.00,0.00,0.00,0.00,0.00,0.00,0.00,0.00,0.00,0.00,0.00,0.00,-0.00,-0.00,0.00,0
2.99651,5,4,51,0,DRIVE [ 02 ] [ 1 ] [ 1536 1880 1884 ] [    0    0    0 ] [      0      0      0 ] [ 0 ],drive [ 02 ] [ 0 ] [ 1552 1878 1884 ] [   34   27    4 ] [   7920   1164   9992 ] [ 0 ],1.00,1.00,1.00,1.00,4.95,3.68,0.00,0.00,0.00,0.00,0.00,0.00,0.00,0.00,0.00,0.00,0.00,0.00,-0.00,-0.00,0.00,0
3.00697,5,4,50,0,DRIVE [ 03 ] [ 1 ] [ 1519 1881 1884 ] [    0    0    0 ] [      0      0      0 ] [ 0 ],drive [ 02 ] [ 0 ] [ 1536 1880 1884 ] [   34   27    4 ] [   7920   1164   9992 ] [ 0 ],1.00,1.00,1.00,1.00,5.12,3.74,0.00,0.00,0.00,0.00,0.00,0.00,0.00,0.00,0.00,0.00,0.00,0.00,-0.00,-0.00,0.00,0
3.01872,5,4,49,1,DRIVE [ 03 ] [ 1 ] [ 1503 1882 1884 ] [    0    0    0 ] [      0      0      0 ] [ 0 ],drive [ 03 ] [ 0 ] [ 1519 1881 1884 ] [   34   27    4 ] [   7920   1164   9992 ] [ 0 ],1.00,1.00,1.00,1.00,5.25,3.80,0.00,0.00,0.00,0.00,0.00,0.00,0.00,0.00,0.00,0.00,0.00,0.00,-0.00,-0.00,0.00,0
