timestamp,Xmm,Ymm,Zmm,TouchDetected,OutgoingPacket,IncomingPacket,GainPropAb, GainPropAd, GainPropFl, GainPropEx,PropA, PropB, PropC,GainIntegAb, GainIntegAd, GainIntegFl, GainIntegEx,IntegA, IntegB, IntegC,GainDerivAb, GainDerivAd, GainDerivFl, GainDerivEx,DerivA, DerivB, DerivC,Heading5
0.125122,67,60,389,0,DRIVE [ 45 ] [ 1 ] [ 1895 1903 1905 ] [    0    0    0 ] [      0      0      0 ] [ 0 ],drive [ 45 ] [ 0 ] [ 1905 1905 1905 ] [  163  164  138 ] [  14856  11179  10477 ] [ 2 ],1.00,1.00,1.20,1.40,67.32,83.76,0.00,0.00,0.00,0.00,0.00,0.00,0.00,0.00,0.00,0.00,0.00,0.00,0.00,0.00,0.00,0
0.137876,68,59,384,0,DRIVE [ 46 ] [ 1 ] [ 1886 1902 1905 ] [    0    0    0 ] [      0      0      0 ] [ 0 ],drive [ 45 ] [ 0 ] [ 1895 1903 1905 ] [  163  164  138 ] [  14735  11240  10684 ] [ 0 ],1.00,1.00,1.20,1.40,67.68,82.64,0.00,0.00,0.00,0.00,0.00,0.00,0.00,0.00,0.00,0.00,0.00,0.00,-0.00,-0.00,0.00,0
0.150308,67,60,385,0,DRIVE [ 46 ] [ 1 ] [ 1877 1900 1905 ] [    0    0    0 ] [      0      0      0 ] [ 0 ],drive [ 46 ] [ 0 ] [ 1886 1902 1905 ] [    1   19   14 ] [  14735  11240  10684 ] [ 0 ],1.00,1.00,1.20,1.40,67.38,83.91,0.00,0.00,0.00,0.00,0.00,0.00,0.00,0.00,0.00,0.00,0.00,0.00,0.00,0.00,0.00,0
0.162962,66,61,381,0,DRIVE [ 47 ] [ 1 ] [ 1868 1898 1905 ] [    0    0    0 ] [      0      0      0 ] [ 0 ],drive [ 46 ] [ 0 ] [ 1877 1900 1905 ] [    1   19   14 ] [  14735  11240  10684 ] [ 0 ],1.00,1.00,1.20,1.40,66.18,85.39,0.00,0.00,0.00,0.00,0.00,0.00,0.00,0.00,0.00,0.00,0.00,0.00,-0.00,-0.00,0.00,0
0.17642,65,62,379,0,DRIVE [ 47 ] [ 1 ] [ 1860 1896 1905 ] [    0    0    0 ] [      0      0      0 ] [ 0 ],drive [ 47 ] [ 0 ] [ 1868 1898 1905 ] [    1   19   14 ] [  14735  11240  10684 ] [ 0 ],1.00,1.00,1.20,1.40,64.91,86.28,0.00,0.00,0.00,0.00,0.00,0.00,0.00,0.00,0.00,0.00,0.00,0.00,-0.00,-0.00,0.00,0
0.188802,65,62,381,0,DRIVE [ 48 ] [ 1 ] [ 1850 1894 1905 ] [    0    0    0 ] [      0      0      0 ] [ 0 ],drive [ 47 ] [ 0 ] [ 1860 1896 1905 ] [    1   19   14 ] [  14382  10768  10064 ] [ 0 ],1.00,1.00,1.20,1.40,65.10,86.88,0.00,0.00,0.00,0.00,0.00,0.00,0.00,0.00,0.00,0.00,0.00,0.00,0.00,0.00,0.00,0
0.201549,64,62,382,0,DRIVE [ 48 ] [ 1 ] [ 1842 1892 1905 ] [    0    0    0 ] [      0      0      0 ] [ 0 ],drive [ 48 ] [ 0 ] [ 1850 1894 1905 ] [   30    0   17 ] [  14382  10768  10064 ] [ 0 ],1.00,1.00,1.20,1.40,64.30,87.10,0.00,0.00,0.00,0.00,0.00,0.00,0.00,0.00,0.00,0.00,0.00,0.00,-0.00,-0.00,0.00,0
0.214086,63,62,382,0,DRIVE [ 49 ] [ 1 ] [ 1835 1890 1905 ] [    0    0    0 ] [      0      0      0 ] [ 0 ],drive [ 48 ] [ 0 ] [ 1842 1892 1905 ] [   30    0   17 ] [  14382  10768  10064 ] [ 0 ],1.00,1.00,1.20,1.40,62.77,86.49,0.00,0.00,0.00,0.00,0.00,0.00,0.00,0.00,0.00,0.00,0.00,0.00,-0.00,-0.00,0.00,0
0.226856,61,61,381,0,DRIVE [ 49 ] [ 1 ] [ 1828 1888 1905 ] [    0    0    0 ] [      0      0      0 ] [ 0 ],drive [ 49 ] [ 0 ] [ 1835 1890 1905 ] [   30    0   17 ] [  14382  10768  10064 ] [ 0 ],1.00,1.00,1.20,1.40,61.07,86.07,0.00,0.00,0.00,0.00,0.00,0.00,0.00,0.00,0.00,0.00,0.00,0.00,-0.00,-0.00,0.00,0
0.239355,59,61,377,0,DRIVE [ 50 ] [ 1 ] [ 1821 1886 1905 ] [    0    0    0 ] [      0      0      0 ] [ 0 ],drive [ 49 ] [ 0 ] [ 1828 1888 1905 ] [   30    0   17 ] [  14359  10655   9886 ] [ 0 ],1.00,1.00,1.20,1.40,58.92,85.29,0.00,0.00,0.00,0.00,0.00,0.00,0.00,0.00,0.00,0.00,0.00,0.00,-0.00,-0.00,0.00,0
0.252268,57,61,375,0,DRIVE [ 50 ] [ 1 ] [ 1813 1883 1905 ] [    0    0    0 ] [      0      0      0 ] [ 0 ],drive [ 50 ] [ 0 ] [ 1821 1886 1905 ] [   25    2    2 ] [  14359  10655   9886 ] [ 0 ],1.00,1.00,1.20,1.40,57.46,85.58,0.00,0.00,0.00,0.00,0.00,0.00,0.00,0.00,0.00,0.00,0.00,0.00,-0.00,-0.00,0.00,0
0.265158,57,62,373,0,DRIVE [ 51 ] [ 1 ] [ 1805 1880 1905 ] [    0    0    0 ] [      0      0      0 ] [ 0 ],drive [ 50 ] [ 0 ] [ 1813 1883 1905 ] [   25    2    2 ] [  14359  10655   9886 ] [ 0 ],1.00,1.00,1.20,1.40,56.51,86.31,0.00,0.00,0.00,0.00,0.00,0.00,0.00,0.00,0.00,0.00,0.00,0.00,-0.00,-0.00,0.00,0
0.27741,56,62,372,0,DRIVE [ 51 ] [ 1 ] [ 1796 1878 1905 ] [    0    0    0 ] [      0      0      0 ] [ 0 ],drive [ 51 ] [ 0 ] [ 1805 1880 1905 ] [   25    2    2 ] [  14359  10655   9886 ] [ 0 ],1.00,1.00,1.20,1.40,56.03,87.17,0.00,0.00,0.00,0.00,0.00,0.00,0.00,0.00,0.00,0.00,0.00,0.00,-0.00,-0.00,0.00,0
0.290306,56,63,372,0,DRIVE [ 52 ] [ 1 ] [ 1788 1875 1905 ] [    0    0    0 ] [      0      0      0 ] [ 0 ],drive [ 51 ] [ 0 ] [ 1796 1878 1905 ] [   25    2    2 ] [  14391  10659   9882 ] [ 0 ],1.00,1.00,1.20,1.40,55.61,88.28,0.00,0.00,0.00,0.00,0.00,0.00,0.00,0.00,0.00,0.00,0.00,0.00,-0.00,-0.00,0.00,0
0.303503,55,64,368,0,DRIVE [ 52 ] [ 1 ] [ 1779 1871 1905 ] [    0    0    0 ] [      0      0      0 ] [ 0 ],drive [ 52 ] [ 0 ] [ 1788 1875 1905 ] [   11    3    0 ] [  14391  10659   9882 ] [ 0 ],1.00,1.00,1.20,1.40,54.81,88.93,0.00,0.00,0.00,0.00,0.00,0.00,0.00,0.00,0.00,0.00,0.00,0.00,-0.00,-0.00,0.00,0
0.316258,54,65,365,0,DRIVE [ 53 ] [ 1 ] [ 1769 1867 1905 ] [    0    0    0 ] [      0      0      0 ] [ 0 ],drive [ 52 ] [ 0 ] [ 1779 1871 1905 ] [   11    3    0 ] [  14391  10659   9882 ] [ 0 ],1.00,1.00,1.20,1.40,54.29,90.89,0.00,0.00,0.00,0.00,0.00,0.00,0.00,0.00,0.00,0.00,0.00,0.00,-0.00,-0.00,0.00,0
0.329025,54,67,365,0,DRIVE [ 53 ] [ 1 ] [ 1759 1862 1905 ] [    0    0    0 ] [      0      0      0 ] [ 0 ],drive [ 53 ] [ 0 ] [ 1769 1867 1905 ] [   11    3    0 ] [  14391  10659   9882 ] [ 0 ],1.00,1.00,1.20,1.40,54.02,93.48,0.00,0.00,0.00,0.00,0.00,0.00,0.00,0.00,0.00,0.00,0.00,0.00,-0.00,-0.00,0.00,0
0.341281,53,68,362,0,DRIVE [ 54 ] [ 1 ] [ 1749 1857 1905 ] [    0    0    0 ] [      0      0      0 ] [ 0 ],drive [ 53 ] [ 0 ] [ 1759 1862 1905 ] [   11    3    0 ] [  14417  10659   9869 ] [ 0 ],1.00,1.00,1.20,1.40,53.35,95.43,0.00,0.00,0.00,0.00,0.00,0.00,0.00,0.00,0.00,0.00,0.00,0.00,0.00,0.00,0.00,0
0.354109,53,70,360,0,DRIVE [ 54 ] [ 1 ] [ 1738 1852 1905 ] [    0    0    0 ] [      0      0      0 ] [ 0 ],drive [ 54 ] [ 0 ] [ 1749 1857 1905 ] [   14    5    1 ] [  14417  10659   9869 ] [ 0 ],1.00,1.00,1.20,1.40,52.95,97.89,0.00,0.00,0.00,0.00,0.00,0.00,0.00,0.00,0.00,0.00,0.00,0.00,0.00,0.00,0.00,0
0.36659,53,72,358,0,DRIVE [ 55 ] [ 1 ] [ 1727 1846 1905 ] [    0    0    0 ] [      0      0      0 ] [ 0 ],drive [ 54 ] [ 0 ] [ 1738 1852 1905 ] [   14    5    1 ] [  14417  10659   9869 ] [ 0 ],1.00,1.00,1.20,1.40,52.58,100.36,0.00,0.00,0.00,0.00,0.00,0.00,0.00,0.00,0.00,0.00,0.00,0.00,0.00,0.00,0.00,0
0.379158,52,73,355,0,DRIVE [ 55 ] [ 1 ] [ 1716 1840 1905 ] [    0    0    0 ] [      0      0      0 ] [ 0 ],drive [ 55 ] [ 0 ] [ 1727 1846 1905 ] [   14    5    1 ] [  14417  10659   9869 ] [ 0 ],1.00,1.00,1.20,1.40,52.15,102.59,0.00,0.00,0.00,0.00,0.00,0.00,0.00,0.00,0.00,0.00,0.00,0.00,0.00,0.00,0.00,0
0.391484,52,75,355,0,DRIVE [ 56 ] [ 1 ] [ 1703 1834 1905 ] [    0    0    0 ] [      0      0      0 ] [ 0 ],drive [ 55 ] [ 0 ] [ 1716 1840 1905 ] [   14    5    1 ] [  14421  10657   9855 ] [ 0 ],1.00,1.00,1.20,1.40,52.34,105.68,0.00,0.00,0.00,0.00,0.00,0.00,0.00,0.00,0.00,0.00,0.00,0.00,0.00,0.00,0.00,0
0.404251,52,77,349,0,DRIVE [ 56 ] [ 1 ] [ 1689 1827 1905 ] [    0    0    0 ] [      0      0      0 ] [ 0 ],drive [ 56 ] [ 0 ] [ 1703 1834 1905 ] [   22    7    7 ] [  14421  10657   9855 ] [ 0 ],1.00,1.00,1.20,1.40,52.10,107.83,0.00,0.00,0.00,0.00,0.00,0.00,0.00,0.00,0.00,0.00,0.00,0.00,0.00,0.00,0.00,0
0.416939,52,79,345,0,DRIVE [ 57 ] [ 1 ] [ 1673 1819 1905 ] [    0    0    0 ] [      0      0      0 ] [ 0 ],drive [ 56 ] [ 0 ] [ 1689 1827 1905 ] [   22    7    7 ] [  14421  10657   9855 ] [ 0 ],1.00,1.00,1.20,1.40,52.29,110.58,0.00,0.00,0.00,0.00,0.00,0.00,0.00,0.00,0.00,0.00,0.00,0.00,0.00,0.00,0.00,0
0.429477,53,81,343,0,DRIVE [ 57 ] [ 1 ] [ 1657 1812 1905 ] [    0    0    0 ] [      0      0      0 ] [ 0 ],drive [ 57 ] [ 0 ] [ 1673 1819 1905 ] [   22    7    7 ] [  14428  10651   9855 ] [ 0 ],1.00,1.00,1.20,1.40,52.92,113.99,0.00,0.00,0.00,0.00,0.00,0.00,0.00,0.00,0.00,0.00,0.00,0.00,0.00,0.00,0.00,0
0.442804,53,83,339,0,DRIVE [ 58 ] [ 1 ] [ 1641 1804 1905 ] [    0    0    0 ] [      0      0      0 ] [ 0 ],drive [ 57 ] [ 0 ] [ 1657 1812 1905 ] [   22    7    7 ] [  14428  10651   9855 ] [ 0 ],1.00,1.00,1.20,1.40,53.30,116.71,0.00,0.00,0.00,0.00,0.00,0.00,0.00,0.00,0.00,0.00,0.00,0.00,0.00,0.00,0.00,0
0.454791,54,86,337,0,DRIVE [ 58 ] [ 1 ] [ 1623 1795 1905 ] [    0    0    0 ] [      0      0      0 ] [ 0 ],drive [ 58 ] [ 0 ] [ 1641 1804 1905 ] [   36   11    7 ] [  14428  10651   9855 ] [ 0 ],1.00,1.00,1.20,1.40,53.87,119.92,0.00,0.00,0.00,0.00,0.00,0.00,0.00,0.00,0.00,0.00,0.00,0.00,0.00,0.00,0.00,0
0.467408,54,88,334,0,DRIVE [ 59 ] [ 1 ] [ 1606 1787 1905 ] [    0    0    0 ] [      0      0      0 ] [ 0 ],drive [ 58 ] [ 0 ] [ 1623 1795 1905 ] [   36   11    7 ] [  14428  10651   9855 ] [ 0 ],1.00,1.00,1.20,1.40,54.31,122.59,0.00,0.00,0.00,0.00,0.00,0.00,0.00,0.00,0.00,0.00,0.00,0.00,0.00,0.00,0.00,0
0.479982,55,89,330,0,DRIVE [ 59 ] [ 1 ] [ 1587 1778 1905 ] [    0    0    0 ] [      0      0      0 ] [ 0 ],drive [ 59 ] [ 0 ] [ 1606 1787 1905 ] [   36   11    7 ] [  14570  10635   9852 ] [ 0 ],1.00,1.00,1.20,1.40,54.76,125.06,0.00,0.00,0.00,0.00,0.00,0.00,0.00,0.00,0.00,0.00,0.00,0.00,0.00,0.00,0.00,0
0.493107,55,91,327,0,DRIVE [ 60 ] [ 1 ] [ 1569 1770 1905 ] [    0    0    0 ] [      0      0      0 ] [ 0 ],drive [ 59 ] [ 0 ] [ 1587 1778 1905 ] [   36   11    7 ] [  14570  10635   9852 ] [ 0 ],1.00,1.00,1.20,1.40,55.14,127.49,0.00,0.00,0.00,0.00,0.00,0.00,0.00,0.00,0.00,0.00,0.00,0.00,0.00,0.00,0.00,0
0.505045,55,93,324,0,DRIVE [ 60 ] [ 1 ] [ 1550 1759 1905 ] [    0    0    0 ] [      0      0      0 ] [ 0 ],drive [ 60 ] [ 0 ] [ 1569 1770 1905 ] [   32   26   19 ] [  14570  10635   9852 ] [ 0 ],1.00,1.00,1.20,1.40,55.26,130.25,0.00,0.00,0.00,0.00,0.00,0.00,0.00,0.00,0.00,0.00,0.00,0.00,0.00,0.00,0.00,0
0.517416,55,95,321,0,DRIVE [ 61 ] [ 1 ] [ 1533 1750 1905 ] [    0    0    0 ] [      0      0      0 ] [ 0 ],drive [ 60 ] [ 0 ] [ 1550 1759 1905 ] [   32   26   19 ] [  14570  10635   9852 ] [ 0 ],1.00,1.00,1.20,1.40,55.10,132.36,0.00,0.00,0.00,0.00,0.00,0.00,0.00,0.00,0.00,0.00,0.00,0.00,0.00,0.00,0.00,0
0.529743,54,95,316,0,DRIVE [ 61 ] [ 1 ] [ 1516 1739 1905 ] [    0    0    0 ] [      0      0      0 ] [ 0 ],drive [ 61 ] [ 0 ] [ 1533 1750 1905 ] [   32   26   19 ] [  14758  10567   9799 ] [ 0 ],1.00,1.00,1.20,1.40,54.33,133.54,0.00,0.00,0.00,0.00,0.00,0.00,0.00,0.00,0.00,0.00,0.00,0.00,0.00,0.00,0.00,0
0.541565,54,97,313,0,DRIVE [ 62 ] [ 1 ] [ 1500 1729 1905 ] [    0    0    0 ] [      0      0      0 ] [ 0 ],drive [ 61 ] [ 0 ] [ 1516 1739 1905 ] [   32   26   19 ] [  14758  10567   9799 ] [ 0 ],1.00,1.00,1.20,1.40,53.91,135.37,0.00,0.00,0.00,0.00,0.00,0.00,0.00,0.00,0.00,0.00,0.00,0.00,0.00,0.00,0.00,0
0.553976,53,98,310,0,DRIVE [ 62 ] [ 1 ] [ 1485 1719 1905 ] [    0    0    0 ] [      0      0      0 ] [ 0 ],drive [ 62 ] [ 0 ] [ 1500 1729 1905 ] [   59   29   21 ] [  14758  10567   9799 ] [ 0 ],1.00,1.00,1.20,1.40,53.06,136.73,0.00,0.00,0.00,0.00,0.00,0.00,0.00,0.00,0.00,0.00,0.00,0.00,0.00,0.00,0.00,0
0.566322,52,99,307,0,DRIVE [ 63 ] [ 1 ] [ 1470 1707 1905 ] [    0    0    0 ] [      0      0      0 ] [ 0 ],drive [ 62 ] [ 0 ] [ 1485 1719 1905 ] [   59   29   21 ] [  14758  10567   9799 ] [ 0 ],1.00,1.00,1.20,1.40,51.99,138.33,0.00,0.00,0.00,0.00,0.00,0.00,0.00,0.00,0.00,0.00,0.00,0.00,0.00,0.00,0.00,0
0.57856,50,100,303,0,DRIVE [ 63 ] [ 1 ] [ 1456 1694 1905 ] [    0    0    0 ] [      0      0      0 ] [ 0 ],drive [ 63 ] [ 0 ] [ 1470 1707 1905 ] [   59   29   21 ] [  14758  10567   9799 ] [ 0 ],1.00,1.00,1.20,1.40,50.44,139.52,0.00,0.00,0.00,0.00,0.00,0.00,0.00,0.00,0.00,0.00,0.00,0.00,0.00,0.00,0.00,0
0.590249,48,101,302,0,DRIVE [ 64 ] [ 1 ] [ 1444 1680 1905 ] [    0    0    0 ] [      0      0      0 ] [ 0 ],drive [ 63 ] [ 0 ] [ 1456 1694 1905 ] [   59   29   21 ] [  14957  10322   9738 ] [ 0 ],1.00,1.00,1.20,1.40,48.48,141.58,0.00,0.00,0.00,0.00,0.00,0.00,0.00,0.00,0.00,0.00,0.00,0.00,0.00,0.00,0.00,0
0.602428,46,102,299,0,DRIVE [ 64 ] [ 1 ] [ 1435 1665 1905 ] [    0    0    0 ] [      0      0      0 ] [ 0 ],drive [ 64 ] [ 0 ] [ 1444 1680 1905 ] [   64   21    7 ] [  14957  10322   9738 ] [ 0 ],1.00,1.00,1.20,1.40,45.86,142.85,0.00,0.00,0.00,0.00,0.00,0.00,0.00,0.00,0.00,0.00,0.00,0.00,0.00,0.00,0.00,0
0.614496,43,102,295,0,DRIVE [ 65 ] [ 1 ] [ 1426 1650 1905 ] [    0    0    0 ] [      0      0      0 ] [ 0 ],drive [ 64 ] [ 0 ] [ 1435 1665 1905 ] [   64   21    7 ] [  14957  10322   9738 ] [ 0 ],1.00,1.00,1.20,1.40,43.14,143.37,0.00,0.00,0.00,0.00,0.00,0.00,0.00,0.00,0.00,0.00,0.00,0.00,0.00,0.00,0.00,0
0.626418,40,102,290,0,DRIVE [ 65 ] [ 1 ] [ 1419 1634 1905 ] [    0    0    0 ] [      0      0      0 ] [ 0 ],drive [ 65 ] [ 0 ] [ 1426 1650 1905 ] [   64   21    7 ] [  14957  10322   9738 ] [ 0 ],1.00,1.00,1.20,1.40,40.04,142.74,0.00,0.00,0.00,0.00,0.00,0.00,0.00,0.00,0.00,0.00,0.00,0.00,0.00,0.00,0.00,0
0.637989,38,103,288,0,DRIVE [ 66 ] [ 1 ] [ 1411 1619 1905 ] [    0    0    0 ] [      0      0      0 ] [ 0 ],drive [ 65 ] [ 0 ] [ 1419 1634 1905 ] [   64   21    7 ] [  15185  10325   9562 ] [ 0 ],1.00,1.00,1.20,1.40,37.53,143.59,0.00,0.00,0.00,0.00,0.00,0.00,0.00,0.00,0.00,0.00,0.00,0.00,0.00,0.00,0.00,0
0.650351,35,103,286,0,DRIVE [ 66 ] [ 1 ] [ 1406 1604 1905 ] [    0    0    0 ] [      0      0      0 ] [ 0 ],drive [ 66 ] [ 0 ] [ 1411 1619 1905 ] [   54   28    3 ] [  15185  10325   9562 ] [ 0 ],1.00,1.00,1.20,1.40,34.92,144.25,0.00,0.00,0.00,0.00,0.00,0.00,0.00,0.00,0.00,0.00,0.00,0.00,0.00,0.00,0.00,0
0.662405,32,103,284,0,DRIVE [ 67 ] [ 1 ] [ 1401 1588 1905 ] [    0    0    0 ] [      0      0      0 ] [ 0 ],drive [ 66 ] [ 0 ] [ 1406 1604 1905 ] [   54   28    3 ] [  15185  10325   9562 ] [ 0 ],1.00,1.00,1.20,1.40,32.02,144.22,0.00,0.00,0.00,0.00,0.00,0.00,0.00,0.00,0.00,0.00,0.00,0.00,0.00,0.00,0.00,0
0.673735,29,103,281,0,DRIVE [ 67 ] [ 1 ] [ 1397 1571 1905 ] [    0    0    0 ] [      0      0      0 ] [ 0 ],drive [ 67 ] [ 0 ] [ 1401 1588 1905 ] [   54   28    3 ] [  15185  10325   9562 ] [ 0 ],1.00,1.00,1.20,1.40,29.05,144.25,0.00,0.00,0.00,0.00,0.00,0.00,0.00,0.00,0.00,0.00,0.00,0.00,0.00,0.00,0.00,0
0.685915,26,103,280,0,DRIVE [ 68 ] [ 1 ] [ 1396 1555 1905 ] [    0    0    0 ] [      0      0      0 ] [ 0 ],drive [ 67 ] [ 0 ] [ 1397 1571 1905 ] [   54   28    3 ] [  15527  10318   9304 ] [ 0 ],1.00,1.00,1.20,1.40,25.92,144.04,0.00,0.00,0.00,0.00,0.00,0.00,0.00,0.00,0.00,0.00,0.00,0.00,0.00,0.00,0.00,0
0.697823,23,102,278,0,DRIVE [ 68 ] [ 1 ] [ 1397 1538 1905 ] [    0    0    0 ] [      0      0      0 ] [ 0 ],drive [ 68 ] [ 0 ] [ 1396 1555 1905 ] [   57   33   10 ] [  15527  10318   9304 ] [ 0 ],1.00,1.00,1.20,1.40,22.50,143.48,0.00,0.00,0.00,0.00,0.00,0.00,0.00,0.00,0.00,0.00,0.00,0.00,0.00,0.00,0.00,0
0.709546,19,102,275,0,DRIVE [ 69 ] [ 1 ] [ 1400 1522 1905 ] [    0    0    0 ] [      0      0      0 ] [ 0 ],drive [ 68 ] [ 0 ] [ 1397 1538 1905 ] [   57   33   10 ] [  15527  10318   9304 ] [ 0 ],1.00,1.00,1.20,1.40,18.86,142.19,0.00,0.00,0.00,0.00,0.00,0.00,0.00,0.00,0.00,0.00,0.00,0.00,0.00,0.00,0.00,0
0.720591,15,100,272,0,DRIVE [ 69 ] [ 1 ] [ 1405 1505 1905 ] [    0    0    0 ] [      0      0      0 ] [ 0 ],drive [ 69 ] [ 0 ] [ 1400 1522 1905 ] [   57   33   10 ] [  15527  10318   9304 ] [ 0 ],1.00,1.00,1.20,1.40,14.99,140.07,0.00,0.00,0.00,0.00,0.00,0.00,0.00,0.00,0.00,0.00,0.00,0.00,0.00,0.00,0.00,0
0.7325,11,99,270,0,DRIVE [ 70 ] [ 1 ] [ 1412 1488 1905 ] [    0    0    0 ] [      0      0      0 ] [ 0 ],drive [ 69 ] [ 0 ] [ 1405 1505 1905 ] [   57   33   10 ] [  15751  10323   9044 ] [ 0 ],1.00,1.00,1.20,1.40,11.22,138.56,0.00,0.00,0.00,0.00,0.00,0.00,0.00,0.00,0.00,0.00,0.00,0.00,0.00,0.00,0.00,0
0.744503,8,98,267,0,DRIVE [ 70 ] [ 1 ] [ 1417 1470 1905 ] [    0    0    0 ] [      0      0      0 ] [ 0 ],drive [ 70 ] [ 0 ] [ 1412 1488 1905 ] [   50   40   16 ] [  15751  10323   9044 ] [ 0 ],1.00,1.00,1.20,1.40,7.63,136.78,0.00,0.00,0.00,0.00,0.00,0.00,0.00,0.00,0.00,0.00,0.00,0.00,0.00,0.00,0.00,0
0.75572,4,97,266,0,DRIVE [ 71 ] [ 1 ] [ 1421 1451 1905 ] [    0    0    0 ] [      0      0      0 ] [ 0 ],drive [ 70 ] [ 0 ] [ 1417 1470 1905 ] [   50   40   16 ] [  15751  10323   9044 ] [ 0 ],1.00,1.00,1.20,1.40,4.23,136.38,0.00,0.00,0.00,0.00,0.00,0.00,0.00,0.00,0.00,0.00,0.00,0.00,0.00,0.00,0.00,0
0.767454,1,97,263,0,DRIVE [ 71 ] [ 1 ] [ 1423 1429 1905 ] [    0    0    0 ] [      0      0      0 ] [ 0 ],drive [ 71 ] [ 0 ] [ 1421 1451 1905 ] [   50   40   16 ] [  15751  10323   9044 ] [ 0 ],1.00,1.00,1.20,1.40,0.82,135.58,0.00,0.00,0.00,0.00,0.00,0.00,0.00,0.00,0.00,0.00,0.00,0.00,0.00,0.00,0.00,0
0.778587,-3,97,261,0,DRIVE [ 72 ] [ 1 ] [ 1425 1405 1905 ] [    0    0    0 ] [      0      0      0 ] [ 0 ],drive [ 71 ] [ 0 ] [ 1423 1429 1905 ] [   50   40   16 ] [  15778  10348   9037 ] [ 0 ],1.00,1.00,1.20,1.40,-2.57,135.43,0.00,0.00,0.00,0.00,0.00,0.00,0.00,0.00,0.00,0.00,0.00,0.00,0.00,0.00,0.00,0
0.789623,-6,97,259,0,DRIVE [ 72 ] [ 1 ] [ 1426 1380 1905 ] [    0    0    0 ] [      0      0      0 ] [ 0 ],drive [ 72 ] [ 0 ] [ 1425 1405 1905 ] [   50   40   16 ] [  15778  10348   9037 ] [ 0 ],1.00,1.00,1.20,1.40,-5.92,135.36,0.00,0.00,0.00,0.00,0.00,0.00,0.00,0.00,0.00,0.00,0.00,0.00,0.00,0.00,0.00,0
0.801347,-9,96,255,0,DRIVE [ 73 ] [ 1 ] [ 1426 1354 1905 ] [    0    0    0 ] [      0      0      0 ] [ 0 ],drive [ 72 ] [ 0 ] [ 1426 1380 1905 ] [   45   52   26 ] [  15778  10348   9037 ] [ 0 ],1.00,1.00,1.20,1.40,-9.02,134.70,0.00,0.00,0.00,0.00,0.00,0.00,0.00,0.00,0.00,0.00,0.00,0.00,0.00,0.00,0.00,0
0.81277,-12,97,253,0,DRIVE [ 73 ] [ 1 ] [ 1425 1327 1905 ] [    0    0    0 ] [      0      0      0 ] [ 0 ],drive [ 73 ] [ 0 ] [ 1426 1354 1905 ] [   45   52   26 ] [  15778  10348   9037 ] [ 0 ],1.00,1.00,1.20,1.40,-12.11,135.26,0.00,0.00,0.00,0.00,0.00,0.00,0.00,0.00,0.00,0.00,0.00,0.00,0.00,0.00,0.00,0
0.825221,-15,97,251,0,DRIVE [ 74 ] [ 1 ] [ 1426 1300 1905 ] [    0    0    0 ] [      0      0      0 ] [ 0 ],drive [ 73 ] [ 0 ] [ 1425 1327 1905 ] [   45   52   26 ] [  15778  10348   9037 ] [ 0 ],1.00,1.00,1.20,1.40,-15.05,135.25,0.00,0.00,0.00,0.00,0.00,0.00,0.00,0.00,0.00,0.00,0.00,0.00,0.00,0.00,0.00,0
0.836412,-18,96,249,0,DRIVE [ 74 ] [ 1 ] [ 1427 1275 1905 ] [    0    0    0 ] [      0      0      0 ] [ 0 ],drive [ 74 ] [ 0 ] [ 1426 1300 1905 ] [   45   52   26 ] [  15808  10604   8875 ] [ 0 ],1.00,1.00,1.20,1.40,-17.84,134.80,0.00,0.00,0.00,0.00,0.00,0.00,0.00,0.00,0.00,0.00,0.00,0.00,0.00,0.00,0.00,0
0.847826,-20,96,247,0,DRIVE [ 75 ] [ 1 ] [ 1431 1252 1905 ] [    0    0    0 ] [      0      0      0 ] [ 0 ],drive [ 74 ] [ 0 ] [ 1427 1275 1905 ] [   53   71   19 ] [  15808  10604   8875 ] [ 0 ],1.00,1.00,1.20,1.40,-20.47,133.88,0.00,0.00,0.00,0.00,0.00,0.00,0.00,0.00,0.00,0.00,0.00,0.00,0.00,0.00,0.00,0
0.859246,-23,95,245,0,DRIVE [ 75 ] [ 1 ] [ 1435 1230 1905 ] [    0    0    0 ] [      0      0      0 ] [ 0 ],drive [ 75 ] [ 0 ] [ 1431 1252 1905 ] [   53   71   19 ] [  15808  10604   8875 ] [ 0 ],1.00,1.00,1.20,1.40,-22.98,132.60,0.00,0.00,0.00,0.00,0.00,0.00,0.00,0.00,0.00,0.00,0.00,0.00,0.00,0.00,0.00,0
0.87012,-26,93,243,0,DRIVE [ 76 ] [ 1 ] [ 1443 1210 1905 ] [    0    0    0 ] [      0      0      0 ] [ 0 ],drive [ 75 ] [ 0 ] [ 1435 1230 1905 ] [   53   71   19 ] [  15808  10604   8875 ] [ 0 ],1.00,1.00,1.20,1.40,-25.57,130.51,0.00,0.00,0.00,0.00,0.00,0.00,0.00,0.00,0.00,0.00,0.00,0.00,0.00,0.00,0.00,0
0.881447,-28,92,241,0,DRIVE [ 76 ] [ 1 ] [ 1454 1190 1905 ] [    0    0    0 ] [      0      0      0 ] [ 0 ],drive [ 76 ] [ 0 ] [ 1443 1210 1905 ] [   53   71   19 ] [  16037  10881   8641 ] [ 0 ],1.00,1.00,1.20,1.40,-28.21,128.20,0.00,0.00,0.00,0.00,0.00,0.00,0.00,0.00,0.00,0.00,0.00,0.00,0.00,0.00,0.00,0
0.892604,-31,90,241,0,DRIVE [ 77 ] [ 1 ] [ 1467 1172 1905 ] [    0    0    0 ] [      0      0      0 ] [ 0 ],drive [ 76 ] [ 0 ] [ 1454 1190 1905 ] [   53   71   19 ] [  16037  10881   8641 ] [ 0 ],1.00,1.00,1.20,1.40,-30.96,125.80,0.00,0.00,0.00,0.00,0.00,0.00,0.00,0.00,0.00,0.00,0.00,0.00,0.00,0.00,0.00,0
0.903145,-34,88,239,0,DRIVE [ 77 ] [ 1 ] [ 1482 1155 1905 ] [    0    0    0 ] [      0      0      0 ] [ 0 ],drive [ 77 ] [ 0 ] [ 1467 1172 1905 ] [   48   74    4 ] [  16037  10881   8641 ] [ 0 ],1.00,1.00,1.20,1.40,-33.58,122.61,0.00,0.00,0.00,0.00,0.00,0.00,0.00,0.00,0.00,0.00,0.00,0.00,0.00,0.00,0.00,0
0.914423,-36,85,237,0,DRIVE [ 78 ] [ 1 ] [ 1499 1139 1905 ] [    0    0    0 ] [      0      0      0 ] [ 0 ],drive [ 77 ] [ 0 ] [ 1482 1155 1905 ] [   48   74    4 ] [  16037  10881   8641 ] [ 0 ],1.00,1.00,1.20,1.40,-36.10,119.07,0.00,0.00,0.00,0.00,0.00,0.00,0.00,0.00,0.00,0.00,0.00,0.00,0.00,0.00,0.00,0
0.925583,-39,82,235,0,DRIVE [ 78 ] [ 1 ] [ 1516 1122 1905 ] [    0    0    0 ] [      0      0      0 ] [ 0 ],drive [ 78 ] [ 0 ] [ 1499 1139 1905 ] [   48   74    4 ] [  16037  10881   8641 ] [ 0 ],1.00,1.00,1.20,1.40,-38.56,115.32,0.00,0.00,0.00,0.00,0.00,0.00,0.00,0.00,0.00,0.00,0.00,0.00,0.00,0.00,0.00,0
0.937802,-41,80,233,0,DRIVE [ 79 ] [ 1 ] [ 1534 1104 1905 ] [    0    0    0 ] [      0      0      0 ] [ 0 ],drive [ 78 ] [ 0 ] [ 1516 1122 1905 ] [   48   74    4 ] [  16034  11026   8582 ] [ 0 ],1.00,1.00,1.20,1.40,-40.88,111.46,0.00,0.00,0.00,0.00,0.00,0.00,0.00,0.00,0.00,0.00,0.00,0.00,0.00,0.00,0.00,0
0.949259,-43,77,231,0,DRIVE [ 79 ] [ 1 ] [ 1552 1085 1905 ] [    0    0    0 ] [      0      0      0 ] [ 0 ],drive [ 79 ] [ 0 ] [ 1534 1104 1905 ] [   40   85   16 ] [  16034  11026   8582 ] [ 0 ],1.00,1.00,1.20,1.40,-43.32,107.97,0.00,0.00,0.00,0.00,0.00,0.00,0.00,0.00,0.00,0.00,0.00,0.00,0.00,0.00,0.00,0
0.96009,-46,75,229,0,DRIVE [ 80 ] [ 1 ] [ 1570 1064 1905 ] [    0    0    0 ] [      0      0      0 ] [ 0 ],drive [ 79 ] [ 0 ] [ 1552 1085 1905 ] [   40   85   16 ] [  16034  11026   8582 ] [ 0 ],1.00,1.00,1.20,1.40,-45.69,104.38,0.00,0.00,0.00,0.00,0.00,0.00,0.00,0.00,0.00,0.00,0.00,0.00,0.00,0.00,0.00,0
0.970674,-48,72,227,0,DRIVE [ 80 ] [ 1 ] [ 1589 1043 1905 ] [    0    0    0 ] [      0      0      0 ] [ 0 ],drive [ 80 ] [ 0 ] [ 1570 1064 1905 ] [   40   85   16 ] [  16034  11026   8582 ] [ 0 ],1.00,1.00,1.20,1.40,-48.09,100.94,0.00,0.00,0.00,0.00,0.00,0.00,0.00,0.00,0.00,0.00,0.00,0.00,0.00,0.00,0.00,0
0.981588,-50,70,226,0,DRIVE [ 81 ] [ 1 ] [ 1608 1023 1905 ] [    0    0    0 ] [      0      0      0 ] [ 0 ],drive [ 80 ] [ 0 ] [ 1589 1043 1905 ] [   40   85   16 ] [  16025  11193   8578 ] [ 0 ],1.00,1.00,1.20,1.40,-50.38,97.68,0.00,0.00,0.00,0.00,0.00,0.00,0.00,0.00,0.00,0.00,0.00,0.00,0.00,0.00,0.00,0
0.992395,-52,67,223,0,DRIVE [ 81 ] [ 1 ] [ 1627 1005 1905 ] [    0    0    0 ] [      0      0      0 ] [ 0 ],drive [ 81 ] [ 0 ] [ 1608 1023 1905 ] [   40   85   16 ] [  16025  11193   8578 ] [ 0 ],1.00,1.00,1.20,1.40,-52.17,94.00,0.00,0.00,0.00,0.00,0.00,0.00,0.00,0.00,0.00,0.00,0.00,0.00,0.00,0.00,0.00,0
1.00255,-54,64,222,0,DRIVE [ 82 ] [ 1 ] [ 1647 1005 1905 ] [    0    0    0 ] [      0      0      0 ] [ 0 ],drive [ 81 ] [ 0 ] [ 1627 1005 1905 ] [   29   92   24 ] [  16025  11193   8578 ] [ 0 ],1.00,1.00,1.20,1.40,-53.74,90.16,0.00,0.00,0.00,0.00,0.00,0.00,0.00,0.00,0.00,0.00,0.00,0.00,0.00,0.00,0.00,0
1.01343,-55,61,220,0,DRIVE [ 82 ] [ 1 ] [ 1668 1005 1905 ] [    0    0    0 ] [      0      0      0 ] [ 0 ],drive [ 82 ] [ 0 ] [ 1647 1005 1905 ] [   29   92   24 ] [  16025  11193   8578 ] [ 0 ],1.00,1.00,1.20,1.40,-54.95,85.91,0.00,0.00,0.00,0.00,0.00,0.00,0.00,0.00,0.00,0.00,0.00,0.00,0.00,0.00,0.00,0
1.02448,-56,58,218,0,DRIVE [ 83 ] [ 1 ] [ 1692 1005 1905 ] [    0    0    0 ] [      0      0      0 ] [ 0 ],drive [ 82 ] [ 0 ] [ 1668 1005 1905 ] [   29   92   24 ] [  16025  11193   8578 ] [ 0 ],1.00,1.00,1.20,1.40,-55.73,80.99,0.00,0.00,0.00,0.00,0.00,0.00,0.00,0.00,0.00,0.00,0.00,0.00,0.00,0.00,0.00,0
1.0346,-56,54,216,0,DRIVE [ 83 ] [ 1 ] [ 1716 1005 1905 ] [    0    0    0 ] [      0      0      0 ] [ 0 ],drive [ 83 ] [ 0 ] [ 1692 1005 1905 ] [   29   92   24 ] [  16001  11497   8520 ] [ 0 ],1.00,1.00,1.20,1.40,-56.31,76.01,0.00,0.00,0.00,0.00,0.00,0.00,0.00,0.00,0.00,0.00,0.00,0.00,0.00,0.00,0.00,0
1.04525,-56,51,214,0,DRIVE [ 84 ] [ 1 ] [ 1740 1005 1905 ] [    0    0    0 ] [      0      0      0 ] [ 0 ],drive [ 83 ] [ 0 ] [ 1716 1005 1905 ] [   36  100    4 ] [  16001  11497   8520 ] [ 0 ],1.00,1.00,1.20,1.40,-56.38,70.84,0.00,0.00,0.00,0.00,0.00,0.00,0.00,0.00,0.00,0.00,0.00,0.00,0.00,0.00,0.00,0
1.05564,-56,47,213,0,DRIVE [ 84 ] [ 1 ] [ 1763 1005 1905 ] [    0    0    0 ] [      0      0      0 ] [ 0 ],drive [ 84 ] [ 0 ] [ 1740 1005 1905 ] [   36  100    4 ] [  16001  11497   8520 ] [ 0 ],1.00,1.00,1.20,1.40,-56.17,65.76,0.00,0.00,0.00,0.00,0.00,0.00,0.00,0.00,0.00,0.00,0.00,0.00,0.00,0.00,0.00,0
1.06646,-56,44,211,0,DRIVE [ 85 ] [ 1 ] [ 1786 1005 1905 ] [    0    0    0 ] [      0      0      0 ] [ 0 ],drive [ 84 ] [ 0 ] [ 1763 1005 1905 ] [   36  100    4 ] [  16001  11497   8520 ] [ 0 ],1.00,1.00,1.20,1.40,-55.91,60.92,0.00,0.00,0.00,0.00,0.00,0.00,0.00,0.00,0.00,0.00,0.00,0.00,0.00,0.00,0.00,0
1.07725,-56,40,209,0,DRIVE [ 85 ] [ 1 ] [ 1810 1005 1905 ] [    0    0    0 ] [      0      0      0 ] [ 0 ],drive [ 85 ] [ 0 ] [ 1786 1005 1905 ] [   36  100    4 ] [  16001  11497   8520 ] [ 0 ],1.00,1.00,1.20,1.40,-55.60,56.08,0.00,0.00,0.00,0.00,0.00,0.00,0.00,0.00,0.00,0.00,0.00,0.00,0.00,0.00,0.00,0
1.08752,-55,37,207,0,DRIVE [ 86 ] [ 1 ] [ 1834 1005 1905 ] [    0    0    0 ] [      0      0      0 ] [ 0 ],drive [ 85 ] [ 0 ] [ 1810 1005 1905 ] [   36  100    4 ] [  15901  11518   8448 ] [ 0 ],1.00,1.00,1.20,1.40,-55.15,51.20,0.00,0.00,0.00,0.00,0.00,0.00,0.00,0.00,0.00,0.00,0.00,0.00,0.00,0.00,0.00,0
1.09849,-55,33,206,0,DRIVE [ 86 ] [ 1 ] [ 1859 1005 1905 ] [    0    0    0 ] [      0      0      0 ] [ 0 ],drive [ 86 ] [ 0 ] [ 1834 1005 1905 ] [   26   97    9 ] [  15901  11518   8448 ] [ 0 ],1.00,1.00,1.20,1.40,-54.69,46.35,0.00,0.00,0.00,0.00,0.00,0.00,0.00,0.00,0.00,0.00,0.00,0.00,0.00,0.00,0.00,0
1.1092,-54,30,204,0,DRIVE [ 87 ] [ 1 ] [ 1883 1005 1905 ] [    0    0    0 ] [      0      0      0 ] [ 0 ],drive [ 86 ] [ 0 ] [ 1859 1005 1905 ] [   26   97    9 ] [  15901  11518   8448 ] [ 0 ],1.00,1.00,1.20,1.40,-53.79,41.41,0.00,0.00,0.00,0.00,0.00,0.00,0.00,0.00,0.00,0.00,0.00,0.00,0.00,-0.00,0.00,0
1.1195,-53,26,202,0,DRIVE [ 87 ] [ 1 ] [ 1883 1007 1903 ] [    0    0    0 ] [      0      0      0 ] [ 0 ],drive [ 87 ] [ 0 ] [ 1883 1005 1905 ] [   26   97    9 ] [  15901  11518   8448 ] [ 0 ],1.00,1.00,1.20,1.40,-52.67,36.56,0.00,0.00,0.00,0.00,0.00,0.00,0.00,0.00,0.00,0.00,0.00,0.00,0.00,-0.00,0.00,0
1.13038,-51,23,201,0,DRIVE [ 88 ] [ 1 ] [ 1883 1067 1884 ] [    0    0    0 ] [      0      0      0 ] [ 0 ],drive [ 87 ] [ 0 ] [ 1883 1007 1903 ] [   26   97    9 ] [  15571  11808   8411 ] [ 0 ],1.00,1.00,1.20,1.40,-51.40,32.13,0.00,0.00,0.00,0.00,0.00,0.00,0.00,0.00,0.00,0.00,0.00,0.00,0.00,-0.00,0.00,0
1.14047,-50,20,200,0,DRIVE [ 88 ] [ 1 ] [ 1883 1130 1867 ] [    0    0    0 ] [      0      0      0 ] [ 0 ],drive [ 88 ] [ 0 ] [ 1883 1067 1884 ] [   26   97    9 ] [  15571  11808   8411 ] [ 0 ],1.00,1.00,1.20,1.40,-49.67,27.79,0.00,0.00,0.00,0.00,0.00,0.00,0.00,0.00,0.00,0.00,0.00,0.00,0.00,-0.00,0.00,0
1.15132,-47,17,198,0,DRIVE [ 89 ] [ 1 ] [ 1883 1192 1853 ] [    0    0    0 ] [      0      0      0 ] [ 0 ],drive [ 88 ] [ 0 ] [ 1883 1130 1867 ] [    7   87   10 ] [  15571  11808   8411 ] [ 0 ],1.00,1.00,1.20,1.40,-47.48,23.67,0.00,0.00,0.00,0.00,0.00,-0.00,0.00,0.00,0.00,0.00,0.00,0.00,0.00,-0.00,0.00,0
1.16204,-45,14,197,0,DRIVE [ 89 ] [ 1 ] [ 1883 1253 1841 ] [    0    0    0 ] [      0      0      0 ] [ 0 ],drive [ 89 ] [ 0 ] [ 1883 1192 1853 ] [    7   87   10 ] [  15571  11808   8411 ] [ 0 ],1.00,1.00,1.20,1.40,-44.94,19.83,0.00,0.00,0.00,0.00,0.00,-0.00,0.00,0.00,0.00,0.00,0.00,0.00,0.00,-0.00,0.00,0
1.17216,-42,12,195,0,DRIVE [ 90 ] [ 1 ] [ 1883 1313 1831 ] [    0    0    0 ] [      0      0      0 ] [ 0 ],drive [ 89 ] [ 0 ] [ 1883 1253 1841 ] [    7   87   10 ] [  15571  11808   8411 ] [ 0 ],1.00,1.00,1.20,1.40,-42.09,16.28,0.00,0.00,0.00,0.00,0.00,-0.00,0.00,0.00,0.00,0.00,0.00,0.00,0.00,-0.00,0.00,0
1.183,-39,9,193,0,DRIVE [ 90 ] [ 1 ] [ 1883 1370 1823 ] [    0    0    0 ] [      0      0      0 ] [ 0 ],drive [ 90 ] [ 0 ] [ 1883 1313 1831 ] [    7   87   10 ] [  15145  11974   8418 ] [ 0 ],1.00,1.00,1.20,1.40,-39.19,13.03,0.00,0.00,0.00,0.00,0.00,-0.00,0.00,0.00,0.00,0.00,0.00,0.00,0.00,-0.00,0.00,0
1.19357,-36,7,191,0,DRIVE [ 91 ] [ 1 ] [ 1883 1420 1817 ] [    0    0    0 ] [      0      0      0 ] [ 0 ],drive [ 90 ] [ 0 ] [ 1883 1370 1823 ] [   10   81   21 ] [  15145  11974   8418 ] [ 0 ],1.00,1.00,1.20,1.40,-36.45,10.26,0.00,0.00,0.00,0.00,0.00,-0.00,0.00,0.00,0.00,0.00,0.00,0.00,0.00,-0.00,0.00,0
1.20395,-34,6,190,0,DRIVE [ 91 ] [ 1 ] [ 1883 1467 1811 ] [    0    0    0 ] [      0      0      0 ] [ 0 ],drive [ 91 ] [ 0 ] [ 1883 1420 1817 ] [   10   81   21 ] [  15145  11974   8418 ] [ 0 ],1.00,1.00,1.20,1.40,-33.95,7.73,0.00,0.00,0.00,0.00,0.00,-0.00,0.00,0.00,0.00,0.00,0.00,0.00,0.00,-0.00,0.00,0
1.21481,-32,4,188,0,DRIVE [ 92 ] [ 1 ] [ 1883 1511 1804 ] [    0    0    0 ] [      0      0      0 ] [ 0 ],drive [ 91 ] [ 0 ] [ 1883 1467 1811 ] [   10   81   21 ] [  15145  11974   8418 ] [ 0 ],1.00,1.00,1.20,1.40,-31.57,5.30,0.00,0.00,0.00,0.00,0.00,-0.00,0.00,0.00,0.00,0.00,0.00,0.00,0.00,-0.00,0.00,0
1.22546,-29,2,186,0,DRIVE [ 92 ] [ 1 ] [ 1883 1551 1798 ] [    0    0    0 ] [      0      0      0 ] [ 0 ],drive [ 92 ] [ 0 ] [ 1883 1511 1804 ] [   10   81   21 ] [  15145  11974   8418 ] [ 0 ],1.00,1.00,1.20,1.40,-29.25,3.10,0.00,0.00,0.00,0.00,0.00,-0.00,0.00,0.00,0.00,0.00,0.00,0.00,0.00,-0.00,0.00,0
1.23566,-27,1,184,0,DRIVE [ 93 ] [ 1 ] [ 1883 1589 1794 ] [    0    0    0 ] [      0      0      0 ] [ 0 ],drive [ 92 ] [ 0 ] [ 1883 1551 1798 ] [   10   81   21 ] [  15118  11906   8420 ] [ 0 ],1.00,1.00,1.20,1.40,-26.91,1.23,0.00,0.00,0.00,0.00,0.00,-0.00,0.00,0.00,0.00,0.00,0.00,0.00,0.00,-0.00,0.00,0
1.24648,-25,0,182,0,DRIVE [ 93 ] [ 1 ] [ 1883 1623 1793 ] [    0    0    0 ] [      0      0      0 ] [ 0 ],drive [ 93 ] [ 0 ] [ 1883 1589 1794 ] [    8   40   28 ] [  15118  11906   8420 ] [ 0 ],1.00,1.00,1.20,1.40,-24.60,-0.22,0.00,0.00,0.00,0.00,0.00,-0.00,0.00,0.00,0.00,0.00,0.00,0.00,0.00,0.00,0.00,0
1.25764,-22,-1,180,0,DRIVE [ 94 ] [ 1 ] [ 1883 1651 1796 ] [    0    0    0 ] [      0      0      0 ] [ 0 ],drive [ 93 ] [ 0 ] [ 1883 1623 1793 ] [    8   40   28 ] [  15118  11906   8420 ] [ 0 ],1.00,1.00,1.20,1.40,-22.38,-1.06,0.00,0.00,0.00,0.00,0.00,-0.00,0.00,0.00,0.00,0.00,0.00,0.00,0.00,0.00,0.00,0
1.26768,-20,-1,178,0,DRIVE [ 94 ] [ 1 ] [ 1883 1677 1800 ] [    0    0    0 ] [      0      0      0 ] [ 0 ],drive [ 94 ] [ 0 ] [ 1883 1651 1796 ] [    8   40   28 ] [  15118  11906   8420 ] [ 0 ],1.00,1.00,1.20,1.40,-20.20,-1.59,0.00,0.00,0.00,0.00,0.00,-0.00,0.00,0.00,0.00,0.00,0.00,0.00,0.00,0.00,0.00,0
1.27841,-18,-1,176,0,DRIVE [ 95 ] [ 1 ] [ 1883 1701 1808 ] [    0    0    0 ] [      0      0      0 ] [ 0 ],drive [ 94 ] [ 0 ] [ 1883 1677 1800 ] [    8   40   28 ] [  15118  11590   8480 ] [ 0 ],1.00,1.00,1.20,1.40,-18.07,-1.72,0.00,0.00,0.00,0.00,0.00,-0.00,0.00,0.00,0.00,0.00,0.00,0.00,0.00,0.00,0.00,0
1.28863,-16,-1,174,0,DRIVE [ 95 ] [ 1 ] [ 1883 1721 1818 ] [    0    0    0 ] [      0      0      0 ] [ 0 ],drive [ 95 ] [ 0 ] [ 1883 1701 1808 ] [    8   40   28 ] [  15118  11590   8480 ] [ 0 ],1.00,1.00,1.20,1.40,-16.04,-1.50,0.00,0.00,0.00,0.00,0.00,-0.00,0.00,0.00,0.00,0.00,0.00,0.00,0.00,0.00,0.00,0
1.29865,-14,-1,172,0,DRIVE [ 96 ] [ 1 ] [ 1883 1741 1830 ] [    0    0    0 ] [      0      0      0 ] [ 0 ],drive [ 95 ] [ 0 ] [ 1883 1721 1818 ] [   11   24   10 ] [  15118  11590   8480 ] [ 0 ],1.00,1.00,1.20,1.40,-14.00,-1.00,0.00,0.00,0.00,0.00,0.00,-0.00,0.00,0.00,0.00,0.00,0.00,0.00,0.00,0.00,0.00,0
1.30949,-12,0,169,0,DRIVE [ 96 ] [ 1 ] [ 1883 1759 1843 ] [    0    0    0 ] [      0      0      0 ] [ 0 ],drive [ 96 ] [ 0 ] [ 1883 1741 1830 ] [   11   24   10 ] [  15118  11590   8480 ] [ 0 ],1.00,1.00,1.20,1.40,-12.03,-0.45,0.00,0.00,0.00,0.00,0.00,-0.00,0.00,0.00,0.00,0.00,0.00,0.00,0.00,0.00,0.00,0
1.31959,-10,0,167,0,DRIVE [ 97 ] [ 1 ] [ 1883 1775 1857 ] [    0    0    0 ] [      0      0      0 ] [ 0 ],drive [ 96 ] [ 0 ] [ 1883 1759 1843 ] [   11   24   10 ] [  15118  11590   8480 ] [ 0 ],1.00,1.00,1.20,1.40,-10.11,0.25,0.00,0.00,0.00,0.00,0.00,-0.00,0.00,0.00,0.00,0.00,0.00,0.00,0.00,-0.00,0.00,0
1.33021,-8,1,165,0,DRIVE [ 97 ] [ 1 ] [ 1883 1791 1873 ] [    0    0    0 ] [      0      0      0 ] [ 0 ],drive [ 97 ] [ 0 ] [ 1883 1775 1857 ] [   11   24   10 ] [  15120  11285   8504 ] [ 0 ],1.00,1.00,1.20,1.40,-8.20,1.05,0.00,0.00,0.00,0.00,0.00,-0.00,0.00,0.00,0.00,0.00,0.00,0.00,0.00,-0.00,0.00,0
1.34039,-6,1,163,0,DRIVE [ 98 ] [ 1 ] [ 1883 1804 1889 ] [    0    0    0 ] [      0      0      0 ] [ 0 ],drive [ 97 ] [ 0 ] [ 1883 1791 1873 ] [   11   24   10 ] [  15120  11285   8504 ] [ 0 ],1.00,1.00,1.20,1.40,-6.22,1.99,0.00,0.00,0.00,0.00,0.00,-0.00,0.00,0.00,0.00,0.00,0.00,0.00,0.00,-0.00,0.00,0
1.35108,-4,2,161,0,DRIVE [ 98 ] [ 1 ] [ 1904 1813 1889 ] [    0    0    0 ] [      0      0      0 ] [ 0 ],drive [ 98 ] [ 0 ] [ 1883 1804 1889 ] [   10   20    4 ] [  15120  11285   8504 ] [ 0 ],1.00,1.00,1.20,1.40,-4.13,3.01,0.00,0.00,0.00,0.00,0.00,-0.00,0.00,0.00,0.00,0.00,0.00,0.00,0.00,-0.00,0.00,0
1.36152,-2,3,159,0,DRIVE [ 99 ] [ 1 ] [ 1883 1843 1889 ] [    0    0    0 ] [      0      0      0 ] [ 0 ],drive [ 98 ] [ 0 ] [ 1904 1813 1889 ] [   10   20    4 ] [  15120  11285   8504 ] [ 0 ],1.00,1.00,1.20,1.40,-2.01,4.12,0.00,0.00,0.00,0.00,0.00,-0.00,0.00,0.00,0.00,0.00,0.00,0.00,0.00,-0.00,0.00,0
1.37174,0,4,157,0,DRIVE [ 99 ] [ 1 ] [ 1855 1856 1889 ] [    0    0    0 ] [      0      0      0 ] [ 0 ],drive [ 99 ] [ 0 ] [ 1883 1843 1889 ] [   10   20    4 ] [  15120  11285   8504 ] [ 0 ],1.00,1.00,1.20,1.40,0.09,5.34,0.00,0.00,0.00,0.00,0.00,-0.00,0.00,0.00,0.00,0.00,0.00,0.00,-0.00,-0.00,0.00,0
1.3829,2,5,155,0,DRIVE [ 00 ] [ 1 ] [ 1818 1861 1889 ] [    0    0    0 ] [      0      0      0 ] [ 0 ],drive [ 99 ] [ 0 ] [ 1855 1856 1889 ] [   10   20    4 ] [  15118  11057   8501 ] [ 0 ],1.00,1.00,1.20,1.40,2.12,6.63,0.00,0.00,0.00,0.00,0.00,-0.00,0.00,0.00,0.00,0.00,0.00,0.00,-0.00,-0.00,0.00,0
1.39494,4,6,153,0,DRIVE [ 00 ] [ 1 ] [ 1777 1862 1889 ] [    0    0    0 ] [      0      0      0 ] [ 0 ],drive [ 00 ] [ 0 ] [ 1818 1861 1889 ] [   13   27    1 ] [  15118  11057   8501 ] [ 0 ],1.00,1.00,1.20,1.40,4.10,8.01,0.00,0.00,0.00,0.00,0.00,-0.00,0.00,0.00,0.00,0.00,0.00,0.00,0.00,0.00,0.00,0
1.40683,6,7,151,0,DRIVE [ 01 ] [ 1 ] [ 1732 1860 1889 ] [    0    0    0 ] [      0      0      0 ] [ 0 ],drive [ 00 ] [ 0 ] [ 1777 1862 1889 ] [   13   27    1 ] [  15118  11057   8501 ] [ 0 ],1.00,1.00,1.20,1.40,6.00,9.57,0.00,0.00,0.00,0.00,0.00,-0.00,0.00,0.00,0.00,0.00,0.00,0.00,0.00,0.00,0.00,0
1.41766,8,8,149,0,DRIVE [ 01 ] [ 1 ] [ 1687 1855 1889 ] [    0    0    0 ] [      0      0      0 ] [ 0 ],drive [ 01 ] [ 0 ] [ 1732 1860 1889 ] [   13   27    1 ] [  15118  11057   8501 ] [ 0 ],1.00,1.00,1.20,1.40,7.78,11.30,0.00,0.00,0.00,0.00,0.00,-0.00,0.00,0.00,0.00,0.00,0.00,0.00,0.00,0.00,0.00,0
1.42824,9,9,147,0,DRIVE [ 02 ] [ 1 ] [ 1642 1849 1889 ] [    0    0    0 ] [      0      0      0 ] [ 0 ],drive [ 01 ] [ 0 ] [ 1687 1855 1889 ] [   13   27    1 ] [  15197  10684   8505 ] [ 0 ],1.00,1.00,1.20,1.40,9.39,13.06,0.00,0.00,0.00,0.00,0.00,-0.00,0.00,0.00,0.00,0.00,0.00,0.00,0.00,0.00,0.00,0
1.43882,11,11,145,0,DRIVE [ 02 ] [ 1 ] [ 1601 1841 1889 ] [    0    0    0 ] [      0      0      0 ] [ 0 ],drive [ 02 ] [ 0 ] [ 1642 1849 1889 ] [   13   27    1 ] [  15197  10684   8505 ] [ 0 ],1.00,1.00,1.20,1.40,10.76,14.87,0.00,0.00,0.00,0.00,0.00,-0.00,0.00,0.00,0.00,0.00,0.00,0.00,0.00,0.00,0.00,0
1.45107,12,12,143,0,DRIVE [ 03 ] [ 1 ] [ 1563 1831 1889 ] [    0    0    0 ] [      0      0      0 ] [ 0 ],drive [ 02 ] [ 0 ] [ 1601 1841 1889 ] [   24    8    1 ] [  15197  10684   8505 ] [ 0 ],1.00,1.00,1.20,1.40,11.88,16.65,0.00,0.00,0.00,0.00,0.00,-0.00,0.00,0.00,0.00,0.00,0.00,0.00,0.00,0.00,0.00,0
1.46305,13,13,141,0,DRIVE [ 03 ] [ 1 ] [ 1527 1821 1889 ] [    0    0    0 ] [      0      0      0 ] [ 0 ],drive [ 03 ] [ 0 ] [ 1563 1831 1889 ] [   24    8    1 ] [  15197  10684   8505 ] [ 0 ],1.00,1.00,1.20,1.40,12.89,18.42,0.00,0.00,0.00,0.00,0.00,-0.00,0.00,0.00,0.00,0.00,0.00,0.00,0.00,0.00,0.00,0
1.47326,14,14,140,0,DRIVE [ 04 ] [ 1 ] [ 1493 1810 1889 ] [    0    0    0 ] [      0      0      0 ] [ 0 ],drive [ 03 ] [ 0 ] [ 1527 1821 1889 ] [   24    8    1 ] [  15197  10684   8505 ] [ 0 ],1.00,1.00,1.20,1.40,13.83,20.15,0.00,0.00,0.00,0.00,0.00,-0.00,0.00,0.00,0.00,0.00,0.00,0.00,0.00,0.00,0.00,0
1.48398,15,16,138,0,DRIVE [ 04 ] [ 1 ] [ 1460 1799 1889 ] [    0    0    0 ] [      0      0      0 ] [ 0 ],drive [ 04 ] [ 0 ] [ 1493 1810 1889 ] [   24    8    1 ] [  15629  10380   8506 ] [ 0 ],1.00,1.00,1.20,1.40,14.63,21.83,0.00,0.00,0.00,0.00,0.00,-0.00,0.00,0.00,0.00,0.00,0.00,0.00,0.00,0.00,0.00,0
1.49485,15,17,136,0,DRIVE [ 05 ] [ 1 ] [ 1428 1787 1889 ] [    0    0    0 ] [      0      0      0 ] [ 0 ],drive [ 04 ] [ 0 ] [ 1460 1799 1889 ] [   44   19    1 ] [  15629  10380   8506 ] [ 0 ],1.00,1.00,1.20,1.40,15.36,23.55,0.00,0.00,0.00,0.00,0.00,-0.00,0.00,0.00,0.00,0.00,0.00,0.00,0.00,0.00,0.00,0
1.50676,16,18,135,0,DRIVE [ 05 ] [ 1 ] [ 1397 1773 1889 ] [    0    0    0 ] [      0      0      0 ] [ 0 ],drive [ 05 ] [ 0 ] [ 1428 1787 1889 ] [   44   19    1 ] [  15629  10380   8506 ] [ 0 ],1.00,1.00,1.20,1.40,15.98,25.32,0.00,0.00,0.00,0.00,0.00,-0.00,0.00,0.00,0.00,0.00,0.00,0.00,0.00,0.00,0.00,0
1.51905,17,19,133,0,DRIVE [ 06 ] [ 1 ] [ 1365 1757 1889 ] [    0    0    0 ] [      0      0      0 ] [ 0 ],drive [ 05 ] [ 0 ] [ 1397 1773 1889 ] [   44   19    1 ] [  15629  10380   8506 ] [ 0 ],1.00,1.00,1.20,1.40,16.57,27.19,0.00,0.00,0.00,0.00,0.00,-0.00,0.00,0.00,0.00,0.00,0.00,0.00,0.00,0.00,0.00,0
1.53091,17,21,132,0,DRIVE [ 06 ] [ 1 ] [ 1332 1741 1889 ] [    0    0    0 ] [      0      0      0 ] [ 0 ],drive [ 06 ] [ 0 ] [ 1365 1757 1889 ] [   44   19    1 ] [  15822  10248   8505 ] [ 0 ],1.00,1.00,1.20,1.40,17.19,29.11,0.00,0.00,0.00,0.00,0.00,-0.00,0.00,0.00,0.00,0.00,0.00,0.00,0.00,0.00,0.00,0
1.54097,18,22,130,0,DRIVE [ 07 ] [ 1 ] [ 1297 1725 1889 ] [    0    0    0 ] [      0      0      0 ] [ 0 ],drive [ 06 ] [ 0 ] [ 1332 1741 1889 ] [   44   19    1 ] [  15822  10248   8505 ] [ 0 ],1.00,1.00,1.20,1.40,17.82,31.06,0.00,0.00,0.00,0.00,0.00,-0.00,0.00,0.00,0.00,0.00,0.00,0.00,0.00,0.00,0.00,0
1.55174,18,24,128,0,DRIVE [ 07 ] [ 1 ] [ 1264 1708 1889 ] [    0    0    0 ] [      0      0      0 ] [ 0 ],drive [ 07 ] [ 0 ] [ 1297 1725 1889 ] [   55   38    1 ] [  15822  10248   8505 ] [ 0 ],1.00,1.00,1.20,1.40,18.38,32.94,0.00,0.00,0.00,0.00,0.00,-0.00,0.00,0.00,0.00,0.00,0.00,0.00,0.00,0.00,0.00,0
1.56284,19,25,127,0,DRIVE [ 08 ] [ 1 ] [ 1233 1692 1889 ] [    0    0    0 ] [      0      0      0 ] [ 0 ],drive [ 07 ] [ 0 ] [ 1264 1708 1889 ] [   55   38    1 ] [  15822  10248   8505 ] [ 0 ],1.00,1.00,1.20,1.40,18.84,34.72,0.00,0.00,0.00,0.00,0.00,-0.00,0.00,0.00,0.00,0.00,0.00,0.00,0.00,0.00,0.00,0
1.57473,19,26,125,0,DRIVE [ 08 ] [ 1 ] [ 1207 1674 1889 ] [    0    0    0 ] [      0      0      0 ] [ 0 ],drive [ 08 ] [ 0 ] [ 1233 1692 1889 ] [   55   38    1 ] [  15822  10248   8505 ] [ 0 ],1.00,1.00,1.20,1.40,19.10,36.43,0.00,0.00,0.00,0.00,0.00,-0.00,0.00,0.00,0.00,0.00,0.00,0.00,0.00,0.00,0.00,0
1.58676,19,27,124,0,DRIVE [ 09 ] [ 1 ] [ 1184 1656 1889 ] [    0    0    0 ] [      0      0      0 ] [ 0 ],drive [ 08 ] [ 0 ] [ 1207 1674 1889 ] [   55   38    1 ] [  16113  10242   8503 ] [ 0 ],1.00,1.00,1.20,1.40,19.21,38.07,0.00,0.00,0.00,0.00,0.00,-0.00,0.00,0.00,0.00,0.00,0.00,0.00,0.00,0.00,0.00,0
1.59721,19,28,123,0,DRIVE [ 09 ] [ 1 ] [ 1164 1637 1889 ] [    0    0    0 ] [      0      0      0 ] [ 0 ],drive [ 09 ] [ 0 ] [ 1184 1656 1889 ] [   64   29    1 ] [  16113  10242   8503 ] [ 0 ],1.00,1.00,1.20,1.40,19.19,39.66,0.00,0.00,0.00,0.00,0.00,-0.00,0.00,0.00,0.00,0.00,0.00,0.00,0.00,0.00,0.00,0
1.60716,19,29,122,0,DRIVE [ 10 ] [ 1 ] [ 1146 1618 1889 ] [    0    0    0 ] [      0      0      0 ] [ 0 ],drive [ 09 ] [ 0 ] [ 1164 1637 1889 ] [   64   29    1 ] [  16113  10242   8503 ] [ 0 ],1.00,1.00,1.20,1.40,19.02,41.18,0.00,0.00,0.00,0.00,0.00,-0.00,0.00,0.00,0.00,0.00,0.00,0.00,0.00,0.00,0.00,0
1.61854,19,30,120,0,DRIVE [ 10 ] [ 1 ] [ 1129 1597 1889 ] [    0    0    0 ] [      0      0      0 ] [ 0 ],drive [ 10 ] [ 0 ] [ 1146 1618 1889 ] [   64   29    1 ] [  16113  10242   8503 ] [ 0 ],1.00,1.00,1.20,1.40,18.80,42.70,0.00,0.00,0.00,0.00,0.00,-0.00,0.00,0.00,0.00,0.00,0.00,0.00,0.00,0.00,0.00,0
1.63093,19,32,119,0,DRIVE [ 11 ] [ 1 ] [ 1113 1577 1889 ] [    0    0    0 ] [      0      0      0 ] [ 0 ],drive [ 10 ] [ 0 ] [ 1129 1597 1889 ] [   64   29    1 ] [  16363  10212   8497 ] [ 0 ],1.00,1.00,1.20,1.40,18.57,44.14,0.00,0.00,0.00,0.00,0.00,-0.00,0.00,0.00,0.00,0.00,0.00,0.00,0.00,0.00,0.00,0
1.64253,18,32,118,0,DRIVE [ 11 ] [ 1 ] [ 1099 1559 1889 ] [    0    0    0 ] [      0      0      0 ] [ 0 ],drive [ 11 ] [ 0 ] [ 1113 1577 1889 ] [   64   29    1 ] [  16363  10212   8497 ] [ 0 ],1.00,1.00,1.20,1.40,18.32,45.35,0.00,0.00,0.00,0.00,0.00,-0.00,0.00,0.00,0.00,0.00,0.00,0.00,0.00,0.00,0.00,0
1.65478,18,33,117,0,DRIVE [ 12 ] [ 1 ] [ 1087 1543 1889 ] [    0    0    0 ] [      0      0      0 ] [ 0 ],drive [ 11 ] [ 0 ] [ 1099 1559 1889 ] [   87   29   10 ] [  16363  10212   8497 ] [ 0 ],1.00,1.00,1.20,1.40,18.03,46.37,0.00,0.00,0.00,0.00,0.00,-0.00,0.00,0.00,0.00,0.00,0.00,0.00,0.00,0.00,0.00,0
1.66531,18,34,116,0,DRIVE [ 12 ] [ 1 ] [ 1078 1527 1889 ] [    0    0    0 ] [      0      0      0 ] [ 0 ],drive [ 12 ] [ 0 ] [ 1087 1543 1889 ] [   87   29   10 ] [  16363  10212   8497 ] [ 0 ],1.00,1.00,1.20,1.40,17.66,47.21,0.00,0.00,0.00,0.00,0.00,-0.00,0.00,0.00,0.00,0.00,0.00,0.00,0.00,0.00,0.00,0
1.67584,17,34,115,0,DRIVE [ 13 ] [ 1 ] [ 1074 1513 1889 ] [    0    0    0 ] [      0      0      0 ] [ 0 ],drive [ 12 ] [ 0 ] [ 1078 1527 1889 ] [   87   29   10 ] [  16363  10212   8497 ] [ 0 ],1.00,1.00,1.20,1.40,17.15,47.74,0.00,0.00,0.00,0.00,0.00,-0.00,0.00,0.00,0.00,0.00,0.00,0.00,0.00,0.00,0.00,0
1.68643,17,34,114,0,DRIVE [ 13 ] [ 1 ] [ 1077 1502 1889 ] [    0    0    0 ] [      0      0      0 ] [ 0 ],drive [ 13 ] [ 0 ] [ 1074 1513 1889 ] [   87   29   10 ] [  16584  10214   8456 ] [ 0 ],1.00,1.00,1.20,1.40,16.52,47.94,0.00,0.00,0.00,0.00,0.00,-0.00,0.00,0.00,0.00,0.00,0.00,0.00,0.00,0.00,0.00,0
1.69874,16,34,113,0,DRIVE [ 14 ] [ 1 ] [ 1088 1494 1889 ] [    0    0    0 ] [      0      0      0 ] [ 0 ],drive [ 13 ] [ 0 ] [ 1077 1502 1889 ] [   94   37    6 ] [  16584  10214   8456 ] [ 0 ],1.00,1.00,1.20,1.40,15.69,47.77,0.00,0.00,0.00,0.00,0.00,-0.00,0.00,0.00,0.00,0.00,0.00,0.00,0.00,0.00,0.00,0
1.71054,15,34,112,0,DRIVE [ 14 ] [ 1 ] [ 1105 1486 1889 ] [    0    0    0 ] [      0      0      0 ] [ 0 ],drive [ 14 ] [ 0 ] [ 1088 1494 1889 ] [   94   37    6 ] [  16584  10214   8456 ] [ 0 ],1.00,1.00,1.20,1.40,14.65,47.25,0.00,0.00,0.00,0.00,0.00,-0.00,0.00,0.00,0.00,0.00,0.00,0.00,0.00,0.00,0.00,0
1.72254,14,33,111,0,DRIVE [ 15 ] [ 1 ] [ 1126 1480 1889 ] [    0    0    0 ] [      0      0      0 ] [ 0 ],drive [ 14 ] [ 0 ] [ 1105 1486 1889 ] [   94   37    6 ] [  16584  10214   8456 ] [ 0 ],1.00,1.00,1.20,1.40,13.53,46.54,0.00,0.00,0.00,0.00,0.00,-0.00,0.00,0.00,0.00,0.00,0.00,0.00,0.00,0.00,0.00,0
1.73308,12,33,111,0,DRIVE [ 15 ] [ 1 ] [ 1150 1476 1889 ] [    0    0    0 ] [      0      0      0 ] [ 0 ],drive [ 15 ] [ 0 ] [ 1126 1480 1889 ] [   94   37    6 ] [  16858  10220   8287 ] [ 0 ],1.00,1.00,1.20,1.40,12.34,45.61,0.00,0.00,0.00,0.00,0.00,-0.00,0.00,0.00,0.00,0.00,0.00,0.00,0.00,0.00,0.00,0
1.74333,11,32,110,0,DRIVE [ 16 ] [ 1 ] [ 1176 1472 1889 ] [    0    0    0 ] [      0      0      0 ] [ 0 ],drive [ 15 ] [ 0 ] [ 1150 1476 1889 ] [   75   42   10 ] [  16858  10220   8287 ] [ 0 ],1.00,1.00,1.20,1.40,11.14,44.55,0.00,0.00,0.00,0.00,0.00,0.00,0.00,0.00,0.00,0.00,0.00,0.00,0.00,0.00,0.00,0
1.75449,10,31,109,0,DRIVE [ 16 ] [ 1 ] [ 1205 1472 1889 ] [    0    0    0 ] [      0      0      0 ] [ 0 ],drive [ 16 ] [ 0 ] [ 1176 1472 1889 ] [   75   42   10 ] [  16858  10220   8287 ] [ 0 ],1.00,1.00,1.20,1.40,9.95,43.23,0.00,0.00,0.00,0.00,0.00,0.00,0.00,0.00,0.00,0.00,0.00,0.00,0.00,0.00,0.00,0
1.76682,9,30,108,0,DRIVE [ 17 ] [ 1 ] [ 1237 1473 1889 ] [    0    0    0 ] [      0      0      0 ] [ 0 ],drive [ 16 ] [ 0 ] [ 1205 1472 1889 ] [   75   42   10 ] [  16858  10220   8287 ] [ 0 ],1.00,1.00,1.20,1.40,8.76,41.82,0.00,0.00,0.00,0.00,0.00,0.00,0.00,0.00,0.00,0.00,0.00,0.00,0.00,0.00,0.00,0
1.77858,8,29,108,0,DRIVE [ 17 ] [ 1 ] [ 1270 1476 1889 ] [    0    0    0 ] [      0      0      0 ] [ 0 ],drive [ 17 ] [ 0 ] [ 1237 1473 1889 ] [   75   42   10 ] [  16858  10220   8287 ] [ 0 ],1.00,1.00,1.20,1.40,7.58,40.18,0.00,0.00,0.00,0.00,0.00,0.00,0.00,0.00,0.00,0.00,0.00,0.00,0.00,0.00,0.00,0
1.78841,6,27,107,0,DRIVE [ 18 ] [ 1 ] [ 1304 1482 1889 ] [    0    0    0 ] [      0      0      0 ] [ 0 ],drive [ 17 ] [ 0 ] [ 1270 1476 1889 ] [   75   42   10 ] [  16941  10277   8150 ] [ 0 ],1.00,1.00,1.20,1.40,6.49,38.39,0.00,0.00,0.00,0.00,0.00,0.00,0.00,0.00,0.00,0.00,0.00,0.00,-0.00,-0.00,0.00,0
1.79884,5,26,106,0,DRIVE [ 18 ] [ 1 ] [ 1338 1490 1889 ] [    0    0    0 ] [      0      0      0 ] [ 0 ],drive [ 18 ] [ 0 ] [ 1304 1482 1889 ] [   66   45   22 ] [  16941  10277   8150 ] [ 0 ],1.00,1.00,1.20,1.40,5.49,36.58,0.00,0.00,0.00,0.00,0.00,0.00,0.00,0.00,0.00,0.00,0.00,0.00,-0.00,-0.00,0.00,0
1.81078,4,25,106,0,DRIVE [ 19 ] [ 1 ] [ 1372 1497 1889 ] [    0    0    0 ] [      0      0      0 ] [ 0 ],drive [ 18 ] [ 0 ] [ 1338 1490 1889 ] [   66   45   22 ] [  16941  10277   8150 ] [ 0 ],1.00,1.00,1.20,1.40,4.48,34.85,0.00,0.00,0.00,0.00,0.00,0.00,0.00,0.00,0.00,0.00,0.00,0.00,-0.00,-0.00,0.00,0
1.82252,3,24,105,0,DRIVE [ 19 ] [ 1 ] [ 1404 1502 1889 ] [    0    0    0 ] [      0      0      0 ] [ 0 ],drive [ 19 ] [ 0 ] [ 1372 1497 1889 ] [   66   45   22 ] [  16941  10277   8150 ] [ 0 ],1.00,1.00,1.20,1.40,3.46,33.23,0.00,0.00,0.00,0.00,0.00,0.00,0.00,0.00,0.00,0.00,0.00,0.00,-0.00,-0.00,0.00,0
1.83505,2,23,104,0,DRIVE [ 20 ] [ 1 ] [ 1437 1506 1889 ] [    0    0    0 ] [      0      0      0 ] [ 0 ],drive [ 19 ] [ 0 ] [ 1404 1502 1889 ] [   66   45   22 ] [  16934  10306   8078 ] [ 0 ],1.00,1.00,1.20,1.40,2.43,31.59,0.00,0.00,0.00,0.00,0.00,0.00,0.00,0.00,0.00,0.00,0.00,0.00,-0.00,-0.00,0.00,0
1.8467,1,21,103,0,DRIVE [ 20 ] [ 1 ] [ 1470 1510 1889 ] [    0    0    0 ] [      0      0      0 ] [ 0 ],drive [ 20 ] [ 0 ] [ 1437 1506 1889 ] [   48   43   16 ] [  16934  10306   8078 ] [ 0 ],1.00,1.00,1.20,1.40,1.40,29.98,0.00,0.00,0.00,0.00,0.00,0.00,0.00,0.00,0.00,0.00,0.00,0.00,-0.00,-0.00,0.00,0
1.8576,0,20,102,0,DRIVE [ 21 ] [ 1 ] [ 1505 1513 1889 ] [    0    0    0 ] [      0      0      0 ] [ 0 ],drive [ 20 ] [ 0 ] [ 1470 1510 1889 ] [   48   43   16 ] [  16934  10306   8078 ] [ 0 ],1.00,1.00,1.20,1.40,0.30,28.38,0.00,0.00,0.00,0.00,0.00,0.00,0.00,0.00,0.00,0.00,0.00,0.00,-0.00,-0.00,0.00,0
1.86743,-1,19,102,0,DRIVE [ 21 ] [ 1 ] [ 1539 1515 1889 ] [    0    0    0 ] [      0      0      0 ] [ 0 ],drive [ 21 ] [ 0 ] [ 1505 1513 1889 ] [   48   43   16 ] [  16934  10306   8078 ] [ 0 ],1.00,1.00,1.20,1.40,-0.84,26.83,0.00,0.00,0.00,0.00,0.00,0.00,0.00,0.00,0.00,0.00,0.00,0.00,0.00,-0.00,0.00,0
1.87863,-2,18,101,0,DRIVE [ 22 ] [ 1 ] [ 1573 1514 1889 ] [    0    0    0 ] [      0      0      0 ] [ 0 ],drive [ 21 ] [ 0 ] [ 1539 1515 1889 ] [   48   43   16 ] [  16924  10306   8078 ] [ 0 ],1.00,1.00,1.20,1.40,-1.97,25.37,0.00,0.00,0.00,0.00,0.00,0.00,0.00,0.00,0.00,0.00,0.00,0.00,0.00,-0.00,0.00,0
1.89048,-3,17,100,0,DRIVE [ 22 ] [ 1 ] [ 1605 1512 1889 ] [    0    0    0 ] [      0      0      0 ] [ 0 ],drive [ 22 ] [ 0 ] [ 1573 1514 1889 ] [   48   43   16 ] [  16924  10306   8078 ] [ 0 ],1.00,1.00,1.20,1.40,-3.07,23.95,0.00,0.00,0.00,0.00,0.00,0.00,0.00,0.00,0.00,0.00,0.00,0.00,0.00,-0.00,0.00,0
1.90268,-4,16,99,0,DRIVE [ 23 ] [ 1 ] [ 1634 1510 1889 ] [    0    0    0 ] [      0      0      0 ] [ 0 ],drive [ 22 ] [ 0 ] [ 1605 1512 1889 ] [   40   42   15 ] [  16924  10306   8078 ] [ 0 ],1.00,1.00,1.20,1.40,-4.07,22.62,0.00,0.00,0.00,0.00,0.00,0.00,0.00,0.00,0.00,0.00,0.00,0.00,0.00,-0.00,0.00,0
1.91468,-5,15,99,0,DRIVE [ 23 ] [ 1 ] [ 1660 1507 1889 ] [    0    0    0 ] [      0      0      0 ] [ 0 ],drive [ 23 ] [ 0 ] [ 1634 1510 1889 ] [   40   42   15 ] [  16924  10306   8078 ] [ 0 ],1.00,1.00,1.20,1.40,-4.96,21.40,0.00,0.00,0.00,0.00,0.00,0.00,0.00,0.00,0.00,0.00,0.00,0.00,0.00,-0.00,0.00,0
1.92505,-6,14,98,0,DRIVE [ 24 ] [ 1 ] [ 1684 1504 1889 ] [    0    0    0 ] [      0      0      0 ] [ 0 ],drive [ 23 ] [ 0 ] [ 1660 1507 1889 ] [   40   42   15 ] [  16924  10306   8078 ] [ 0 ],1.00,1.00,1.20,1.40,-5.76,20.24,0.00,0.00,0.00,0.00,0.00,0.00,0.00,0.00,0.00,0.00,0.00,0.00,0.00,-0.00,0.00,0
1.93505,-6,14,97,0,DRIVE [ 24 ] [ 1 ] [ 1707 1503 1889 ] [    0    0    0 ] [      0      0      0 ] [ 0 ],drive [ 24 ] [ 0 ] [ 1684 1504 1889 ] [   40   42   15 ] [  16874  10306   8079 ] [ 0 ],1.00,1.00,1.20,1.40,-6.45,19.09,0.00,0.00,0.00,0.00,0.00,0.00,0.00,0.00,0.00,0.00,0.00,0.00,0.00,-0.00,0.00,0
1.94695,-7,13,96,0,DRIVE [ 25 ] [ 1 ] [ 1727 1503 1889 ] [    0    0    0 ] [      0      0      0 ] [ 0 ],drive [ 24 ] [ 0 ] [ 1707 1503 1889 ] [   21   42   15 ] [  16874  10306   8079 ] [ 0 ],1.00,1.00,1.20,1.40,-6.99,17.96,0.00,0.00,0.00,0.00,0.00,0.00,0.00,0.00,0.00,0.00,0.00,0.00,0.00,-0.00,0.00,0
1.95874,-7,12,95,0,DRIVE [ 25 ] [ 1 ] [ 1745 1505 1889 ] [    0    0    0 ] [      0      0      0 ] [ 0 ],drive [ 25 ] [ 0 ] [ 1727 1503 1889 ] [   21   42   15 ] [  16874  10306   8079 ] [ 0 ],1.00,1.00,1.20,1.40,-7.38,16.90,0.00,0.00,0.00,0.00,0.00,0.00,0.00,0.00,0.00,0.00,0.00,0.00,0.00,-0.00,0.00,0
1.9706,-8,11,95,0,DRIVE [ 26 ] [ 1 ] [ 1761 1509 1889 ] [    0    0    0 ] [      0      0      0 ] [ 0 ],drive [ 25 ] [ 0 ] [ 1745 1505 1889 ] [   21   42   15 ] [  16874  10306   8079 ] [ 0 ],1.00,1.00,1.20,1.40,-7.60,15.90,0.00,0.00,0.00,0.00,0.00,-0.00,0.00,0.00,0.00,0.00,0.00,0.00,0.00,-0.00,0.00,0
1.98124,-8,11,94,0,DRIVE [ 26 ] [ 1 ] [ 1774 1516 1889 ] [    0    0    0 ] [      0      0      0 ] [ 0 ],drive [ 26 ] [ 0 ] [ 1761 1509 1889 ] [   21   42   15 ] [  16714  10326   8080 ] [ 0 ],1.00,1.00,1.20,1.40,-7.70,14.99,0.00,0.00,0.00,0.00,0.00,-0.00,0.00,0.00,0.00,0.00,0.00,0.00,0.00,-0.00,0.00,0
1.99106,-8,10,93,0,DRIVE [ 27 ] [ 1 ] [ 1785 1524 1889 ] [    0    0    0 ] [      0      0      0 ] [ 0 ],drive [ 26 ] [ 0 ] [ 1774 1516 1889 ] [   21   42   15 ] [  16714  10326   8080 ] [ 0 ],1.00,1.00,1.20,1.40,-7.70,14.12,0.00,0.00,0.00,0.00,0.00,-0.00,0.00,0.00,0.00,0.00,0.00,0.00,0.00,-0.00,0.00,0
2.00242,-8,10,92,0,DRIVE [ 27 ] [ 1 ] [ 1794 1534 1889 ] [    0    0    0 ] [      0      0      0 ] [ 0 ],drive [ 27 ] [ 0 ] [ 1785 1524 1889 ] [   26   39   18 ] [  16714  10326   8080 ] [ 0 ],1.00,1.00,1.20,1.40,-7.59,13.32,0.00,0.00,0.00,0.00,0.00,-0.00,0.00,0.00,0.00,0.00,0.00,0.00,0.00,-0.00,0.00,0
2.01486,-7,9,92,0,DRIVE [ 28 ] [ 1 ] [ 1803 1546 1889 ] [    0    0    0 ] [      0      0      0 ] [ 0 ],drive [ 27 ] [ 0 ] [ 1794 1534 1889 ] [   26   39   18 ] [  16714  10326   8080 ] [ 0 ],1.00,1.00,1.20,1.40,-7.41,12.52,0.00,0.00,0.00,0.00,0.00,-0.00,0.00,0.00,0.00,0.00,0.00,0.00,0.00,-0.00,0.00,0
2.02701,-7,8,91,0,DRIVE [ 28 ] [ 1 ] [ 1811 1559 1889 ] [    0    0    0 ] [      0      0      0 ] [ 0 ],drive [ 28 ] [ 0 ] [ 1803 1546 1889 ] [   26   39   18 ] [  16714  10326   8080 ] [ 0 ],1.00,1.00,1.20,1.40,-7.18,11.72,0.00,0.00,0.00,0.00,0.00,-0.00,0.00,0.00,0.00,0.00,0.00,0.00,0.00,-0.00,0.00,0
2.03884,-7,8,90,0,DRIVE [ 29 ] [ 1 ] [ 1819 1572 1889 ] [    0    0    0 ] [      0      0      0 ] [ 0 ],drive [ 28 ] [ 0 ] [ 1811 1559 1889 ] [   26   39   18 ] [  16563  10330   8084 ] [ 0 ],1.00,1.00,1.20,1.40,-6.94,10.95,0.00,0.00,0.00,0.00,0.00,-0.00,0.00,0.00,0.00,0.00,0.00,0.00,0.00,-0.00,0.00,0
2.04951,-7,7,89,0,DRIVE [ 29 ] [ 1 ] [ 1827 1586 1889 ] [    0    0    0 ] [      0      0      0 ] [ 0 ],drive [ 29 ] [ 0 ] [ 1819 1572 1889 ] [   12   38   18 ] [  16563  10330   8084 ] [ 0 ],1.00,1.00,1.20,1.40,-6.72,10.16,0.00,0.00,0.00,0.00,0.00,-0.00,0.00,0.00,0.00,0.00,0.00,0.00,0.00,-0.00,0.00,0
2.05993,-6,7,89,0,DRIVE [ 30 ] [ 1 ] [ 1836 1600 1889 ] [    0    0    0 ] [      0      0      0 ] [ 0 ],drive [ 29 ] [ 0 ] [ 1827 1586 1889 ] [   12   38   18 ] [  16563  10330   8084 ] [ 0 ],1.00,1.00,1.20,1.40,-6.47,9.34,0.00,0.00,0.00,0.00,0.00,-0.00,0.00,0.00,0.00,0.00,0.00,0.00,0.00,-0.00,0.00,0
2.07078,-6,6,88,0,DRIVE [ 30 ] [ 1 ] [ 1845 1616 1889 ] [    0    0    0 ] [      0      0      0 ] [ 0 ],drive [ 30 ] [ 0 ] [ 1836 1600 1889 ] [   12   38   18 ] [  16563  10330   8084 ] [ 0 ],1.00,1.00,1.20,1.40,-6.18,8.50,0.00,0.00,0.00,0.00,0.00,-0.00,0.00,0.00,0.00,0.00,0.00,0.00,0.00,-0.00,0.00,0
2.08293,-6,5,87,0,DRIVE [ 31 ] [ 1 ] [ 1854 1634 1889 ] [    0    0    0 ] [      0      0      0 ] [ 0 ],drive [ 30 ] [ 0 ] [ 1845 1616 1889 ] [   12   38   18 ] [  16335  10333   8085 ] [ 0 ],1.00,1.00,1.20,1.40,-5.86,7.60,0.00,0.00,0.00,0.00,0.00,-0.00,0.00,0.00,0.00,0.00,0.00,0.00,0.00,-0.00,0.00,0
2.09501,-6,5,86,0,DRIVE [ 31 ] [ 1 ] [ 1864 1653 1889 ] [    0    0    0 ] [      0      0      0 ] [ 0 ],drive [ 31 ] [ 0 ] [ 1854 1634 1889 ] [   11   32   18 ] [  16335  10333   8085 ] [ 0 ],1.00,1.00,1.20,1.40,-5.50,6.65,0.00,0.00,0.00,0.00,0.00,-0.00,0.00,0.00,0.00,0.00,0.00,0.00,0.00,-0.00,0.00,0
2.10627,-5,4,85,0,DRIVE [ 32 ] [ 1 ] [ 1874 1673 1889 ] [    0    0    0 ] [      0      0      0 ] [ 0 ],drive [ 31 ] [ 0 ] [ 1864 1653 1889 ] [   11   32   18 ] [  16335  10333   8085 ] [ 0 ],1.00,1.00,1.20,1.40,-5.14,5.69,0.00,0.00,0.00,0.00,0.00,-0.00,0.00,0.00,0.00,0.00,0.00,0.00,0.00,-0.00,0.00,0
2.11675,-5,3,85,0,DRIVE [ 32 ] [ 1 ] [ 1884 1693 1889 ] [    0    0    0 ] [      0      0      0 ] [ 0 ],drive [ 32 ] [ 0 ] [ 1874 1673 1889 ] [   11   32   18 ] [  16335  10333   8085 ] [ 0 ],1.00,1.00,1.20,1.40,-4.77,4.75,0.00,0.00,0.00,0.00,0.00,-0.00,0.00,0.00,0.00,0.00,0.00,0.00,0.00,-0.00,0.00,0
2.12695,-4,3,84,0,DRIVE [ 33 ] [ 1 ] [ 1894 1713 1889 ] [    0    0    0 ] [      0      0      0 ] [ 0 ],drive [ 32 ] [ 0 ] [ 1884 1693 1889 ] [   11   32   18 ] [  16335  10333   8085 ] [ 0 ],1.00,1.00,1.20,1.40,-4.41,3.84,0.00,0.00,0.00,0.00,0.00,-0.00,0.00,0.00,0.00,0.00,0.00,0.00,0.00,-0.00,0.00,0
2.13856,-4,2,83,0,DRIVE [ 33 ] [ 1 ] [ 1903 1731 1889 ] [    0    0    0 ] [      0      0      0 ] [ 0 ],drive [ 33 ] [ 0 ] [ 1894 1713 1889 ] [   11   32   18 ] [  16154  10325   8112 ] [ 0 ],1.00,1.00,1.20,1.40,-4.05,2.98,0.00,0.00,0.00,0.00,0.00,-0.00,0.00,0.00,0.00,0.00,0.00,0.00,0.00,-0.00,0.00,0
2.15086,-4,2,83,0,DRIVE [ 34 ] [ 1 ] [ 1903 1759 1900 ] [    0    0    0 ] [      0      0      0 ] [ 0 ],drive [ 33 ] [ 0 ] [ 1903 1731 1889 ] [    5   23   12 ] [  16154  10325   8112 ] [ 0 ],1.00,1.00,1.20,1.40,-3.68,2.18,0.00,0.00,0.00,0.00,0.00,-0.00,0.00,0.00,0.00,0.00,0.00,0.00,0.00,-0.00,0.00,0
2.1628,-3,1,82,0,DRIVE [ 34 ] [ 1 ] [ 1903 1785 1895 ] [    0    0    0 ] [      0      0      0 ] [ 0 ],drive [ 34 ] [ 0 ] [ 1903 1759 1900 ] [    5   23   12 ] [  16154  10325   8112 ] [ 0 ],1.00,1.00,1.20,1.40,-3.29,1.54,0.00,0.00,0.00,0.00,0.00,-0.00,0.00,0.00,0.00,0.00,0.00,0.00,0.00,-0.00,0.00,0
2.174,-3,1,81,0,DRIVE [ 35 ] [ 1 ] [ 1903 1808 1892 ] [    0    0    0 ] [      0      0      0 ] [ 0 ],drive [ 34 ] [ 0 ] [ 1903 1785 1895 ] [    5   23   12 ] [  16154  10325   8112 ] [ 0 ],1.00,1.00,1.20,1.40,-2.86,1.05,0.00,0.00,0.00,0.00,0.00,-0.00,0.00,0.00,0.00,0.00,0.00,0.00,0.00,-0.00,0.00,0
2.18394,-2,0,80,0,DRIVE [ 35 ] [ 1 ] [ 1903 1828 1891 ] [    0    0    0 ] [      0      0      0 ] [ 0 ],drive [ 35 ] [ 0 ] [ 1903 1808 1892 ] [    5   23   12 ] [  15976  10286   8212 ] [ 0 ],1.00,1.00,1.20,1.40,-2.43,0.67,0.00,0.00,0.00,0.00,0.00,-0.00,0.00,0.00,0.00,0.00,0.00,0.00,0.00,-0.00,0.00,0
2.19476,-2,0,79,0,DRIVE [ 36 ] [ 1 ] [ 1903 1844 1891 ] [    0    0    0 ] [      0      0      0 ] [ 0 ],drive [ 35 ] [ 0 ] [ 1903 1828 1891 ] [    5   30   23 ] [  15976  10286   8212 ] [ 0 ],1.00,1.00,1.20,1.40,-1.99,0.42,0.00,0.00,0.00,0.00,0.00,-0.00,0.00,0.00,0.00,0.00,0.00,0.00,0.00,-0.00,0.00,0
2.20678,-2,0,79,0,DRIVE [ 36 ] [ 1 ] [ 1903 1857 1894 ] [    0    0    0 ] [      0      0      0 ] [ 0 ],drive [ 36 ] [ 0 ] [ 1903 1844 1891 ] [    5   30   23 ] [  15976  10286   8212 ] [ 0 ],1.00,1.00,1.20,1.40,-1.55,0.30,0.00,0.00,0.00,0.00,0.00,-0.00,0.00,0.00,0.00,0.00,0.00,0.00,0.00,-0.00,0.00,0
2.21885,-1,0,78,0,DRIVE [ 37 ] [ 1 ] [ 1903 1866 1899 ] [    0    0    0 ] [      0      0      0 ] [ 0 ],drive [ 36 ] [ 0 ] [ 1903 1857 1894 ] [    5   30   23 ] [  15976  10286   8212 ] [ 0 ],1.00,1.00,1.20,1.40,-1.14,0.37,0.00,0.00,0.00,0.00,0.00,-0.00,0.00,0.00,0.00,0.00,0.00,0.00,0.00,-0.00,0.00,0
2.23074,-1,0,77,0,DRIVE [ 37 ] [ 1 ] [ 1905 1868 1899 ] [    0    0    0 ] [      0      0      0 ] [ 0 ],drive [ 37 ] [ 0 ] [ 1903 1866 1899 ] [    5   30   23 ] [  15816  10190   8323 ] [ 0 ],1.00,1.00,1.20,1.40,-0.79,0.58,0.00,0.00,0.00,0.00,0.00,-0.00,0.00,0.00,0.00,0.00,0.00,0.00,0.00,-0.00,0.00,0
2.24112,-1,1,76,0,DRIVE [ 38 ] [ 1 ] [ 1897 1873 1899 ] [    0    0    0 ] [      0      0      0 ] [ 0 ],drive [ 37 ] [ 0 ] [ 1905 1868 1899 ] [    5   30   23 ] [  15816  10190   8323 ] [ 0 ],1.00,1.00,1.20,1.40,-0.55,0.89,0.00,0.00,0.00,0.00,0.00,-0.00,0.00,0.00,0.00,0.00,0.00,0.00,0.00,-0.00,0.00,0
2.25092,0,1,75,0,DRIVE [ 38 ] [ 1 ] [ 1888 1870 1899 ] [    0    0    0 ] [      0      0      0 ] [ 0 ],drive [ 38 ] [ 0 ] [ 1897 1873 1899 ] [   12    6   25 ] [  15816  10190   8323 ] [ 0 ],1.00,1.00,1.20,1.40,-0.44,1.27,0.00,0.00,0.00,0.00,0.00,-0.00,0.00,0.00,0.00,0.00,0.00,0.00,0.00,-0.00,0.00,0
2.26276,0,1,74,0,DRIVE [ 39 ] [ 1 ] [ 1879 1860 1899 ] [    0    0    0 ] [      0      0      0 ] [ 0 ],drive [ 38 ] [ 0 ] [ 1888 1870 1899 ] [   12    6   25 ] [  15816  10190   8323 ] [ 0 ],1.00,1.00,1.20,1.40,-0.45,1.75,0.00,0.00,0.00,0.00,0.00,-0.00,0.00,0.00,0.00,0.00,0.00,0.00,0.00,-0.00,0.00,0
2.27436,-1,2,74,0,DRIVE [ 39 ] [ 1 ] [ 1869 1845 1899 ] [    0    0    0 ] [      0      0      0 ] [ 0 ],drive [ 39 ] [ 0 ] [ 1879 1860 1899 ] [   12    6   25 ] [  15816  10190   8323 ] [ 0 ],1.00,1.00,1.20,1.40,-0.56,2.34,0.00,0.00,0.00,0.00,0.00,-0.00,0.00,0.00,0.00,0.00,0.00,0.00,0.00,-0.00,0.00,0
2.28785,-1,2,73,0,DRIVE [ 40 ] [ 1 ] [ 1858 1827 1899 ] [    0    0    0 ] [      0      0      0 ] [ 0 ],drive [ 39 ] [ 0 ] [ 1869 1845 1899 ] [   12    6   25 ] [  15811   9933   8335 ] [ 0 ],1.00,1.00,1.20,1.40,-0.74,3.01,0.00,0.00,0.00,0.00,0.00,-0.00,0.00,0.00,0.00,0.00,0.00,0.00,0.00,-0.00,0.00,0
2.30034,-1,3,72,0,DRIVE [ 40 ] [ 1 ] [ 1846 1807 1899 ] [    0    0    0 ] [      0      0      0 ] [ 0 ],drive [ 40 ] [ 0 ] [ 1858 1827 1899 ] [   15   23   13 ] [  15811   9933   8335 ] [ 0 ],1.00,1.00,1.20,1.40,-0.91,3.74,0.00,0.00,0.00,0.00,0.00,-0.00,0.00,0.00,0.00,0.00,0.00,0.00,0.00,-0.00,0.00,0
2.3108,-1,3,71,0,DRIVE [ 41 ] [ 1 ] [ 1833 1788 1899 ] [    0    0    0 ] [      0      0      0 ] [ 0 ],drive [ 40 ] [ 0 ] [ 1846 1807 1899 ] [   15   23   13 ] [  15811   9933   8335 ] [ 0 ],1.00,1.00,1.20,1.40,-1.04,4.45,0.00,0.00,0.00,0.00,0.00,-0.00,0.00,0.00,0.00,0.00,0.00,0.00,0.00,-0.00,0.00,0
2.322,-1,4,70,0,DRIVE [ 41 ] [ 1 ] [ 1821 1772 1899 ] [    0    0    0 ] [      0      0      0 ] [ 0 ],drive [ 41 ] [ 0 ] [ 1833 1788 1899 ] [   15   23   13 ] [  15811   9933   8335 ] [ 0 ],1.00,1.00,1.20,1.40,-1.13,5.07,0.00,0.00,0.00,0.00,0.00,-0.00,0.00,0.00,0.00,0.00,0.00,0.00,0.00,-0.00,0.00,0
2.33304,-1,4,69,0,DRIVE [ 42 ] [ 1 ] [ 1811 1758 1899 ] [    0    0    0 ] [      0      0      0 ] [ 0 ],drive [ 41 ] [ 0 ] [ 1821 1772 1899 ] [   15   23   13 ] [  15810   9895   8384 ] [ 0 ],1.00,1.00,1.20,1.40,-1.20,5.58,0.00,0.00,0.00,0.00,0.00,-0.00,0.00,0.00,0.00,0.00,0.00,0.00,0.00,-0.00,0.00,0
2.34317,-1,4,68,0,DRIVE [ 42 ] [ 1 ] [ 1803 1745 1899 ] [    0    0    0 ] [      0      0      0 ] [ 0 ],drive [ 42 ] [ 0 ] [ 1811 1758 1899 ] [   19   29    6 ] [  15810   9895   8384 ] [ 0 ],1.00,1.00,1.20,1.40,-1.28,6.00,0.00,0.00,0.00,0.00,0.00,-0.00,0.00,0.00,0.00,0.00,0.00,0.00,0.00,-0.00,0.00,0
2.3545,-1,5,68,0,DRIVE [ 43 ] [ 1 ] [ 1797 1733 1899 ] [    0    0    0 ] [      0      0      0 ] [ 0 ],drive [ 42 ] [ 0 ] [ 1803 1745 1899 ] [   19   29    6 ] [  15810   9895   8384 ] [ 0 ],1.00,1.00,1.20,1.40,-1.40,6.34,0.00,0.00,0.00,0.00,0.00,-0.00,0.00,0.00,0.00,0.00,0.00,0.00,0.00,-0.00,0.00,0
2.3649,-2,5,67,0,DRIVE [ 43 ] [ 1 ] [ 1793 1720 1899 ] [    0    0    0 ] [      0      0      0 ] [ 0 ],drive [ 43 ] [ 0 ] [ 1797 1733 1899 ] [   19   29    6 ] [  15810   9895   8384 ] [ 0 ],1.00,1.00,1.20,1.40,-1.57,6.61,0.00,0.00,0.00,0.00,0.00,-0.00,0.00,0.00,0.00,0.00,0.00,0.00,0.00,-0.00,0.00,0
2.37493,-2,5,66,0,DRIVE [ 44 ] [ 1 ] [ 1791 1708 1899 ] [    0    0    0 ] [      0      0      0 ] [ 0 ],drive [ 43 ] [ 0 ] [ 1793 1720 1899 ] [   19   29    6 ] [  15810   9895   8384 ] [ 0 ],1.00,1.00,1.20,1.40,-1.78,6.82,0.00,0.00,0.00,0.00,0.00,-0.00,0.00,0.00,0.00,0.00,0.00,0.00,0.00,-0.00,0.00,0
2.38632,-2,5,65,0,DRIVE [ 44 ] [ 1 ] [ 1790 1695 1899 ] [    0    0    0 ] [      0      0      0 ] [ 0 ],drive [ 44 ] [ 0 ] [ 1791 1708 1899 ] [   19   29    6 ] [  15811   9895   8382 ] [ 0 ],1.00,1.00,1.20,1.40,-2.01,7.01,0.00,0.00,0.00,0.00,0.00,-0.00,0.00,0.00,0.00,0.00,0.00,0.00,0.00,-0.00,0.00,0
2.39835,-2,5,65,0,DRIVE [ 45 ] [ 1 ] [ 1789 1681 1899 ] [    0    0    0 ] [      0      0      0 ] [ 0 ],drive [ 44 ] [ 0 ] [ 1790 1695 1899 ] [   21   34    6 ] [  15811   9895   8382 ] [ 0 ],1.00,1.00,1.20,1.40,-2.25,7.18,0.00,0.00,0.00,0.00,0.00,-0.00,0.00,0.00,0.00,0.00,0.00,0.00,0.00,0.00,0.00,0
2.41055,-3,5,64,0,DRIVE [ 45 ] [ 1 ] [ 1788 1666 1899 ] [    0    0    0 ] [      0      0      0 ] [ 0 ],drive [ 45 ] [ 0 ] [ 1789 1681 1899 ] [   21   34    6 ] [  15811   9895   8382 ] [ 0 ],1.00,1.00,1.20,1.40,-2.50,7.36,0.00,0.00,0.00,0.00,0.00,-0.00,0.00,0.00,0.00,0.00,0.00,0.00,0.00,0.00,0.00,0
2.42217,-3,5,63,0,DRIVE [ 46 ] [ 1 ] [ 1788 1652 1899 ] [    0    0    0 ] [      0      0      0 ] [ 0 ],drive [ 45 ] [ 0 ] [ 1788 1666 1899 ] [   21   34    6 ] [  15811   9895   8382 ] [ 0 ],1.00,1.00,1.20,1.40,-2.75,7.51,0.00,0.00,0.00,0.00,0.00,-0.00,0.00,0.00,0.00,0.00,0.00,0.00,0.00,0.00,0.00,0
2.43229,-3,5,62,0,DRIVE [ 46 ] [ 1 ] [ 1787 1638 1899 ] [    0    0    0 ] [      0      0      0 ] [ 0 ],drive [ 46 ] [ 0 ] [ 1788 1652 1899 ] [   21   34    6 ] [  15810   9895   8383 ] [ 0 ],1.00,1.00,1.20,1.40,-2.97,7.66,0.00,0.00,0.00,0.00,0.00,-0.00,0.00,0.00,0.00,0.00,0.00,0.00,0.00,0.00,0.00,0
2.44244,-3,6,61,0,DRIVE [ 47 ] [ 1 ] [ 1786 1625 1899 ] [    0    0    0 ] [      0      0      0 ] [ 0 ],drive [ 46 ] [ 0 ] [ 1787 1638 1899 ] [   21   39    6 ] [  15810   9895   8383 ] [ 0 ],1.00,1.00,1.20,1.40,-3.17,7.79,0.00,0.00,0.00,0.00,0.00,-0.00,0.00,0.00,0.00,0.00,0.00,0.00,0.00,0.00,0.00,0
2.45439,-3,6,61,0,DRIVE [ 47 ] [ 1 ] [ 1785 1612 1899 ] [    0    0    0 ] [      0      0      0 ] [ 0 ],drive [ 47 ] [ 0 ] [ 1786 1625 1899 ] [   21   39    6 ] [  15810   9895   8383 ] [ 0 ],1.00,1.00,1.20,1.40,-3.36,7.93,0.00,0.00,0.00,0.00,0.00,-0.00,0.00,0.00,0.00,0.00,0.00,0.00,0.00,0.00,0.00,0
2.46654,-4,6,60,0,DRIVE [ 48 ] [ 1 ] [ 1784 1598 1899 ] [    0    0    0 ] [      0      0      0 ] [ 0 ],drive [ 47 ] [ 0 ] [ 1785 1612 1899 ] [   21   39    6 ] [  15810   9895   8383 ] [ 0 ],1.00,1.00,1.20,1.40,-3.55,8.07,0.00,0.00,0.00,0.00,0.00,-0.00,0.00,0.00,0.00,0.00,0.00,0.00,0.00,0.00,0.00,0
2.47822,-4,6,59,0,DRIVE [ 48 ] [ 1 ] [ 1782 1584 1899 ] [    0    0    0 ] [      0      0      0 ] [ 0 ],drive [ 48 ] [ 0 ] [ 1784 1598 1899 ] [   21   39    6 ] [  15810   9895   8383 ] [ 0 ],1.00,1.00,1.20,1.40,-3.74,8.21,0.00,0.00,0.00,0.00,0.00,-0.00,0.00,0.00,0.00,0.00,0.00,0.00,0.00,0.00,0.00,0
2.48792,-4,6,59,0,DRIVE [ 49 ] [ 1 ] [ 1781 1570 1899 ] [    0    0    0 ] [      0      0      0 ] [ 0 ],drive [ 48 ] [ 0 ] [ 1782 1584 1899 ] [   21   39    6 ] [  15807   9897   8383 ] [ 0 ],1.00,1.00,1.20,1.40,-3.94,8.37,0.00,0.00,0.00,0.00,0.00,-0.00,0.00,0.00,0.00,0.00,0.00,0.00,0.00,0.00,0.00,0
2.50361,-4,6,58,0,DRIVE [ 49 ] [ 1 ] [ 1779 1556 1899 ] [    0    0    0 ] [      0      0      0 ] [ 0 ],drive [ 49 ] [ 0 ] [ 1781 1570 1899 ] [   19   49    5 ] [  15807   9897   8383 ] [ 0 ],1.00,1.00,1.20,1.40,-4.13,8.53,0.00,0.00,0.00,0.00,0.00,-0.00,0.00,0.00,0.00,0.00,0.00,0.00,0.00,0.00,0.00,0
2.51503,-4,6,57,0,DRIVE [ 50 ] [ 1 ] [ 1777 1541 1899 ] [    0    0    0 ] [      0      0      0 ] [ 0 ],drive [ 49 ] [ 0 ] [ 1779 1556 1899 ] [   19   49    5 ] [  15807   9897   8383 ] [ 0 ],1.00,1.00,1.20,1.40,-4.31,8.69,0.00,0.00,0.00,0.00,0.00,-0.00,0.00,0.00,0.00,0.00,0.00,0.00,0.00,0.00,0.00,0
2.52514,-4,6,57,0,DRIVE [ 50 ] [ 1 ] [ 1775 1526 1899 ] [    0    0    0 ] [      0      0      0 ] [ 0 ],drive [ 50 ] [ 0 ] [ 1777 1541 1899 ] [   19   49    5 ] [  15807   9897   8383 ] [ 0 ],1.00,1.00,1.20,1.40,-4.49,8.86,0.00,0.00,0.00,0.00,0.00,-0.00,0.00,0.00,0.00,0.00,0.00,0.00,0.00,0.00,0.00,0
2.53485,-5,6,56,0,DRIVE [ 51 ] [ 1 ] [ 1773 1512 1899 ] [    0    0    0 ] [      0      0      0 ] [ 0 ],drive [ 50 ] [ 0 ] [ 1775 1526 1899 ] [   19   49    5 ] [  15807   9902   8383 ] [ 0 ],1.00,1.00,1.20,1.40,-4.67,9.02,0.00,0.00,0.00,0.00,0.00,-0.00,0.00,0.00,0.00,0.00,0.00,0.00,0.00,0.00,0.00,0
2.5469,-5,7,55,1,DRIVE [ 51 ] [ 1 ] [ 1771 1497 1899 ] [    0    0    0 ] [      0      0      0 ] [ 0 ],drive [ 51 ] [ 0 ] [ 1773 1512 1899 ] [   19   57    6 ] [  15807   9902   8383 ] [ 0 ],1.00,1.00,1.20,1.40,-4.83,9.16,0.00,0.00,0.00,0.00,0.00,-0.00,0.00,0.00,0.00,0.00,0.00,0.00,0.00,0.00,0.00,0
