timestamp,Xmm,Ymm,Zmm,TouchDetected,OutgoingPacket,IncomingPacket,GainPropAb, GainPropAd, GainPropFl, GainPropEx,PropA, PropB, PropC,GainIntegAb, GainIntegAd, GainIntegFl, GainIntegEx,IntegA, IntegB, IntegC,GainDerivAb, GainDerivAd, GainDerivFl, GainDerivEx,DerivA, DerivB, DerivC,Heading5
0.137033,-46,6,485,0,DRIVE [ 12 ] [ 1 ] [ 1905 1902 1904 ] [    0    0    0 ] [      0      0      0 ] [ 0 ],drive [ 11 ] [ 0 ] [ 1455 1455 1455 ] [   55   45   41 ] [  12904  11245   8723 ] [ 1 ],1.00,1.00,1.00,1.20,-46.03,7.52,0.00,0.00,0.00,0.00,0.00,0.00,0.00,0.00,0.00,0.00,0.00,0.00,0.00,0.00,0.00,0
0.150372,-46,5,485,0,DRIVE [ 12 ] [ 1 ] [ 1905 1899 1904 ] [    0    0    0 ] [      0      0      0 ] [ 0 ],drive [ 12 ] [ 0 ] [ 1905 1902 1904 ] [   55   45   41 ] [  12904  11245   8723 ] [ 0 ],1.00,1.00,1.00,1.20,-46.48,6.06,0.00,0.00,0.00,0.00,0.00,-0.00,0.00,0.00,0.00,0.00,0.00,0.00,0.00,0.00,0.00,0
0.163363,-46,4,486,0,DRIVE [ 13 ] [ 1 ] [ 1905 1896 1903 ] [    0    0    0 ] [      0      0      0 ] [ 0 ],drive [ 12 ] [ 0 ] [ 1905 1899 1904 ] [   55   45   41 ] [  12904  11245   8723 ] [ 0 ],1.00,1.00,1.00,1.20,-46.39,5.30,0.00,0.00,0.00,0.00,0.00,-0.00,0.00,0.00,0.00,0.00,0.00,0.00,0.00,-0.00,0.00,0
0.176857,-46,4,485,0,DRIVE [ 13 ] [ 1 ] [ 1905 1894 1902 ] [    0    0    0 ] [      0      0      0 ] [ 0 ],drive [ 13 ] [ 0 ] [ 1905 1896 1903 ] [   55   45   41 ] [  12821  11170   8653 ] [ 0 ],1.00,1.00,1.00,1.20,-46.04,4.86,0.00,0.00,0.00,0.00,0.00,-0.00,0.00,0.00,0.00,0.00,0.00,0.00,0.00,-0.00,0.00,0
0.19056,-45,4,488,0,DRIVE [ 14 ] [ 1 ] [ 1905 1891 1901 ] [    0    0    0 ] [      0      0      0 ] [ 0 ],drive [ 13 ] [ 0 ] [ 1905 1894 1902 ] [   26    3    6 ] [  12821  11170   8653 ] [ 0 ],1.00,1.00,1.00,1.20,-45.45,4.36,0.00,0.00,0.00,0.00,0.00,-0.00,0.00,0.00,0.00,0.00,0.00,0.00,0.00,-0.00,0.00,0
0.20391,-45,3,489,0,DRIVE [ 14 ] [ 1 ] [ 1905 1889 1900 ] [    0    0    0 ] [      0      0      0 ] [ 0 ],drive [ 14 ] [ 0 ] [ 1905 1891 1901 ] [   26    3    6 ] [  12821  11170   8653 ] [ 0 ],1.00,1.00,1.00,1.20,-44.53,3.53,0.00,0.00,0.00,0.00,0.00,-0.00,0.00,0.00,0.00,0.00,0.00,0.00,0.00,-0.00,0.00,0
0.217324,-44,2,485,0,DRIVE [ 15 ] [ 1 ] [ 1905 1887 1899 ] [    0    0    0 ] [      0      0      0 ] [ 0 ],drive [ 14 ] [ 0 ] [ 1905 1889 1900 ] [   26    3    6 ] [  12821  11170   8653 ] [ 0 ],1.00,1.00,1.00,1.20,-43.78,2.54,0.00,0.00,0.00,0.00,0.00,-0.00,0.00,0.00,0.00,0.00,0.00,0.00,0.00,-0.00,0.00,0
0.23013,-43,1,484,0,DRIVE [ 15 ] [ 1 ] [ 1905 1884 1898 ] [    0    0    0 ] [      0      0      0 ] [ 0 ],drive [ 15 ] [ 0 ] [ 1905 1887 1899 ] [   26    3    6 ] [  12395  10783   8252 ] [ 0 ],1.00,1.00,1.00,1.20,-43.38,1.78,0.00,0.00,0.00,0.00,0.00,-0.00,0.00,0.00,0.00,0.00,0.00,0.00,0.00,-0.00,0.00,0
0.243656,-43,1,485,0,DRIVE [ 16 ] [ 1 ] [ 1905 1883 1897 ] [    0    0    0 ] [      0      0      0 ] [ 0 ],drive [ 15 ] [ 0 ] [ 1905 1884 1898 ] [    6    3   15 ] [  12395  10783   8252 ] [ 0 ],1.00,1.00,1.00,1.20,-42.69,0.72,0.00,0.00,0.00,0.00,0.00,-0.00,0.00,0.00,0.00,0.00,0.00,0.00,0.00,-0.00,0.00,0
0.25703,-41,0,477,0,DRIVE [ 16 ] [ 1 ] [ 1905 1881 1896 ] [    0    0    0 ] [      0      0      0 ] [ 0 ],drive [ 16 ] [ 0 ] [ 1905 1883 1897 ] [    6    3   15 ] [  12395  10783   8252 ] [ 0 ],1.00,1.00,1.00,1.20,-41.07,0.00,0.00,0.00,0.00,0.00,0.00,-0.00,0.00,0.00,0.00,0.00,0.00,0.00,0.00,-0.00,0.00,0
0.273118,-40,0,475,0,DRIVE [ 17 ] [ 1 ] [ 1905 1879 1895 ] [    0    0    0 ] [      0      0      0 ] [ 0 ],drive [ 16 ] [ 0 ] [ 1905 1881 1896 ] [    6    3   15 ] [  12397  10783   8250 ] [ 0 ],1.00,1.00,1.00,1.20,-39.70,-0.35,0.00,0.00,0.00,0.00,0.00,-0.00,0.00,0.00,0.00,0.00,0.00,0.00,0.00,0.00,0.00,0
0.288803,-37,0,473,0,DRIVE [ 17 ] [ 1 ] [ 1905 1878 1894 ] [    0    0    0 ] [      0      0      0 ] [ 0 ],drive [ 17 ] [ 0 ] [ 1905 1879 1895 ] [    8    3   16 ] [  12397  10783   8250 ] [ 0 ],1.00,1.00,1.00,1.20,-37.37,-0.40,0.00,0.00,0.00,0.00,0.00,-0.00,0.00,0.00,0.00,0.00,0.00,0.00,0.00,0.00,0.00,0
0.302537,-35,0,471,0,DRIVE [ 18 ] [ 1 ] [ 1905 1877 1894 ] [    0    0    0 ] [      0      0      0 ] [ 0 ],drive [ 17 ] [ 0 ] [ 1905 1878 1894 ] [    8    3   16 ] [  12397  10783   8250 ] [ 0 ],1.00,1.00,1.00,1.20,-34.95,-0.41,0.00,0.00,0.00,0.00,0.00,-0.00,0.00,0.00,0.00,0.00,0.00,0.00,0.00,0.00,0.00,0
0.316101,-33,0,468,0,DRIVE [ 18 ] [ 1 ] [ 1905 1877 1894 ] [    0    0    0 ] [      0      0      0 ] [ 0 ],drive [ 18 ] [ 0 ] [ 1905 1877 1894 ] [    8    3   16 ] [  12397  10783   8250 ] [ 0 ],1.00,1.00,1.00,1.20,-32.58,-0.20,0.00,0.00,0.00,0.00,0.00,-0.00,0.00,0.00,0.00,0.00,0.00,0.00,0.00,0.00,0.00,0
0.329605,-30,0,464,0,DRIVE [ 19 ] [ 1 ] [ 1905 1877 1894 ] [    0    0    0 ] [      0      0      0 ] [ 0 ],drive [ 18 ] [ 0 ] [ 1905 1877 1894 ] [    8    3   16 ] [  12397  10728   8249 ] [ 0 ],1.00,1.00,1.00,1.20,-29.96,0.12,0.00,0.00,0.00,0.00,0.00,-0.00,0.00,0.00,0.00,0.00,0.00,0.00,0.00,-0.00,0.00,0
0.342687,-27,1,459,0,DRIVE [ 19 ] [ 1 ] [ 1905 1878 1895 ] [    0    0    0 ] [      0      0      0 ] [ 0 ],drive [ 19 ] [ 0 ] [ 1905 1877 1894 ] [    9   28   16 ] [  12397  10728   8249 ] [ 0 ],1.00,1.00,1.00,1.20,-26.58,0.64,0.00,0.00,0.00,0.00,0.00,-0.00,0.00,0.00,0.00,0.00,0.00,0.00,0.00,-0.00,0.00,0
0.356339,-23,1,457,0,DRIVE [ 20 ] [ 1 ] [ 1905 1879 1896 ] [    0    0    0 ] [      0      0      0 ] [ 0 ],drive [ 19 ] [ 0 ] [ 1905 1878 1895 ] [    9   28   16 ] [  12397  10728   8249 ] [ 0 ],1.00,1.00,1.00,1.20,-23.43,1.29,0.00,0.00,0.00,0.00,0.00,-0.00,0.00,0.00,0.00,0.00,0.00,0.00,0.00,-0.00,0.00,0
0.369865,-20,2,455,0,DRIVE [ 20 ] [ 1 ] [ 1905 1880 1898 ] [    0    0    0 ] [      0      0      0 ] [ 0 ],drive [ 20 ] [ 0 ] [ 1905 1879 1896 ] [    9   28   16 ] [  12395  10616   8249 ] [ 0 ],1.00,1.00,1.00,1.20,-20.32,2.01,0.00,0.00,0.00,0.00,0.00,-0.00,0.00,0.00,0.00,0.00,0.00,0.00,0.00,-0.00,0.00,0
0.385682,-17,2,453,0,DRIVE [ 21 ] [ 1 ] [ 1905 1882 1899 ] [    0    0    0 ] [      0      0      0 ] [ 0 ],drive [ 20 ] [ 0 ] [ 1905 1880 1898 ] [    9   28   16 ] [  12395  10616   8249 ] [ 0 ],1.00,1.00,1.00,1.20,-17.31,2.84,0.00,0.00,0.00,0.00,0.00,-0.00,0.00,0.00,0.00,0.00,0.00,0.00,0.00,-0.00,0.00,0
0.399228,-13,3,454,0,DRIVE [ 21 ] [ 1 ] [ 1905 1884 1901 ] [    0    0    0 ] [      0      0      0 ] [ 0 ],drive [ 21 ] [ 0 ] [ 1905 1882 1899 ] [    4    7   16 ] [  12395  10616   8249 ] [ 0 ],1.00,1.00,1.00,1.20,-13.50,3.81,0.00,0.00,0.00,0.00,0.00,-0.00,0.00,0.00,0.00,0.00,0.00,0.00,0.00,-0.00,0.00,0
0.412546,-10,4,452,0,DRIVE [ 22 ] [ 1 ] [ 1905 1886 1904 ] [    0    0    0 ] [      0      0      0 ] [ 0 ],drive [ 21 ] [ 0 ] [ 1905 1884 1901 ] [    4    7   16 ] [  12395  10616   8249 ] [ 0 ],1.00,1.00,1.00,1.20,-9.91,4.98,0.00,0.00,0.00,0.00,0.00,-0.00,0.00,0.00,0.00,0.00,0.00,0.00,0.00,-0.00,0.00,0
0.425526,-7,5,452,0,DRIVE [ 22 ] [ 1 ] [ 1904 1889 1904 ] [    0    0    0 ] [      0      0      0 ] [ 0 ],drive [ 22 ] [ 0 ] [ 1905 1886 1904 ] [    4    7   16 ] [  12387  10461   8250 ] [ 0 ],1.00,1.00,1.00,1.20,-6.66,6.20,0.00,0.00,0.00,0.00,0.00,-0.00,0.00,0.00,0.00,0.00,0.00,0.00,0.00,-0.00,0.00,0
0.439121,-4,6,451,0,DRIVE [ 23 ] [ 1 ] [ 1901 1893 1904 ] [    0    0    0 ] [      0      0      0 ] [ 0 ],drive [ 22 ] [ 0 ] [ 1904 1889 1904 ] [    5   15   15 ] [  12387  10461   8250 ] [ 0 ],1.00,1.00,1.00,1.20,-3.60,7.32,0.00,0.00,0.00,0.00,0.00,-0.00,0.00,0.00,0.00,0.00,0.00,0.00,0.00,-0.00,0.00,0
0.452443,0,7,445,0,DRIVE [ 23 ] [ 1 ] [ 1896 1896 1904 ] [    0    0    0 ] [      0      0      0 ] [ 0 ],drive [ 23 ] [ 0 ] [ 1901 1893 1904 ] [    5   15   15 ] [  12387  10461   8250 ] [ 0 ],1.00,1.00,1.00,1.20,-0.00,8.66,0.00,0.00,0.00,0.00,0.00,-0.00,0.00,0.00,0.00,0.00,0.00,0.00,0.00,0.00,0.00,0
0.465709,0,7,445,0,DRIVE [ 24 ] [ 1 ] [ 1897 1897 1904 ] [    0    0    0 ] [      0      0      0 ] [ 0 ],drive [ 23 ] [ 0 ] [ 1896 1896 1904 ] [    5   15   15 ] [  12387  10461   8250 ] [ 0 ],1.00,1.00,1.00,1.20,-0.00,7.80,0.00,0.00,0.00,0.00,0.00,-0.00,0.00,0.00,0.00,0.00,0.00,0.00,0.00,0.00,0.00,0
0.47939,4,8,444,0,DRIVE [ 24 ] [ 1 ] [ 1888 1897 1904 ] [    0    0    0 ] [      0      0      0 ] [ 0 ],drive [ 24 ] [ 0 ] [ 1897 1897 1904 ] [    5   15   15 ] [  12388  10310   8250 ] [ 0 ],1.00,1.00,1.00,1.20,3.94,10.13,0.00,0.00,0.00,0.00,0.00,-0.00,0.00,0.00,0.00,0.00,0.00,0.00,0.00,0.00,0.00,0
0.492146,4,8,444,0,DRIVE [ 25 ] [ 1 ] [ 1889 1898 1904 ] [    0    0    0 ] [      0      0      0 ] [ 0 ],drive [ 24 ] [ 0 ] [ 1888 1897 1904 ] [    6   26   15 ] [  12388  10310   8250 ] [ 0 ],1.00,1.00,1.00,1.20,3.54,9.11,0.00,0.00,0.00,0.00,0.00,-0.00,0.00,0.00,0.00,0.00,0.00,0.00,0.00,0.00,0.00,0
0.505965,8,10,441,0,DRIVE [ 25 ] [ 1 ] [ 1876 1898 1904 ] [    0    0    0 ] [      0      0      0 ] [ 0 ],drive [ 25 ] [ 0 ] [ 1889 1898 1904 ] [    6   26   15 ] [  12388  10310   8250 ] [ 0 ],1.00,1.00,1.00,1.20,7.85,11.61,0.00,0.00,0.00,0.00,0.00,-0.00,0.00,0.00,0.00,0.00,0.00,0.00,0.00,0.00,0.00,0
0.519298,11,10,436,0,DRIVE [ 26 ] [ 1 ] [ 1866 1900 1904 ] [    0    0    0 ] [      0      0      0 ] [ 0 ],drive [ 25 ] [ 0 ] [ 1876 1898 1904 ] [    6   26   15 ] [  12388  10310   8250 ] [ 0 ],1.00,1.00,1.00,1.20,11.20,12.39,0.00,0.00,0.00,0.00,0.00,-0.00,0.00,0.00,0.00,0.00,0.00,0.00,0.00,0.00,0.00,0
0.532601,15,11,434,0,DRIVE [ 26 ] [ 1 ] [ 1854 1901 1904 ] [    0    0    0 ] [      0      0      0 ] [ 0 ],drive [ 26 ] [ 0 ] [ 1866 1900 1904 ] [    6   26   15 ] [  12390  10154   8261 ] [ 0 ],1.00,1.00,1.00,1.20,14.70,13.54,0.00,0.00,0.00,0.00,0.00,-0.00,0.00,0.00,0.00,0.00,0.00,0.00,0.00,0.00,0.00,0
0.545847,18,12,429,0,DRIVE [ 27 ] [ 1 ] [ 1842 1903 1904 ] [    0    0    0 ] [      0      0      0 ] [ 0 ],drive [ 26 ] [ 0 ] [ 1854 1901 1904 ] [    6    2    9 ] [  12390  10154   8261 ] [ 0 ],1.00,1.00,1.00,1.20,17.57,14.40,0.00,0.00,0.00,0.00,0.00,-0.00,0.00,0.00,0.00,0.00,0.00,0.00,0.00,0.00,0.00,0
0.558943,20,13,426,0,DRIVE [ 27 ] [ 1 ] [ 1831 1904 1904 ] [    0    0    0 ] [      0      0      0 ] [ 0 ],drive [ 27 ] [ 0 ] [ 1842 1903 1904 ] [    6    2    9 ] [  12390  10154   8261 ] [ 0 ],1.00,1.00,1.00,1.20,20.01,15.26,0.00,0.00,0.00,0.00,0.00,-0.00,0.00,0.00,0.00,0.00,0.00,0.00,0.00,0.00,0.00,0
0.572496,22,14,423,0,DRIVE [ 28 ] [ 1 ] [ 1821 1904 1904 ] [    0    0    0 ] [      0      0      0 ] [ 0 ],drive [ 27 ] [ 0 ] [ 1831 1904 1904 ] [    6    2    9 ] [  12392   9979   8263 ] [ 0 ],1.00,1.00,1.00,1.20,22.14,16.21,0.00,0.00,0.00,0.00,0.00,-0.00,0.00,0.00,0.00,0.00,0.00,0.00,0.00,0.00,0.00,0
0.585759,24,14,422,0,DRIVE [ 28 ] [ 1 ] [ 1811 1905 1904 ] [    0    0    0 ] [      0      0      0 ] [ 0 ],drive [ 28 ] [ 0 ] [ 1821 1904 1904 ] [   17   25    9 ] [  12392   9979   8263 ] [ 0 ],1.00,1.00,1.00,1.20,24.09,17.08,0.00,0.00,0.00,0.00,0.00,-0.00,0.00,0.00,0.00,0.00,0.00,0.00,0.00,0.00,0.00,0
0.599213,26,15,418,0,DRIVE [ 29 ] [ 1 ] [ 1800 1905 1905 ] [    0    0    0 ] [      0      0      0 ] [ 0 ],drive [ 28 ] [ 0 ] [ 1811 1905 1904 ] [   17   25    9 ] [  12392   9979   8263 ] [ 0 ],1.00,1.00,1.00,1.20,25.94,18.01,0.00,0.00,0.00,0.00,0.00,-0.00,0.00,0.00,0.00,0.00,0.00,0.00,0.00,0.00,0.00,0
0.612345,28,16,418,0,DRIVE [ 29 ] [ 1 ] [ 1791 1905 1904 ] [    0    0    0 ] [      0      0      0 ] [ 0 ],drive [ 29 ] [ 0 ] [ 1800 1905 1905 ] [   17   25    9 ] [  12392   9979   8263 ] [ 0 ],1.00,1.00,1.00,1.20,27.80,18.88,0.00,0.00,0.00,0.00,0.00,-0.00,0.00,0.00,0.00,0.00,0.00,0.00,0.00,0.00,0.00,0
0.625194,29,16,412,0,DRIVE [ 30 ] [ 1 ] [ 1781 1905 1904 ] [    0    0    0 ] [      0      0      0 ] [ 0 ],drive [ 29 ] [ 0 ] [ 1791 1905 1904 ] [   17   25    9 ] [  12402   9816   8269 ] [ 0 ],1.00,1.00,1.00,1.20,28.95,19.57,0.00,0.00,0.00,0.00,0.00,-0.00,0.00,0.00,0.00,0.00,0.00,0.00,0.00,0.00,0.00,0
0.640895,30,17,408,0,DRIVE [ 30 ] [ 1 ] [ 1772 1905 1904 ] [    0    0    0 ] [      0      0      0 ] [ 0 ],drive [ 30 ] [ 0 ] [ 1781 1905 1904 ] [   21   25    5 ] [  12402   9816   8269 ] [ 0 ],1.00,1.00,1.00,1.20,30.12,20.32,0.00,0.00,0.00,0.00,0.00,-0.00,0.00,0.00,0.00,0.00,0.00,0.00,0.00,0.00,0.00,0
0.654441,31,18,406,0,DRIVE [ 31 ] [ 1 ] [ 1761 1905 1904 ] [    0    0    0 ] [      0      0      0 ] [ 0 ],drive [ 30 ] [ 0 ] [ 1772 1905 1904 ] [   21   25    5 ] [  12402   9816   8269 ] [ 0 ],1.00,1.00,1.00,1.20,31.31,21.22,0.00,0.00,0.00,0.00,0.00,-0.00,0.00,0.00,0.00,0.00,0.00,0.00,0.00,0.00,0.00,0
0.667426,32,18,402,0,DRIVE [ 31 ] [ 1 ] [ 1751 1905 1905 ] [    0    0    0 ] [      0      0      0 ] [ 0 ],drive [ 31 ] [ 0 ] [ 1761 1905 1904 ] [   21   25    5 ] [  12402   9816   8269 ] [ 0 ],1.00,1.00,1.00,1.20,32.28,22.14,0.00,0.00,0.00,0.00,0.00,-0.00,0.00,0.00,0.00,0.00,0.00,0.00,0.00,0.00,0.00,0
0.680457,34,19,399,0,DRIVE [ 32 ] [ 1 ] [ 1739 1905 1904 ] [    0    0    0 ] [      0      0      0 ] [ 0 ],drive [ 31 ] [ 0 ] [ 1751 1905 1905 ] [   21   25    5 ] [  12405   9774   8269 ] [ 0 ],1.00,1.00,1.00,1.20,33.63,22.98,0.00,0.00,0.00,0.00,0.00,-0.00,0.00,0.00,0.00,0.00,0.00,0.00,0.00,0.00,0.00,0
0.693153,35,20,397,0,DRIVE [ 32 ] [ 1 ] [ 1728 1905 1904 ] [    0    0    0 ] [      0      0      0 ] [ 0 ],drive [ 32 ] [ 0 ] [ 1739 1905 1904 ] [   32    7    7 ] [  12405   9774   8269 ] [ 0 ],1.00,1.00,1.00,1.20,34.91,23.80,0.00,0.00,0.00,0.00,0.00,-0.00,0.00,0.00,0.00,0.00,0.00,0.00,0.00,0.00,0.00,0
0.706414,36,20,396,0,DRIVE [ 33 ] [ 1 ] [ 1718 1905 1904 ] [    0    0    0 ] [      0      0      0 ] [ 0 ],drive [ 32 ] [ 0 ] [ 1728 1905 1904 ] [   32    7    7 ] [  12405   9774   8269 ] [ 0 ],1.00,1.00,1.00,1.20,36.29,24.54,0.00,0.00,0.00,0.00,0.00,-0.00,0.00,0.00,0.00,0.00,0.00,0.00,0.00,0.00,0.00,0
0.719539,37,21,392,0,DRIVE [ 33 ] [ 1 ] [ 1706 1905 1904 ] [    0    0    0 ] [      0      0      0 ] [ 0 ],drive [ 33 ] [ 0 ] [ 1718 1905 1904 ] [   32    7    7 ] [  12605   9580   8268 ] [ 0 ],1.00,1.00,1.00,1.20,37.23,25.21,0.00,0.00,0.00,0.00,0.00,-0.00,0.00,0.00,0.00,0.00,0.00,0.00,0.00,0.00,0.00,0
0.732586,38,22,390,0,DRIVE [ 34 ] [ 1 ] [ 1695 1905 1904 ] [    0    0    0 ] [      0      0      0 ] [ 0 ],drive [ 33 ] [ 0 ] [ 1706 1905 1904 ] [   32    7    7 ] [  12605   9580   8268 ] [ 0 ],1.00,1.00,1.00,1.20,38.23,25.87,0.00,0.00,0.00,0.00,0.00,-0.00,0.00,0.00,0.00,0.00,0.00,0.00,0.00,0.00,0.00,0
0.74561,39,22,386,0,DRIVE [ 34 ] [ 1 ] [ 1684 1905 1904 ] [    0    0    0 ] [      0      0      0 ] [ 0 ],drive [ 34 ] [ 0 ] [ 1695 1905 1904 ] [   18   12    7 ] [  12605   9580   8268 ] [ 0 ],1.00,1.00,1.00,1.20,39.13,26.52,0.00,0.00,0.00,0.00,0.00,-0.00,0.00,0.00,0.00,0.00,0.00,0.00,0.00,0.00,0.00,0
0.758166,40,23,383,0,DRIVE [ 35 ] [ 1 ] [ 1673 1905 1904 ] [    0    0    0 ] [      0      0      0 ] [ 0 ],drive [ 34 ] [ 0 ] [ 1684 1905 1904 ] [   18   12    7 ] [  12605   9580   8268 ] [ 0 ],1.00,1.00,1.00,1.20,39.70,27.08,0.00,0.00,0.00,0.00,0.00,-0.00,0.00,0.00,0.00,0.00,0.00,0.00,0.00,0.00,0.00,0
0.771184,40,23,379,0,DRIVE [ 35 ] [ 1 ] [ 1663 1905 1904 ] [    0    0    0 ] [      0      0      0 ] [ 0 ],drive [ 35 ] [ 0 ] [ 1673 1905 1904 ] [   18   12    7 ] [  12736   9444   8267 ] [ 0 ],1.00,1.00,1.00,1.20,39.93,27.51,0.00,0.00,0.00,0.00,0.00,-0.00,0.00,0.00,0.00,0.00,0.00,0.00,0.00,0.00,0.00,0
0.784029,40,23,377,0,DRIVE [ 36 ] [ 1 ] [ 1653 1905 1905 ] [    0    0    0 ] [      0      0      0 ] [ 0 ],drive [ 35 ] [ 0 ] [ 1663 1905 1904 ] [   18   12    7 ] [  12736   9444   8267 ] [ 0 ],1.00,1.00,1.00,1.20,40.40,28.07,0.00,0.00,0.00,0.00,0.00,-0.00,0.00,0.00,0.00,0.00,0.00,0.00,0.00,0.00,0.00,0
0.79669,41,24,374,0,DRIVE [ 36 ] [ 1 ] [ 1641 1905 1904 ] [    0    0    0 ] [      0      0      0 ] [ 0 ],drive [ 36 ] [ 0 ] [ 1653 1905 1905 ] [   32   18    6 ] [  12736   9444   8267 ] [ 0 ],1.00,1.00,1.00,1.20,41.38,28.57,0.00,0.00,0.00,0.00,0.00,0.00,0.00,0.00,0.00,0.00,0.00,0.00,0.00,0.00,0.00,0
0.809352,43,24,375,0,DRIVE [ 37 ] [ 1 ] [ 1630 1905 1903 ] [    0    0    0 ] [      0      0      0 ] [ 0 ],drive [ 36 ] [ 0 ] [ 1641 1905 1904 ] [   32   18    6 ] [  12736   9444   8267 ] [ 0 ],1.00,1.00,1.00,1.20,43.02,29.00,0.00,0.00,0.00,0.00,0.00,0.00,0.00,0.00,0.00,0.00,0.00,0.00,0.00,0.00,0.00,0
0.822441,44,24,371,0,DRIVE [ 37 ] [ 1 ] [ 1618 1905 1901 ] [    0    0    0 ] [      0      0      0 ] [ 0 ],drive [ 37 ] [ 0 ] [ 1630 1905 1903 ] [   32   18    6 ] [  12740   9416   8267 ] [ 0 ],1.00,1.00,1.00,1.20,44.34,29.02,0.00,0.00,0.00,0.00,0.00,0.00,0.00,0.00,0.00,0.00,0.00,0.00,0.00,0.00,0.00,0
0.835197,46,24,370,0,DRIVE [ 38 ] [ 1 ] [ 1604 1905 1899 ] [    0    0    0 ] [      0      0      0 ] [ 0 ],drive [ 37 ] [ 0 ] [ 1618 1905 1901 ] [   51   26    7 ] [  12740   9416   8267 ] [ 0 ],1.00,1.00,1.00,1.20,46.04,29.25,0.00,0.00,0.00,0.00,0.00,0.00,0.00,0.00,0.00,0.00,0.00,0.00,0.00,0.00,0.00,0
0.848214,48,25,370,0,DRIVE [ 38 ] [ 1 ] [ 1591 1905 1896 ] [    0    0    0 ] [      0      0      0 ] [ 0 ],drive [ 38 ] [ 0 ] [ 1604 1905 1899 ] [   51   26    7 ] [  12740   9416   8267 ] [ 0 ],1.00,1.00,1.00,1.20,48.17,29.51,0.00,0.00,0.00,0.00,0.00,0.00,0.00,0.00,0.00,0.00,0.00,0.00,0.00,0.00,0.00,0
0.863212,50,24,367,0,DRIVE [ 39 ] [ 1 ] [ 1579 1905 1893 ] [    0    0    0 ] [      0      0      0 ] [ 0 ],drive [ 38 ] [ 0 ] [ 1591 1905 1896 ] [   51   26    7 ] [  12740   9416   8267 ] [ 0 ],1.00,1.00,1.00,1.20,49.52,29.35,0.00,0.00,0.00,0.00,0.00,0.00,0.00,0.00,0.00,0.00,0.00,0.00,0.00,0.00,0.00,0
0.876054,51,24,364,0,DRIVE [ 39 ] [ 1 ] [ 1566 1905 1891 ] [    0    0    0 ] [      0      0      0 ] [ 0 ],drive [ 39 ] [ 0 ] [ 1579 1905 1893 ] [   51   26    7 ] [  12980   9173   8265 ] [ 0 ],1.00,1.00,1.00,1.20,50.77,29.19,0.00,0.00,0.00,0.00,0.00,0.00,0.00,0.00,0.00,0.00,0.00,0.00,0.00,0.00,0.00,0
0.890842,52,24,363,0,DRIVE [ 40 ] [ 1 ] [ 1555 1905 1889 ] [    0    0    0 ] [      0      0      0 ] [ 0 ],drive [ 39 ] [ 0 ] [ 1566 1905 1891 ] [   33   18   10 ] [  12980   9173   8265 ] [ 0 ],1.00,1.00,1.00,1.20,51.95,29.24,0.00,0.00,0.00,0.00,0.00,0.00,0.00,0.00,0.00,0.00,0.00,0.00,0.00,0.00,0.00,0
0.903738,53,24,361,0,DRIVE [ 40 ] [ 1 ] [ 1544 1905 1887 ] [    0    0    0 ] [      0      0      0 ] [ 0 ],drive [ 40 ] [ 0 ] [ 1555 1905 1889 ] [   33   18   10 ] [  12980   9173   8265 ] [ 0 ],1.00,1.00,1.00,1.20,52.68,29.11,0.00,0.00,0.00,0.00,0.00,0.00,0.00,0.00,0.00,0.00,0.00,0.00,0.00,0.00,0.00,0
0.916703,53,24,359,0,DRIVE [ 41 ] [ 1 ] [ 1534 1905 1886 ] [    0    0    0 ] [      0      0      0 ] [ 0 ],drive [ 40 ] [ 0 ] [ 1544 1905 1887 ] [   33   18   10 ] [  12980   9173   8265 ] [ 0 ],1.00,1.00,1.00,1.20,53.09,29.20,0.00,0.00,0.00,0.00,0.00,0.00,0.00,0.00,0.00,0.00,0.00,0.00,0.00,0.00,0.00,0
0.931765,54,25,359,0,DRIVE [ 41 ] [ 1 ] [ 1523 1905 1885 ] [    0    0    0 ] [      0      0      0 ] [ 0 ],drive [ 41 ] [ 0 ] [ 1534 1905 1886 ] [   33   18   10 ] [  13062   9094   8265 ] [ 0 ],1.00,1.00,1.00,1.20,53.77,29.58,0.00,0.00,0.00,0.00,0.00,0.00,0.00,0.00,0.00,0.00,0.00,0.00,0.00,0.00,0.00,0
0.944569,54,25,355,0,DRIVE [ 42 ] [ 1 ] [ 1509 1905 1884 ] [    0    0    0 ] [      0      0      0 ] [ 0 ],drive [ 41 ] [ 0 ] [ 1523 1905 1885 ] [   35   16   10 ] [  13062   9094   8265 ] [ 0 ],1.00,1.00,1.00,1.20,54.22,29.65,0.00,0.00,0.00,0.00,0.00,0.00,0.00,0.00,0.00,0.00,0.00,0.00,0.00,0.00,0.00,0
0.959051,55,25,353,0,DRIVE [ 42 ] [ 1 ] [ 1496 1905 1883 ] [    0    0    0 ] [      0      0      0 ] [ 0 ],drive [ 42 ] [ 0 ] [ 1509 1905 1884 ] [   35   16   10 ] [  13062   9094   8265 ] [ 0 ],1.00,1.00,1.00,1.20,55.18,29.91,0.00,0.00,0.00,0.00,0.00,0.00,0.00,0.00,0.00,0.00,0.00,0.00,0.00,0.00,0.00,0
0.974372,57,25,354,0,DRIVE [ 43 ] [ 1 ] [ 1480 1905 1880 ] [    0    0    0 ] [      0      0      0 ] [ 0 ],drive [ 42 ] [ 0 ] [ 1496 1905 1883 ] [   35   16   10 ] [  13116   9094   8265 ] [ 0 ],1.00,1.00,1.00,1.20,56.90,30.26,0.00,0.00,0.00,0.00,0.00,0.00,0.00,0.00,0.00,0.00,0.00,0.00,0.00,0.00,0.00,0
0.987248,58,25,349,0,DRIVE [ 43 ] [ 1 ] [ 1461 1905 1876 ] [    0    0    0 ] [      0      0      0 ] [ 0 ],drive [ 43 ] [ 0 ] [ 1480 1905 1880 ] [   63    4   12 ] [  13116   9094   8265 ] [ 0 ],1.00,1.00,1.00,1.20,58.34,30.22,0.00,0.00,0.00,0.00,0.00,0.00,0.00,0.00,0.00,0.00,0.00,0.00,0.00,0.00,0.00,0
1.00017,60,25,347,0,DRIVE [ 44 ] [ 1 ] [ 1442 1905 1873 ] [    0    0    0 ] [      0      0      0 ] [ 0 ],drive [ 43 ] [ 0 ] [ 1461 1905 1876 ] [   63    4   12 ] [  13116   9094   8265 ] [ 0 ],1.00,1.00,1.00,1.20,60.16,30.55,0.00,0.00,0.00,0.00,0.00,0.00,0.00,0.00,0.00,0.00,0.00,0.00,0.00,0.00,0.00,0
1.01291,61,25,343,0,DRIVE [ 44 ] [ 1 ] [ 1426 1905 1870 ] [    0    0    0 ] [      0      0      0 ] [ 0 ],drive [ 44 ] [ 0 ] [ 1442 1905 1873 ] [   63    4   12 ] [  13116   9094   8265 ] [ 0 ],1.00,1.00,1.00,1.20,61.06,30.47,0.00,0.00,0.00,0.00,0.00,0.00,0.00,0.00,0.00,0.00,0.00,0.00,0.00,0.00,0.00,0
1.02542,62,25,339,0,DRIVE [ 45 ] [ 1 ] [ 1411 1905 1868 ] [    0    0    0 ] [      0      0      0 ] [ 0 ],drive [ 44 ] [ 0 ] [ 1426 1905 1870 ] [   63    4   12 ] [  13431   8848   8227 ] [ 0 ],1.00,1.00,1.00,1.20,61.75,30.36,0.00,0.00,0.00,0.00,0.00,0.00,0.00,0.00,0.00,0.00,0.00,0.00,0.00,0.00,0.00,0
1.03845,62,26,337,0,DRIVE [ 45 ] [ 1 ] [ 1398 1905 1868 ] [    0    0    0 ] [      0      0      0 ] [ 0 ],drive [ 45 ] [ 0 ] [ 1411 1905 1868 ] [   65    1   27 ] [  13431   8848   8227 ] [ 0 ],1.00,1.00,1.00,1.20,61.93,30.67,0.00,0.00,0.00,0.00,0.00,0.00,0.00,0.00,0.00,0.00,0.00,0.00,0.00,0.00,0.00,0
1.05102,62,26,335,0,DRIVE [ 46 ] [ 1 ] [ 1387 1905 1869 ] [    0    0    0 ] [      0      0      0 ] [ 0 ],drive [ 45 ] [ 0 ] [ 1398 1905 1868 ] [   65    1   27 ] [  13431   8848   8227 ] [ 0 ],1.00,1.00,1.00,1.20,61.52,31.09,0.00,0.00,0.00,0.00,0.00,0.00,0.00,0.00,0.00,0.00,0.00,0.00,0.00,0.00,0.00,0
1.06381,60,26,332,0,DRIVE [ 46 ] [ 1 ] [ 1379 1905 1872 ] [    0    0    0 ] [      0      0      0 ] [ 0 ],drive [ 46 ] [ 0 ] [ 1387 1905 1869 ] [   65    1   27 ] [  13431   8848   8227 ] [ 0 ],1.00,1.00,1.00,1.20,60.49,31.57,0.00,0.00,0.00,0.00,0.00,0.00,0.00,0.00,0.00,0.00,0.00,0.00,0.00,0.00,0.00,0
1.07578,59,27,331,0,DRIVE [ 47 ] [ 1 ] [ 1371 1905 1876 ] [    0    0    0 ] [      0      0      0 ] [ 0 ],drive [ 46 ] [ 0 ] [ 1379 1905 1872 ] [   65    1   27 ] [  13658   8582   8186 ] [ 0 ],1.00,1.00,1.00,1.20,59.16,32.24,0.00,0.00,0.00,0.00,0.00,0.00,0.00,0.00,0.00,0.00,0.00,0.00,0.00,0.00,0.00,0
1.08835,58,28,329,0,DRIVE [ 47 ] [ 1 ] [ 1364 1905 1882 ] [    0    0    0 ] [      0      0      0 ] [ 0 ],drive [ 47 ] [ 0 ] [ 1371 1905 1876 ] [   55    7   13 ] [  13658   8582   8186 ] [ 0 ],1.00,1.00,1.00,1.20,57.68,33.01,0.00,0.00,0.00,0.00,0.00,0.00,0.00,0.00,0.00,0.00,0.00,0.00,0.00,0.00,0.00,0
1.10099,56,28,329,0,DRIVE [ 48 ] [ 1 ] [ 1358 1905 1887 ] [    0    0    0 ] [      0      0      0 ] [ 0 ],drive [ 47 ] [ 0 ] [ 1364 1905 1882 ] [   55    7   13 ] [  13658   8582   8186 ] [ 0 ],1.00,1.00,1.00,1.20,56.18,33.83,0.00,0.00,0.00,0.00,0.00,0.00,0.00,0.00,0.00,0.00,0.00,0.00,0.00,0.00,0.00,0
1.11369,55,29,331,0,DRIVE [ 48 ] [ 1 ] [ 1348 1905 1895 ] [    0    0    0 ] [      0      0      0 ] [ 0 ],drive [ 48 ] [ 0 ] [ 1358 1905 1887 ] [   55    7   13 ] [  13658   8582   8186 ] [ 0 ],1.00,1.00,1.00,1.20,55.13,35.37,0.00,0.00,0.00,0.00,0.00,0.00,0.00,0.00,0.00,0.00,0.00,0.00,0.00,0.00,0.00,0
1.12582,53,31,328,0,DRIVE [ 49 ] [ 1 ] [ 1336 1905 1905 ] [    0    0    0 ] [      0      0      0 ] [ 0 ],drive [ 48 ] [ 0 ] [ 1348 1905 1895 ] [   55    7   13 ] [  13873   8477   8185 ] [ 0 ],1.00,1.00,1.00,1.20,52.84,36.84,0.00,0.00,0.00,0.00,0.00,0.00,0.00,0.00,0.00,0.00,0.00,0.00,0.00,0.00,0.00,0
1.13849,51,32,325,0,DRIVE [ 49 ] [ 1 ] [ 1349 1895 1905 ] [    0    0    0 ] [      0      0      0 ] [ 0 ],drive [ 49 ] [ 0 ] [ 1336 1905 1905 ] [   58   15   11 ] [  13873   8477   8185 ] [ 0 ],1.00,1.00,1.00,1.20,50.72,38.28,0.00,0.00,0.00,0.00,0.00,0.00,0.00,0.00,0.00,0.00,0.00,0.00,0.00,0.00,0.00,0
1.15106,49,33,323,0,DRIVE [ 50 ] [ 1 ] [ 1360 1884 1905 ] [    0    0    0 ] [      0      0      0 ] [ 0 ],drive [ 49 ] [ 0 ] [ 1349 1895 1905 ] [   58   15   11 ] [  13873   8477   8185 ] [ 0 ],1.00,1.00,1.00,1.20,49.03,39.73,0.00,0.00,0.00,0.00,0.00,0.00,0.00,0.00,0.00,0.00,0.00,0.00,0.00,0.00,0.00,0
1.16321,48,34,322,0,DRIVE [ 50 ] [ 1 ] [ 1369 1874 1905 ] [    0    0    0 ] [      0      0      0 ] [ 0 ],drive [ 50 ] [ 0 ] [ 1360 1884 1905 ] [   58   15   11 ] [  13873   8477   8185 ] [ 0 ],1.00,1.00,1.00,1.20,47.57,41.32,0.00,0.00,0.00,0.00,0.00,0.00,0.00,0.00,0.00,0.00,0.00,0.00,0.00,0.00,0.00,0
1.17566,46,36,318,0,DRIVE [ 51 ] [ 1 ] [ 1376 1864 1905 ] [    0    0    0 ] [      0      0      0 ] [ 0 ],drive [ 50 ] [ 0 ] [ 1369 1874 1905 ] [   58   15   11 ] [  14090   8456   8105 ] [ 0 ],1.00,1.00,1.00,1.20,45.93,42.63,0.00,0.00,0.00,0.00,0.00,0.00,0.00,0.00,0.00,0.00,0.00,0.00,0.00,0.00,0.00,0
1.18816,45,37,317,0,DRIVE [ 51 ] [ 1 ] [ 1382 1855 1905 ] [    0    0    0 ] [      0      0      0 ] [ 0 ],drive [ 51 ] [ 0 ] [ 1376 1864 1905 ] [   64   30   -2 ] [  14090   8456   8105 ] [ 0 ],1.00,1.00,1.00,1.20,44.69,44.18,0.00,0.00,0.00,0.00,0.00,0.00,0.00,0.00,0.00,0.00,0.00,0.00,0.00,0.00,0.00,0
1.20065,43,38,316,0,DRIVE [ 52 ] [ 1 ] [ 1389 1846 1905 ] [    0    0    0 ] [      0      0      0 ] [ 0 ],drive [ 51 ] [ 0 ] [ 1382 1855 1905 ] [   64   30   -2 ] [  14090   8456   8105 ] [ 0 ],1.00,1.00,1.00,1.20,43.42,45.41,0.00,0.00,0.00,0.00,0.00,0.00,0.00,0.00,0.00,0.00,0.00,0.00,0.00,0.00,0.00,0
1.21321,42,39,317,0,DRIVE [ 52 ] [ 1 ] [ 1396 1839 1905 ] [    0    0    0 ] [      0      0      0 ] [ 0 ],drive [ 52 ] [ 0 ] [ 1389 1846 1905 ] [   64   30   -2 ] [  14090   8456   8105 ] [ 0 ],1.00,1.00,1.00,1.20,42.39,46.50,0.00,0.00,0.00,0.00,0.00,0.00,0.00,0.00,0.00,0.00,0.00,0.00,0.00,0.00,0.00,0
1.22523,41,40,316,0,DRIVE [ 53 ] [ 1 ] [ 1403 1831 1905 ] [    0    0    0 ] [      0      0      0 ] [ 0 ],drive [ 52 ] [ 0 ] [ 1396 1839 1905 ] [   64   30   -2 ] [  14112   8444   8017 ] [ 0 ],1.00,1.00,1.00,1.20,41.10,47.60,0.00,0.00,0.00,0.00,0.00,0.00,0.00,0.00,0.00,0.00,0.00,0.00,0.00,0.00,0.00,0
1.23781,40,40,313,0,DRIVE [ 53 ] [ 1 ] [ 1409 1823 1905 ] [    0    0    0 ] [      0      0      0 ] [ 0 ],drive [ 53 ] [ 0 ] [ 1403 1831 1905 ] [   73   31   14 ] [  14112   8444   8017 ] [ 0 ],1.00,1.00,1.00,1.20,39.71,48.27,0.00,0.00,0.00,0.00,0.00,0.00,0.00,0.00,0.00,0.00,0.00,0.00,0.00,0.00,0.00,0
1.2503,38,41,311,0,DRIVE [ 54 ] [ 1 ] [ 1415 1813 1905 ] [    0    0    0 ] [      0      0      0 ] [ 0 ],drive [ 53 ] [ 0 ] [ 1409 1823 1905 ] [   73   31   14 ] [  14112   8444   8017 ] [ 0 ],1.00,1.00,1.00,1.20,38.13,49.55,0.00,0.00,0.00,0.00,0.00,0.00,0.00,0.00,0.00,0.00,0.00,0.00,0.00,0.00,0.00,0
1.26319,37,42,309,0,DRIVE [ 54 ] [ 1 ] [ 1421 1802 1905 ] [    0    0    0 ] [      0      0      0 ] [ 0 ],drive [ 54 ] [ 0 ] [ 1415 1813 1905 ] [   73   31   14 ] [  14112   8444   8017 ] [ 0 ],1.00,1.00,1.00,1.20,36.55,50.86,0.00,0.00,0.00,0.00,0.00,0.00,0.00,0.00,0.00,0.00,0.00,0.00,0.00,0.00,0.00,0
1.27526,35,44,308,0,DRIVE [ 55 ] [ 1 ] [ 1430 1791 1905 ] [    0    0    0 ] [      0      0      0 ] [ 0 ],drive [ 54 ] [ 0 ] [ 1421 1802 1905 ] [   73   31   14 ] [  14202   8373   7994 ] [ 0 ],1.00,1.00,1.00,1.20,34.81,52.22,0.00,0.00,0.00,0.00,0.00,0.00,0.00,0.00,0.00,0.00,0.00,0.00,0.00,0.00,0.00,0
1.28778,33,44,306,0,DRIVE [ 55 ] [ 1 ] [ 1440 1779 1905 ] [    0    0    0 ] [      0      0      0 ] [ 0 ],drive [ 55 ] [ 0 ] [ 1430 1791 1905 ] [   49   22    3 ] [  14202   8373   7994 ] [ 0 ],1.00,1.00,1.00,1.20,32.76,53.30,0.00,0.00,0.00,0.00,0.00,0.00,0.00,0.00,0.00,0.00,0.00,0.00,0.00,0.00,0.00,0
1.29999,31,45,306,0,DRIVE [ 56 ] [ 1 ] [ 1452 1767 1905 ] [    0    0    0 ] [      0      0      0 ] [ 0 ],drive [ 55 ] [ 0 ] [ 1440 1779 1905 ] [   49   22    3 ] [  14202   8373   7994 ] [ 0 ],1.00,1.00,1.00,1.20,30.60,54.51,0.00,0.00,0.00,0.00,0.00,0.00,0.00,0.00,0.00,0.00,0.00,0.00,0.00,0.00,0.00,0
1.31218,28,46,306,0,DRIVE [ 56 ] [ 1 ] [ 1467 1754 1905 ] [    0    0    0 ] [      0      0      0 ] [ 0 ],drive [ 56 ] [ 0 ] [ 1452 1767 1905 ] [   49   22    3 ] [  14202   8373   7994 ] [ 0 ],1.00,1.00,1.00,1.20,28.15,55.58,0.00,0.00,0.00,0.00,0.00,0.00,0.00,0.00,0.00,0.00,0.00,0.00,0.00,0.00,0.00,0
1.3239,25,47,305,0,DRIVE [ 57 ] [ 1 ] [ 1483 1742 1905 ] [    0    0    0 ] [      0      0      0 ] [ 0 ],drive [ 56 ] [ 0 ] [ 1467 1754 1905 ] [   49   22    3 ] [  14284   8359   7879 ] [ 0 ],1.00,1.00,1.00,1.20,25.42,56.35,0.00,0.00,0.00,0.00,0.00,0.00,0.00,0.00,0.00,0.00,0.00,0.00,0.00,0.00,0.00,0
1.33606,22,47,305,0,DRIVE [ 57 ] [ 1 ] [ 1501 1728 1905 ] [    0    0    0 ] [      0      0      0 ] [ 0 ],drive [ 57 ] [ 0 ] [ 1483 1742 1905 ] [   48   27    5 ] [  14284   8359   7879 ] [ 0 ],1.00,1.00,1.00,1.20,22.46,56.98,0.00,0.00,0.00,0.00,0.00,0.00,0.00,0.00,0.00,0.00,0.00,0.00,0.00,0.00,0.00,0
1.34827,19,48,305,0,DRIVE [ 58 ] [ 1 ] [ 1521 1714 1905 ] [    0    0    0 ] [      0      0      0 ] [ 0 ],drive [ 57 ] [ 0 ] [ 1501 1728 1905 ] [   48   27    5 ] [  14284   8359   7879 ] [ 0 ],1.00,1.00,1.00,1.20,19.23,57.40,0.00,0.00,0.00,0.00,0.00,0.00,0.00,0.00,0.00,0.00,0.00,0.00,0.00,0.00,0.00,0
1.35999,16,48,304,0,DRIVE [ 58 ] [ 1 ] [ 1543 1701 1905 ] [    0    0    0 ] [      0      0      0 ] [ 0 ],drive [ 58 ] [ 0 ] [ 1521 1714 1905 ] [   48   27    5 ] [  14284   8359   7879 ] [ 0 ],1.00,1.00,1.00,1.20,15.69,57.43,0.00,0.00,0.00,0.00,0.00,0.00,0.00,0.00,0.00,0.00,0.00,0.00,0.00,0.00,0.00,0
1.37237,11,48,303,0,DRIVE [ 59 ] [ 1 ] [ 1572 1680 1905 ] [    0    0    0 ] [      0      0      0 ] [ 0 ],drive [ 58 ] [ 0 ] [ 1543 1701 1905 ] [   48   27    5 ] [  14311   8359   7840 ] [ 0 ],1.00,1.00,1.00,1.20,10.84,57.43,0.00,0.00,0.00,0.00,0.00,0.00,0.00,0.00,0.00,0.00,0.00,0.00,0.00,0.00,0.00,0
1.38464,6,48,302,0,DRIVE [ 59 ] [ 1 ] [ 1596 1659 1905 ] [    0    0    0 ] [      0      0      0 ] [ 0 ],drive [ 59 ] [ 0 ] [ 1572 1680 1905 ] [   41   32    4 ] [  14311   8359   7840 ] [ 0 ],1.00,1.00,1.00,1.20,6.34,57.49,0.00,0.00,0.00,0.00,0.00,0.00,0.00,0.00,0.00,0.00,0.00,0.00,0.00,0.00,0.00,0
1.39848,2,48,300,0,DRIVE [ 60 ] [ 1 ] [ 1616 1638 1905 ] [    0    0    0 ] [      0      0      0 ] [ 0 ],drive [ 59 ] [ 0 ] [ 1596 1659 1905 ] [   41   32    4 ] [  14311   8359   7840 ] [ 0 ],1.00,1.00,1.00,1.20,2.21,57.58,0.00,0.00,0.00,0.00,0.00,0.00,0.00,0.00,0.00,0.00,0.00,0.00,0.00,0.00,0.00,0
1.41291,-2,48,298,0,DRIVE [ 60 ] [ 1 ] [ 1634 1617 1905 ] [    0    0    0 ] [      0      0      0 ] [ 0 ],drive [ 60 ] [ 0 ] [ 1616 1638 1905 ] [   41   32    4 ] [  14311   8359   7840 ] [ 0 ],1.00,1.00,1.00,1.20,-1.62,57.50,0.00,0.00,0.00,0.00,0.00,0.00,0.00,0.00,0.00,0.00,0.00,0.00,0.00,0.00,0.00,0
1.42524,-5,48,298,0,DRIVE [ 61 ] [ 1 ] [ 1649 1597 1905 ] [    0    0    0 ] [      0      0      0 ] [ 0 ],drive [ 60 ] [ 0 ] [ 1634 1617 1905 ] [   41   32    4 ] [  14301   8365   7840 ] [ 0 ],1.00,1.00,1.00,1.20,-5.17,57.80,0.00,0.00,0.00,0.00,0.00,0.00,0.00,0.00,0.00,0.00,0.00,0.00,0.00,0.00,0.00,0
1.43768,-8,48,296,0,DRIVE [ 61 ] [ 1 ] [ 1662 1576 1905 ] [    0    0    0 ] [      0      0      0 ] [ 0 ],drive [ 61 ] [ 0 ] [ 1649 1597 1905 ] [   29   33    5 ] [  14301   8365   7840 ] [ 0 ],1.00,1.00,1.00,1.20,-8.34,57.88,0.00,0.00,0.00,0.00,0.00,0.00,0.00,0.00,0.00,0.00,0.00,0.00,0.00,0.00,0.00,0
1.45012,-11,48,295,0,DRIVE [ 62 ] [ 1 ] [ 1673 1557 1905 ] [    0    0    0 ] [      0      0      0 ] [ 0 ],drive [ 61 ] [ 0 ] [ 1662 1576 1905 ] [   29   33    5 ] [  14301   8365   7840 ] [ 0 ],1.00,1.00,1.00,1.20,-11.20,58.15,0.00,0.00,0.00,0.00,0.00,-0.00,0.00,0.00,0.00,0.00,0.00,0.00,0.00,0.00,0.00,0
1.46432,-14,49,294,0,DRIVE [ 62 ] [ 1 ] [ 1682 1538 1905 ] [    0    0    0 ] [      0      0      0 ] [ 0 ],drive [ 62 ] [ 0 ] [ 1673 1557 1905 ] [   29   33    5 ] [  14301   8365   7840 ] [ 0 ],1.00,1.00,1.00,1.20,-13.94,58.26,0.00,0.00,0.00,0.00,0.00,-0.00,0.00,0.00,0.00,0.00,0.00,0.00,0.00,0.00,0.00,0
1.47848,-18,49,292,0,DRIVE [ 63 ] [ 1 ] [ 1695 1511 1905 ] [    0    0    0 ] [      0      0      0 ] [ 0 ],drive [ 62 ] [ 0 ] [ 1682 1538 1905 ] [   29   33    5 ] [  14294   8375   7840 ] [ 0 ],1.00,1.00,1.00,1.20,-17.56,58.46,0.00,0.00,0.00,0.00,0.00,-0.00,0.00,0.00,0.00,0.00,0.00,0.00,0.00,0.00,0.00,0
1.49045,-21,49,289,0,DRIVE [ 63 ] [ 1 ] [ 1706 1484 1905 ] [    0    0    0 ] [      0      0      0 ] [ 0 ],drive [ 63 ] [ 0 ] [ 1695 1511 1905 ] [   23   32    4 ] [  14294   8375   7840 ] [ 0 ],1.00,1.00,1.00,1.20,-20.83,58.52,0.00,0.00,0.00,0.00,0.00,-0.00,0.00,0.00,0.00,0.00,0.00,0.00,0.00,0.00,0.00,0
1.50267,-24,49,288,0,DRIVE [ 64 ] [ 1 ] [ 1715 1458 1905 ] [    0    0    0 ] [      0      0      0 ] [ 0 ],drive [ 63 ] [ 0 ] [ 1706 1484 1905 ] [   23   32    4 ] [  14294   8375   7840 ] [ 0 ],1.00,1.00,1.00,1.20,-23.98,58.76,0.00,0.00,0.00,0.00,0.00,-0.00,0.00,0.00,0.00,0.00,0.00,0.00,0.00,0.00,0.00,0
1.51495,-27,49,286,0,DRIVE [ 64 ] [ 1 ] [ 1725 1433 1905 ] [    0    0    0 ] [      0      0      0 ] [ 0 ],drive [ 64 ] [ 0 ] [ 1715 1458 1905 ] [   23   32    4 ] [  14294   8375   7840 ] [ 0 ],1.00,1.00,1.00,1.20,-26.95,58.84,0.00,0.00,0.00,0.00,0.00,-0.00,0.00,0.00,0.00,0.00,0.00,0.00,0.00,0.00,0.00,0
1.52723,-30,49,284,0,DRIVE [ 65 ] [ 1 ] [ 1734 1407 1905 ] [    0    0    0 ] [      0      0      0 ] [ 0 ],drive [ 64 ] [ 0 ] [ 1725 1433 1905 ] [   23   32    4 ] [  14292   8423   7801 ] [ 0 ],1.00,1.00,1.00,1.20,-29.83,58.93,0.00,0.00,0.00,0.00,0.00,-0.00,0.00,0.00,0.00,0.00,0.00,0.00,0.00,0.00,0.00,0
1.539,-33,49,284,0,DRIVE [ 65 ] [ 1 ] [ 1742 1382 1905 ] [    0    0    0 ] [      0      0      0 ] [ 0 ],drive [ 65 ] [ 0 ] [ 1734 1407 1905 ] [   21   47   21 ] [  14292   8423   7801 ] [ 0 ],1.00,1.00,1.00,1.20,-32.68,59.27,0.00,0.00,0.00,0.00,0.00,-0.00,0.00,0.00,0.00,0.00,0.00,0.00,0.00,0.00,0.00,0
1.55128,-35,49,282,0,DRIVE [ 66 ] [ 1 ] [ 1751 1357 1905 ] [    0    0    0 ] [      0      0      0 ] [ 0 ],drive [ 65 ] [ 0 ] [ 1742 1382 1905 ] [   21   47   21 ] [  14292   8423   7801 ] [ 0 ],1.00,1.00,1.00,1.20,-35.33,59.22,0.00,0.00,0.00,0.00,0.00,-0.00,0.00,0.00,0.00,0.00,0.00,0.00,0.00,0.00,0.00,0
1.56282,-38,49,281,0,DRIVE [ 66 ] [ 1 ] [ 1762 1329 1905 ] [    0    0    0 ] [      0      0      0 ] [ 0 ],drive [ 66 ] [ 0 ] [ 1751 1357 1905 ] [   21   47   21 ] [  14292   8423   7801 ] [ 0 ],1.00,1.00,1.00,1.20,-38.47,58.91,0.00,0.00,0.00,0.00,0.00,-0.00,0.00,0.00,0.00,0.00,0.00,0.00,0.00,0.00,0.00,0
1.575,-41,49,279,0,DRIVE [ 67 ] [ 1 ] [ 1773 1305 1905 ] [    0    0    0 ] [      0      0      0 ] [ 0 ],drive [ 66 ] [ 0 ] [ 1762 1329 1905 ] [   21   47   21 ] [  14278   8699   7737 ] [ 0 ],1.00,1.00,1.00,1.20,-41.01,58.38,0.00,0.00,0.00,0.00,0.00,-0.00,0.00,0.00,0.00,0.00,0.00,0.00,0.00,0.00,0.00,0
1.5873,-43,48,277,0,DRIVE [ 67 ] [ 1 ] [ 1781 1283 1905 ] [    0    0    0 ] [      0      0      0 ] [ 0 ],drive [ 67 ] [ 0 ] [ 1773 1305 1905 ] [   36   70    9 ] [  14278   8699   7737 ] [ 0 ],1.00,1.00,1.00,1.20,-43.02,57.74,0.00,0.00,0.00,0.00,0.00,-0.00,0.00,0.00,0.00,0.00,0.00,0.00,0.00,0.00,0.00,0
1.59925,-45,48,275,0,DRIVE [ 68 ] [ 1 ] [ 1788 1263 1905 ] [    0    0    0 ] [      0      0      0 ] [ 0 ],drive [ 67 ] [ 0 ] [ 1781 1283 1905 ] [   36   70    9 ] [  14278   8699   7737 ] [ 0 ],1.00,1.00,1.00,1.20,-44.86,57.46,0.00,0.00,0.00,0.00,0.00,-0.00,0.00,0.00,0.00,0.00,0.00,0.00,0.00,0.00,0.00,0
1.61155,-46,48,273,0,DRIVE [ 68 ] [ 1 ] [ 1793 1246 1905 ] [    0    0    0 ] [      0      0      0 ] [ 0 ],drive [ 68 ] [ 0 ] [ 1788 1263 1905 ] [   36   70    9 ] [  14278   8699   7737 ] [ 0 ],1.00,1.00,1.00,1.20,-46.34,57.23,0.00,0.00,0.00,0.00,0.00,-0.00,0.00,0.00,0.00,0.00,0.00,0.00,0.00,0.00,0.00,0
1.62339,-48,48,273,0,DRIVE [ 69 ] [ 1 ] [ 1797 1229 1905 ] [    0    0    0 ] [      0      0      0 ] [ 0 ],drive [ 68 ] [ 0 ] [ 1793 1246 1905 ] [   36   70    9 ] [  14132   8902   7737 ] [ 0 ],1.00,1.00,1.00,1.20,-47.90,57.62,0.00,0.00,0.00,0.00,0.00,-0.00,0.00,0.00,0.00,0.00,0.00,0.00,0.00,0.00,0.00,0
1.63556,-49,48,273,0,DRIVE [ 69 ] [ 1 ] [ 1799 1214 1905 ] [    0    0    0 ] [      0      0      0 ] [ 0 ],drive [ 69 ] [ 0 ] [ 1797 1229 1905 ] [   33   83   10 ] [  14132   8902   7737 ] [ 0 ],1.00,1.00,1.00,1.20,-49.17,57.91,0.00,0.00,0.00,0.00,0.00,-0.00,0.00,0.00,0.00,0.00,0.00,0.00,0.00,0.00,0.00,0
1.64748,-50,48,271,0,DRIVE [ 70 ] [ 1 ] [ 1801 1201 1905 ] [    0    0    0 ] [      0      0      0 ] [ 0 ],drive [ 69 ] [ 0 ] [ 1799 1214 1905 ] [   33   83   10 ] [  14132   8902   7737 ] [ 0 ],1.00,1.00,1.00,1.20,-50.10,58.00,0.00,0.00,0.00,0.00,0.00,-0.00,0.00,0.00,0.00,0.00,0.00,0.00,0.00,0.00,0.00,0
1.66026,-51,48,270,0,DRIVE [ 70 ] [ 1 ] [ 1803 1190 1905 ] [    0    0    0 ] [      0      0      0 ] [ 0 ],drive [ 70 ] [ 0 ] [ 1801 1201 1905 ] [   33   83   10 ] [  14132   8902   7737 ] [ 0 ],1.00,1.00,1.00,1.20,-50.86,58.02,0.00,0.00,0.00,0.00,0.00,-0.00,0.00,0.00,0.00,0.00,0.00,0.00,0.00,0.00,0.00,0
1.6721,-52,48,269,0,DRIVE [ 71 ] [ 1 ] [ 1806 1183 1905 ] [    0    0    0 ] [      0      0      0 ] [ 0 ],drive [ 70 ] [ 0 ] [ 1803 1190 1905 ] [   33   83   10 ] [  14089   9212   7734 ] [ 0 ],1.00,1.00,1.00,1.20,-51.50,57.90,0.00,0.00,0.00,0.00,0.00,-0.00,0.00,0.00,0.00,0.00,0.00,0.00,0.00,0.00,0.00,0
1.68405,-52,48,269,0,DRIVE [ 71 ] [ 1 ] [ 1808 1175 1905 ] [    0    0    0 ] [      0      0      0 ] [ 0 ],drive [ 71 ] [ 0 ] [ 1806 1183 1905 ] [   26   87    7 ] [  14089   9212   7734 ] [ 0 ],1.00,1.00,1.00,1.20,-52.11,57.82,0.00,0.00,0.00,0.00,0.00,-0.00,0.00,0.00,0.00,0.00,0.00,0.00,0.00,0.00,0.00,0
1.69566,-52,48,267,0,DRIVE [ 72 ] [ 1 ] [ 1810 1170 1905 ] [    0    0    0 ] [      0      0      0 ] [ 0 ],drive [ 71 ] [ 0 ] [ 1808 1175 1905 ] [   26   87    7 ] [  14089   9212   7734 ] [ 0 ],1.00,1.00,1.00,1.20,-52.29,57.35,0.00,0.00,0.00,0.00,0.00,-0.00,0.00,0.00,0.00,0.00,0.00,0.00,0.00,0.00,0.00,0
1.70762,-52,47,265,0,DRIVE [ 72 ] [ 1 ] [ 1811 1168 1905 ] [    0    0    0 ] [      0      0      0 ] [ 0 ],drive [ 72 ] [ 0 ] [ 1810 1170 1905 ] [   26   87    7 ] [  14089   9212   7734 ] [ 0 ],1.00,1.00,1.00,1.20,-52.28,56.99,0.00,0.00,0.00,0.00,0.00,-0.00,0.00,0.00,0.00,0.00,0.00,0.00,0.00,0.00,0.00,0
1.71961,-52,47,263,0,DRIVE [ 73 ] [ 1 ] [ 1810 1169 1905 ] [    0    0    0 ] [      0      0      0 ] [ 0 ],drive [ 72 ] [ 0 ] [ 1811 1168 1905 ] [   26   87    7 ] [  13913   9549   7732 ] [ 0 ],1.00,1.00,1.00,1.20,-51.78,56.63,0.00,0.00,0.00,0.00,0.00,-0.00,0.00,0.00,0.00,0.00,0.00,0.00,0.00,0.00,0.00,0
1.73155,-51,47,262,0,DRIVE [ 73 ] [ 1 ] [ 1808 1174 1905 ] [    0    0    0 ] [      0      0      0 ] [ 0 ],drive [ 73 ] [ 0 ] [ 1810 1169 1905 ] [   26   87    7 ] [  13913   9549   7732 ] [ 0 ],1.00,1.00,1.00,1.20,-50.97,56.48,0.00,0.00,0.00,0.00,0.00,-0.00,0.00,0.00,0.00,0.00,0.00,0.00,0.00,0.00,0.00,0
1.74557,-50,47,262,0,DRIVE [ 74 ] [ 1 ] [ 1803 1183 1905 ] [    0    0    0 ] [      0      0      0 ] [ 0 ],drive [ 73 ] [ 0 ] [ 1808 1174 1905 ] [   28   73    7 ] [  13913   9549   7732 ] [ 0 ],1.00,1.00,1.00,1.20,-49.96,56.71,0.00,0.00,0.00,0.00,0.00,-0.00,0.00,0.00,0.00,0.00,0.00,0.00,0.00,0.00,0.00,0
1.75698,-48,47,261,0,DRIVE [ 74 ] [ 1 ] [ 1796 1199 1905 ] [    0    0    0 ] [      0      0      0 ] [ 0 ],drive [ 74 ] [ 0 ] [ 1803 1183 1905 ] [   28   73    7 ] [  13913   9549   7732 ] [ 0 ],1.00,1.00,1.00,1.20,-48.06,56.83,0.00,0.00,0.00,0.00,0.00,-0.00,0.00,0.00,0.00,0.00,0.00,0.00,0.00,0.00,0.00,0
1.77028,-46,48,259,0,DRIVE [ 75 ] [ 1 ] [ 1788 1214 1905 ] [    0    0    0 ] [      0      0      0 ] [ 0 ],drive [ 74 ] [ 0 ] [ 1796 1199 1905 ] [   28   73    7 ] [  13914   9645   7700 ] [ 0 ],1.00,1.00,1.00,1.20,-46.19,57.00,0.00,0.00,0.00,0.00,0.00,-0.00,0.00,0.00,0.00,0.00,0.00,0.00,0.00,0.00,0.00,0
1.78242,-44,48,258,0,DRIVE [ 75 ] [ 1 ] [ 1781 1230 1905 ] [    0    0    0 ] [      0      0      0 ] [ 0 ],drive [ 75 ] [ 0 ] [ 1788 1214 1905 ] [   28   73    7 ] [  13914   9645   7700 ] [ 0 ],1.00,1.00,1.00,1.20,-44.34,57.03,0.00,0.00,0.00,0.00,0.00,-0.00,0.00,0.00,0.00,0.00,0.00,0.00,0.00,0.00,0.00,0
1.79421,-42,48,257,0,DRIVE [ 76 ] [ 1 ] [ 1773 1244 1905 ] [    0    0    0 ] [      0      0      0 ] [ 0 ],drive [ 75 ] [ 0 ] [ 1781 1230 1905 ] [   29   68   24 ] [  13914   9645   7700 ] [ 0 ],1.00,1.00,1.00,1.20,-42.46,57.14,0.00,0.00,0.00,0.00,0.00,-0.00,0.00,0.00,0.00,0.00,0.00,0.00,0.00,0.00,0.00,0
1.80574,-41,48,256,0,DRIVE [ 76 ] [ 1 ] [ 1764 1259 1905 ] [    0    0    0 ] [      0      0      0 ] [ 0 ],drive [ 76 ] [ 0 ] [ 1773 1244 1905 ] [   29   68   24 ] [  13914   9645   7700 ] [ 0 ],1.00,1.00,1.00,1.20,-40.64,57.45,0.00,0.00,0.00,0.00,0.00,-0.00,0.00,0.00,0.00,0.00,0.00,0.00,0.00,0.00,0.00,0
1.8178,-39,48,254,0,DRIVE [ 77 ] [ 1 ] [ 1755 1274 1905 ] [    0    0    0 ] [      0      0      0 ] [ 0 ],drive [ 76 ] [ 0 ] [ 1764 1259 1905 ] [   29   68   24 ] [  13914   9645   7700 ] [ 0 ],1.00,1.00,1.00,1.20,-38.68,57.62,0.00,0.00,0.00,0.00,0.00,-0.00,0.00,0.00,0.00,0.00,0.00,0.00,0.00,0.00,0.00,0
1.82961,-37,48,254,0,DRIVE [ 77 ] [ 1 ] [ 1745 1291 1905 ] [    0    0    0 ] [      0      0      0 ] [ 0 ],drive [ 77 ] [ 0 ] [ 1755 1274 1905 ] [   29   68   24 ] [  13917   9645   7632 ] [ 0 ],1.00,1.00,1.00,1.20,-36.62,57.98,0.00,0.00,0.00,0.00,0.00,-0.00,0.00,0.00,0.00,0.00,0.00,0.00,0.00,0.00,0.00,0
1.84171,-34,49,252,0,DRIVE [ 78 ] [ 1 ] [ 1734 1308 1905 ] [    0    0    0 ] [      0      0      0 ] [ 0 ],drive [ 77 ] [ 0 ] [ 1745 1291 1905 ] [   29   63   21 ] [  13917   9645   7632 ] [ 0 ],1.00,1.00,1.00,1.20,-34.33,58.35,0.00,0.00,0.00,0.00,0.00,-0.00,0.00,0.00,0.00,0.00,0.00,0.00,0.00,0.00,0.00,0
1.85379,-32,49,252,0,DRIVE [ 78 ] [ 1 ] [ 1721 1325 1905 ] [    0    0    0 ] [      0      0      0 ] [ 0 ],drive [ 78 ] [ 0 ] [ 1734 1308 1905 ] [   29   63   21 ] [  13917   9645   7632 ] [ 0 ],1.00,1.00,1.00,1.20,-32.00,59.05,0.00,0.00,0.00,0.00,0.00,-0.00,0.00,0.00,0.00,0.00,0.00,0.00,0.00,0.00,0.00,0
1.86587,-29,50,251,0,DRIVE [ 79 ] [ 1 ] [ 1706 1343 1905 ] [    0    0    0 ] [      0      0      0 ] [ 0 ],drive [ 78 ] [ 0 ] [ 1721 1325 1905 ] [   29   63   21 ] [  13917   9645   7632 ] [ 0 ],1.00,1.00,1.00,1.20,-29.48,59.78,0.00,0.00,0.00,0.00,0.00,-0.00,0.00,0.00,0.00,0.00,0.00,0.00,0.00,0.00,0.00,0
1.87798,-26,51,249,0,DRIVE [ 79 ] [ 1 ] [ 1685 1368 1905 ] [    0    0    0 ] [      0      0      0 ] [ 0 ],drive [ 79 ] [ 0 ] [ 1706 1343 1905 ] [   29   63   21 ] [  13919   9644   7632 ] [ 0 ],1.00,1.00,1.00,1.20,-25.80,60.66,0.00,0.00,0.00,0.00,0.00,-0.00,0.00,0.00,0.00,0.00,0.00,0.00,0.00,-0.00,0.00,0
1.88977,-22,51,248,0,DRIVE [ 80 ] [ 1 ] [ 1663 1390 1905 ] [    0    0    0 ] [      0      0      0 ] [ 0 ],drive [ 79 ] [ 0 ] [ 1685 1368 1905 ] [   33   56   21 ] [  13919   9644   7632 ] [ 0 ],1.00,1.00,1.00,1.20,-22.14,61.56,0.00,0.00,0.00,0.00,0.00,-0.00,0.00,0.00,0.00,0.00,0.00,0.00,0.00,-0.00,0.00,0
1.90201,-19,52,246,0,DRIVE [ 80 ] [ 1 ] [ 1640 1411 1905 ] [    0    0    0 ] [      0      0      0 ] [ 0 ],drive [ 80 ] [ 0 ] [ 1663 1390 1905 ] [   33   56   21 ] [  13919   9644   7632 ] [ 0 ],1.00,1.00,1.00,1.20,-18.60,62.54,0.00,0.00,0.00,0.00,0.00,-0.00,0.00,0.00,0.00,0.00,0.00,0.00,0.00,-0.00,0.00,0
1.91411,-15,53,245,0,DRIVE [ 81 ] [ 1 ] [ 1617 1430 1905 ] [    0    0    0 ] [      0      0      0 ] [ 0 ],drive [ 80 ] [ 0 ] [ 1640 1411 1905 ] [   33   56   21 ] [  13919   9644   7632 ] [ 0 ],1.00,1.00,1.00,1.20,-15.13,63.54,0.00,0.00,0.00,0.00,0.00,-0.00,0.00,0.00,0.00,0.00,0.00,0.00,0.00,0.00,0.00,0
1.92714,-12,54,243,0,DRIVE [ 81 ] [ 1 ] [ 1592 1448 1905 ] [    0    0    0 ] [      0      0      0 ] [ 0 ],drive [ 81 ] [ 0 ] [ 1617 1430 1905 ] [   33   56   21 ] [  13931   9637   7632 ] [ 0 ],1.00,1.00,1.00,1.20,-11.71,64.38,0.00,0.00,0.00,0.00,0.00,-0.00,0.00,0.00,0.00,0.00,0.00,0.00,0.00,0.00,0.00,0
1.94112,-8,54,242,0,DRIVE [ 82 ] [ 1 ] [ 1568 1464 1905 ] [    0    0    0 ] [      0      0      0 ] [ 0 ],drive [ 81 ] [ 0 ] [ 1592 1448 1905 ] [   32   48   20 ] [  13931   9637   7632 ] [ 0 ],1.00,1.00,1.00,1.20,-8.38,65.15,0.00,0.00,0.00,0.00,0.00,-0.00,0.00,0.00,0.00,0.00,0.00,0.00,0.00,0.00,0.00,0
1.95321,-5,55,240,0,DRIVE [ 82 ] [ 1 ] [ 1543 1479 1905 ] [    0    0    0 ] [      0      0      0 ] [ 0 ],drive [ 82 ] [ 0 ] [ 1568 1464 1905 ] [   32   48   20 ] [  13931   9637   7632 ] [ 0 ],1.00,1.00,1.00,1.20,-5.12,66.03,0.00,0.00,0.00,0.00,0.00,-0.00,0.00,0.00,0.00,0.00,0.00,0.00,0.00,0.00,0.00,0
1.96692,-2,56,239,0,DRIVE [ 83 ] [ 1 ] [ 1517 1493 1905 ] [    0    0    0 ] [      0      0      0 ] [ 0 ],drive [ 82 ] [ 0 ] [ 1543 1479 1905 ] [   32   48   20 ] [  13931   9637   7632 ] [ 0 ],1.00,1.00,1.00,1.20,-1.94,66.92,0.00,0.00,0.00,0.00,0.00,-0.00,0.00,0.00,0.00,0.00,0.00,0.00,0.00,0.00,0.00,0
1.97923,1,56,237,0,DRIVE [ 83 ] [ 1 ] [ 1492 1505 1905 ] [    0    0    0 ] [      0      0      0 ] [ 0 ],drive [ 83 ] [ 0 ] [ 1517 1493 1905 ] [   32   48   20 ] [  13961   9626   7632 ] [ 0 ],1.00,1.00,1.00,1.20,1.10,67.53,0.00,0.00,0.00,0.00,0.00,-0.00,0.00,0.00,0.00,0.00,0.00,0.00,0.00,0.00,0.00,0
1.99079,4,57,236,0,DRIVE [ 84 ] [ 1 ] [ 1466 1517 1905 ] [    0    0    0 ] [      0      0      0 ] [ 0 ],drive [ 83 ] [ 0 ] [ 1492 1505 1905 ] [   35   44   21 ] [  13961   9626   7632 ] [ 0 ],1.00,1.00,1.00,1.20,4.07,68.39,0.00,0.00,0.00,0.00,0.00,-0.00,0.00,0.00,0.00,0.00,0.00,0.00,0.00,0.00,0.00,0
2.00306,7,58,235,0,DRIVE [ 84 ] [ 1 ] [ 1439 1526 1905 ] [    0    0    0 ] [      0      0      0 ] [ 0 ],drive [ 84 ] [ 0 ] [ 1466 1517 1905 ] [   35   44   21 ] [  13961   9626   7632 ] [ 0 ],1.00,1.00,1.00,1.20,6.89,69.24,0.00,0.00,0.00,0.00,0.00,-0.00,0.00,0.00,0.00,0.00,0.00,0.00,0.00,0.00,0.00,0
2.01528,10,58,233,0,DRIVE [ 85 ] [ 1 ] [ 1406 1537 1905 ] [    0    0    0 ] [      0      0      0 ] [ 0 ],drive [ 84 ] [ 0 ] [ 1439 1526 1905 ] [   35   44   21 ] [  13961   9626   7632 ] [ 0 ],1.00,1.00,1.00,1.20,10.27,70.09,0.00,0.00,0.00,0.00,0.00,-0.00,0.00,0.00,0.00,0.00,0.00,0.00,0.00,0.00,0.00,0
2.02711,13,59,230,0,DRIVE [ 85 ] [ 1 ] [ 1375 1547 1905 ] [    0    0    0 ] [      0      0      0 ] [ 0 ],drive [ 85 ] [ 0 ] [ 1406 1537 1905 ] [   35   44   21 ] [  14015   9609   7632 ] [ 0 ],1.00,1.00,1.00,1.20,13.31,70.79,0.00,0.00,0.00,0.00,0.00,-0.00,0.00,0.00,0.00,0.00,0.00,0.00,0.00,0.00,0.00,0
2.03928,16,60,229,0,DRIVE [ 86 ] [ 1 ] [ 1345 1555 1905 ] [    0    0    0 ] [      0      0      0 ] [ 0 ],drive [ 85 ] [ 0 ] [ 1375 1547 1905 ] [   55   47   18 ] [  14015   9609   7632 ] [ 0 ],1.00,1.00,1.00,1.20,16.06,71.57,0.00,0.00,0.00,0.00,0.00,-0.00,0.00,0.00,0.00,0.00,0.00,0.00,0.00,0.00,0.00,0
2.0514,19,60,227,0,DRIVE [ 86 ] [ 1 ] [ 1318 1562 1905 ] [    0    0    0 ] [      0      0      0 ] [ 0 ],drive [ 86 ] [ 0 ] [ 1345 1555 1905 ] [   55   47   18 ] [  14015   9609   7632 ] [ 0 ],1.00,1.00,1.00,1.20,18.60,72.37,0.00,0.00,0.00,0.00,0.00,-0.00,0.00,0.00,0.00,0.00,0.00,0.00,0.00,0.00,0.00,0
2.06363,21,61,226,0,DRIVE [ 87 ] [ 1 ] [ 1292 1568 1905 ] [    0    0    0 ] [      0      0      0 ] [ 0 ],drive [ 86 ] [ 0 ] [ 1318 1562 1905 ] [   55   47   18 ] [  14015   9609   7632 ] [ 0 ],1.00,1.00,1.00,1.20,20.85,72.81,0.00,0.00,0.00,0.00,0.00,-0.00,0.00,0.00,0.00,0.00,0.00,0.00,0.00,0.00,0.00,0
2.07558,23,61,224,0,DRIVE [ 87 ] [ 1 ] [ 1268 1574 1905 ] [    0    0    0 ] [      0      0      0 ] [ 0 ],drive [ 87 ] [ 0 ] [ 1292 1568 1905 ] [   55   47   18 ] [  14193   9590   7619 ] [ 0 ],1.00,1.00,1.00,1.20,23.03,73.36,0.00,0.00,0.00,0.00,0.00,-0.00,0.00,0.00,0.00,0.00,0.00,0.00,0.00,0.00,0.00,0
2.08784,25,61,223,0,DRIVE [ 88 ] [ 1 ] [ 1244 1580 1905 ] [    0    0    0 ] [      0      0      0 ] [ 0 ],drive [ 87 ] [ 0 ] [ 1268 1574 1905 ] [   61   49   -1 ] [  14193   9590   7619 ] [ 0 ],1.00,1.00,1.00,1.20,24.99,73.75,0.00,0.00,0.00,0.00,0.00,-0.00,0.00,0.00,0.00,0.00,0.00,0.00,0.00,0.00,0.00,0
2.1002,27,62,221,0,DRIVE [ 88 ] [ 1 ] [ 1222 1584 1905 ] [    0    0    0 ] [      0      0      0 ] [ 0 ],drive [ 88 ] [ 0 ] [ 1244 1580 1905 ] [   61   49   -1 ] [  14193   9590   7619 ] [ 0 ],1.00,1.00,1.00,1.20,26.75,73.97,0.00,0.00,0.00,0.00,0.00,-0.00,0.00,0.00,0.00,0.00,0.00,0.00,0.00,0.00,0.00,0
2.11226,29,62,220,0,DRIVE [ 89 ] [ 1 ] [ 1200 1590 1905 ] [    0    0    0 ] [      0      0      0 ] [ 0 ],drive [ 88 ] [ 0 ] [ 1222 1584 1905 ] [   61   49   -1 ] [  14193   9590   7619 ] [ 0 ],1.00,1.00,1.00,1.20,28.60,74.48,0.00,0.00,0.00,0.00,0.00,-0.00,0.00,0.00,0.00,0.00,0.00,0.00,0.00,0.00,0.00,0
2.12413,30,62,218,0,DRIVE [ 89 ] [ 1 ] [ 1178 1594 1905 ] [    0    0    0 ] [      0      0      0 ] [ 0 ],drive [ 89 ] [ 0 ] [ 1200 1590 1905 ] [   61   49   -1 ] [  14419   9512   7519 ] [ 0 ],1.00,1.00,1.00,1.20,30.27,74.71,0.00,0.00,0.00,0.00,0.00,-0.00,0.00,0.00,0.00,0.00,0.00,0.00,0.00,0.00,0.00,0
2.1364,32,63,217,0,DRIVE [ 90 ] [ 1 ] [ 1157 1599 1905 ] [    0    0    0 ] [      0      0      0 ] [ 0 ],drive [ 89 ] [ 0 ] [ 1178 1594 1905 ] [   71   55   15 ] [  14419   9512   7519 ] [ 0 ],1.00,1.00,1.00,1.20,31.91,75.07,0.00,0.00,0.00,0.00,0.00,-0.00,0.00,0.00,0.00,0.00,0.00,0.00,0.00,0.00,0.00,0
2.14809,33,63,216,0,DRIVE [ 90 ] [ 1 ] [ 1138 1602 1905 ] [    0    0    0 ] [      0      0      0 ] [ 0 ],drive [ 90 ] [ 0 ] [ 1157 1599 1905 ] [   71   55   15 ] [  14419   9512   7519 ] [ 0 ],1.00,1.00,1.00,1.20,33.34,75.33,0.00,0.00,0.00,0.00,0.00,-0.00,0.00,0.00,0.00,0.00,0.00,0.00,0.00,0.00,0.00,0
2.15975,35,63,214,0,DRIVE [ 91 ] [ 1 ] [ 1120 1606 1905 ] [    0    0    0 ] [      0      0      0 ] [ 0 ],drive [ 90 ] [ 0 ] [ 1138 1602 1905 ] [   71   55   15 ] [  14419   9512   7519 ] [ 0 ],1.00,1.00,1.00,1.20,34.61,75.30,0.00,0.00,0.00,0.00,0.00,-0.00,0.00,0.00,0.00,0.00,0.00,0.00,0.00,0.00,0.00,0
2.17219,36,63,212,0,DRIVE [ 91 ] [ 1 ] [ 1097 1612 1905 ] [    0    0    0 ] [      0      0      0 ] [ 0 ],drive [ 91 ] [ 0 ] [ 1120 1606 1905 ] [   71   55   15 ] [  14695   9373   7496 ] [ 0 ],1.00,1.00,1.00,1.20,36.33,75.45,0.00,0.00,0.00,0.00,0.00,-0.00,0.00,0.00,0.00,0.00,0.00,0.00,0.00,0.00,0.00,0
2.18456,38,63,211,0,DRIVE [ 92 ] [ 1 ] [ 1076 1617 1905 ] [    0    0    0 ] [      0      0      0 ] [ 0 ],drive [ 91 ] [ 0 ] [ 1097 1612 1905 ] [   97   45   20 ] [  14695   9373   7496 ] [ 0 ],1.00,1.00,1.00,1.20,37.86,75.48,0.00,0.00,0.00,0.00,0.00,-0.00,0.00,0.00,0.00,0.00,0.00,0.00,0.00,0.00,0.00,0
2.19698,39,63,210,0,DRIVE [ 92 ] [ 1 ] [ 1056 1622 1905 ] [    0    0    0 ] [      0      0      0 ] [ 0 ],drive [ 92 ] [ 0 ] [ 1076 1617 1905 ] [   97   45   20 ] [  14695   9373   7496 ] [ 0 ],1.00,1.00,1.00,1.20,39.39,75.53,0.00,0.00,0.00,0.00,0.00,-0.00,0.00,0.00,0.00,0.00,0.00,0.00,0.00,0.00,0.00,0
2.20878,41,63,208,0,DRIVE [ 93 ] [ 1 ] [ 1035 1629 1905 ] [    0    0    0 ] [      0      0      0 ] [ 0 ],drive [ 92 ] [ 0 ] [ 1056 1622 1905 ] [   97   45   20 ] [  14695   9373   7496 ] [ 0 ],1.00,1.00,1.00,1.20,40.93,75.39,0.00,0.00,0.00,0.00,0.00,-0.00,0.00,0.00,0.00,0.00,0.00,0.00,0.00,0.00,0.00,0
2.22135,42,62,207,0,DRIVE [ 93 ] [ 1 ] [ 1017 1638 1905 ] [    0    0    0 ] [      0      0      0 ] [ 0 ],drive [ 93 ] [ 0 ] [ 1035 1629 1905 ] [   97   45   20 ] [  15013   9342   7334 ] [ 0 ],1.00,1.00,1.00,1.20,42.40,74.80,0.00,0.00,0.00,0.00,0.00,-0.00,0.00,0.00,0.00,0.00,0.00,0.00,0.00,0.00,0.00,0
2.23372,44,62,206,0,DRIVE [ 94 ] [ 1 ] [ 0999 1647 1905 ] [    0    0    0 ] [      0      0      0 ] [ 0 ],drive [ 93 ] [ 0 ] [ 1017 1638 1905 ] [   97   45   20 ] [  15013   9342   7334 ] [ 0 ],1.00,1.00,1.00,1.20,43.91,74.17,0.00,0.00,0.00,0.00,0.00,-0.00,0.00,0.00,0.00,0.00,0.00,0.00,0.00,0.00,0.00,0
2.24593,45,61,204,0,DRIVE [ 94 ] [ 1 ] [ 0983 1656 1905 ] [    0    0    0 ] [      0      0      0 ] [ 0 ],drive [ 94 ] [ 0 ] [ 0999 1647 1905 ] [   99   41   20 ] [  15013   9342   7334 ] [ 0 ],1.00,1.00,1.00,1.20,45.08,73.30,0.00,0.00,0.00,0.00,0.00,-0.00,0.00,0.00,0.00,0.00,0.00,0.00,0.00,0.00,0.00,0
2.25786,46,61,203,0,DRIVE [ 95 ] [ 1 ] [ 0969 1665 1905 ] [    0    0    0 ] [      0      0      0 ] [ 0 ],drive [ 94 ] [ 0 ] [ 0983 1656 1905 ] [   99   41   20 ] [  15013   9342   7334 ] [ 0 ],1.00,1.00,1.00,1.20,46.38,72.77,0.00,0.00,0.00,0.00,0.00,-0.00,0.00,0.00,0.00,0.00,0.00,0.00,0.00,0.00,0.00,0
2.27042,47,60,202,0,DRIVE [ 95 ] [ 1 ] [ 0958 1673 1905 ] [    0    0    0 ] [      0      0      0 ] [ 0 ],drive [ 95 ] [ 0 ] [ 0969 1665 1905 ] [   99   41   20 ] [  15449   9061   7235 ] [ 0 ],1.00,1.00,1.00,1.20,47.22,71.76,0.00,0.00,0.00,0.00,0.00,-0.00,0.00,0.00,0.00,0.00,0.00,0.00,0.00,0.00,0.00,0
2.28281,48,59,201,0,DRIVE [ 96 ] [ 1 ] [ 0951 1680 1905 ] [    0    0    0 ] [      0      0      0 ] [ 0 ],drive [ 95 ] [ 0 ] [ 0958 1673 1905 ] [   99   41   20 ] [  15449   9061   7235 ] [ 0 ],1.00,1.00,1.00,1.20,47.87,70.92,0.00,0.00,0.00,0.00,0.00,-0.00,0.00,0.00,0.00,0.00,0.00,0.00,0.00,0.00,0.00,0
2.29468,48,58,200,0,DRIVE [ 96 ] [ 1 ] [ 0948 1686 1905 ] [    0    0    0 ] [      0      0      0 ] [ 0 ],drive [ 96 ] [ 0 ] [ 0951 1680 1905 ] [  106   27    2 ] [  15449   9061   7235 ] [ 0 ],1.00,1.00,1.00,1.20,48.18,70.06,0.00,0.00,0.00,0.00,0.00,-0.00,0.00,0.00,0.00,0.00,0.00,0.00,0.00,0.00,0.00,0
2.30711,48,57,199,0,DRIVE [ 97 ] [ 1 ] [ 0947 1692 1905 ] [    0    0    0 ] [      0      0      0 ] [ 0 ],drive [ 96 ] [ 0 ] [ 0948 1686 1905 ] [  106   27    2 ] [  15449   9061   7235 ] [ 0 ],1.00,1.00,1.00,1.20,48.21,68.96,0.00,0.00,0.00,0.00,0.00,-0.00,0.00,0.00,0.00,0.00,0.00,0.00,0.00,0.00,0.00,0
2.31932,48,56,198,0,DRIVE [ 97 ] [ 1 ] [ 0949 1698 1905 ] [    0    0    0 ] [      0      0      0 ] [ 0 ],drive [ 97 ] [ 0 ] [ 0947 1692 1905 ] [  106   27    2 ] [  15844   8836   7066 ] [ 0 ],1.00,1.00,1.00,1.20,48.06,67.64,0.00,0.00,0.00,0.00,0.00,-0.00,0.00,0.00,0.00,0.00,0.00,0.00,0.00,0.00,0.00,0
2.33165,48,55,196,0,DRIVE [ 98 ] [ 1 ] [ 0955 1705 1905 ] [    0    0    0 ] [      0      0      0 ] [ 0 ],drive [ 97 ] [ 0 ] [ 0949 1698 1905 ] [  106   27    2 ] [  15844   8836   7066 ] [ 0 ],1.00,1.00,1.00,1.20,47.64,65.83,0.00,0.00,0.00,0.00,0.00,-0.00,0.00,0.00,0.00,0.00,0.00,0.00,0.00,0.00,0.00,0
2.34408,47,54,196,0,DRIVE [ 98 ] [ 1 ] [ 0962 1713 1905 ] [    0    0    0 ] [      0      0      0 ] [ 0 ],drive [ 98 ] [ 0 ] [ 0955 1705 1905 ] [  104   44    4 ] [  15844   8836   7066 ] [ 0 ],1.00,1.00,1.00,1.20,47.39,64.30,0.00,0.00,0.00,0.00,0.00,-0.00,0.00,0.00,0.00,0.00,0.00,0.00,0.00,0.00,0.00,0
2.35545,47,52,195,0,DRIVE [ 99 ] [ 1 ] [ 0970 1720 1905 ] [    0    0    0 ] [      0      0      0 ] [ 0 ],drive [ 98 ] [ 0 ] [ 0962 1713 1905 ] [  104   44    4 ] [  15844   8836   7066 ] [ 0 ],1.00,1.00,1.00,1.20,46.93,62.59,0.00,0.00,0.00,0.00,0.00,-0.00,0.00,0.00,0.00,0.00,0.00,0.00,0.00,0.00,0.00,0
2.36785,46,51,194,0,DRIVE [ 99 ] [ 1 ] [ 0981 1728 1905 ] [    0    0    0 ] [      0      0      0 ] [ 0 ],drive [ 99 ] [ 0 ] [ 0970 1720 1905 ] [  104   44    4 ] [  15844   8836   7066 ] [ 0 ],1.00,1.00,1.00,1.20,46.35,60.74,0.00,0.00,0.00,0.00,0.00,-0.00,0.00,0.00,0.00,0.00,0.00,0.00,0.00,0.00,0.00,0
2.38006,46,49,193,0,DRIVE [ 00 ] [ 1 ] [ 0995 1737 1905 ] [    0    0    0 ] [      0      0      0 ] [ 0 ],drive [ 99 ] [ 0 ] [ 0981 1728 1905 ] [  104   44    4 ] [  16147   8662   6867 ] [ 0 ],1.00,1.00,1.00,1.20,45.65,58.67,0.00,0.00,0.00,0.00,0.00,-0.00,0.00,0.00,0.00,0.00,0.00,0.00,0.00,0.00,0.00,0
2.39172,45,47,192,0,DRIVE [ 00 ] [ 1 ] [ 1013 1746 1905 ] [    0    0    0 ] [      0      0      0 ] [ 0 ],drive [ 00 ] [ 0 ] [ 0995 1737 1905 ] [  101   26   13 ] [  16147   8662   6867 ] [ 0 ],1.00,1.00,1.00,1.20,44.77,56.50,0.00,0.00,0.00,0.00,0.00,-0.00,0.00,0.00,0.00,0.00,0.00,0.00,0.00,0.00,0.00,0
2.40418,44,45,191,0,DRIVE [ 01 ] [ 1 ] [ 1035 1756 1905 ] [    0    0    0 ] [      0      0      0 ] [ 0 ],drive [ 00 ] [ 0 ] [ 1013 1746 1905 ] [  101   26   13 ] [  16147   8662   6867 ] [ 0 ],1.00,1.00,1.00,1.20,43.52,53.92,0.00,0.00,0.00,0.00,0.00,-0.00,0.00,0.00,0.00,0.00,0.00,0.00,-0.00,-0.00,0.00,0
2.41633,42,43,190,0,DRIVE [ 01 ] [ 1 ] [ 1060 1765 1905 ] [    0    0    0 ] [      0      0      0 ] [ 0 ],drive [ 01 ] [ 0 ] [ 1035 1756 1905 ] [  101   26   13 ] [  16147   8662   6867 ] [ 0 ],1.00,1.00,1.00,1.20,42.15,51.34,0.00,0.00,0.00,0.00,0.00,-0.00,0.00,0.00,0.00,0.00,0.00,0.00,-0.00,-0.00,0.00,0
2.4283,41,41,189,0,DRIVE [ 02 ] [ 1 ] [ 1083 1775 1905 ] [    0    0    0 ] [      0      0      0 ] [ 0 ],drive [ 01 ] [ 0 ] [ 1060 1765 1905 ] [  101   26   13 ] [  16297   8447   6744 ] [ 0 ],1.00,1.00,1.00,1.20,40.87,48.83,0.00,0.00,0.00,0.00,0.00,-0.00,0.00,0.00,0.00,0.00,0.00,0.00,-0.00,-0.00,0.00,0
2.44062,40,39,188,0,DRIVE [ 02 ] [ 1 ] [ 1106 1784 1905 ] [    0    0    0 ] [      0      0      0 ] [ 0 ],drive [ 02 ] [ 0 ] [ 1083 1775 1905 ] [  107   37   16 ] [  16297   8447   6744 ] [ 0 ],1.00,1.00,1.00,1.20,39.72,46.50,0.00,0.00,0.00,0.00,0.00,-0.00,0.00,0.00,0.00,0.00,0.00,0.00,-0.00,-0.00,0.00,0
2.45274,38,37,187,0,DRIVE [ 03 ] [ 1 ] [ 1131 1793 1905 ] [    0    0    0 ] [      0      0      0 ] [ 0 ],drive [ 02 ] [ 0 ] [ 1106 1784 1905 ] [  107   37   16 ] [  16297   8447   6744 ] [ 0 ],1.00,1.00,1.00,1.20,38.34,44.01,0.00,0.00,0.00,0.00,0.00,-0.00,0.00,0.00,0.00,0.00,0.00,0.00,-0.00,-0.00,0.00,0
2.46471,37,35,186,0,DRIVE [ 03 ] [ 1 ] [ 1159 1800 1905 ] [    0    0    0 ] [      0      0      0 ] [ 0 ],drive [ 03 ] [ 0 ] [ 1131 1793 1905 ] [  107   37   16 ] [  16297   8447   6744 ] [ 0 ],1.00,1.00,1.00,1.20,36.78,41.70,0.00,0.00,0.00,0.00,0.00,0.00,0.00,0.00,0.00,0.00,0.00,0.00,-0.00,-0.00,0.00,0
2.47707,35,33,185,0,DRIVE [ 04 ] [ 1 ] [ 1190 1807 1905 ] [    0    0    0 ] [      0      0      0 ] [ 0 ],drive [ 03 ] [ 0 ] [ 1159 1800 1905 ] [  107   37   16 ] [  16485   8219   6692 ] [ 0 ],1.00,1.00,1.00,1.20,35.05,39.30,0.00,0.00,0.00,0.00,0.00,0.00,0.00,0.00,0.00,0.00,0.00,0.00,-0.00,-0.00,0.00,0
2.48871,33,31,184,0,DRIVE [ 04 ] [ 1 ] [ 1221 1813 1905 ] [    0    0    0 ] [      0      0      0 ] [ 0 ],drive [ 04 ] [ 0 ] [ 1190 1807 1905 ] [   73   33   11 ] [  16485   8219   6692 ] [ 0 ],1.00,1.00,1.00,1.20,33.36,37.04,0.00,0.00,0.00,0.00,0.00,0.00,0.00,0.00,0.00,0.00,0.00,0.00,-0.00,-0.00,0.00,0
2.50096,32,29,183,0,DRIVE [ 05 ] [ 1 ] [ 1251 1822 1905 ] [    0    0    0 ] [      0      0      0 ] [ 0 ],drive [ 04 ] [ 0 ] [ 1221 1813 1905 ] [   73   33   11 ] [  16485   8219   6692 ] [ 0 ],1.00,1.00,1.00,1.20,31.80,34.61,0.00,0.00,0.00,0.00,0.00,0.00,0.00,0.00,0.00,0.00,0.00,0.00,-0.00,-0.00,0.00,0
2.51282,30,27,181,0,DRIVE [ 05 ] [ 1 ] [ 1279 1830 1905 ] [    0    0    0 ] [      0      0      0 ] [ 0 ],drive [ 05 ] [ 0 ] [ 1251 1822 1905 ] [   73   33   11 ] [  16485   8219   6692 ] [ 0 ],1.00,1.00,1.00,1.20,30.26,32.15,0.00,0.00,0.00,0.00,0.00,0.00,0.00,0.00,0.00,0.00,0.00,0.00,-0.00,-0.00,0.00,0
2.52479,29,24,179,0,DRIVE [ 06 ] [ 1 ] [ 1313 1844 1905 ] [    0    0    0 ] [      0      0      0 ] [ 0 ],drive [ 05 ] [ 0 ] [ 1279 1830 1905 ] [   73   33   11 ] [  16483   8189   6666 ] [ 0 ],1.00,1.00,1.00,1.20,28.55,28.83,0.00,0.00,0.00,0.00,0.00,0.00,0.00,0.00,0.00,0.00,0.00,0.00,-0.00,-0.00,0.00,0
2.53679,27,21,178,0,DRIVE [ 06 ] [ 1 ] [ 1344 1858 1905 ] [    0    0    0 ] [      0      0      0 ] [ 0 ],drive [ 06 ] [ 0 ] [ 1313 1844 1905 ] [   62   23   12 ] [  16483   8189   6666 ] [ 0 ],1.00,1.00,1.00,1.20,27.07,25.79,0.00,0.00,0.00,0.00,0.00,0.00,0.00,0.00,0.00,0.00,0.00,0.00,-0.00,-0.00,0.00,0
2.54856,26,19,176,0,DRIVE [ 07 ] [ 1 ] [ 1374 1870 1905 ] [    0    0    0 ] [      0      0      0 ] [ 0 ],drive [ 06 ] [ 0 ] [ 1344 1858 1905 ] [   62   23   12 ] [  16483   8189   6666 ] [ 0 ],1.00,1.00,1.00,1.20,25.65,22.93,0.00,0.00,0.00,0.00,0.00,0.00,0.00,0.00,0.00,0.00,0.00,0.00,-0.00,-0.00,0.00,0
2.56036,24,17,174,0,DRIVE [ 07 ] [ 1 ] [ 1403 1881 1905 ] [    0    0    0 ] [      0      0      0 ] [ 0 ],drive [ 07 ] [ 0 ] [ 1374 1870 1905 ] [   62   23   12 ] [  16483   8189   6666 ] [ 0 ],1.00,1.00,1.00,1.20,24.21,20.29,0.00,0.00,0.00,0.00,0.00,0.00,0.00,0.00,0.00,0.00,0.00,0.00,-0.00,-0.00,0.00,0
2.57235,23,15,173,0,DRIVE [ 08 ] [ 1 ] [ 1435 1891 1905 ] [    0    0    0 ] [      0      0      0 ] [ 0 ],drive [ 07 ] [ 0 ] [ 1403 1881 1905 ] [   62   23   12 ] [  16484   7878   6665 ] [ 0 ],1.00,1.00,1.00,1.20,22.60,17.81,0.00,0.00,0.00,0.00,0.00,0.00,0.00,0.00,0.00,0.00,0.00,0.00,-0.00,-0.00,0.00,0
2.58439,21,13,171,0,DRIVE [ 08 ] [ 1 ] [ 1470 1898 1905 ] [    0    0    0 ] [      0      0      0 ] [ 0 ],drive [ 08 ] [ 0 ] [ 1435 1891 1905 ] [   50   23   11 ] [  16484   7878   6665 ] [ 0 ],1.00,1.00,1.00,1.20,20.85,15.58,0.00,0.00,0.00,0.00,0.00,0.00,0.00,0.00,0.00,0.00,0.00,0.00,-0.00,-0.00,0.00,0
2.59643,19,11,170,0,DRIVE [ 09 ] [ 1 ] [ 1507 1902 1905 ] [    0    0    0 ] [      0      0      0 ] [ 0 ],drive [ 08 ] [ 0 ] [ 1470 1898 1905 ] [   50   23   11 ] [  16484   7878   6665 ] [ 0 ],1.00,1.00,1.00,1.20,18.95,13.67,0.00,0.00,0.00,0.00,0.00,0.00,0.00,0.00,0.00,0.00,0.00,0.00,-0.00,-0.00,0.00,0
2.60792,17,10,168,0,DRIVE [ 09 ] [ 1 ] [ 1547 1905 1905 ] [    0    0    0 ] [      0      0      0 ] [ 0 ],drive [ 09 ] [ 0 ] [ 1507 1902 1905 ] [   50   23   11 ] [  16484   7878   6665 ] [ 0 ],1.00,1.00,1.00,1.20,16.89,11.91,0.00,0.00,0.00,0.00,0.00,0.00,0.00,0.00,0.00,0.00,0.00,0.00,-0.00,-0.00,0.00,0
2.62003,15,9,167,0,DRIVE [ 10 ] [ 1 ] [ 1591 1905 1905 ] [    0    0    0 ] [      0      0      0 ] [ 0 ],drive [ 09 ] [ 0 ] [ 1547 1905 1905 ] [   50   23   11 ] [  16478   7674   6666 ] [ 0 ],1.00,1.00,1.00,1.20,14.75,10.24,0.00,0.00,0.00,0.00,0.00,0.00,0.00,0.00,0.00,0.00,0.00,0.00,-0.00,-0.00,0.00,0
2.63182,13,7,165,0,DRIVE [ 10 ] [ 1 ] [ 1634 1905 1904 ] [    0    0    0 ] [      0      0      0 ] [ 0 ],drive [ 10 ] [ 0 ] [ 1591 1905 1905 ] [   50   23   11 ] [  16478   7674   6666 ] [ 0 ],1.00,1.00,1.00,1.20,12.64,8.70,0.00,0.00,0.00,0.00,0.00,0.00,0.00,0.00,0.00,0.00,0.00,0.00,-0.00,-0.00,0.00,0
2.64331,11,6,163,0,DRIVE [ 11 ] [ 1 ] [ 1678 1905 1903 ] [    0    0    0 ] [      0      0      0 ] [ 0 ],drive [ 10 ] [ 0 ] [ 1634 1905 1904 ] [   35   25   12 ] [  16478   7674   6666 ] [ 0 ],1.00,1.00,1.00,1.20,10.60,7.13,0.00,0.00,0.00,0.00,0.00,0.00,0.00,0.00,0.00,0.00,0.00,0.00,-0.00,-0.00,0.00,0
2.65527,9,5,162,0,DRIVE [ 11 ] [ 1 ] [ 1723 1905 1902 ] [    0    0    0 ] [      0      0      0 ] [ 0 ],drive [ 11 ] [ 0 ] [ 1678 1905 1903 ] [   35   25   12 ] [  16478   7674   6666 ] [ 0 ],1.00,1.00,1.00,1.20,8.60,5.58,0.00,0.00,0.00,0.00,0.00,0.00,0.00,0.00,0.00,0.00,0.00,0.00,-0.00,-0.00,0.00,0
2.66709,7,3,160,0,DRIVE [ 12 ] [ 1 ] [ 1767 1905 1901 ] [    0    0    0 ] [      0      0      0 ] [ 0 ],drive [ 11 ] [ 0 ] [ 1723 1905 1902 ] [   35   25   12 ] [  16478   7674   6666 ] [ 0 ],1.00,1.00,1.00,1.20,6.66,4.06,0.00,0.00,0.00,0.00,0.00,0.00,0.00,0.00,0.00,0.00,0.00,0.00,-0.00,-0.00,0.00,0
2.67863,5,2,159,0,DRIVE [ 12 ] [ 1 ] [ 1810 1905 1899 ] [    0    0    0 ] [      0      0      0 ] [ 0 ],drive [ 12 ] [ 0 ] [ 1767 1905 1901 ] [   35   25   12 ] [  16455   7653   6665 ] [ 0 ],1.00,1.00,1.00,1.20,4.84,2.55,0.00,0.00,0.00,0.00,0.00,0.00,0.00,0.00,0.00,0.00,0.00,0.00,-0.00,-0.00,0.00,0
2.68984,3,1,157,0,DRIVE [ 13 ] [ 1 ] [ 1851 1905 1897 ] [    0    0    0 ] [      0      0      0 ] [ 0 ],drive [ 12 ] [ 0 ] [ 1810 1905 1899 ] [   45   23   11 ] [  16455   7653   6665 ] [ 0 ],1.00,1.00,1.00,1.20,3.16,1.08,0.00,0.00,0.00,0.00,0.00,0.00,0.00,0.00,0.00,0.00,0.00,0.00,-0.00,-0.00,0.00,0
2.70156,2,0,156,0,DRIVE [ 13 ] [ 1 ] [ 1886 1905 1894 ] [    0    0    0 ] [      0      0      0 ] [ 0 ],drive [ 13 ] [ 0 ] [ 1851 1905 1897 ] [   45   23   11 ] [  16455   7653   6665 ] [ 0 ],1.00,1.00,1.00,1.20,1.61,-0.29,0.00,0.00,0.00,0.00,0.00,0.00,0.00,0.00,0.00,0.00,0.00,0.00,-0.00,0.00,0.00,0
2.71322,0,-2,154,0,DRIVE [ 14 ] [ 1 ] [ 1886 1903 1875 ] [    0    0    0 ] [      0      0      0 ] [ 0 ],drive [ 13 ] [ 0 ] [ 1886 1905 1894 ] [   45   23   11 ] [  16455   7653   6665 ] [ 0 ],1.00,1.00,1.00,1.20,-0.27,-1.67,0.00,0.00,0.00,0.00,0.00,0.00,0.00,0.00,0.00,0.00,0.00,0.00,0.00,0.00,0.00,0
2.72438,-2,-3,152,0,DRIVE [ 14 ] [ 1 ] [ 1886 1887 1858 ] [    0    0    0 ] [      0      0      0 ] [ 0 ],drive [ 14 ] [ 0 ] [ 1886 1903 1875 ] [   45   23   11 ] [  16143   7616   6665 ] [ 0 ],1.00,1.00,1.00,1.20,-1.96,-2.79,0.00,0.00,0.00,0.00,0.00,0.00,0.00,0.00,0.00,0.00,0.00,0.00,0.00,0.00,0.00,0
2.73742,-3,-4,151,0,DRIVE [ 15 ] [ 1 ] [ 1886 1871 1841 ] [    0    0    0 ] [      0      0      0 ] [ 0 ],drive [ 14 ] [ 0 ] [ 1886 1887 1858 ] [   29   13   12 ] [  16143   7616   6665 ] [ 0 ],1.00,1.00,1.00,1.20,-3.44,-3.68,0.00,0.00,0.00,0.00,0.00,0.00,0.00,0.00,0.00,0.00,0.00,0.00,0.00,0.00,0.00,0
2.74896,-5,-4,149,0,DRIVE [ 15 ] [ 1 ] [ 1886 1858 1827 ] [    0    0    0 ] [      0      0      0 ] [ 0 ],drive [ 15 ] [ 0 ] [ 1886 1871 1841 ] [   29   13   12 ] [  16143   7616   6665 ] [ 0 ],1.00,1.00,1.00,1.20,-4.67,-4.35,0.00,0.00,0.00,0.00,0.00,0.00,0.00,0.00,0.00,0.00,0.00,0.00,0.00,0.00,0.00,0
2.76027,-6,-5,147,0,DRIVE [ 16 ] [ 1 ] [ 1886 1846 1815 ] [    0    0    0 ] [      0      0      0 ] [ 0 ],drive [ 15 ] [ 0 ] [ 1886 1858 1827 ] [   29   13   12 ] [  16143   7616   6665 ] [ 0 ],1.00,1.00,1.00,1.20,-5.68,-4.88,0.00,0.00,0.00,0.00,0.00,0.00,0.00,0.00,0.00,0.00,0.00,0.00,0.00,0.00,0.00,0
2.77192,-6,-5,146,0,DRIVE [ 16 ] [ 1 ] [ 1886 1837 1806 ] [    0    0    0 ] [      0      0      0 ] [ 0 ],drive [ 16 ] [ 0 ] [ 1886 1846 1815 ] [   29   13   12 ] [  15704   7619   6680 ] [ 0 ],1.00,1.00,1.00,1.20,-6.46,-5.25,0.00,0.00,0.00,0.00,0.00,0.00,0.00,0.00,0.00,0.00,0.00,0.00,0.00,0.00,0.00,0
2.78346,-7,-5,144,0,DRIVE [ 17 ] [ 1 ] [ 1886 1829 1800 ] [    0    0    0 ] [      0      0      0 ] [ 0 ],drive [ 16 ] [ 0 ] [ 1886 1837 1806 ] [   14   19    8 ] [  15704   7619   6680 ] [ 0 ],1.00,1.00,1.00,1.20,-7.06,-5.45,0.00,0.00,0.00,0.00,0.00,0.00,0.00,0.00,0.00,0.00,0.00,0.00,0.00,0.00,0.00,0
2.7949,-8,-6,142,0,DRIVE [ 17 ] [ 1 ] [ 1886 1822 1794 ] [    0    0    0 ] [      0      0      0 ] [ 0 ],drive [ 17 ] [ 0 ] [ 1886 1829 1800 ] [   14   19    8 ] [  15704   7619   6680 ] [ 0 ],1.00,1.00,1.00,1.20,-7.60,-5.64,0.00,0.00,0.00,0.00,0.00,0.00,0.00,0.00,0.00,0.00,0.00,0.00,0.00,0.00,0.00,0
2.8077,-8,-6,141,0,DRIVE [ 18 ] [ 1 ] [ 1886 1815 1788 ] [    0    0    0 ] [      0      0      0 ] [ 0 ],drive [ 17 ] [ 0 ] [ 1886 1822 1794 ] [   14   19    8 ] [  15704   7619   6680 ] [ 0 ],1.00,1.00,1.00,1.20,-8.12,-5.84,0.00,0.00,0.00,0.00,0.00,0.00,0.00,0.00,0.00,0.00,0.00,0.00,0.00,0.00,0.00,0
2.81935,-9,-6,139,0,DRIVE [ 18 ] [ 1 ] [ 1886 1808 1781 ] [    0    0    0 ] [      0      0      0 ] [ 0 ],drive [ 18 ] [ 0 ] [ 1886 1815 1788 ] [   14   19    8 ] [  15692   7621   6682 ] [ 0 ],1.00,1.00,1.00,1.20,-8.66,-6.09,0.00,0.00,0.00,0.00,0.00,0.00,0.00,0.00,0.00,0.00,0.00,0.00,0.00,0.00,0.00,0
2.83076,-9,-6,138,0,DRIVE [ 19 ] [ 1 ] [ 1886 1799 1773 ] [    0    0    0 ] [      0      0      0 ] [ 0 ],drive [ 18 ] [ 0 ] [ 1886 1808 1781 ] [   14   19    8 ] [  15692   7621   6682 ] [ 0 ],1.00,1.00,1.00,1.20,-9.26,-6.30,0.00,0.00,0.00,0.00,0.00,0.00,0.00,0.00,0.00,0.00,0.00,0.00,0.00,0.00,0.00,0
2.84159,-10,-7,136,0,DRIVE [ 19 ] [ 1 ] [ 1886 1789 1765 ] [    0    0    0 ] [      0      0      0 ] [ 0 ],drive [ 19 ] [ 0 ] [ 1886 1799 1773 ] [   13   23   10 ] [  15692   7621   6682 ] [ 0 ],1.00,1.00,1.00,1.20,-9.96,-6.55,0.00,0.00,0.00,0.00,0.00,0.00,0.00,0.00,0.00,0.00,0.00,0.00,0.00,0.00,0.00,0
2.85328,-11,-7,134,0,DRIVE [ 20 ] [ 1 ] [ 1886 1779 1757 ] [    0    0    0 ] [      0      0      0 ] [ 0 ],drive [ 19 ] [ 0 ] [ 1886 1789 1765 ] [   13   23   10 ] [  15692   7621   6682 ] [ 0 ],1.00,1.00,1.00,1.20,-10.66,-6.75,0.00,0.00,0.00,0.00,0.00,0.00,0.00,0.00,0.00,0.00,0.00,0.00,0.00,0.00,0.00,0
2.86473,-11,-7,133,0,DRIVE [ 20 ] [ 1 ] [ 1886 1768 1750 ] [    0    0    0 ] [      0      0      0 ] [ 0 ],drive [ 20 ] [ 0 ] [ 1886 1779 1757 ] [   13   23   10 ] [  15692   7621   6682 ] [ 0 ],1.00,1.00,1.00,1.20,-11.33,-6.93,0.00,0.00,0.00,0.00,0.00,0.00,0.00,0.00,0.00,0.00,0.00,0.00,0.00,0.00,0.00,0
2.87613,-12,-7,131,0,DRIVE [ 21 ] [ 1 ] [ 1886 1757 1743 ] [    0    0    0 ] [      0      0      0 ] [ 0 ],drive [ 20 ] [ 0 ] [ 1886 1768 1750 ] [   13   23   10 ] [  15665   7621   6705 ] [ 0 ],1.00,1.00,1.00,1.20,-11.99,-7.04,0.00,0.00,0.00,0.00,0.00,0.00,0.00,0.00,0.00,0.00,0.00,0.00,0.00,0.00,0.00,0
2.88708,-13,-7,130,0,DRIVE [ 21 ] [ 1 ] [ 1886 1747 1737 ] [    0    0    0 ] [      0      0      0 ] [ 0 ],drive [ 21 ] [ 0 ] [ 1886 1757 1743 ] [   22   28   32 ] [  15665   7621   6705 ] [ 0 ],1.00,1.00,1.00,1.20,-12.62,-7.13,0.00,0.00,0.00,0.00,0.00,0.00,0.00,0.00,0.00,0.00,0.00,0.00,0.00,0.00,0.00,0
2.89832,-13,-7,128,0,DRIVE [ 22 ] [ 1 ] [ 1886 1737 1732 ] [    0    0    0 ] [      0      0      0 ] [ 0 ],drive [ 21 ] [ 0 ] [ 1886 1747 1737 ] [   22   28   32 ] [  15665   7621   6705 ] [ 0 ],1.00,1.00,1.00,1.20,-13.16,-7.14,0.00,0.00,0.00,0.00,0.00,0.00,0.00,0.00,0.00,0.00,0.00,0.00,0.00,0.00,0.00,0
2.9091,-14,-7,126,0,DRIVE [ 22 ] [ 1 ] [ 1886 1729 1729 ] [    0    0    0 ] [      0      0      0 ] [ 0 ],drive [ 22 ] [ 0 ] [ 1886 1737 1732 ] [   22   28   32 ] [  15665   7621   6705 ] [ 0 ],1.00,1.00,1.00,1.20,-13.57,-7.08,0.00,0.00,0.00,0.00,0.00,0.00,0.00,0.00,0.00,0.00,0.00,0.00,0.00,0.00,0.00,0
2.92022,-14,-7,125,0,DRIVE [ 23 ] [ 1 ] [ 1886 1721 1727 ] [    0    0    0 ] [      0      0      0 ] [ 0 ],drive [ 22 ] [ 0 ] [ 1886 1729 1729 ] [   22   28   32 ] [  15572   7625   6833 ] [ 0 ],1.00,1.00,1.00,1.20,-13.87,-6.94,0.00,0.00,0.00,0.00,0.00,0.00,0.00,0.00,0.00,0.00,0.00,0.00,0.00,0.00,0.00,0
2.9315,-14,-7,124,0,DRIVE [ 23 ] [ 1 ] [ 1886 1715 1727 ] [    0    0    0 ] [      0      0      0 ] [ 0 ],drive [ 23 ] [ 0 ] [ 1886 1721 1727 ] [   22   28   32 ] [  15572   7625   6833 ] [ 0 ],1.00,1.00,1.00,1.20,-14.06,-6.73,0.00,0.00,0.00,0.00,0.00,0.00,0.00,0.00,0.00,0.00,0.00,0.00,0.00,0.00,0.00,0
2.94254,-14,-6,122,0,DRIVE [ 24 ] [ 1 ] [ 1886 1710 1728 ] [    0    0    0 ] [      0      0      0 ] [ 0 ],drive [ 23 ] [ 0 ] [ 1886 1715 1727 ] [    3   35   42 ] [  15572   7625   6833 ] [ 0 ],1.00,1.00,1.00,1.20,-14.18,-6.43,0.00,0.00,0.00,0.00,0.00,0.00,0.00,0.00,0.00,0.00,0.00,0.00,0.00,0.00,0.00,0
2.95301,-14,-6,121,0,DRIVE [ 24 ] [ 1 ] [ 1886 1704 1732 ] [    0    0    0 ] [      0      0      0 ] [ 0 ],drive [ 24 ] [ 0 ] [ 1886 1710 1728 ] [    3   35   42 ] [  15572   7625   6833 ] [ 0 ],1.00,1.00,1.00,1.20,-14.24,-6.05,0.00,0.00,0.00,0.00,0.00,0.00,0.00,0.00,0.00,0.00,0.00,0.00,0.00,0.00,0.00,0
2.96419,-14,-6,119,0,DRIVE [ 25 ] [ 1 ] [ 1886 1699 1735 ] [    0    0    0 ] [      0      0      0 ] [ 0 ],drive [ 24 ] [ 0 ] [ 1886 1704 1732 ] [    3   35   42 ] [  15572   7625   6833 ] [ 0 ],1.00,1.00,1.00,1.20,-14.28,-5.64,0.00,0.00,0.00,0.00,0.00,0.00,0.00,0.00,0.00,0.00,0.00,0.00,0.00,0.00,0.00,0
2.97486,-14,-5,118,0,DRIVE [ 25 ] [ 1 ] [ 1886 1694 1739 ] [    0    0    0 ] [      0      0      0 ] [ 0 ],drive [ 25 ] [ 0 ] [ 1886 1699 1735 ] [    3   35   42 ] [  15494   7628   6923 ] [ 0 ],1.00,1.00,1.00,1.20,-14.29,-5.21,0.00,0.00,0.00,0.00,0.00,0.00,0.00,0.00,0.00,0.00,0.00,0.00,0.00,0.00,0.00,0
2.98618,-14,-5,116,0,DRIVE [ 26 ] [ 1 ] [ 1886 1688 1745 ] [    0    0    0 ] [      0      0      0 ] [ 0 ],drive [ 25 ] [ 0 ] [ 1886 1694 1739 ] [   18   41   32 ] [  15494   7628   6923 ] [ 0 ],1.00,1.00,1.00,1.20,-14.29,-4.68,0.00,0.00,0.00,0.00,0.00,0.00,0.00,0.00,0.00,0.00,0.00,0.00,0.00,0.00,0.00,0
2.99722,-14,-4,115,0,DRIVE [ 26 ] [ 1 ] [ 1886 1682 1752 ] [    0    0    0 ] [      0      0      0 ] [ 0 ],drive [ 26 ] [ 0 ] [ 1886 1688 1745 ] [   18   41   32 ] [  15494   7628   6923 ] [ 0 ],1.00,1.00,1.00,1.20,-14.26,-4.07,0.00,0.00,0.00,0.00,0.00,0.00,0.00,0.00,0.00,0.00,0.00,0.00,0.00,0.00,0.00,0
3.00933,-14,-3,113,0,DRIVE [ 27 ] [ 1 ] [ 1886 1676 1760 ] [    0    0    0 ] [      0      0      0 ] [ 0 ],drive [ 26 ] [ 0 ] [ 1886 1682 1752 ] [   18   41   32 ] [  15494   7628   6923 ] [ 0 ],1.00,1.00,1.00,1.20,-14.16,-3.41,0.00,0.00,0.00,0.00,0.00,0.00,0.00,0.00,0.00,0.00,0.00,0.00,0.00,0.00,0.00,0
3.01977,-14,-3,112,0,DRIVE [ 27 ] [ 1 ] [ 1886 1671 1768 ] [    0    0    0 ] [      0      0      0 ] [ 0 ],drive [ 27 ] [ 0 ] [ 1886 1676 1760 ] [   18   41   32 ] [  15469   7635   6955 ] [ 0 ],1.00,1.00,1.00,1.20,-13.97,-2.75,0.00,0.00,0.00,0.00,0.00,0.00,0.00,0.00,0.00,0.00,0.00,0.00,0.00,0.00,0.00,0
3.03097,-14,-2,111,0,DRIVE [ 28 ] [ 1 ] [ 1886 1667 1777 ] [    0    0    0 ] [      0      0      0 ] [ 0 ],drive [ 27 ] [ 0 ] [ 1886 1671 1768 ] [   18   41   32 ] [  15469   7635   6955 ] [ 0 ],1.00,1.00,1.00,1.20,-13.73,-2.14,0.00,0.00,0.00,0.00,0.00,0.00,0.00,0.00,0.00,0.00,0.00,0.00,0.00,0.00,0.00,0
3.04147,-13,-2,109,0,DRIVE [ 28 ] [ 1 ] [ 1886 1663 1785 ] [    0    0    0 ] [      0      0      0 ] [ 0 ],drive [ 28 ] [ 0 ] [ 1886 1667 1777 ] [   18   43   31 ] [  15469   7635   6955 ] [ 0 ],1.00,1.00,1.00,1.20,-13.48,-1.54,0.00,0.00,0.00,0.00,0.00,0.00,0.00,0.00,0.00,0.00,0.00,0.00,0.00,0.00,0.00,0
3.0527,-13,-1,108,0,DRIVE [ 29 ] [ 1 ] [ 1886 1658 1793 ] [    0    0    0 ] [      0      0      0 ] [ 0 ],drive [ 28 ] [ 0 ] [ 1886 1663 1785 ] [   18   43   31 ] [  15469   7635   6955 ] [ 0 ],1.00,1.00,1.00,1.20,-13.27,-0.95,0.00,0.00,0.00,0.00,0.00,0.00,0.00,0.00,0.00,0.00,0.00,0.00,0.00,0.00,0.00,0
3.06351,-13,0,107,0,DRIVE [ 29 ] [ 1 ] [ 1886 1652 1801 ] [    0    0    0 ] [      0      0      0 ] [ 0 ],drive [ 29 ] [ 0 ] [ 1886 1658 1793 ] [   18   43   31 ] [  15469   7635   6955 ] [ 0 ],1.00,1.00,1.00,1.20,-13.10,-0.36,0.00,0.00,0.00,0.00,0.00,0.00,0.00,0.00,0.00,0.00,0.00,0.00,0.00,0.00,0.00,0
3.07385,-13,0,105,0,DRIVE [ 30 ] [ 1 ] [ 1886 1644 1808 ] [    0    0    0 ] [      0      0      0 ] [ 0 ],drive [ 29 ] [ 0 ] [ 1886 1652 1801 ] [   18   43   31 ] [  15468   7636   6954 ] [ 0 ],1.00,1.00,1.00,1.20,-12.94,0.25,0.00,0.00,0.00,0.00,0.00,0.00,0.00,0.00,0.00,0.00,0.00,0.00,0.00,0.00,0.00,0
3.08477,-13,1,104,0,DRIVE [ 30 ] [ 1 ] [ 1886 1636 1816 ] [    0    0    0 ] [      0      0      0 ] [ 0 ],drive [ 30 ] [ 0 ] [ 1886 1644 1808 ] [   18   48   27 ] [  15468   7636   6954 ] [ 0 ],1.00,1.00,1.00,1.20,-12.76,0.89,0.00,0.00,0.00,0.00,0.00,0.00,0.00,0.00,0.00,0.00,0.00,0.00,0.00,0.00,0.00,0
3.09528,-13,1,103,0,DRIVE [ 31 ] [ 1 ] [ 1886 1627 1824 ] [    0    0    0 ] [      0      0      0 ] [ 0 ],drive [ 30 ] [ 0 ] [ 1886 1636 1816 ] [   18   48   27 ] [  15468   7636   6954 ] [ 0 ],1.00,1.00,1.00,1.20,-12.57,1.52,0.00,0.00,0.00,0.00,0.00,0.00,0.00,0.00,0.00,0.00,0.00,0.00,0.00,0.00,0.00,0
3.10608,-12,2,101,0,DRIVE [ 31 ] [ 1 ] [ 1886 1617 1832 ] [    0    0    0 ] [      0      0      0 ] [ 0 ],drive [ 31 ] [ 0 ] [ 1886 1627 1824 ] [   18   48   27 ] [  15468   7636   6954 ] [ 0 ],1.00,1.00,1.00,1.20,-12.35,2.13,0.00,0.00,0.00,0.00,0.00,0.00,0.00,0.00,0.00,0.00,0.00,0.00,0.00,0.00,0.00,0
3.11709,-12,2,100,0,DRIVE [ 32 ] [ 1 ] [ 1886 1608 1839 ] [    0    0    0 ] [      0      0      0 ] [ 0 ],drive [ 31 ] [ 0 ] [ 1886 1617 1832 ] [   18   48   27 ] [  15468   7636   6954 ] [ 0 ],1.00,1.00,1.00,1.20,-12.17,2.67,0.00,0.00,0.00,0.00,0.00,0.00,0.00,0.00,0.00,0.00,0.00,0.00,0.00,0.00,0.00,0
3.12775,-12,3,99,0,DRIVE [ 32 ] [ 1 ] [ 1886 1598 1846 ] [    0    0    0 ] [      0      0      0 ] [ 0 ],drive [ 32 ] [ 0 ] [ 1886 1608 1839 ] [   18   48   27 ] [  15400   7692   6953 ] [ 0 ],1.00,1.00,1.00,1.20,-12.00,3.17,0.00,0.00,0.00,0.00,0.00,-0.00,0.00,0.00,0.00,0.00,0.00,0.00,0.00,0.00,0.00,0
3.13818,-12,3,97,0,DRIVE [ 33 ] [ 1 ] [ 1886 1587 1852 ] [    0    0    0 ] [      0      0      0 ] [ 0 ],drive [ 32 ] [ 0 ] [ 1886 1598 1846 ] [    3   31   22 ] [  15400   7692   6953 ] [ 0 ],1.00,1.00,1.00,1.20,-11.86,3.64,0.00,0.00,0.00,0.00,0.00,-0.00,0.00,0.00,0.00,0.00,0.00,0.00,0.00,0.00,0.00,0
3.14891,-12,3,96,0,DRIVE [ 33 ] [ 1 ] [ 1886 1575 1857 ] [    0    0    0 ] [      0      0      0 ] [ 0 ],drive [ 33 ] [ 0 ] [ 1886 1587 1852 ] [    3   31   22 ] [  15400   7692   6953 ] [ 0 ],1.00,1.00,1.00,1.20,-11.80,4.09,0.00,0.00,0.00,0.00,0.00,-0.00,0.00,0.00,0.00,0.00,0.00,0.00,0.00,0.00,0.00,0
3.15932,-12,4,95,0,DRIVE [ 34 ] [ 1 ] [ 1886 1562 1861 ] [    0    0    0 ] [      0      0      0 ] [ 0 ],drive [ 33 ] [ 0 ] [ 1886 1575 1857 ] [    3   31   22 ] [  15400   7692   6953 ] [ 0 ],1.00,1.00,1.00,1.20,-11.76,4.49,0.00,0.00,0.00,0.00,0.00,-0.00,0.00,0.00,0.00,0.00,0.00,0.00,0.00,0.00,0.00,0
3.17031,-12,4,94,0,DRIVE [ 34 ] [ 1 ] [ 1886 1550 1865 ] [    0    0    0 ] [      0      0      0 ] [ 0 ],drive [ 34 ] [ 0 ] [ 1886 1562 1861 ] [    3   31   22 ] [  15324   7739   6949 ] [ 0 ],1.00,1.00,1.00,1.20,-11.72,4.83,0.00,0.00,0.00,0.00,0.00,-0.00,0.00,0.00,0.00,0.00,0.00,0.00,0.00,0.00,0.00,0
3.18095,-12,4,92,0,DRIVE [ 35 ] [ 1 ] [ 1886 1539 1868 ] [    0    0    0 ] [      0      0      0 ] [ 0 ],drive [ 34 ] [ 0 ] [ 1886 1550 1865 ] [    3   31   22 ] [  15324   7739   6949 ] [ 0 ],1.00,1.00,1.00,1.20,-11.70,5.10,0.00,0.00,0.00,0.00,0.00,-0.00,0.00,0.00,0.00,0.00,0.00,0.00,0.00,0.00,0.00,0
3.19232,-12,4,91,0,DRIVE [ 35 ] [ 1 ] [ 1886 1530 1870 ] [    0    0    0 ] [      0      0      0 ] [ 0 ],drive [ 35 ] [ 0 ] [ 1886 1539 1868 ] [   10   36   18 ] [  15324   7739   6949 ] [ 0 ],1.00,1.00,1.00,1.20,-11.67,5.29,0.00,0.00,0.00,0.00,0.00,-0.00,0.00,0.00,0.00,0.00,0.00,0.00,0.00,0.00,0.00,0
3.20258,-12,5,90,0,DRIVE [ 36 ] [ 1 ] [ 1886 1524 1872 ] [    0    0    0 ] [      0      0      0 ] [ 0 ],drive [ 35 ] [ 0 ] [ 1886 1530 1870 ] [   10   36   18 ] [  15324   7739   6949 ] [ 0 ],1.00,1.00,1.00,1.20,-11.59,5.41,0.00,0.00,0.00,0.00,0.00,-0.00,0.00,0.00,0.00,0.00,0.00,0.00,0.00,0.00,0.00,0
3.21316,-11,5,89,0,DRIVE [ 36 ] [ 1 ] [ 1886 1521 1873 ] [    0    0    0 ] [      0      0      0 ] [ 0 ],drive [ 36 ] [ 0 ] [ 1886 1524 1872 ] [   10   36   18 ] [  15324   7739   6949 ] [ 0 ],1.00,1.00,1.00,1.20,-11.43,5.43,0.00,0.00,0.00,0.00,0.00,-0.00,0.00,0.00,0.00,0.00,0.00,0.00,0.00,0.00,0.00,0
3.22326,-11,5,88,0,DRIVE [ 37 ] [ 1 ] [ 1886 1521 1874 ] [    0    0    0 ] [      0      0      0 ] [ 0 ],drive [ 36 ] [ 0 ] [ 1886 1521 1873 ] [   10   36   18 ] [  15228   7946   6939 ] [ 0 ],1.00,1.00,1.00,1.20,-11.23,5.41,0.00,0.00,0.00,0.00,0.00,-0.00,0.00,0.00,0.00,0.00,0.00,0.00,0.00,0.00,0.00,0
3.23397,-11,4,86,0,DRIVE [ 37 ] [ 1 ] [ 1886 1526 1875 ] [    0    0    0 ] [      0      0      0 ] [ 0 ],drive [ 37 ] [ 0 ] [ 1886 1521 1874 ] [    6   59    6 ] [  15228   7946   6939 ] [ 0 ],1.00,1.00,1.00,1.20,-10.96,5.27,0.00,0.00,0.00,0.00,0.00,-0.00,0.00,0.00,0.00,0.00,0.00,0.00,0.00,0.00,0.00,0
3.24438,-11,4,85,0,DRIVE [ 38 ] [ 1 ] [ 1886 1532 1874 ] [    0    0    0 ] [      0      0      0 ] [ 0 ],drive [ 37 ] [ 0 ] [ 1886 1526 1875 ] [    6   59    6 ] [  15228   7946   6939 ] [ 0 ],1.00,1.00,1.00,1.20,-10.68,5.09,0.00,0.00,0.00,0.00,0.00,-0.00,0.00,0.00,0.00,0.00,0.00,0.00,0.00,0.00,0.00,0
3.25444,-10,4,84,0,DRIVE [ 38 ] [ 1 ] [ 1886 1539 1874 ] [    0    0    0 ] [      0      0      0 ] [ 0 ],drive [ 38 ] [ 0 ] [ 1886 1532 1874 ] [    6   59    6 ] [  15228   7946   6939 ] [ 0 ],1.00,1.00,1.00,1.20,-10.43,4.90,0.00,0.00,0.00,0.00,0.00,-0.00,0.00,0.00,0.00,0.00,0.00,0.00,0.00,0.00,0.00,0
3.26487,-10,4,83,0,DRIVE [ 39 ] [ 1 ] [ 1886 1546 1872 ] [    0    0    0 ] [      0      0      0 ] [ 0 ],drive [ 38 ] [ 0 ] [ 1886 1539 1874 ] [    6   59    6 ] [  15228   7946   6939 ] [ 0 ],1.00,1.00,1.00,1.20,-10.19,4.66,0.00,0.00,0.00,0.00,0.00,-0.00,0.00,0.00,0.00,0.00,0.00,0.00,0.00,0.00,0.00,0
3.27538,-10,4,82,0,DRIVE [ 39 ] [ 1 ] [ 1886 1554 1870 ] [    0    0    0 ] [      0      0      0 ] [ 0 ],drive [ 39 ] [ 0 ] [ 1886 1546 1872 ] [    6   59    6 ] [  15221   8035   6925 ] [ 0 ],1.00,1.00,1.00,1.20,-9.99,4.38,0.00,0.00,0.00,0.00,0.00,-0.00,0.00,0.00,0.00,0.00,0.00,0.00,0.00,0.00,0.00,0
3.28518,-10,3,81,0,DRIVE [ 40 ] [ 1 ] [ 1886 1561 1868 ] [    0    0    0 ] [      0      0      0 ] [ 0 ],drive [ 39 ] [ 0 ] [ 1886 1554 1870 ] [    6   42    5 ] [  15221   8035   6925 ] [ 0 ],1.00,1.00,1.00,1.20,-9.82,4.12,0.00,0.00,0.00,0.00,0.00,-0.00,0.00,0.00,0.00,0.00,0.00,0.00,0.00,0.00,0.00,0
3.29636,-10,3,80,0,DRIVE [ 40 ] [ 1 ] [ 1886 1566 1865 ] [    0    0    0 ] [      0      0      0 ] [ 0 ],drive [ 40 ] [ 0 ] [ 1886 1561 1868 ] [    6   42    5 ] [  15221   8035   6925 ] [ 0 ],1.00,1.00,1.00,1.20,-9.71,3.86,0.00,0.00,0.00,0.00,0.00,-0.00,0.00,0.00,0.00,0.00,0.00,0.00,0.00,-0.00,0.00,0
3.30635,-10,3,79,0,DRIVE [ 41 ] [ 1 ] [ 1886 1570 1862 ] [    0    0    0 ] [      0      0      0 ] [ 0 ],drive [ 40 ] [ 0 ] [ 1886 1566 1865 ] [    6   42    5 ] [  15221   8035   6925 ] [ 0 ],1.00,1.00,1.00,1.20,-9.62,3.62,0.00,0.00,0.00,0.00,0.00,-0.00,0.00,0.00,0.00,0.00,0.00,0.00,0.00,-0.00,0.00,0
3.31678,-10,3,78,0,DRIVE [ 41 ] [ 1 ] [ 1886 1574 1859 ] [    0    0    0 ] [      0      0      0 ] [ 0 ],drive [ 41 ] [ 0 ] [ 1886 1570 1862 ] [    6   42    5 ] [  15221   8034   6915 ] [ 0 ],1.00,1.00,1.00,1.20,-9.53,3.41,0.00,0.00,0.00,0.00,0.00,-0.00,0.00,0.00,0.00,0.00,0.00,0.00,0.00,-0.00,0.00,0
3.32699,-9,3,77,0,DRIVE [ 42 ] [ 1 ] [ 1886 1579 1856 ] [    0    0    0 ] [      0      0      0 ] [ 0 ],drive [ 41 ] [ 0 ] [ 1886 1574 1859 ] [    6   42    5 ] [  15221   8034   6915 ] [ 0 ],1.00,1.00,1.00,1.20,-9.43,3.19,0.00,0.00,0.00,0.00,0.00,-0.00,0.00,0.00,0.00,0.00,0.00,0.00,0.00,-0.00,0.00,0
3.33694,-9,2,76,0,DRIVE [ 42 ] [ 1 ] [ 1886 1582 1853 ] [    0    0    0 ] [      0      0      0 ] [ 0 ],drive [ 42 ] [ 0 ] [ 1886 1579 1856 ] [    6   39    9 ] [  15221   8034   6915 ] [ 0 ],1.00,1.00,1.00,1.20,-9.34,2.98,0.00,0.00,0.00,0.00,0.00,-0.00,0.00,0.00,0.00,0.00,0.00,0.00,0.00,-0.00,0.00,0
3.34727,-9,2,75,0,DRIVE [ 43 ] [ 1 ] [ 1886 1586 1851 ] [    0    0    0 ] [      0      0      0 ] [ 0 ],drive [ 42 ] [ 0 ] [ 1886 1582 1853 ] [    6   39    9 ] [  15221   8034   6915 ] [ 0 ],1.00,1.00,1.00,1.20,-9.24,2.78,0.00,0.00,0.00,0.00,0.00,-0.00,0.00,0.00,0.00,0.00,0.00,0.00,0.00,-0.00,0.00,0
3.35696,-9,2,74,0,DRIVE [ 43 ] [ 1 ] [ 1886 1589 1848 ] [    0    0    0 ] [      0      0      0 ] [ 0 ],drive [ 43 ] [ 0 ] [ 1886 1586 1851 ] [    6   39    9 ] [  15221   8034   6915 ] [ 0 ],1.00,1.00,1.00,1.20,-9.14,2.61,0.00,0.00,0.00,0.00,0.00,-0.00,0.00,0.00,0.00,0.00,0.00,0.00,0.00,-0.00,0.00,0
3.36718,-9,2,73,0,DRIVE [ 44 ] [ 1 ] [ 1886 1593 1846 ] [    0    0    0 ] [      0      0      0 ] [ 0 ],drive [ 43 ] [ 0 ] [ 1886 1589 1848 ] [    6   39    9 ] [  15221   8034   6915 ] [ 0 ],1.00,1.00,1.00,1.20,-9.01,2.44,0.00,0.00,0.00,0.00,0.00,-0.00,0.00,0.00,0.00,0.00,0.00,0.00,0.00,-0.00,0.00,0
3.37818,-9,2,72,0,DRIVE [ 44 ] [ 1 ] [ 1886 1596 1844 ] [    0    0    0 ] [      0      0      0 ] [ 0 ],drive [ 44 ] [ 0 ] [ 1886 1593 1846 ] [    6   39    9 ] [  15221   8034   6915 ] [ 0 ],1.00,1.00,1.00,1.20,-8.88,2.30,0.00,0.00,0.00,0.00,0.00,-0.00,0.00,0.00,0.00,0.00,0.00,0.00,0.00,-0.00,0.00,0
3.38996,-9,2,71,0,DRIVE [ 45 ] [ 1 ] [ 1886 1600 1843 ] [    0    0    0 ] [      0      0      0 ] [ 0 ],drive [ 44 ] [ 0 ] [ 1886 1596 1844 ] [    6   37   10 ] [  15221   8034   6915 ] [ 0 ],1.00,1.00,1.00,1.20,-8.72,2.15,0.00,0.00,0.00,0.00,0.00,-0.00,0.00,0.00,0.00,0.00,0.00,0.00,0.00,-0.00,0.00,0
3.40228,-9,2,70,0,DRIVE [ 45 ] [ 1 ] [ 1886 1604 1842 ] [    0    0    0 ] [      0      0      0 ] [ 0 ],drive [ 45 ] [ 0 ] [ 1886 1600 1843 ] [    6   37   10 ] [  15221   8034   6915 ] [ 0 ],1.00,1.00,1.00,1.20,-8.53,2.03,0.00,0.00,0.00,0.00,0.00,-0.00,0.00,0.00,0.00,0.00,0.00,0.00,0.00,-0.00,0.00,0
3.41426,-8,2,69,0,DRIVE [ 46 ] [ 1 ] [ 1886 1609 1843 ] [    0    0    0 ] [      0      0      0 ] [ 0 ],drive [ 45 ] [ 0 ] [ 1886 1604 1842 ] [    6   37   10 ] [  15221   8034   6915 ] [ 0 ],1.00,1.00,1.00,1.20,-8.29,1.97,0.00,0.00,0.00,0.00,0.00,-0.00,0.00,0.00,0.00,0.00,0.00,0.00,0.00,-0.00,0.00,0
3.42403,-8,2,68,0,DRIVE [ 46 ] [ 1 ] [ 1886 1613 1846 ] [    0    0    0 ] [      0      0      0 ] [ 0 ],drive [ 46 ] [ 0 ] [ 1886 1609 1843 ] [    6   37   10 ] [  15221   8034   6905 ] [ 0 ],1.00,1.00,1.00,1.20,-8.00,1.97,0.00,0.00,0.00,0.00,0.00,-0.00,0.00,0.00,0.00,0.00,0.00,0.00,0.00,-0.00,0.00,0
3.43429,-8,2,67,0,DRIVE [ 47 ] [ 1 ] [ 1886 1616 1850 ] [    0    0    0 ] [      0      0      0 ] [ 0 ],drive [ 46 ] [ 0 ] [ 1886 1613 1846 ] [    6   36   16 ] [  15221   8034   6905 ] [ 0 ],1.00,1.00,1.00,1.20,-7.67,2.06,0.00,0.00,0.00,0.00,0.00,-0.00,0.00,0.00,0.00,0.00,0.00,0.00,0.00,-0.00,0.00,0
3.44606,-7,2,66,0,DRIVE [ 47 ] [ 1 ] [ 1886 1619 1856 ] [    0    0    0 ] [      0      0      0 ] [ 0 ],drive [ 47 ] [ 0 ] [ 1886 1616 1850 ] [    6   36   16 ] [  15221   8034   6905 ] [ 0 ],1.00,1.00,1.00,1.20,-7.31,2.18,0.00,0.00,0.00,0.00,0.00,-0.00,0.00,0.00,0.00,0.00,0.00,0.00,0.00,-0.00,0.00,0
3.45803,-7,2,65,0,DRIVE [ 48 ] [ 1 ] [ 1886 1621 1863 ] [    0    0    0 ] [      0      0      0 ] [ 0 ],drive [ 47 ] [ 0 ] [ 1886 1619 1856 ] [    6   36   16 ] [  15221   8034   6905 ] [ 0 ],1.00,1.00,1.00,1.20,-6.92,2.35,0.00,0.00,0.00,0.00,0.00,-0.00,0.00,0.00,0.00,0.00,0.00,0.00,0.00,-0.00,0.00,0
3.47033,-7,2,64,0,DRIVE [ 48 ] [ 1 ] [ 1886 1623 1871 ] [    0    0    0 ] [      0      0      0 ] [ 0 ],drive [ 48 ] [ 0 ] [ 1886 1621 1863 ] [    6   36   16 ] [  15221   8033   6905 ] [ 0 ],1.00,1.00,1.00,1.20,-6.51,2.55,0.00,0.00,0.00,0.00,0.00,-0.00,0.00,0.00,0.00,0.00,0.00,0.00,0.00,-0.00,0.00,0
3.4819,-6,2,64,0,DRIVE [ 49 ] [ 1 ] [ 1886 1623 1880 ] [    0    0    0 ] [      0      0      0 ] [ 0 ],drive [ 48 ] [ 0 ] [ 1886 1623 1871 ] [    6   36   16 ] [  15221   8033   6905 ] [ 0 ],1.00,1.00,1.00,1.20,-6.08,2.80,0.00,0.00,0.00,0.00,0.00,-0.00,0.00,0.00,0.00,0.00,0.00,0.00,0.00,-0.00,0.00,0
3.49152,-6,3,63,0,DRIVE [ 49 ] [ 1 ] [ 1886 1619 1890 ] [    0    0    0 ] [      0      0      0 ] [ 0 ],drive [ 49 ] [ 0 ] [ 1886 1623 1880 ] [    6   34   16 ] [  15221   8033   6905 ] [ 0 ],1.00,1.00,1.00,1.20,-5.63,3.10,0.00,0.00,0.00,0.00,0.00,-0.00,0.00,0.00,0.00,0.00,0.00,0.00,0.00,-0.00,0.00,0
3.50241,-5,3,62,0,DRIVE [ 50 ] [ 1 ] [ 1886 1614 1901 ] [    0    0    0 ] [      0      0      0 ] [ 0 ],drive [ 49 ] [ 0 ] [ 1886 1619 1890 ] [    6   34   16 ] [  15221   8033   6905 ] [ 0 ],1.00,1.00,1.00,1.20,-5.18,3.42,0.00,0.00,0.00,0.00,0.00,-0.00,0.00,0.00,0.00,0.00,0.00,0.00,0.00,-0.00,0.00,0
3.51389,-5,3,61,0,DRIVE [ 50 ] [ 1 ] [ 1896 1624 1901 ] [    0    0    0 ] [      0      0      0 ] [ 0 ],drive [ 50 ] [ 0 ] [ 1886 1614 1901 ] [    6   34   16 ] [  15221   8033   6905 ] [ 0 ],1.00,1.00,1.00,1.20,-4.71,3.77,0.00,0.00,0.00,0.00,0.00,-0.00,0.00,0.00,0.00,0.00,0.00,0.00,0.00,-0.00,0.00,0
3.52624,-4,3,60,0,DRIVE [ 51 ] [ 1 ] [ 1881 1638 1901 ] [    0    0    0 ] [      0      0      0 ] [ 0 ],drive [ 50 ] [ 0 ] [ 1896 1624 1901 ] [    6   34   16 ] [  15219   8031   6864 ] [ 0 ],1.00,1.00,1.00,1.20,-4.26,4.12,0.00,0.00,0.00,0.00,0.00,-0.00,0.00,0.00,0.00,0.00,0.00,0.00,0.00,-0.00,0.00,0
3.53791,-4,4,59,0,DRIVE [ 51 ] [ 1 ] [ 1867 1650 1901 ] [    0    0    0 ] [      0      0      0 ] [ 0 ],drive [ 51 ] [ 0 ] [ 1881 1638 1901 ] [    5   36   11 ] [  15219   8031   6864 ] [ 0 ],1.00,1.00,1.00,1.20,-3.83,4.45,0.00,0.00,0.00,0.00,0.00,-0.00,0.00,0.00,0.00,0.00,0.00,0.00,0.00,-0.00,0.00,0
3.5481,-3,4,58,0,DRIVE [ 52 ] [ 1 ] [ 1853 1661 1901 ] [    0    0    0 ] [      0      0      0 ] [ 0 ],drive [ 51 ] [ 0 ] [ 1867 1650 1901 ] [    5   36   11 ] [  15219   8031   6864 ] [ 0 ],1.00,1.00,1.00,1.20,-3.40,4.75,0.00,0.00,0.00,0.00,0.00,-0.00,0.00,0.00,0.00,0.00,0.00,0.00,0.00,-0.00,0.00,0
3.55777,-3,4,57,0,DRIVE [ 52 ] [ 1 ] [ 1836 1670 1901 ] [    0    0    0 ] [      0      0      0 ] [ 0 ],drive [ 52 ] [ 0 ] [ 1853 1661 1901 ] [    5   36   11 ] [  15219   8031   6864 ] [ 0 ],1.00,1.00,1.00,1.20,-2.95,5.10,0.00,0.00,0.00,0.00,0.00,-0.00,0.00,0.00,0.00,0.00,0.00,0.00,0.00,-0.00,0.00,0
3.56965,-2,5,56,0,DRIVE [ 53 ] [ 1 ] [ 1818 1677 1901 ] [    0    0    0 ] [      0      0      0 ] [ 0 ],drive [ 52 ] [ 0 ] [ 1836 1670 1901 ] [    5   36   11 ] [  15219   8029   6802 ] [ 0 ],1.00,1.00,1.00,1.20,-2.50,5.48,0.00,0.00,0.00,0.00,0.00,-0.00,0.00,0.00,0.00,0.00,0.00,0.00,0.00,-0.00,0.00,0
3.58178,-2,5,55,0,DRIVE [ 53 ] [ 1 ] [ 1797 1680 1901 ] [    0    0    0 ] [      0      0      0 ] [ 0 ],drive [ 53 ] [ 0 ] [ 1818 1677 1901 ] [    5   36   11 ] [  15219   8029   6802 ] [ 0 ],1.00,1.00,1.00,1.20,-2.06,5.90,0.00,0.00,0.00,0.00,0.00,-0.00,0.00,0.00,0.00,0.00,0.00,0.00,0.00,0.00,0.00,0
3.59396,-2,5,54,0,DRIVE [ 54 ] [ 1 ] [ 1776 1679 1901 ] [    0    0    0 ] [      0      0      0 ] [ 0 ],drive [ 53 ] [ 0 ] [ 1797 1680 1901 ] [   11   33    2 ] [  15219   8029   6802 ] [ 0 ],1.00,1.00,1.00,1.20,-1.68,6.30,0.00,0.00,0.00,0.00,0.00,-0.00,0.00,0.00,0.00,0.00,0.00,0.00,0.00,0.00,0.00,0
3.60575,-1,6,53,1,DRIVE [ 54 ] [ 1 ] [ 1759 1677 1901 ] [    0    0    0 ] [      0      0      0 ] [ 0 ],drive [ 54 ] [ 0 ] [ 1776 1679 1901 ] [   11   33    2 ] [  15219   8029   6802 ] [ 0 ],1.00,1.00,1.00,1.20,-1.41,6.62,0.00,0.00,0.00,0.00,0.00,-0.00,0.00,0.00,0.00,0.00,0.00,0.00,0.00,0.00,0.00,0
