timestamp,Xmm,Ymm,Zmm,TouchDetected,OutgoingPacket,IncomingPacket,GainPropAb, GainPropAd, GainPropFl, GainPropEx,PropA, PropB, PropC,GainIntegAb, GainIntegAd, GainIntegFl, GainIntegEx,IntegA, IntegB, IntegC,GainDerivAb, GainDerivAd, GainDerivFl, GainDerivEx,DerivA, DerivB, DerivC,Heading5
0.114948,221,4,467,0,DRIVE [ 03 ] [ 1 ] [ 1891 1875 1900 ] [    0    0    0 ] [      0      0      0 ] [ 0 ],drive [ 03 ] [ 0 ] [ 1455 1425 1455 ] [   59   50   66 ] [  14830   8856   8556 ] [ 1 ],1.00,1.00,1.00,1.00,221.20,4.43,0.00,0.00,0.00,0.00,0.00,0.00,0.00,0.00,0.00,0.00,0.00,0.00,0.00,0.00,0.00,0
0.130283,222,5,465,0,DRIVE [ 04 ] [ 1 ] [ 1877 1875 1895 ] [    0    0    0 ] [      0      0      0 ] [ 0 ],drive [ 03 ] [ 0 ] [ 1891 1875 1900 ] [   59   50   66 ] [  14830   8856   8556 ] [ 0 ],1.00,1.00,1.00,1.00,221.52,5.23,0.00,0.00,0.00,0.00,0.00,0.00,0.00,0.00,0.00,0.00,0.00,0.00,0.00,0.00,0.00,0
0.143484,228,6,478,0,DRIVE [ 04 ] [ 1 ] [ 1861 1875 1889 ] [    0    0    0 ] [      0      0      0 ] [ 0 ],drive [ 04 ] [ 0 ] [ 1877 1875 1895 ] [   59   50   66 ] [  14830   8861   8553 ] [ 0 ],1.00,1.00,1.00,1.00,227.91,6.20,0.00,0.00,0.00,0.00,0.00,0.00,0.00,0.00,0.00,0.00,0.00,0.00,0.00,0.00,0.00,0
0.157805,226,7,473,0,DRIVE [ 05 ] [ 1 ] [ 1848 1875 1884 ] [    0    0    0 ] [      0      0      0 ] [ 0 ],drive [ 04 ] [ 0 ] [ 1861 1875 1889 ] [   18   23   11 ] [  14830   8861   8553 ] [ 0 ],1.00,1.00,1.00,1.00,225.97,6.80,0.00,0.00,0.00,0.00,0.00,0.00,0.00,0.00,0.00,0.00,0.00,0.00,-0.00,-0.00,0.00,0
0.171372,227,7,474,0,DRIVE [ 05 ] [ 1 ] [ 1833 1875 1879 ] [    0    0    0 ] [      0      0      0 ] [ 0 ],drive [ 05 ] [ 0 ] [ 1848 1875 1884 ] [   18   23   11 ] [  14830   8861   8553 ] [ 0 ],1.00,1.00,1.00,1.00,226.99,7.25,0.00,0.00,0.00,0.00,0.00,0.00,0.00,0.00,0.00,0.00,0.00,0.00,0.00,0.00,0.00,0
0.18484,226,7,472,0,DRIVE [ 06 ] [ 1 ] [ 1818 1875 1874 ] [    0    0    0 ] [      0      0      0 ] [ 0 ],drive [ 05 ] [ 0 ] [ 1833 1875 1879 ] [   18   23   11 ] [  13724   8466   8005 ] [ 0 ],1.00,1.00,1.00,1.00,226.41,7.26,0.00,0.00,0.00,0.00,0.00,0.00,0.00,0.00,0.00,0.00,0.00,0.00,-0.00,-0.00,0.00,0
0.198416,227,7,472,0,DRIVE [ 06 ] [ 1 ] [ 1804 1875 1869 ] [    0    0    0 ] [      0      0      0 ] [ 0 ],drive [ 06 ] [ 0 ] [ 1818 1875 1874 ] [   18   23   11 ] [  13724   8466   8005 ] [ 0 ],1.00,1.00,1.00,1.00,227.27,7.24,0.00,0.00,0.00,0.00,0.00,0.00,0.00,0.00,0.00,0.00,0.00,0.00,0.00,0.00,0.00,0
0.211032,228,8,470,0,DRIVE [ 07 ] [ 1 ] [ 1789 1875 1864 ] [    0    0    0 ] [      0      0      0 ] [ 0 ],drive [ 06 ] [ 0 ] [ 1804 1875 1869 ] [   33   23    1 ] [  13724   8466   8005 ] [ 0 ],1.00,1.00,1.00,1.00,228.12,7.90,0.00,0.00,0.00,0.00,0.00,0.00,0.00,0.00,0.00,0.00,0.00,0.00,0.00,0.00,0.00,0
0.225337,230,9,467,0,DRIVE [ 07 ] [ 1 ] [ 1774 1875 1859 ] [    0    0    0 ] [      0      0      0 ] [ 0 ],drive [ 07 ] [ 0 ] [ 1789 1875 1864 ] [   33   23    1 ] [  13724   8466   8005 ] [ 0 ],1.00,1.00,1.00,1.00,229.64,9.13,0.00,0.00,0.00,0.00,0.00,0.00,0.00,0.00,0.00,0.00,0.00,0.00,0.00,0.00,0.00,0
0.238717,229,10,460,0,DRIVE [ 08 ] [ 1 ] [ 1756 1875 1853 ] [    0    0    0 ] [      0      0      0 ] [ 0 ],drive [ 07 ] [ 0 ] [ 1774 1875 1859 ] [   33   23    1 ] [  13698   8466   8083 ] [ 0 ],1.00,1.00,1.00,1.00,229.40,9.88,0.00,0.00,0.00,0.00,0.00,0.00,0.00,0.00,0.00,0.00,0.00,0.00,0.00,0.00,0.00,0
0.251881,231,11,458,0,DRIVE [ 08 ] [ 1 ] [ 1739 1875 1847 ] [    0    0    0 ] [      0      0      0 ] [ 0 ],drive [ 08 ] [ 0 ] [ 1756 1875 1853 ] [   17   22   21 ] [  13698   8466   8083 ] [ 0 ],1.00,1.00,1.00,1.00,231.26,10.68,0.00,0.00,0.00,0.00,0.00,0.00,0.00,0.00,0.00,0.00,0.00,0.00,0.00,0.00,0.00,0
0.264878,234,12,458,0,DRIVE [ 09 ] [ 1 ] [ 1722 1875 1842 ] [    0    0    0 ] [      0      0      0 ] [ 0 ],drive [ 08 ] [ 0 ] [ 1739 1875 1847 ] [   17   22   21 ] [  13698   8466   8083 ] [ 0 ],1.00,1.00,1.00,1.00,233.85,11.98,0.00,0.00,0.00,0.00,0.00,0.00,0.00,0.00,0.00,0.00,0.00,0.00,0.00,0.00,0.00,0
0.277562,235,14,455,0,DRIVE [ 09 ] [ 1 ] [ 1705 1875 1837 ] [    0    0    0 ] [      0      0      0 ] [ 0 ],drive [ 09 ] [ 0 ] [ 1722 1875 1842 ] [   17   22   21 ] [  13698   8466   8083 ] [ 0 ],1.00,1.00,1.00,1.00,234.52,13.51,0.00,0.00,0.00,0.00,0.00,0.00,0.00,0.00,0.00,0.00,0.00,0.00,0.00,0.00,0.00,0
0.29072,234,15,448,0,DRIVE [ 10 ] [ 1 ] [ 1687 1875 1832 ] [    0    0    0 ] [      0      0      0 ] [ 0 ],drive [ 09 ] [ 0 ] [ 1705 1875 1837 ] [   17   22   21 ] [  13724   8466   8084 ] [ 0 ],1.00,1.00,1.00,1.00,234.18,15.44,0.00,0.00,0.00,0.00,0.00,0.00,0.00,0.00,0.00,0.00,0.00,0.00,0.00,0.00,0.00,0
0.303861,235,18,444,0,DRIVE [ 10 ] [ 1 ] [ 1667 1875 1828 ] [    0    0    0 ] [      0      0      0 ] [ 0 ],drive [ 10 ] [ 0 ] [ 1687 1875 1832 ] [   22   23   22 ] [  13724   8466   8084 ] [ 0 ],1.00,1.00,1.00,1.00,235.41,17.61,0.00,0.00,0.00,0.00,0.00,0.00,0.00,0.00,0.00,0.00,0.00,0.00,0.00,0.00,0.00,0
0.316892,236,20,439,0,DRIVE [ 11 ] [ 1 ] [ 1647 1875 1823 ] [    0    0    0 ] [      0      0      0 ] [ 0 ],drive [ 10 ] [ 0 ] [ 1667 1875 1828 ] [   22   23   22 ] [  13724   8466   8084 ] [ 0 ],1.00,1.00,1.00,1.00,235.59,19.68,0.00,0.00,0.00,0.00,0.00,0.00,0.00,0.00,0.00,0.00,0.00,0.00,0.00,0.00,0.00,0
0.330003,237,22,434,0,DRIVE [ 11 ] [ 1 ] [ 1626 1875 1818 ] [    0    0    0 ] [      0      0      0 ] [ 0 ],drive [ 11 ] [ 0 ] [ 1647 1875 1823 ] [   22   23   22 ] [  13724   8466   8084 ] [ 0 ],1.00,1.00,1.00,1.00,236.82,22.01,0.00,0.00,0.00,0.00,0.00,0.00,0.00,0.00,0.00,0.00,0.00,0.00,0.00,0.00,0.00,0
0.342723,238,24,430,0,DRIVE [ 12 ] [ 1 ] [ 1604 1875 1813 ] [    0    0    0 ] [      0      0      0 ] [ 0 ],drive [ 11 ] [ 0 ] [ 1626 1875 1818 ] [   22   23   22 ] [  13730   8452   8085 ] [ 0 ],1.00,1.00,1.00,1.00,237.99,24.30,0.00,0.00,0.00,0.00,0.00,0.00,0.00,0.00,0.00,0.00,0.00,0.00,0.00,0.00,0.00,0
0.356046,240,27,428,0,DRIVE [ 12 ] [ 1 ] [ 1581 1875 1809 ] [    0    0    0 ] [      0      0      0 ] [ 0 ],drive [ 12 ] [ 0 ] [ 1604 1875 1813 ] [   28   30   23 ] [  13730   8452   8085 ] [ 0 ],1.00,1.00,1.00,1.00,240.43,26.78,0.00,0.00,0.00,0.00,0.00,0.00,0.00,0.00,0.00,0.00,0.00,0.00,0.00,0.00,0.00,0
0.369386,242,29,424,0,DRIVE [ 13 ] [ 1 ] [ 1556 1875 1804 ] [    0    0    0 ] [      0      0      0 ] [ 0 ],drive [ 12 ] [ 0 ] [ 1581 1875 1809 ] [   28   30   23 ] [  13730   8452   8085 ] [ 0 ],1.00,1.00,1.00,1.00,242.21,29.08,0.00,0.00,0.00,0.00,0.00,0.00,0.00,0.00,0.00,0.00,0.00,0.00,0.00,0.00,0.00,0
0.382687,246,32,421,0,DRIVE [ 13 ] [ 1 ] [ 1528 1875 1799 ] [    0    0    0 ] [      0      0      0 ] [ 0 ],drive [ 13 ] [ 0 ] [ 1556 1875 1804 ] [   28   30   23 ] [  13730   8452   8085 ] [ 0 ],1.00,1.00,1.00,1.00,246.45,32.11,0.00,0.00,0.00,0.00,0.00,0.00,0.00,0.00,0.00,0.00,0.00,0.00,0.00,0.00,0.00,0
0.395572,252,35,420,0,DRIVE [ 14 ] [ 1 ] [ 1499 1875 1793 ] [    0    0    0 ] [      0      0      0 ] [ 0 ],drive [ 13 ] [ 0 ] [ 1528 1875 1799 ] [   28   30   23 ] [  13739   8384   8101 ] [ 0 ],1.00,1.00,1.00,1.00,251.56,34.99,0.00,0.00,0.00,0.00,0.00,0.00,0.00,0.00,0.00,0.00,0.00,0.00,0.00,0.00,0.00,0
0.407997,257,38,419,0,DRIVE [ 14 ] [ 1 ] [ 1470 1875 1787 ] [    0    0    0 ] [      0      0      0 ] [ 0 ],drive [ 14 ] [ 0 ] [ 1499 1875 1793 ] [   40   28   22 ] [  13739   8384   8101 ] [ 0 ],1.00,1.00,1.00,1.00,256.74,37.86,0.00,0.00,0.00,0.00,0.00,0.00,0.00,0.00,0.00,0.00,0.00,0.00,0.00,0.00,0.00,0
0.421135,259,40,414,0,DRIVE [ 15 ] [ 1 ] [ 1441 1875 1782 ] [    0    0    0 ] [      0      0      0 ] [ 0 ],drive [ 14 ] [ 0 ] [ 1470 1875 1787 ] [   40   28   22 ] [  13739   8384   8101 ] [ 0 ],1.00,1.00,1.00,1.00,259.43,40.29,0.00,0.00,0.00,0.00,0.00,0.00,0.00,0.00,0.00,0.00,0.00,0.00,0.00,0.00,0.00,0
0.434295,263,43,411,0,DRIVE [ 15 ] [ 1 ] [ 1409 1875 1777 ] [    0    0    0 ] [      0      0      0 ] [ 0 ],drive [ 15 ] [ 0 ] [ 1441 1875 1782 ] [   40   28   22 ] [  13895   8321   8159 ] [ 0 ],1.00,1.00,1.00,1.00,263.12,42.86,0.00,0.00,0.00,0.00,0.00,0.00,0.00,0.00,0.00,0.00,0.00,0.00,0.00,0.00,0.00,0
0.447338,267,45,407,0,DRIVE [ 16 ] [ 1 ] [ 1375 1875 1770 ] [    0    0    0 ] [      0      0      0 ] [ 0 ],drive [ 15 ] [ 0 ] [ 1409 1875 1777 ] [   40   28   22 ] [  13895   8321   8159 ] [ 0 ],1.00,1.00,1.00,1.00,266.63,45.42,0.00,0.00,0.00,0.00,0.00,0.00,0.00,0.00,0.00,0.00,0.00,0.00,0.00,0.00,0.00,0
0.460378,269,47,401,0,DRIVE [ 16 ] [ 1 ] [ 1342 1875 1764 ] [    0    0    0 ] [      0      0      0 ] [ 0 ],drive [ 16 ] [ 0 ] [ 1375 1875 1770 ] [   64   19   12 ] [  13895   8321   8159 ] [ 0 ],1.00,1.00,1.00,1.00,269.01,47.24,0.00,0.00,0.00,0.00,0.00,0.00,0.00,0.00,0.00,0.00,0.00,0.00,0.00,0.00,0.00,0
0.472874,273,49,399,0,DRIVE [ 17 ] [ 1 ] [ 1309 1875 1757 ] [    0    0    0 ] [      0      0      0 ] [ 0 ],drive [ 16 ] [ 0 ] [ 1342 1875 1764 ] [   64   19   12 ] [  13895   8321   8159 ] [ 0 ],1.00,1.00,1.00,1.00,273.09,48.94,0.00,0.00,0.00,0.00,0.00,0.00,0.00,0.00,0.00,0.00,0.00,0.00,0.00,0.00,0.00,0
0.486119,272,50,391,0,DRIVE [ 17 ] [ 1 ] [ 1278 1875 1751 ] [    0    0    0 ] [      0      0      0 ] [ 0 ],drive [ 17 ] [ 0 ] [ 1309 1875 1757 ] [   64   19   12 ] [  14228   8216   8160 ] [ 0 ],1.00,1.00,1.00,1.00,271.89,49.51,0.00,0.00,0.00,0.00,0.00,0.00,0.00,0.00,0.00,0.00,0.00,0.00,0.00,0.00,0.00,0
0.499147,273,51,386,0,DRIVE [ 18 ] [ 1 ] [ 1247 1875 1745 ] [    0    0    0 ] [      0      0      0 ] [ 0 ],drive [ 17 ] [ 0 ] [ 1278 1875 1751 ] [   76   25   14 ] [  14228   8216   8160 ] [ 0 ],1.00,1.00,1.00,1.00,273.30,50.53,0.00,0.00,0.00,0.00,0.00,0.00,0.00,0.00,0.00,0.00,0.00,0.00,0.00,0.00,0.00,0
0.512166,275,52,384,0,DRIVE [ 18 ] [ 1 ] [ 1216 1875 1738 ] [    0    0    0 ] [      0      0      0 ] [ 0 ],drive [ 18 ] [ 0 ] [ 1247 1875 1745 ] [   76   25   14 ] [  14228   8216   8160 ] [ 0 ],1.00,1.00,1.00,1.00,275.30,51.65,0.00,0.00,0.00,0.00,0.00,0.00,0.00,0.00,0.00,0.00,0.00,0.00,0.00,0.00,0.00,0
0.525471,276,53,380,0,DRIVE [ 19 ] [ 1 ] [ 1186 1875 1733 ] [    0    0    0 ] [      0      0      0 ] [ 0 ],drive [ 18 ] [ 0 ] [ 1216 1875 1738 ] [   76   25   14 ] [  14228   8216   8160 ] [ 0 ],1.00,1.00,1.00,1.00,276.14,52.62,0.00,0.00,0.00,0.00,0.00,0.00,0.00,0.00,0.00,0.00,0.00,0.00,0.00,0.00,0.00,0
0.537874,279,54,379,0,DRIVE [ 19 ] [ 1 ] [ 1153 1875 1726 ] [    0    0    0 ] [      0      0      0 ] [ 0 ],drive [ 19 ] [ 0 ] [ 1186 1875 1733 ] [   76   25   14 ] [  14448   8206   8160 ] [ 0 ],1.00,1.00,1.00,1.00,278.81,54.04,0.00,0.00,0.00,0.00,0.00,0.00,0.00,0.00,0.00,0.00,0.00,0.00,0.00,0.00,0.00,0
0.550873,279,55,374,0,DRIVE [ 20 ] [ 1 ] [ 1122 1875 1720 ] [    0    0    0 ] [      0      0      0 ] [ 0 ],drive [ 19 ] [ 0 ] [ 1153 1875 1726 ] [   85   10   16 ] [  14448   8206   8160 ] [ 0 ],1.00,1.00,1.00,1.00,279.21,55.00,0.00,0.00,0.00,0.00,0.00,0.00,0.00,0.00,0.00,0.00,0.00,0.00,0.00,0.00,0.00,0
0.563778,279,56,369,0,DRIVE [ 20 ] [ 1 ] [ 1090 1875 1714 ] [    0    0    0 ] [      0      0      0 ] [ 0 ],drive [ 20 ] [ 0 ] [ 1122 1875 1720 ] [   85   10   16 ] [  14448   8206   8160 ] [ 0 ],1.00,1.00,1.00,1.00,278.88,55.58,0.00,0.00,0.00,0.00,0.00,0.00,0.00,0.00,0.00,0.00,0.00,0.00,0.00,0.00,0.00,0
0.576537,282,57,368,0,DRIVE [ 21 ] [ 1 ] [ 1058 1875 1708 ] [    0    0    0 ] [      0      0      0 ] [ 0 ],drive [ 20 ] [ 0 ] [ 1090 1875 1714 ] [   85   10   16 ] [  14448   8206   8160 ] [ 0 ],1.00,1.00,1.00,1.00,281.68,56.55,0.00,0.00,0.00,0.00,0.00,0.00,0.00,0.00,0.00,0.00,0.00,0.00,0.00,0.00,0.00,0
0.588975,282,57,364,0,DRIVE [ 21 ] [ 1 ] [ 1028 1875 1701 ] [    0    0    0 ] [      0      0      0 ] [ 0 ],drive [ 21 ] [ 0 ] [ 1058 1875 1708 ] [   85   10   16 ] [  14892   8056   8159 ] [ 0 ],1.00,1.00,1.00,1.00,281.87,56.69,0.00,0.00,0.00,0.00,0.00,0.00,0.00,0.00,0.00,0.00,0.00,0.00,0.00,0.00,0.00,0
0.602129,284,57,363,0,DRIVE [ 22 ] [ 1 ] [ 1000 1875 1694 ] [    0    0    0 ] [      0      0      0 ] [ 0 ],drive [ 21 ] [ 0 ] [ 1028 1875 1701 ] [  107   26   20 ] [  14892   8056   8159 ] [ 0 ],1.00,1.00,1.00,1.00,283.53,57.06,0.00,0.00,0.00,0.00,0.00,0.00,0.00,0.00,0.00,0.00,0.00,0.00,0.00,0.00,0.00,0
0.61532,283,57,359,0,DRIVE [ 22 ] [ 1 ] [ 0971 1875 1688 ] [    0    0    0 ] [      0      0      0 ] [ 0 ],drive [ 22 ] [ 0 ] [ 1000 1875 1694 ] [  107   26   20 ] [  14892   8056   8159 ] [ 0 ],1.00,1.00,1.00,1.00,283.10,57.12,0.00,0.00,0.00,0.00,0.00,0.00,0.00,0.00,0.00,0.00,0.00,0.00,0.00,0.00,0.00,0
0.628524,285,58,359,0,DRIVE [ 23 ] [ 1 ] [ 0944 1875 1683 ] [    0    0    0 ] [      0      0      0 ] [ 0 ],drive [ 22 ] [ 0 ] [ 0971 1875 1688 ] [  107   26   20 ] [  14892   8056   8159 ] [ 0 ],1.00,1.00,1.00,1.00,284.75,57.92,0.00,0.00,0.00,0.00,0.00,0.00,0.00,0.00,0.00,0.00,0.00,0.00,0.00,0.00,0.00,0
0.642012,284,59,357,0,DRIVE [ 23 ] [ 1 ] [ 0916 1875 1679 ] [    0    0    0 ] [      0      0      0 ] [ 0 ],drive [ 23 ] [ 0 ] [ 0944 1875 1683 ] [  107   26   20 ] [  15312   7821   8156 ] [ 0 ],1.00,1.00,1.00,1.00,284.45,58.88,0.00,0.00,0.00,0.00,0.00,0.00,0.00,0.00,0.00,0.00,0.00,0.00,0.00,0.00,0.00,0
0.656409,284,60,356,0,DRIVE [ 24 ] [ 1 ] [ 0891 1875 1675 ] [    0    0    0 ] [      0      0      0 ] [ 0 ],drive [ 23 ] [ 0 ] [ 0916 1875 1679 ] [   89   23   24 ] [  15312   7821   8156 ] [ 0 ],1.00,1.00,1.00,1.00,283.94,59.55,0.00,0.00,0.00,0.00,0.00,0.00,0.00,0.00,0.00,0.00,0.00,0.00,0.00,0.00,0.00,0
0.669867,283,60,355,0,DRIVE [ 24 ] [ 1 ] [ 0864 1875 1671 ] [    0    0    0 ] [      0      0      0 ] [ 0 ],drive [ 24 ] [ 0 ] [ 0891 1875 1675 ] [   89   23   24 ] [  15312   7821   8156 ] [ 0 ],1.00,1.00,1.00,1.00,283.14,60.31,0.00,0.00,0.00,0.00,0.00,0.00,0.00,0.00,0.00,0.00,0.00,0.00,0.00,0.00,0.00,0
0.688661,282,61,353,0,DRIVE [ 25 ] [ 1 ] [ 0840 1875 1668 ] [    0    0    0 ] [      0      0      0 ] [ 0 ],drive [ 24 ] [ 0 ] [ 0864 1875 1671 ] [   89   23   24 ] [  15312   7821   8156 ] [ 0 ],1.00,1.00,1.00,1.00,281.59,61.00,0.00,0.00,0.00,0.00,0.00,0.00,0.00,0.00,0.00,0.00,0.00,0.00,0.00,0.00,0.00,0
0.701801,279,62,350,0,DRIVE [ 25 ] [ 1 ] [ 0820 1875 1665 ] [    0    0    0 ] [      0      0      0 ] [ 0 ],drive [ 25 ] [ 0 ] [ 0840 1875 1668 ] [  114   26   32 ] [  15730   7597   8148 ] [ 0 ],1.00,1.00,1.00,1.00,279.09,62.19,0.00,0.00,0.00,0.00,0.00,0.00,0.00,0.00,0.00,0.00,0.00,0.00,0.00,0.00,0.00,0
0.714715,276,63,348,0,DRIVE [ 26 ] [ 1 ] [ 0820 1875 1664 ] [    0    0    0 ] [      0      0      0 ] [ 0 ],drive [ 25 ] [ 0 ] [ 0820 1875 1665 ] [  114   26   32 ] [  15730   7597   8148 ] [ 0 ],1.00,1.00,1.00,1.00,276.45,63.26,0.00,0.00,0.00,0.00,0.00,0.00,0.00,0.00,0.00,0.00,0.00,0.00,0.00,0.00,0.00,0
0.727619,273,64,345,0,DRIVE [ 26 ] [ 1 ] [ 0820 1875 1664 ] [    0    0    0 ] [      0      0      0 ] [ 0 ],drive [ 26 ] [ 0 ] [ 0820 1875 1664 ] [  114   26   32 ] [  15730   7597   8148 ] [ 0 ],1.00,1.00,1.00,1.00,273.18,64.11,0.00,0.00,0.00,0.00,0.00,0.00,0.00,0.00,0.00,0.00,0.00,0.00,0.00,0.00,0.00,0
0.740363,271,65,344,0,DRIVE [ 27 ] [ 1 ] [ 0820 1875 1664 ] [    0    0    0 ] [      0      0      0 ] [ 0 ],drive [ 26 ] [ 0 ] [ 0820 1875 1664 ] [  114   26   32 ] [  15933   7422   8134 ] [ 0 ],1.00,1.00,1.00,1.00,271.01,65.29,0.00,0.00,0.00,0.00,0.00,0.00,0.00,0.00,0.00,0.00,0.00,0.00,0.00,0.00,0.00,0
0.753252,269,67,342,0,DRIVE [ 27 ] [ 1 ] [ 0820 1875 1666 ] [    0    0    0 ] [      0      0      0 ] [ 0 ],drive [ 27 ] [ 0 ] [ 0820 1875 1664 ] [  110   27   45 ] [  15933   7422   8134 ] [ 0 ],1.00,1.00,1.00,1.00,268.79,66.88,0.00,0.00,0.00,0.00,0.00,0.00,0.00,0.00,0.00,0.00,0.00,0.00,0.00,0.00,0.00,0
0.76624,267,68,342,0,DRIVE [ 28 ] [ 1 ] [ 0820 1875 1667 ] [    0    0    0 ] [      0      0      0 ] [ 0 ],drive [ 27 ] [ 0 ] [ 0820 1875 1666 ] [  110   27   45 ] [  15933   7422   8134 ] [ 0 ],1.00,1.00,1.00,1.00,266.86,68.31,0.00,0.00,0.00,0.00,0.00,0.00,0.00,0.00,0.00,0.00,0.00,0.00,0.00,0.00,0.00,0
0.778761,264,69,339,0,DRIVE [ 28 ] [ 1 ] [ 0820 1875 1667 ] [    0    0    0 ] [      0      0      0 ] [ 0 ],drive [ 28 ] [ 0 ] [ 0820 1875 1667 ] [  110   27   45 ] [  15933   7422   8134 ] [ 0 ],1.00,1.00,1.00,1.00,263.88,68.99,0.00,0.00,0.00,0.00,0.00,0.00,0.00,0.00,0.00,0.00,0.00,0.00,-0.00,-0.00,0.00,0
0.793324,261,69,338,0,DRIVE [ 29 ] [ 1 ] [ 0820 1875 1666 ] [    0    0    0 ] [      0      0      0 ] [ 0 ],drive [ 28 ] [ 0 ] [ 0820 1875 1667 ] [  110   27   45 ] [  16258   7413   7995 ] [ 0 ],1.00,1.00,1.00,1.00,261.21,68.97,0.00,0.00,0.00,0.00,0.00,0.00,0.00,0.00,0.00,0.00,0.00,0.00,-0.00,-0.00,0.00,0
0.806759,258,68,335,0,DRIVE [ 29 ] [ 1 ] [ 0820 1875 1664 ] [    0    0    0 ] [      0      0      0 ] [ 0 ],drive [ 29 ] [ 0 ] [ 0820 1875 1666 ] [  102   18   23 ] [  16258   7413   7995 ] [ 0 ],1.00,1.00,1.00,1.00,257.64,68.41,0.00,0.00,0.00,0.00,0.00,0.00,0.00,0.00,0.00,0.00,0.00,0.00,-0.00,-0.00,0.00,0
0.820466,255,68,334,0,DRIVE [ 30 ] [ 1 ] [ 0820 1875 1662 ] [    0    0    0 ] [      0      0      0 ] [ 0 ],drive [ 29 ] [ 0 ] [ 0820 1875 1664 ] [  102   18   23 ] [  16258   7413   7995 ] [ 0 ],1.00,1.00,1.00,1.00,254.58,67.84,0.00,0.00,0.00,0.00,0.00,0.00,0.00,0.00,0.00,0.00,0.00,0.00,-0.00,-0.00,0.00,0
0.835093,250,67,334,0,DRIVE [ 30 ] [ 1 ] [ 0820 1875 1662 ] [    0    0    0 ] [      0      0      0 ] [ 0 ],drive [ 30 ] [ 0 ] [ 0820 1875 1662 ] [  102   18   23 ] [  16258   7413   7995 ] [ 0 ],1.00,1.00,1.00,1.00,250.39,66.92,0.00,0.00,0.00,0.00,0.00,0.00,0.00,0.00,0.00,0.00,0.00,0.00,-0.00,-0.00,0.00,0
0.847591,245,66,331,0,DRIVE [ 31 ] [ 1 ] [ 0820 1875 1661 ] [    0    0    0 ] [      0      0      0 ] [ 0 ],drive [ 30 ] [ 0 ] [ 0820 1875 1662 ] [  102   18   23 ] [  16490   7262   7903 ] [ 0 ],1.00,1.00,1.00,1.00,244.83,65.57,0.00,0.00,0.00,0.00,0.00,0.00,0.00,0.00,0.00,0.00,0.00,0.00,-0.00,-0.00,0.00,0
0.860155,240,65,331,0,DRIVE [ 31 ] [ 1 ] [ 0820 1875 1663 ] [    0    0    0 ] [      0      0      0 ] [ 0 ],drive [ 31 ] [ 0 ] [ 0820 1875 1661 ] [  103   25   38 ] [  16490   7262   7903 ] [ 0 ],1.00,1.00,1.00,1.00,240.07,64.91,0.00,0.00,0.00,0.00,0.00,0.00,0.00,0.00,0.00,0.00,0.00,0.00,-0.00,-0.00,0.00,0
0.872234,235,64,330,0,DRIVE [ 32 ] [ 1 ] [ 0820 1875 1667 ] [    0    0    0 ] [      0      0      0 ] [ 0 ],drive [ 31 ] [ 0 ] [ 0820 1875 1663 ] [  103   25   38 ] [  16490   7262   7903 ] [ 0 ],1.00,1.00,1.00,1.00,234.64,64.39,0.00,0.00,0.00,0.00,0.00,0.00,0.00,0.00,0.00,0.00,0.00,0.00,-0.00,-0.00,0.00,0
0.884696,229,64,329,0,DRIVE [ 32 ] [ 1 ] [ 0820 1875 1672 ] [    0    0    0 ] [      0      0      0 ] [ 0 ],drive [ 32 ] [ 0 ] [ 0820 1875 1667 ] [  103   25   38 ] [  16494   7166   7893 ] [ 0 ],1.00,1.00,1.00,1.00,228.74,64.37,0.00,0.00,0.00,0.00,0.00,0.00,0.00,0.00,0.00,0.00,0.00,0.00,-0.00,-0.00,0.00,0
0.899566,222,65,329,0,DRIVE [ 33 ] [ 1 ] [ 0820 1875 1681 ] [    0    0    0 ] [      0      0      0 ] [ 0 ],drive [ 32 ] [ 0 ] [ 0820 1875 1672 ] [  103   25   38 ] [  16494   7166   7893 ] [ 0 ],1.00,1.00,1.00,1.00,221.77,64.69,0.00,0.00,0.00,0.00,0.00,0.00,0.00,0.00,0.00,0.00,0.00,0.00,-0.00,-0.00,0.00,0
0.912105,215,65,329,0,DRIVE [ 33 ] [ 1 ] [ 0820 1875 1689 ] [    0    0    0 ] [      0      0      0 ] [ 0 ],drive [ 33 ] [ 0 ] [ 0820 1875 1681 ] [  120   17   40 ] [  16494   7166   7893 ] [ 0 ],1.00,1.00,1.00,1.00,215.16,64.86,0.00,0.00,0.00,0.00,0.00,0.00,0.00,0.00,0.00,0.00,0.00,0.00,-0.00,-0.00,0.00,0
0.924758,208,65,328,0,DRIVE [ 34 ] [ 1 ] [ 0820 1875 1697 ] [    0    0    0 ] [      0      0      0 ] [ 0 ],drive [ 33 ] [ 0 ] [ 0820 1875 1689 ] [  120   17   40 ] [  16494   7166   7893 ] [ 0 ],1.00,1.00,1.00,1.00,208.37,64.83,0.00,0.00,0.00,0.00,0.00,0.00,0.00,0.00,0.00,0.00,0.00,0.00,-0.00,-0.00,0.00,0
0.936709,202,65,328,0,DRIVE [ 34 ] [ 1 ] [ 0820 1875 1705 ] [    0    0    0 ] [      0      0      0 ] [ 0 ],drive [ 34 ] [ 0 ] [ 0820 1875 1697 ] [  120   17   40 ] [  16731   7166   7748 ] [ 0 ],1.00,1.00,1.00,1.00,201.94,64.79,0.00,0.00,0.00,0.00,0.00,0.00,0.00,0.00,0.00,0.00,0.00,0.00,-0.00,-0.00,0.00,0
0.94918,196,65,328,0,DRIVE [ 35 ] [ 1 ] [ 0820 1875 1713 ] [    0    0    0 ] [      0      0      0 ] [ 0 ],drive [ 34 ] [ 0 ] [ 0820 1875 1705 ] [  107   17   32 ] [  16731   7166   7748 ] [ 0 ],1.00,1.00,1.00,1.00,196.35,64.81,0.00,0.00,0.00,0.00,0.00,0.00,0.00,0.00,0.00,0.00,0.00,0.00,-0.00,-0.00,0.00,0
0.961607,191,65,329,0,DRIVE [ 35 ] [ 1 ] [ 0820 1875 1720 ] [    0    0    0 ] [      0      0      0 ] [ 0 ],drive [ 35 ] [ 0 ] [ 0820 1875 1713 ] [  107   17   32 ] [  16731   7166   7748 ] [ 0 ],1.00,1.00,1.00,1.00,190.67,64.56,0.00,0.00,0.00,0.00,0.00,0.00,0.00,0.00,0.00,0.00,0.00,0.00,-0.00,-0.00,0.00,0
0.974607,185,64,330,0,DRIVE [ 36 ] [ 1 ] [ 0820 1875 1728 ] [    0    0    0 ] [      0      0      0 ] [ 0 ],drive [ 35 ] [ 0 ] [ 0820 1875 1720 ] [  107   17   32 ] [  16731   7166   7748 ] [ 0 ],1.00,1.00,1.00,1.00,184.58,64.13,0.00,0.00,0.00,0.00,0.00,0.00,0.00,0.00,0.00,0.00,0.00,0.00,-0.00,-0.00,0.00,0
0.986402,178,64,329,0,DRIVE [ 36 ] [ 1 ] [ 0820 1875 1736 ] [    0    0    0 ] [      0      0      0 ] [ 0 ],drive [ 36 ] [ 0 ] [ 0820 1875 1728 ] [  107   17   32 ] [  16851   7166   7556 ] [ 0 ],1.00,1.00,1.00,1.00,177.57,63.58,0.00,0.00,0.00,0.00,0.00,0.00,0.00,0.00,0.00,0.00,0.00,0.00,-0.00,-0.00,0.00,0
0.998702,171,63,329,0,DRIVE [ 37 ] [ 1 ] [ 0820 1875 1746 ] [    0    0    0 ] [      0      0      0 ] [ 0 ],drive [ 36 ] [ 0 ] [ 0820 1875 1736 ] [  115   15   30 ] [  16851   7166   7556 ] [ 0 ],1.00,1.00,1.00,1.00,170.72,63.10,0.00,0.00,0.00,0.00,0.00,0.00,0.00,0.00,0.00,0.00,0.00,0.00,-0.00,-0.00,0.00,0
1.01044,163,63,330,0,DRIVE [ 37 ] [ 1 ] [ 0820 1875 1759 ] [    0    0    0 ] [      0      0      0 ] [ 0 ],drive [ 37 ] [ 0 ] [ 0820 1875 1746 ] [  115   15   30 ] [  16851   7166   7556 ] [ 0 ],1.00,1.00,1.00,1.00,163.24,62.99,0.00,0.00,0.00,0.00,0.00,0.00,0.00,0.00,0.00,0.00,0.00,0.00,-0.00,-0.00,0.00,0
1.02209,156,63,331,0,DRIVE [ 38 ] [ 1 ] [ 0820 1875 1771 ] [    0    0    0 ] [      0      0      0 ] [ 0 ],drive [ 37 ] [ 0 ] [ 0820 1875 1759 ] [  115   15   30 ] [  16851   7166   7556 ] [ 0 ],1.00,1.00,1.00,1.00,156.18,62.93,0.00,0.00,0.00,0.00,0.00,0.00,0.00,0.00,0.00,0.00,0.00,0.00,-0.00,-0.00,0.00,0
1.03431,149,63,331,0,DRIVE [ 38 ] [ 1 ] [ 0820 1875 1783 ] [    0    0    0 ] [      0      0      0 ] [ 0 ],drive [ 38 ] [ 0 ] [ 0820 1875 1771 ] [  115   15   30 ] [  17052   7121   7386 ] [ 0 ],1.00,1.00,1.00,1.00,148.86,62.53,0.00,0.00,0.00,0.00,0.00,0.00,0.00,0.00,0.00,0.00,0.00,0.00,-0.00,-0.00,0.00,0
1.04628,142,62,332,0,DRIVE [ 39 ] [ 1 ] [ 0820 1875 1795 ] [    0    0    0 ] [      0      0      0 ] [ 0 ],drive [ 38 ] [ 0 ] [ 0820 1875 1783 ] [  115   15   30 ] [  17052   7121   7386 ] [ 0 ],1.00,1.00,1.00,1.00,142.04,62.49,0.00,0.00,0.00,0.00,0.00,0.00,0.00,0.00,0.00,0.00,0.00,0.00,-0.00,-0.00,0.00,0
1.05829,135,62,331,0,DRIVE [ 39 ] [ 1 ] [ 0820 1875 1807 ] [    0    0    0 ] [      0      0      0 ] [ 0 ],drive [ 39 ] [ 0 ] [ 0820 1875 1795 ] [  111   12   39 ] [  17052   7121   7386 ] [ 0 ],1.00,1.00,1.00,1.00,134.57,61.94,0.00,0.00,0.00,0.00,0.00,0.00,0.00,0.00,0.00,0.00,0.00,0.00,-0.00,-0.00,0.00,0
1.06962,128,62,332,0,DRIVE [ 40 ] [ 1 ] [ 0831 1875 1820 ] [    0    0    0 ] [      0      0      0 ] [ 0 ],drive [ 39 ] [ 0 ] [ 0820 1875 1807 ] [  111   12   39 ] [  17052   7121   7386 ] [ 0 ],1.00,1.00,1.00,1.00,128.39,61.98,0.00,0.00,0.00,0.00,0.00,0.00,0.00,0.00,0.00,0.00,0.00,0.00,-0.00,-0.00,0.00,0
1.08159,122,62,331,0,DRIVE [ 40 ] [ 1 ] [ 0849 1875 1831 ] [    0    0    0 ] [      0      0      0 ] [ 0 ],drive [ 40 ] [ 0 ] [ 0831 1875 1820 ] [  111   12   39 ] [  17052   7121   7386 ] [ 0 ],1.00,1.00,1.00,1.00,122.08,61.71,0.00,0.00,0.00,0.00,0.00,0.00,0.00,0.00,0.00,0.00,0.00,0.00,-0.00,-0.00,0.00,0
1.09388,116,61,330,0,DRIVE [ 41 ] [ 1 ] [ 0867 1875 1842 ] [    0    0    0 ] [      0      0      0 ] [ 0 ],drive [ 40 ] [ 0 ] [ 0849 1875 1831 ] [  111   12   39 ] [  17169   7121   7187 ] [ 0 ],1.00,1.00,1.00,1.00,115.87,61.17,0.00,0.00,0.00,0.00,0.00,0.00,0.00,0.00,0.00,0.00,0.00,0.00,-0.00,-0.00,0.00,0
1.10535,110,61,330,0,DRIVE [ 41 ] [ 1 ] [ 0892 1875 1854 ] [    0    0    0 ] [      0      0      0 ] [ 0 ],drive [ 41 ] [ 0 ] [ 0867 1875 1842 ] [  122   12   16 ] [  17169   7121   7187 ] [ 0 ],1.00,1.00,1.00,1.00,109.73,60.66,0.00,0.00,0.00,0.00,0.00,0.00,0.00,0.00,0.00,0.00,0.00,0.00,-0.00,-0.00,0.00,0
1.11734,104,60,330,0,DRIVE [ 42 ] [ 1 ] [ 0922 1875 1866 ] [    0    0    0 ] [      0      0      0 ] [ 0 ],drive [ 41 ] [ 0 ] [ 0892 1875 1854 ] [  122   12   16 ] [  17169   7121   7187 ] [ 0 ],1.00,1.00,1.00,1.00,103.62,60.26,0.00,0.00,0.00,0.00,0.00,0.00,0.00,0.00,0.00,0.00,0.00,0.00,-0.00,-0.00,0.00,0
1.12916,97,60,328,0,DRIVE [ 42 ] [ 1 ] [ 0951 1875 1878 ] [    0    0    0 ] [      0      0      0 ] [ 0 ],drive [ 42 ] [ 0 ] [ 0922 1875 1866 ] [  122   12   16 ] [  17169   7121   7187 ] [ 0 ],1.00,1.00,1.00,1.00,97.24,59.62,0.00,0.00,0.00,0.00,0.00,0.00,0.00,0.00,0.00,0.00,0.00,0.00,-0.00,-0.00,0.00,0
1.14035,90,59,328,0,DRIVE [ 43 ] [ 1 ] [ 0989 1875 1893 ] [    0    0    0 ] [      0      0      0 ] [ 0 ],drive [ 42 ] [ 0 ] [ 0951 1875 1878 ] [  122   12   16 ] [  17252   7121   6992 ] [ 0 ],1.00,1.00,1.00,1.00,89.56,59.05,0.00,0.00,0.00,0.00,0.00,0.00,0.00,0.00,0.00,0.00,0.00,0.00,-0.00,-0.00,0.00,0
1.15261,83,58,327,0,DRIVE [ 43 ] [ 1 ] [ 1027 1904 1893 ] [    0    0    0 ] [      0      0      0 ] [ 0 ],drive [ 43 ] [ 0 ] [ 0989 1875 1893 ] [   93   11    5 ] [  17252   7121   6992 ] [ 0 ],1.00,1.00,1.00,1.00,82.56,58.18,0.00,0.00,0.00,0.00,0.00,0.00,0.00,0.00,0.00,0.00,0.00,0.00,-0.00,-0.00,0.00,0
1.16443,76,57,326,0,DRIVE [ 44 ] [ 1 ] [ 1084 1890 1893 ] [    0    0    0 ] [      0      0      0 ] [ 0 ],drive [ 43 ] [ 0 ] [ 1027 1904 1893 ] [   93   11    5 ] [  17252   7121   6992 ] [ 0 ],1.00,1.00,1.00,1.00,76.29,57.40,0.00,0.00,0.00,0.00,0.00,0.00,0.00,0.00,0.00,0.00,0.00,0.00,-0.00,-0.00,0.00,0
1.17633,70,56,325,0,DRIVE [ 44 ] [ 1 ] [ 1137 1878 1893 ] [    0    0    0 ] [      0      0      0 ] [ 0 ],drive [ 44 ] [ 0 ] [ 1084 1890 1893 ] [   93   11    5 ] [  17252   7121   6992 ] [ 0 ],1.00,1.00,1.00,1.00,70.40,56.39,0.00,0.00,0.00,0.00,0.00,0.00,0.00,0.00,0.00,0.00,0.00,0.00,-0.00,-0.00,0.00,0
1.18747,65,56,324,0,DRIVE [ 45 ] [ 1 ] [ 1186 1867 1893 ] [    0    0    0 ] [      0      0      0 ] [ 0 ],drive [ 44 ] [ 0 ] [ 1137 1878 1893 ] [   93   11    5 ] [  17248   7121   6814 ] [ 0 ],1.00,1.00,1.00,1.00,64.96,55.68,0.00,0.00,0.00,0.00,0.00,0.00,0.00,0.00,0.00,0.00,0.00,0.00,-0.00,-0.00,0.00,0
1.19959,60,55,323,0,DRIVE [ 45 ] [ 1 ] [ 1233 1856 1893 ] [    0    0    0 ] [      0      0      0 ] [ 0 ],drive [ 45 ] [ 0 ] [ 1186 1867 1893 ] [   77   11   12 ] [  17248   7121   6814 ] [ 0 ],1.00,1.00,1.00,1.00,59.70,54.78,0.00,0.00,0.00,0.00,0.00,0.00,0.00,0.00,0.00,0.00,0.00,0.00,-0.00,-0.00,0.00,0
1.2115,55,54,321,0,DRIVE [ 46 ] [ 1 ] [ 1278 1845 1893 ] [    0    0    0 ] [      0      0      0 ] [ 0 ],drive [ 45 ] [ 0 ] [ 1233 1856 1893 ] [   77   11   12 ] [  17248   7121   6814 ] [ 0 ],1.00,1.00,1.00,1.00,54.54,53.72,0.00,0.00,0.00,0.00,0.00,0.00,0.00,0.00,0.00,0.00,0.00,0.00,-0.00,-0.00,0.00,0
1.22303,50,53,320,0,DRIVE [ 46 ] [ 1 ] [ 1321 1835 1893 ] [    0    0    0 ] [      0      0      0 ] [ 0 ],drive [ 46 ] [ 0 ] [ 1278 1845 1893 ] [   77   11   12 ] [  17248   7121   6814 ] [ 0 ],1.00,1.00,1.00,1.00,49.67,52.81,0.00,0.00,0.00,0.00,0.00,0.00,0.00,0.00,0.00,0.00,0.00,0.00,-0.00,-0.00,0.00,0
1.23514,45,52,318,0,DRIVE [ 47 ] [ 1 ] [ 1362 1825 1893 ] [    0    0    0 ] [      0      0      0 ] [ 0 ],drive [ 46 ] [ 0 ] [ 1321 1835 1893 ] [   77   11   12 ] [  17233   7123   6750 ] [ 0 ],1.00,1.00,1.00,1.00,44.90,51.87,0.00,0.00,0.00,0.00,0.00,0.00,0.00,0.00,0.00,0.00,0.00,0.00,-0.00,-0.00,0.00,0
1.24726,40,51,317,0,DRIVE [ 47 ] [ 1 ] [ 1400 1815 1893 ] [    0    0    0 ] [      0      0      0 ] [ 0 ],drive [ 47 ] [ 0 ] [ 1362 1825 1893 ] [   77   11   12 ] [  17233   7123   6750 ] [ 0 ],1.00,1.00,1.00,1.00,40.41,51.19,0.00,0.00,0.00,0.00,0.00,0.00,0.00,0.00,0.00,0.00,0.00,0.00,-0.00,-0.00,0.00,0
1.25926,36,51,316,0,DRIVE [ 48 ] [ 1 ] [ 1436 1805 1893 ] [    0    0    0 ] [      0      0      0 ] [ 0 ],drive [ 47 ] [ 0 ] [ 1400 1815 1893 ] [   71   12   17 ] [  17233   7123   6750 ] [ 0 ],1.00,1.00,1.00,1.00,36.18,50.59,0.00,0.00,0.00,0.00,0.00,0.00,0.00,0.00,0.00,0.00,0.00,0.00,-0.00,-0.00,0.00,0
1.27192,32,50,314,0,DRIVE [ 48 ] [ 1 ] [ 1469 1795 1893 ] [    0    0    0 ] [      0      0      0 ] [ 0 ],drive [ 48 ] [ 0 ] [ 1436 1805 1893 ] [   71   12   17 ] [  17233   7123   6750 ] [ 0 ],1.00,1.00,1.00,1.00,32.13,49.82,0.00,0.00,0.00,0.00,0.00,0.00,0.00,0.00,0.00,0.00,0.00,0.00,-0.00,-0.00,0.00,0
1.28445,28,49,314,0,DRIVE [ 49 ] [ 1 ] [ 1499 1786 1893 ] [    0    0    0 ] [      0      0      0 ] [ 0 ],drive [ 48 ] [ 0 ] [ 1469 1795 1893 ] [   71   12   17 ] [  17127   7141   6723 ] [ 0 ],1.00,1.00,1.00,1.00,28.46,49.18,0.00,0.00,0.00,0.00,0.00,0.00,0.00,0.00,0.00,0.00,0.00,0.00,-0.00,-0.00,0.00,0
1.2978,25,48,311,0,DRIVE [ 49 ] [ 1 ] [ 1526 1777 1893 ] [    0    0    0 ] [      0      0      0 ] [ 0 ],drive [ 49 ] [ 0 ] [ 1499 1786 1893 ] [   71   12   17 ] [  17127   7141   6723 ] [ 0 ],1.00,1.00,1.00,1.00,24.91,48.28,0.00,0.00,0.00,0.00,0.00,0.00,0.00,0.00,0.00,0.00,0.00,0.00,-0.00,-0.00,0.00,0
1.30989,22,48,309,0,DRIVE [ 50 ] [ 1 ] [ 1550 1768 1893 ] [    0    0    0 ] [      0      0      0 ] [ 0 ],drive [ 49 ] [ 0 ] [ 1526 1777 1893 ] [   60   13   14 ] [  17127   7141   6723 ] [ 0 ],1.00,1.00,1.00,1.00,21.64,47.71,0.00,0.00,0.00,0.00,0.00,0.00,0.00,0.00,0.00,0.00,0.00,0.00,-0.00,-0.00,0.00,0
1.32358,19,47,307,0,DRIVE [ 50 ] [ 1 ] [ 1570 1759 1893 ] [    0    0    0 ] [      0      0      0 ] [ 0 ],drive [ 50 ] [ 0 ] [ 1550 1768 1893 ] [   60   13   14 ] [  17127   7141   6723 ] [ 0 ],1.00,1.00,1.00,1.00,18.66,47.28,0.00,0.00,0.00,0.00,0.00,0.00,0.00,0.00,0.00,0.00,0.00,0.00,-0.00,-0.00,0.00,0
1.33588,16,47,306,0,DRIVE [ 51 ] [ 1 ] [ 1588 1749 1893 ] [    0    0    0 ] [      0      0      0 ] [ 0 ],drive [ 50 ] [ 0 ] [ 1570 1759 1893 ] [   60   13   14 ] [  16989   7234   6724 ] [ 0 ],1.00,1.00,1.00,1.00,16.01,47.15,0.00,0.00,0.00,0.00,0.00,0.00,0.00,0.00,0.00,0.00,0.00,0.00,-0.00,-0.00,0.00,0
1.34802,14,47,304,0,DRIVE [ 51 ] [ 1 ] [ 1603 1739 1893 ] [    0    0    0 ] [      0      0      0 ] [ 0 ],drive [ 51 ] [ 0 ] [ 1588 1749 1893 ] [   36   17   13 ] [  16989   7234   6724 ] [ 0 ],1.00,1.00,1.00,1.00,13.53,47.02,0.00,0.00,0.00,0.00,0.00,0.00,0.00,0.00,0.00,0.00,0.00,0.00,-0.00,-0.00,0.00,0
1.36084,10,47,302,0,DRIVE [ 52 ] [ 1 ] [ 1622 1726 1893 ] [    0    0    0 ] [      0      0      0 ] [ 0 ],drive [ 51 ] [ 0 ] [ 1603 1739 1893 ] [   36   17   13 ] [  16989   7234   6724 ] [ 0 ],1.00,1.00,1.00,1.00,10.33,46.80,0.00,0.00,0.00,0.00,0.00,0.00,0.00,0.00,0.00,0.00,0.00,0.00,-0.00,-0.00,0.00,0
1.37264,8,46,300,0,DRIVE [ 52 ] [ 1 ] [ 1638 1715 1893 ] [    0    0    0 ] [      0      0      0 ] [ 0 ],drive [ 52 ] [ 0 ] [ 1622 1726 1893 ] [   36   17   13 ] [  16989   7234   6724 ] [ 0 ],1.00,1.00,1.00,1.00,7.55,46.47,0.00,0.00,0.00,0.00,0.00,0.00,0.00,0.00,0.00,0.00,0.00,0.00,-0.00,-0.00,0.00,0
1.3868,5,46,298,0,DRIVE [ 53 ] [ 1 ] [ 1652 1705 1893 ] [    0    0    0 ] [      0      0      0 ] [ 0 ],drive [ 52 ] [ 0 ] [ 1638 1715 1893 ] [   36   17   13 ] [  16760   7559   6723 ] [ 0 ],1.00,1.00,1.00,1.00,5.15,46.15,0.00,0.00,0.00,0.00,0.00,0.00,0.00,0.00,0.00,0.00,0.00,0.00,-0.00,-0.00,0.00,0
1.40182,3,46,297,0,DRIVE [ 53 ] [ 1 ] [ 1663 1695 1893 ] [    0    0    0 ] [      0      0      0 ] [ 0 ],drive [ 53 ] [ 0 ] [ 1652 1705 1893 ] [   29   21   14 ] [  16760   7559   6723 ] [ 0 ],1.00,1.00,1.00,1.00,3.09,45.99,0.00,0.00,0.00,0.00,0.00,0.00,0.00,0.00,0.00,0.00,0.00,0.00,-0.00,-0.00,0.00,0
1.41442,1,46,295,0,DRIVE [ 54 ] [ 1 ] [ 1672 1686 1893 ] [    0    0    0 ] [      0      0      0 ] [ 0 ],drive [ 53 ] [ 0 ] [ 1663 1695 1893 ] [   29   21   14 ] [  16760   7559   6723 ] [ 0 ],1.00,1.00,1.00,1.00,1.41,45.93,0.00,0.00,0.00,0.00,0.00,0.00,0.00,0.00,0.00,0.00,0.00,0.00,-0.00,-0.00,0.00,0
1.42831,0,46,294,0,DRIVE [ 54 ] [ 1 ] [ 1678 1677 1893 ] [    0    0    0 ] [      0      0      0 ] [ 0 ],drive [ 54 ] [ 0 ] [ 1672 1686 1893 ] [   29   21   14 ] [  16760   7559   6723 ] [ 0 ],1.00,1.00,1.00,1.00,-0.06,45.98,0.00,0.00,0.00,0.00,0.00,0.00,0.00,0.00,0.00,0.00,0.00,0.00,0.00,-0.00,0.00,0
1.44104,-1,46,292,0,DRIVE [ 55 ] [ 1 ] [ 1683 1668 1893 ] [    0    0    0 ] [      0      0      0 ] [ 0 ],drive [ 54 ] [ 0 ] [ 1678 1677 1893 ] [   29   21   14 ] [  16537   7667   6724 ] [ 0 ],1.00,1.00,1.00,1.00,-1.40,46.18,0.00,0.00,0.00,0.00,0.00,0.00,0.00,0.00,0.00,0.00,0.00,0.00,0.00,-0.00,0.00,0
1.45445,-3,47,290,0,DRIVE [ 55 ] [ 1 ] [ 1689 1654 1893 ] [    0    0    0 ] [      0      0      0 ] [ 0 ],drive [ 55 ] [ 0 ] [ 1683 1668 1893 ] [   49   44   15 ] [  16537   7667   6724 ] [ 0 ],1.00,1.00,1.00,1.00,-3.31,46.50,0.00,0.00,0.00,0.00,0.00,0.00,0.00,0.00,0.00,0.00,0.00,0.00,0.00,-0.00,0.00,0
1.46647,-5,47,288,0,DRIVE [ 56 ] [ 1 ] [ 1694 1640 1893 ] [    0    0    0 ] [      0      0      0 ] [ 0 ],drive [ 55 ] [ 0 ] [ 1689 1654 1893 ] [   49   44   15 ] [  16537   7667   6724 ] [ 0 ],1.00,1.00,1.00,1.00,-5.09,46.97,0.00,0.00,0.00,0.00,0.00,0.00,0.00,0.00,0.00,0.00,0.00,0.00,0.00,0.00,0.00,0
1.47806,-7,47,286,0,DRIVE [ 56 ] [ 1 ] [ 1697 1627 1893 ] [    0    0    0 ] [      0      0      0 ] [ 0 ],drive [ 56 ] [ 0 ] [ 1694 1640 1893 ] [   49   44   15 ] [  16537   7667   6724 ] [ 0 ],1.00,1.00,1.00,1.00,-6.58,47.30,0.00,0.00,0.00,0.00,0.00,0.00,0.00,0.00,0.00,0.00,0.00,0.00,0.00,0.00,0.00,0
1.4895,-8,48,284,0,DRIVE [ 57 ] [ 1 ] [ 1701 1615 1893 ] [    0    0    0 ] [      0      0      0 ] [ 0 ],drive [ 56 ] [ 0 ] [ 1697 1627 1893 ] [   49   44   15 ] [  16274   7836   6725 ] [ 0 ],1.00,1.00,1.00,1.00,-8.00,47.71,0.00,0.00,0.00,0.00,0.00,0.00,0.00,0.00,0.00,0.00,0.00,0.00,0.00,0.00,0.00,0
1.50136,-9,48,282,0,DRIVE [ 57 ] [ 1 ] [ 1703 1603 1893 ] [    0    0    0 ] [      0      0      0 ] [ 0 ],drive [ 57 ] [ 0 ] [ 1701 1615 1893 ] [   22   33   17 ] [  16274   7836   6725 ] [ 0 ],1.00,1.00,1.00,1.00,-9.17,48.16,0.00,0.00,0.00,0.00,0.00,0.00,0.00,0.00,0.00,0.00,0.00,0.00,0.00,0.00,0.00,0
1.513,-10,49,280,0,DRIVE [ 58 ] [ 1 ] [ 1704 1592 1893 ] [    0    0    0 ] [      0      0      0 ] [ 0 ],drive [ 57 ] [ 0 ] [ 1703 1603 1893 ] [   22   33   17 ] [  16274   7836   6725 ] [ 0 ],1.00,1.00,1.00,1.00,-10.33,48.56,0.00,0.00,0.00,0.00,0.00,0.00,0.00,0.00,0.00,0.00,0.00,0.00,0.00,0.00,0.00,0
1.52462,-12,49,278,0,DRIVE [ 58 ] [ 1 ] [ 1708 1574 1893 ] [    0    0    0 ] [      0      0      0 ] [ 0 ],drive [ 58 ] [ 0 ] [ 1704 1592 1893 ] [   22   33   17 ] [  16274   7836   6725 ] [ 0 ],1.00,1.00,1.00,1.00,-12.23,49.13,0.00,0.00,0.00,0.00,0.00,0.00,0.00,0.00,0.00,0.00,0.00,0.00,0.00,0.00,0.00,0
1.53579,-14,50,276,0,DRIVE [ 59 ] [ 1 ] [ 1711 1557 1893 ] [    0    0    0 ] [      0      0      0 ] [ 0 ],drive [ 58 ] [ 0 ] [ 1708 1574 1893 ] [   22   33   17 ] [  16111   8055   6726 ] [ 0 ],1.00,1.00,1.00,1.00,-13.96,49.71,0.00,0.00,0.00,0.00,0.00,0.00,0.00,0.00,0.00,0.00,0.00,0.00,0.00,0.00,0.00,0
1.54772,-15,50,274,0,DRIVE [ 59 ] [ 1 ] [ 1714 1542 1893 ] [    0    0    0 ] [      0      0      0 ] [ 0 ],drive [ 59 ] [ 0 ] [ 1711 1557 1893 ] [   42   43   17 ] [  16111   8055   6726 ] [ 0 ],1.00,1.00,1.00,1.00,-15.33,50.17,0.00,0.00,0.00,0.00,0.00,0.00,0.00,0.00,0.00,0.00,0.00,0.00,0.00,0.00,0.00,0
1.56036,-16,50,271,0,DRIVE [ 60 ] [ 1 ] [ 1714 1531 1893 ] [    0    0    0 ] [      0      0      0 ] [ 0 ],drive [ 59 ] [ 0 ] [ 1714 1542 1893 ] [   42   43   17 ] [  16111   8055   6726 ] [ 0 ],1.00,1.00,1.00,1.00,-16.15,50.38,0.00,0.00,0.00,0.00,0.00,0.00,0.00,0.00,0.00,0.00,0.00,0.00,0.00,0.00,0.00,0
1.57153,-16,51,269,0,DRIVE [ 60 ] [ 1 ] [ 1712 1525 1893 ] [    0    0    0 ] [      0      0      0 ] [ 0 ],drive [ 60 ] [ 0 ] [ 1714 1531 1893 ] [   42   43   17 ] [  16111   8055   6726 ] [ 0 ],1.00,1.00,1.00,1.00,-16.48,50.71,0.00,0.00,0.00,0.00,0.00,0.00,0.00,0.00,0.00,0.00,0.00,0.00,0.00,0.00,0.00,0
1.58343,-16,51,267,0,DRIVE [ 61 ] [ 1 ] [ 1710 1520 1893 ] [    0    0    0 ] [      0      0      0 ] [ 0 ],drive [ 60 ] [ 0 ] [ 1712 1525 1893 ] [   42   43   17 ] [  15734   8297   6735 ] [ 0 ],1.00,1.00,1.00,1.00,-16.48,50.96,0.00,0.00,0.00,0.00,0.00,0.00,0.00,0.00,0.00,0.00,0.00,0.00,0.00,0.00,0.00,0
1.59528,-16,51,265,0,DRIVE [ 61 ] [ 1 ] [ 1705 1517 1893 ] [    0    0    0 ] [      0      0      0 ] [ 0 ],drive [ 61 ] [ 0 ] [ 1710 1520 1893 ] [   42   43   17 ] [  15734   8297   6735 ] [ 0 ],1.00,1.00,1.00,1.00,-16.25,51.37,0.00,0.00,0.00,0.00,0.00,0.00,0.00,0.00,0.00,0.00,0.00,0.00,0.00,0.00,0.00,0
1.60658,-16,52,263,0,DRIVE [ 62 ] [ 1 ] [ 1700 1515 1893 ] [    0    0    0 ] [      0      0      0 ] [ 0 ],drive [ 61 ] [ 0 ] [ 1705 1517 1893 ] [   25   47   24 ] [  15734   8297   6735 ] [ 0 ],1.00,1.00,1.00,1.00,-15.86,51.76,0.00,0.00,0.00,0.00,0.00,0.00,0.00,0.00,0.00,0.00,0.00,0.00,0.00,0.00,0.00,0
1.61838,-15,52,262,0,DRIVE [ 62 ] [ 1 ] [ 1694 1514 1893 ] [    0    0    0 ] [      0      0      0 ] [ 0 ],drive [ 62 ] [ 0 ] [ 1700 1515 1893 ] [   25   47   24 ] [  15734   8297   6735 ] [ 0 ],1.00,1.00,1.00,1.00,-15.43,52.38,0.00,0.00,0.00,0.00,0.00,0.00,0.00,0.00,0.00,0.00,0.00,0.00,0.00,0.00,0.00,0
1.63005,-15,53,260,0,DRIVE [ 63 ] [ 1 ] [ 1688 1513 1893 ] [    0    0    0 ] [      0      0      0 ] [ 0 ],drive [ 62 ] [ 0 ] [ 1694 1514 1893 ] [   25   47   24 ] [  15734   8297   6735 ] [ 0 ],1.00,1.00,1.00,1.00,-14.91,52.82,0.00,0.00,0.00,0.00,0.00,0.00,0.00,0.00,0.00,0.00,0.00,0.00,0.00,0.00,0.00,0
1.64153,-14,53,258,0,DRIVE [ 63 ] [ 1 ] [ 1682 1513 1893 ] [    0    0    0 ] [      0      0      0 ] [ 0 ],drive [ 63 ] [ 0 ] [ 1688 1513 1893 ] [   25   47   24 ] [  15633   8379   6740 ] [ 0 ],1.00,1.00,1.00,1.00,-14.33,53.00,0.00,0.00,0.00,0.00,0.00,0.00,0.00,0.00,0.00,0.00,0.00,0.00,0.00,0.00,0.00,0
1.65261,-14,53,256,0,DRIVE [ 64 ] [ 1 ] [ 1677 1514 1893 ] [    0    0    0 ] [      0      0      0 ] [ 0 ],drive [ 63 ] [ 0 ] [ 1682 1513 1893 ] [   35   35   23 ] [  15633   8379   6740 ] [ 0 ],1.00,1.00,1.00,1.00,-13.73,53.22,0.00,0.00,0.00,0.00,0.00,0.00,0.00,0.00,0.00,0.00,0.00,0.00,0.00,0.00,0.00,0
1.66412,-13,53,254,0,DRIVE [ 64 ] [ 1 ] [ 1672 1516 1893 ] [    0    0    0 ] [      0      0      0 ] [ 0 ],drive [ 64 ] [ 0 ] [ 1677 1514 1893 ] [   35   35   23 ] [  15633   8379   6740 ] [ 0 ],1.00,1.00,1.00,1.00,-13.02,53.19,0.00,0.00,0.00,0.00,0.00,0.00,0.00,0.00,0.00,0.00,0.00,0.00,0.00,0.00,0.00,0
1.67621,-12,53,253,0,DRIVE [ 65 ] [ 1 ] [ 1668 1520 1893 ] [    0    0    0 ] [      0      0      0 ] [ 0 ],drive [ 64 ] [ 0 ] [ 1672 1516 1893 ] [   35   35   23 ] [  15633   8379   6740 ] [ 0 ],1.00,1.00,1.00,1.00,-12.28,53.03,0.00,0.00,0.00,0.00,0.00,0.00,0.00,0.00,0.00,0.00,0.00,0.00,0.00,0.00,0.00,0
1.68734,-12,53,251,0,DRIVE [ 65 ] [ 1 ] [ 1664 1524 1893 ] [    0    0    0 ] [      0      0      0 ] [ 0 ],drive [ 65 ] [ 0 ] [ 1668 1520 1893 ] [   35   35   23 ] [  15633   8388   6740 ] [ 0 ],1.00,1.00,1.00,1.00,-11.52,52.77,0.00,0.00,0.00,0.00,0.00,0.00,0.00,0.00,0.00,0.00,0.00,0.00,0.00,0.00,0.00,0
1.69888,-11,53,249,0,DRIVE [ 66 ] [ 1 ] [ 1660 1528 1893 ] [    0    0    0 ] [      0      0      0 ] [ 0 ],drive [ 65 ] [ 0 ] [ 1664 1524 1893 ] [   37   34   23 ] [  15633   8388   6740 ] [ 0 ],1.00,1.00,1.00,1.00,-10.79,52.54,0.00,0.00,0.00,0.00,0.00,0.00,0.00,0.00,0.00,0.00,0.00,0.00,0.00,0.00,0.00,0
1.7104,-10,52,247,0,DRIVE [ 66 ] [ 1 ] [ 1656 1533 1893 ] [    0    0    0 ] [      0      0      0 ] [ 0 ],drive [ 66 ] [ 0 ] [ 1660 1528 1893 ] [   37   34   23 ] [  15633   8388   6740 ] [ 0 ],1.00,1.00,1.00,1.00,-9.99,52.22,0.00,0.00,0.00,0.00,0.00,0.00,0.00,0.00,0.00,0.00,0.00,0.00,0.00,0.00,0.00,0
1.72147,-9,52,245,0,DRIVE [ 67 ] [ 1 ] [ 1652 1537 1893 ] [    0    0    0 ] [      0      0      0 ] [ 0 ],drive [ 66 ] [ 0 ] [ 1656 1533 1893 ] [   37   34   23 ] [  15633   8388   6740 ] [ 0 ],1.00,1.00,1.00,1.00,-9.26,51.93,0.00,0.00,0.00,0.00,0.00,0.00,0.00,0.00,0.00,0.00,0.00,0.00,0.00,0.00,0.00,0
1.73314,-8,52,244,0,DRIVE [ 67 ] [ 1 ] [ 1648 1542 1893 ] [    0    0    0 ] [      0      0      0 ] [ 0 ],drive [ 67 ] [ 0 ] [ 1652 1537 1893 ] [   37   34   23 ] [  15630   8388   6740 ] [ 0 ],1.00,1.00,1.00,1.00,-8.47,51.61,0.00,0.00,0.00,0.00,0.00,0.00,0.00,0.00,0.00,0.00,0.00,0.00,0.00,0.00,0.00,0
1.74447,-8,51,242,0,DRIVE [ 68 ] [ 1 ] [ 1643 1548 1893 ] [    0    0    0 ] [      0      0      0 ] [ 0 ],drive [ 67 ] [ 0 ] [ 1648 1542 1893 ] [   37   34   23 ] [  15630   8388   6740 ] [ 0 ],1.00,1.00,1.00,1.00,-7.65,51.26,0.00,0.00,0.00,0.00,0.00,0.00,0.00,0.00,0.00,0.00,0.00,0.00,0.00,0.00,0.00,0
1.75536,-7,51,240,0,DRIVE [ 68 ] [ 1 ] [ 1639 1553 1893 ] [    0    0    0 ] [      0      0      0 ] [ 0 ],drive [ 68 ] [ 0 ] [ 1643 1548 1893 ] [   40   33   23 ] [  15630   8388   6740 ] [ 0 ],1.00,1.00,1.00,1.00,-6.74,50.86,0.00,0.00,0.00,0.00,0.00,0.00,0.00,0.00,0.00,0.00,0.00,0.00,0.00,0.00,0.00,0
1.76673,-6,50,238,0,DRIVE [ 69 ] [ 1 ] [ 1633 1560 1893 ] [    0    0    0 ] [      0      0      0 ] [ 0 ],drive [ 68 ] [ 0 ] [ 1639 1553 1893 ] [   40   33   23 ] [  15630   8388   6740 ] [ 0 ],1.00,1.00,1.00,1.00,-5.80,50.48,0.00,0.00,0.00,0.00,0.00,0.00,0.00,0.00,0.00,0.00,0.00,0.00,0.00,-0.00,0.00,0
1.7783,-5,50,236,0,DRIVE [ 69 ] [ 1 ] [ 1628 1567 1893 ] [    0    0    0 ] [      0      0      0 ] [ 0 ],drive [ 69 ] [ 0 ] [ 1633 1560 1893 ] [   40   33   23 ] [  15630   8388   6740 ] [ 0 ],1.00,1.00,1.00,1.00,-4.78,49.97,0.00,0.00,0.00,0.00,0.00,0.00,0.00,0.00,0.00,0.00,0.00,0.00,0.00,-0.00,0.00,0
1.79039,-4,50,234,0,DRIVE [ 70 ] [ 1 ] [ 1622 1574 1893 ] [    0    0    0 ] [      0      0      0 ] [ 0 ],drive [ 69 ] [ 0 ] [ 1628 1567 1893 ] [   40   33   23 ] [  15628   8388   6740 ] [ 0 ],1.00,1.00,1.00,1.00,-3.67,49.63,0.00,0.00,0.00,0.00,0.00,0.00,0.00,0.00,0.00,0.00,0.00,0.00,0.00,-0.00,0.00,0
1.80128,-3,49,231,0,DRIVE [ 70 ] [ 1 ] [ 1615 1581 1893 ] [    0    0    0 ] [      0      0      0 ] [ 0 ],drive [ 70 ] [ 0 ] [ 1622 1574 1893 ] [   43   30   23 ] [  15628   8388   6740 ] [ 0 ],1.00,1.00,1.00,1.00,-2.54,49.10,0.00,0.00,0.00,0.00,0.00,0.00,0.00,0.00,0.00,0.00,0.00,0.00,0.00,-0.00,0.00,0
1.81285,-1,49,230,0,DRIVE [ 71 ] [ 1 ] [ 1607 1589 1893 ] [    0    0    0 ] [      0      0      0 ] [ 0 ],drive [ 70 ] [ 0 ] [ 1615 1581 1893 ] [   43   30   23 ] [  15628   8388   6740 ] [ 0 ],1.00,1.00,1.00,1.00,-1.39,48.78,0.00,0.00,0.00,0.00,0.00,0.00,0.00,0.00,0.00,0.00,0.00,0.00,0.00,-0.00,0.00,0
1.82391,0,48,227,0,DRIVE [ 71 ] [ 1 ] [ 1599 1595 1893 ] [    0    0    0 ] [      0      0      0 ] [ 0 ],drive [ 71 ] [ 0 ] [ 1607 1589 1893 ] [   43   30   23 ] [  15628   8388   6740 ] [ 0 ],1.00,1.00,1.00,1.00,-0.28,48.42,0.00,0.00,0.00,0.00,0.00,0.00,0.00,0.00,0.00,0.00,0.00,0.00,0.00,-0.00,0.00,0
1.83547,1,48,225,0,DRIVE [ 72 ] [ 1 ] [ 1591 1601 1893 ] [    0    0    0 ] [      0      0      0 ] [ 0 ],drive [ 71 ] [ 0 ] [ 1599 1595 1893 ] [   43   30   23 ] [  15628   8387   6740 ] [ 0 ],1.00,1.00,1.00,1.00,0.80,48.24,0.00,0.00,0.00,0.00,0.00,0.00,0.00,0.00,0.00,0.00,0.00,0.00,-0.00,-0.00,0.00,0
1.84693,2,48,223,0,DRIVE [ 72 ] [ 1 ] [ 1582 1607 1893 ] [    0    0    0 ] [      0      0      0 ] [ 0 ],drive [ 72 ] [ 0 ] [ 1591 1601 1893 ] [   43   30   23 ] [  15628   8387   6740 ] [ 0 ],1.00,1.00,1.00,1.00,1.84,47.99,0.00,0.00,0.00,0.00,0.00,0.00,0.00,0.00,0.00,0.00,0.00,0.00,-0.00,-0.00,0.00,0
1.85841,3,48,221,0,DRIVE [ 73 ] [ 1 ] [ 1573 1612 1893 ] [    0    0    0 ] [      0      0      0 ] [ 0 ],drive [ 72 ] [ 0 ] [ 1582 1607 1893 ] [   46   29   23 ] [  15628   8387   6740 ] [ 0 ],1.00,1.00,1.00,1.00,2.84,47.77,0.00,0.00,0.00,0.00,0.00,0.00,0.00,0.00,0.00,0.00,0.00,0.00,-0.00,-0.00,0.00,0
1.86935,4,48,219,0,DRIVE [ 73 ] [ 1 ] [ 1564 1616 1893 ] [    0    0    0 ] [      0      0      0 ] [ 0 ],drive [ 73 ] [ 0 ] [ 1573 1612 1893 ] [   46   29   23 ] [  15628   8387   6740 ] [ 0 ],1.00,1.00,1.00,1.00,3.81,47.63,0.00,0.00,0.00,0.00,0.00,0.00,0.00,0.00,0.00,0.00,0.00,0.00,-0.00,-0.00,0.00,0
1.88101,5,47,216,0,DRIVE [ 74 ] [ 1 ] [ 1555 1620 1893 ] [    0    0    0 ] [      0      0      0 ] [ 0 ],drive [ 73 ] [ 0 ] [ 1564 1616 1893 ] [   46   29   23 ] [  15628   8387   6740 ] [ 0 ],1.00,1.00,1.00,1.00,4.70,47.46,0.00,0.00,0.00,0.00,0.00,0.00,0.00,0.00,0.00,0.00,0.00,0.00,-0.00,-0.00,0.00,0
1.89308,6,47,214,0,DRIVE [ 74 ] [ 1 ] [ 1545 1623 1893 ] [    0    0    0 ] [      0      0      0 ] [ 0 ],drive [ 74 ] [ 0 ] [ 1555 1620 1893 ] [   46   29   23 ] [  15629   8387   6740 ] [ 0 ],1.00,1.00,1.00,1.00,5.59,47.35,0.00,0.00,0.00,0.00,0.00,0.00,0.00,0.00,0.00,0.00,0.00,0.00,-0.00,-0.00,0.00,0
1.90412,6,47,212,0,DRIVE [ 75 ] [ 1 ] [ 1535 1626 1893 ] [    0    0    0 ] [      0      0      0 ] [ 0 ],drive [ 74 ] [ 0 ] [ 1545 1623 1893 ] [   48   26   22 ] [  15629   8387   6740 ] [ 0 ],1.00,1.00,1.00,1.00,6.42,47.28,0.00,0.00,0.00,0.00,0.00,0.00,0.00,0.00,0.00,0.00,0.00,0.00,-0.00,-0.00,0.00,0
1.91562,7,47,210,0,DRIVE [ 75 ] [ 1 ] [ 1526 1628 1893 ] [    0    0    0 ] [      0      0      0 ] [ 0 ],drive [ 75 ] [ 0 ] [ 1535 1626 1893 ] [   48   26   22 ] [  15629   8387   6740 ] [ 0 ],1.00,1.00,1.00,1.00,7.18,47.36,0.00,0.00,0.00,0.00,0.00,0.00,0.00,0.00,0.00,0.00,0.00,0.00,-0.00,-0.00,0.00,0
1.927,8,47,208,0,DRIVE [ 76 ] [ 1 ] [ 1517 1629 1893 ] [    0    0    0 ] [      0      0      0 ] [ 0 ],drive [ 75 ] [ 0 ] [ 1526 1628 1893 ] [   48   26   22 ] [  15629   8387   6740 ] [ 0 ],1.00,1.00,1.00,1.00,7.77,47.27,0.00,0.00,0.00,0.00,0.00,0.00,0.00,0.00,0.00,0.00,0.00,0.00,-0.00,-0.00,0.00,0
1.93811,8,47,206,0,DRIVE [ 76 ] [ 1 ] [ 1509 1630 1893 ] [    0    0    0 ] [      0      0      0 ] [ 0 ],drive [ 76 ] [ 0 ] [ 1517 1629 1893 ] [   48   26   22 ] [  15631   8385   6741 ] [ 0 ],1.00,1.00,1.00,1.00,8.24,47.26,0.00,0.00,0.00,0.00,0.00,0.00,0.00,0.00,0.00,0.00,0.00,0.00,-0.00,-0.00,0.00,0
1.94957,9,47,204,0,DRIVE [ 77 ] [ 1 ] [ 1503 1629 1893 ] [    0    0    0 ] [      0      0      0 ] [ 0 ],drive [ 76 ] [ 0 ] [ 1509 1630 1893 ] [   51   26   22 ] [  15631   8385   6741 ] [ 0 ],1.00,1.00,1.00,1.00,8.53,47.26,0.00,0.00,0.00,0.00,0.00,0.00,0.00,0.00,0.00,0.00,0.00,0.00,-0.00,-0.00,0.00,0
1.96079,9,47,202,0,DRIVE [ 77 ] [ 1 ] [ 1499 1628 1893 ] [    0    0    0 ] [      0      0      0 ] [ 0 ],drive [ 77 ] [ 0 ] [ 1503 1629 1893 ] [   51   26   22 ] [  15631   8385   6741 ] [ 0 ],1.00,1.00,1.00,1.00,8.64,47.18,0.00,0.00,0.00,0.00,0.00,0.00,0.00,0.00,0.00,0.00,0.00,0.00,-0.00,-0.00,0.00,0
1.97181,9,47,200,0,DRIVE [ 78 ] [ 1 ] [ 1496 1626 1893 ] [    0    0    0 ] [      0      0      0 ] [ 0 ],drive [ 77 ] [ 0 ] [ 1499 1628 1893 ] [   51   26   22 ] [  15631   8385   6741 ] [ 0 ],1.00,1.00,1.00,1.00,8.61,47.07,0.00,0.00,0.00,0.00,0.00,0.00,0.00,0.00,0.00,0.00,0.00,0.00,-0.00,-0.00,0.00,0
1.98348,8,47,198,0,DRIVE [ 78 ] [ 1 ] [ 1495 1623 1893 ] [    0    0    0 ] [      0      0      0 ] [ 0 ],drive [ 78 ] [ 0 ] [ 1496 1626 1893 ] [   51   26   22 ] [  15635   8385   6741 ] [ 0 ],1.00,1.00,1.00,1.00,8.47,46.95,0.00,0.00,0.00,0.00,0.00,0.00,0.00,0.00,0.00,0.00,0.00,0.00,-0.00,-0.00,0.00,0
1.99467,8,47,197,0,DRIVE [ 79 ] [ 1 ] [ 1494 1621 1893 ] [    0    0    0 ] [      0      0      0 ] [ 0 ],drive [ 78 ] [ 0 ] [ 1495 1623 1893 ] [   51   26   22 ] [  15635   8385   6741 ] [ 0 ],1.00,1.00,1.00,1.00,8.30,46.82,0.00,0.00,0.00,0.00,0.00,0.00,0.00,0.00,0.00,0.00,0.00,0.00,-0.00,-0.00,0.00,0
2.00539,8,47,195,0,DRIVE [ 79 ] [ 1 ] [ 1494 1618 1893 ] [    0    0    0 ] [      0      0      0 ] [ 0 ],drive [ 79 ] [ 0 ] [ 1494 1621 1893 ] [   52   26   22 ] [  15635   8385   6741 ] [ 0 ],1.00,1.00,1.00,1.00,8.01,46.59,0.00,0.00,0.00,0.00,0.00,0.00,0.00,0.00,0.00,0.00,0.00,0.00,-0.00,-0.00,0.00,0
2.01692,8,46,193,0,DRIVE [ 80 ] [ 1 ] [ 1496 1615 1893 ] [    0    0    0 ] [      0      0      0 ] [ 0 ],drive [ 79 ] [ 0 ] [ 1494 1618 1893 ] [   52   26   22 ] [  15635   8385   6741 ] [ 0 ],1.00,1.00,1.00,1.00,7.64,46.31,0.00,0.00,0.00,0.00,0.00,0.00,0.00,0.00,0.00,0.00,0.00,0.00,-0.00,-0.00,0.00,0
2.02821,7,46,191,0,DRIVE [ 80 ] [ 1 ] [ 1498 1611 1893 ] [    0    0    0 ] [      0      0      0 ] [ 0 ],drive [ 80 ] [ 0 ] [ 1496 1615 1893 ] [   52   26   22 ] [  15635   8385   6741 ] [ 0 ],1.00,1.00,1.00,1.00,7.19,46.01,0.00,0.00,0.00,0.00,0.00,0.00,0.00,0.00,0.00,0.00,0.00,0.00,-0.00,-0.00,0.00,0
2.04032,7,46,189,0,DRIVE [ 81 ] [ 1 ] [ 1501 1607 1893 ] [    0    0    0 ] [      0      0      0 ] [ 0 ],drive [ 80 ] [ 0 ] [ 1498 1611 1893 ] [   52   26   22 ] [  15634   8385   6740 ] [ 0 ],1.00,1.00,1.00,1.00,6.64,45.62,0.00,0.00,0.00,0.00,0.00,0.00,0.00,0.00,0.00,0.00,0.00,0.00,-0.00,-0.00,0.00,0
2.05094,6,45,187,0,DRIVE [ 81 ] [ 1 ] [ 1505 1602 1893 ] [    0    0    0 ] [      0      0      0 ] [ 0 ],drive [ 81 ] [ 0 ] [ 1501 1607 1893 ] [   52   26   23 ] [  15634   8385   6740 ] [ 0 ],1.00,1.00,1.00,1.00,6.04,45.34,0.00,0.00,0.00,0.00,0.00,0.00,0.00,0.00,0.00,0.00,0.00,0.00,-0.00,-0.00,0.00,0
2.06231,5,45,185,0,DRIVE [ 82 ] [ 1 ] [ 1510 1596 1893 ] [    0    0    0 ] [      0      0      0 ] [ 0 ],drive [ 81 ] [ 0 ] [ 1505 1602 1893 ] [   52   26   23 ] [  15634   8385   6740 ] [ 0 ],1.00,1.00,1.00,1.00,5.37,45.08,0.00,0.00,0.00,0.00,0.00,0.00,0.00,0.00,0.00,0.00,0.00,0.00,-0.00,-0.00,0.00,0
2.07325,5,45,184,0,DRIVE [ 82 ] [ 1 ] [ 1515 1591 1893 ] [    0    0    0 ] [      0      0      0 ] [ 0 ],drive [ 82 ] [ 0 ] [ 1510 1596 1893 ] [   52   26   23 ] [  15634   8385   6740 ] [ 0 ],1.00,1.00,1.00,1.00,4.62,44.84,0.00,0.00,0.00,0.00,0.00,0.00,0.00,0.00,0.00,0.00,0.00,0.00,-0.00,-0.00,0.00,0
2.0846,4,44,182,0,DRIVE [ 83 ] [ 1 ] [ 1524 1582 1893 ] [    0    0    0 ] [      0      0      0 ] [ 0 ],drive [ 82 ] [ 0 ] [ 1515 1591 1893 ] [   52   26   23 ] [  15634   8385   6740 ] [ 0 ],1.00,1.00,1.00,1.00,3.54,44.30,0.00,0.00,0.00,0.00,0.00,0.00,0.00,0.00,0.00,0.00,0.00,0.00,-0.00,-0.00,0.00,0
2.09591,2,44,179,0,DRIVE [ 83 ] [ 1 ] [ 1533 1574 1893 ] [    0    0    0 ] [      0      0      0 ] [ 0 ],drive [ 83 ] [ 0 ] [ 1524 1582 1893 ] [   52   26   23 ] [  15634   8385   6740 ] [ 0 ],1.00,1.00,1.00,1.00,2.50,43.80,0.00,0.00,0.00,0.00,0.00,0.00,0.00,0.00,0.00,0.00,0.00,0.00,-0.00,-0.00,0.00,0
2.10708,1,43,178,0,DRIVE [ 84 ] [ 1 ] [ 1542 1567 1893 ] [    0    0    0 ] [      0      0      0 ] [ 0 ],drive [ 83 ] [ 0 ] [ 1533 1574 1893 ] [   51   28   23 ] [  15634   8385   6740 ] [ 0 ],1.00,1.00,1.00,1.00,1.48,43.34,0.00,0.00,0.00,0.00,0.00,0.00,0.00,0.00,0.00,0.00,0.00,0.00,-0.00,-0.00,0.00,0
2.11791,0,43,176,0,DRIVE [ 84 ] [ 1 ] [ 1551 1558 1893 ] [    0    0    0 ] [      0      0      0 ] [ 0 ],drive [ 84 ] [ 0 ] [ 1542 1567 1893 ] [   51   28   23 ] [  15634   8385   6740 ] [ 0 ],1.00,1.00,1.00,1.00,0.47,42.86,0.00,0.00,0.00,0.00,0.00,0.00,0.00,0.00,0.00,0.00,0.00,0.00,-0.00,-0.00,0.00,0
2.12939,0,42,174,0,DRIVE [ 85 ] [ 1 ] [ 1559 1550 1893 ] [    0    0    0 ] [      0      0      0 ] [ 0 ],drive [ 84 ] [ 0 ] [ 1551 1558 1893 ] [   51   28   23 ] [  15634   8385   6740 ] [ 0 ],1.00,1.00,1.00,1.00,-0.49,42.38,0.00,0.00,0.00,0.00,0.00,0.00,0.00,0.00,0.00,0.00,0.00,0.00,0.00,-0.00,0.00,0
2.14101,-1,42,172,0,DRIVE [ 85 ] [ 1 ] [ 1567 1543 1893 ] [    0    0    0 ] [      0      0      0 ] [ 0 ],drive [ 85 ] [ 0 ] [ 1559 1550 1893 ] [   51   28   23 ] [  15632   8386   6740 ] [ 0 ],1.00,1.00,1.00,1.00,-1.34,41.90,0.00,0.00,0.00,0.00,0.00,0.00,0.00,0.00,0.00,0.00,0.00,0.00,0.00,-0.00,0.00,0
2.15239,-2,41,171,0,DRIVE [ 86 ] [ 1 ] [ 1574 1537 1893 ] [    0    0    0 ] [      0      0      0 ] [ 0 ],drive [ 85 ] [ 0 ] [ 1567 1543 1893 ] [   48   33   23 ] [  15632   8386   6740 ] [ 0 ],1.00,1.00,1.00,1.00,-2.12,41.45,0.00,0.00,0.00,0.00,0.00,0.00,0.00,0.00,0.00,0.00,0.00,0.00,0.00,-0.00,0.00,0
2.16366,-3,41,169,0,DRIVE [ 86 ] [ 1 ] [ 1582 1531 1893 ] [    0    0    0 ] [      0      0      0 ] [ 0 ],drive [ 86 ] [ 0 ] [ 1574 1537 1893 ] [   48   33   23 ] [  15632   8386   6740 ] [ 0 ],1.00,1.00,1.00,1.00,-2.87,40.99,0.00,0.00,0.00,0.00,0.00,0.00,0.00,0.00,0.00,0.00,0.00,0.00,0.00,-0.00,0.00,0
2.17481,-4,40,168,0,DRIVE [ 87 ] [ 1 ] [ 1590 1525 1893 ] [    0    0    0 ] [      0      0      0 ] [ 0 ],drive [ 86 ] [ 0 ] [ 1582 1531 1893 ] [   48   33   23 ] [  15632   8386   6740 ] [ 0 ],1.00,1.00,1.00,1.00,-3.62,40.44,0.00,0.00,0.00,0.00,0.00,0.00,0.00,0.00,0.00,0.00,0.00,0.00,0.00,-0.00,0.00,0
2.18585,-4,40,167,0,DRIVE [ 87 ] [ 1 ] [ 1598 1518 1893 ] [    0    0    0 ] [      0      0      0 ] [ 0 ],drive [ 87 ] [ 0 ] [ 1590 1525 1893 ] [   48   33   23 ] [  15630   8387   6739 ] [ 0 ],1.00,1.00,1.00,1.00,-4.38,39.98,0.00,0.00,0.00,0.00,0.00,0.00,0.00,0.00,0.00,0.00,0.00,0.00,0.00,-0.00,0.00,0
2.1969,-5,40,165,0,DRIVE [ 88 ] [ 1 ] [ 1605 1512 1893 ] [    0    0    0 ] [      0      0      0 ] [ 0 ],drive [ 87 ] [ 0 ] [ 1598 1518 1893 ] [   47   35   23 ] [  15630   8387   6739 ] [ 0 ],1.00,1.00,1.00,1.00,-5.11,39.52,0.00,0.00,0.00,0.00,0.00,0.00,0.00,0.00,0.00,0.00,0.00,0.00,0.00,-0.00,0.00,0
2.20845,-6,39,164,0,DRIVE [ 88 ] [ 1 ] [ 1612 1506 1893 ] [    0    0    0 ] [      0      0      0 ] [ 0 ],drive [ 88 ] [ 0 ] [ 1605 1512 1893 ] [   47   35   23 ] [  15630   8387   6739 ] [ 0 ],1.00,1.00,1.00,1.00,-5.78,39.02,0.00,0.00,0.00,0.00,0.00,0.00,0.00,0.00,0.00,0.00,0.00,0.00,0.00,-0.00,0.00,0
2.2189,-6,39,163,0,DRIVE [ 89 ] [ 1 ] [ 1619 1499 1893 ] [    0    0    0 ] [      0      0      0 ] [ 0 ],drive [ 88 ] [ 0 ] [ 1612 1506 1893 ] [   47   35   23 ] [  15630   8387   6739 ] [ 0 ],1.00,1.00,1.00,1.00,-6.45,38.59,0.00,0.00,0.00,0.00,0.00,0.00,0.00,0.00,0.00,0.00,0.00,0.00,0.00,-0.00,0.00,0
2.2303,-7,38,161,0,DRIVE [ 89 ] [ 1 ] [ 1626 1492 1893 ] [    0    0    0 ] [      0      0      0 ] [ 0 ],drive [ 89 ] [ 0 ] [ 1619 1499 1893 ] [   47   35   23 ] [  15630   8387   6739 ] [ 0 ],1.00,1.00,1.00,1.00,-7.11,38.12,0.00,0.00,0.00,0.00,0.00,0.00,0.00,0.00,0.00,0.00,0.00,0.00,0.00,-0.00,0.00,0
2.24134,-8,38,160,0,DRIVE [ 90 ] [ 1 ] [ 1632 1486 1893 ] [    0    0    0 ] [      0      0      0 ] [ 0 ],drive [ 89 ] [ 0 ] [ 1626 1492 1893 ] [   47   35   23 ] [  15605   8392   6740 ] [ 0 ],1.00,1.00,1.00,1.00,-7.75,37.68,0.00,0.00,0.00,0.00,0.00,0.00,0.00,0.00,0.00,0.00,0.00,0.00,0.00,-0.00,0.00,0
2.25215,-8,37,159,0,DRIVE [ 90 ] [ 1 ] [ 1639 1478 1893 ] [    0    0    0 ] [      0      0      0 ] [ 0 ],drive [ 90 ] [ 0 ] [ 1632 1486 1893 ] [   31   44   24 ] [  15605   8392   6740 ] [ 0 ],1.00,1.00,1.00,1.00,-8.44,37.24,0.00,0.00,0.00,0.00,0.00,0.00,0.00,0.00,0.00,0.00,0.00,0.00,0.00,-0.00,0.00,0
2.26333,-9,37,157,0,DRIVE [ 91 ] [ 1 ] [ 1647 1470 1893 ] [    0    0    0 ] [      0      0      0 ] [ 0 ],drive [ 90 ] [ 0 ] [ 1639 1478 1893 ] [   31   44   24 ] [  15605   8392   6740 ] [ 0 ],1.00,1.00,1.00,1.00,-9.18,36.83,0.00,0.00,0.00,0.00,0.00,0.00,0.00,0.00,0.00,0.00,0.00,0.00,0.00,-0.00,0.00,0
2.27464,-10,36,156,0,DRIVE [ 91 ] [ 1 ] [ 1654 1461 1893 ] [    0    0    0 ] [      0      0      0 ] [ 0 ],drive [ 91 ] [ 0 ] [ 1647 1470 1893 ] [   31   44   24 ] [  15605   8392   6740 ] [ 0 ],1.00,1.00,1.00,1.00,-9.94,36.43,0.00,0.00,0.00,0.00,0.00,0.00,0.00,0.00,0.00,0.00,0.00,0.00,0.00,-0.00,0.00,0
2.28543,-11,36,155,0,DRIVE [ 92 ] [ 1 ] [ 1661 1452 1893 ] [    0    0    0 ] [      0      0      0 ] [ 0 ],drive [ 91 ] [ 0 ] [ 1654 1461 1893 ] [   31   44   24 ] [  15419   8539   6740 ] [ 0 ],1.00,1.00,1.00,1.00,-10.66,36.04,0.00,0.00,0.00,0.00,0.00,0.00,0.00,0.00,0.00,0.00,0.00,0.00,0.00,-0.00,0.00,0
2.29669,-11,36,154,0,DRIVE [ 92 ] [ 1 ] [ 1668 1446 1893 ] [    0    0    0 ] [      0      0      0 ] [ 0 ],drive [ 92 ] [ 0 ] [ 1661 1452 1893 ] [   41   62   23 ] [  15419   8539   6740 ] [ 0 ],1.00,1.00,1.00,1.00,-11.24,35.55,0.00,0.00,0.00,0.00,0.00,0.00,0.00,0.00,0.00,0.00,0.00,0.00,0.00,-0.00,0.00,0
2.3077,-12,35,153,0,DRIVE [ 93 ] [ 1 ] [ 1673 1441 1893 ] [    0    0    0 ] [      0      0      0 ] [ 0 ],drive [ 92 ] [ 0 ] [ 1668 1446 1893 ] [   41   62   23 ] [  15419   8539   6740 ] [ 0 ],1.00,1.00,1.00,1.00,-11.61,35.06,0.00,0.00,0.00,0.00,0.00,0.00,0.00,0.00,0.00,0.00,0.00,0.00,0.00,-0.00,0.00,0
2.31876,-12,35,152,0,DRIVE [ 93 ] [ 1 ] [ 1677 1439 1893 ] [    0    0    0 ] [      0      0      0 ] [ 0 ],drive [ 93 ] [ 0 ] [ 1673 1441 1893 ] [   41   62   23 ] [  15419   8539   6740 ] [ 0 ],1.00,1.00,1.00,1.00,-11.82,34.64,0.00,0.00,0.00,0.00,0.00,0.00,0.00,0.00,0.00,0.00,0.00,0.00,0.00,-0.00,0.00,0
2.32996,-12,34,151,0,DRIVE [ 94 ] [ 1 ] [ 1679 1438 1893 ] [    0    0    0 ] [      0      0      0 ] [ 0 ],drive [ 93 ] [ 0 ] [ 1677 1439 1893 ] [   41   62   23 ] [  15419   8539   6740 ] [ 0 ],1.00,1.00,1.00,1.00,-11.89,34.26,0.00,0.00,0.00,0.00,0.00,0.00,0.00,0.00,0.00,0.00,0.00,0.00,0.00,-0.00,0.00,0
2.34117,-12,34,150,0,DRIVE [ 94 ] [ 1 ] [ 1681 1437 1893 ] [    0    0    0 ] [      0      0      0 ] [ 0 ],drive [ 94 ] [ 0 ] [ 1679 1438 1893 ] [   41   62   23 ] [  15103   8746   6777 ] [ 0 ],1.00,1.00,1.00,1.00,-11.92,34.01,0.00,0.00,0.00,0.00,0.00,-0.00,0.00,0.00,0.00,0.00,0.00,0.00,0.00,-0.00,0.00,0
2.352,-12,34,149,0,DRIVE [ 95 ] [ 1 ] [ 1681 1434 1893 ] [    0    0    0 ] [      0      0      0 ] [ 0 ],drive [ 94 ] [ 0 ] [ 1681 1437 1893 ] [   49   50    3 ] [  15103   8746   6777 ] [ 0 ],1.00,1.00,1.00,1.00,-11.99,33.86,0.00,0.00,0.00,0.00,0.00,-0.00,0.00,0.00,0.00,0.00,0.00,0.00,0.00,-0.00,0.00,0
2.36327,-12,34,148,0,DRIVE [ 95 ] [ 1 ] [ 1681 1430 1893 ] [    0    0    0 ] [      0      0      0 ] [ 0 ],drive [ 95 ] [ 0 ] [ 1681 1434 1893 ] [   49   50    3 ] [  15103   8746   6777 ] [ 0 ],1.00,1.00,1.00,1.00,-12.11,33.79,0.00,0.00,0.00,0.00,0.00,-0.00,0.00,0.00,0.00,0.00,0.00,0.00,0.00,-0.00,0.00,0
2.37424,-12,34,147,0,DRIVE [ 96 ] [ 1 ] [ 1682 1424 1893 ] [    0    0    0 ] [      0      0      0 ] [ 0 ],drive [ 95 ] [ 0 ] [ 1681 1430 1893 ] [   49   50    3 ] [  15103   8746   6777 ] [ 0 ],1.00,1.00,1.00,1.00,-12.33,33.71,0.00,0.00,0.00,0.00,0.00,-0.00,0.00,0.00,0.00,0.00,0.00,0.00,0.00,-0.00,0.00,0
2.38513,-13,34,145,0,DRIVE [ 96 ] [ 1 ] [ 1684 1416 1893 ] [    0    0    0 ] [      0      0      0 ] [ 0 ],drive [ 96 ] [ 0 ] [ 1682 1424 1893 ] [   49   50    3 ] [  14920   8811   6820 ] [ 0 ],1.00,1.00,1.00,1.00,-12.70,33.64,0.00,0.00,0.00,0.00,0.00,-0.00,0.00,0.00,0.00,0.00,0.00,0.00,0.00,-0.00,0.00,0
2.39629,-13,34,144,0,DRIVE [ 97 ] [ 1 ] [ 1687 1407 1893 ] [    0    0    0 ] [      0      0      0 ] [ 0 ],drive [ 96 ] [ 0 ] [ 1684 1416 1893 ] [   49   50    3 ] [  14920   8811   6820 ] [ 0 ],1.00,1.00,1.00,1.00,-13.15,33.51,0.00,0.00,0.00,0.00,0.00,-0.00,0.00,0.00,0.00,0.00,0.00,0.00,0.00,-0.00,0.00,0
2.40753,-14,33,143,0,DRIVE [ 97 ] [ 1 ] [ 1690 1399 1893 ] [    0    0    0 ] [      0      0      0 ] [ 0 ],drive [ 97 ] [ 0 ] [ 1687 1407 1893 ] [   22   54    3 ] [  14920   8811   6820 ] [ 0 ],1.00,1.00,1.00,1.00,-13.59,33.32,0.00,0.00,0.00,0.00,0.00,-0.00,0.00,0.00,0.00,0.00,0.00,0.00,0.00,-0.00,0.00,0
2.41805,-14,33,142,0,DRIVE [ 98 ] [ 1 ] [ 1694 1392 1893 ] [    0    0    0 ] [      0      0      0 ] [ 0 ],drive [ 97 ] [ 0 ] [ 1690 1399 1893 ] [   22   54    3 ] [  14920   8811   6820 ] [ 0 ],1.00,1.00,1.00,1.00,-14.01,33.09,0.00,0.00,0.00,0.00,0.00,-0.00,0.00,0.00,0.00,0.00,0.00,0.00,0.00,-0.00,0.00,0
2.42918,-14,33,142,0,DRIVE [ 98 ] [ 1 ] [ 1698 1384 1893 ] [    0    0    0 ] [      0      0      0 ] [ 0 ],drive [ 98 ] [ 0 ] [ 1694 1392 1893 ] [   22   54    3 ] [  14920   8811   6820 ] [ 0 ],1.00,1.00,1.00,1.00,-14.41,32.85,0.00,0.00,0.00,0.00,0.00,-0.00,0.00,0.00,0.00,0.00,0.00,0.00,0.00,-0.00,0.00,0
2.44009,-15,33,141,0,DRIVE [ 99 ] [ 1 ] [ 1702 1378 1893 ] [    0    0    0 ] [      0      0      0 ] [ 0 ],drive [ 98 ] [ 0 ] [ 1698 1384 1893 ] [   22   54    3 ] [  14874   8955   6820 ] [ 0 ],1.00,1.00,1.00,1.00,-14.76,32.54,0.00,0.00,0.00,0.00,0.00,-0.00,0.00,0.00,0.00,0.00,0.00,0.00,0.00,-0.00,0.00,0
2.45073,-15,32,140,0,DRIVE [ 99 ] [ 1 ] [ 1707 1374 1893 ] [    0    0    0 ] [      0      0      0 ] [ 0 ],drive [ 99 ] [ 0 ] [ 1702 1378 1893 ] [   20   66    3 ] [  14874   8955   6820 ] [ 0 ],1.00,1.00,1.00,1.00,-15.03,32.17,0.00,0.00,0.00,0.00,0.00,-0.00,0.00,0.00,0.00,0.00,0.00,0.00,0.00,-0.00,0.00,0
2.46173,-15,32,139,0,DRIVE [ 00 ] [ 1 ] [ 1710 1371 1893 ] [    0    0    0 ] [      0      0      0 ] [ 0 ],drive [ 99 ] [ 0 ] [ 1707 1374 1893 ] [   20   66    3 ] [  14874   8955   6820 ] [ 0 ],1.00,1.00,1.00,1.00,-15.20,31.86,0.00,0.00,0.00,0.00,0.00,-0.00,0.00,0.00,0.00,0.00,0.00,0.00,0.00,-0.00,0.00,0
2.47207,-15,32,138,0,DRIVE [ 00 ] [ 1 ] [ 1712 1371 1893 ] [    0    0    0 ] [      0      0      0 ] [ 0 ],drive [ 00 ] [ 0 ] [ 1710 1371 1893 ] [   20   66    3 ] [  14874   8955   6820 ] [ 0 ],1.00,1.00,1.00,1.00,-15.19,31.51,0.00,0.00,0.00,0.00,0.00,-0.00,0.00,0.00,0.00,0.00,0.00,0.00,0.00,-0.00,0.00,0
2.48345,-15,31,137,0,DRIVE [ 01 ] [ 1 ] [ 1712 1372 1893 ] [    0    0    0 ] [      0      0      0 ] [ 0 ],drive [ 00 ] [ 0 ] [ 1712 1371 1893 ] [   20   66    3 ] [  14800   9075   6820 ] [ 0 ],1.00,1.00,1.00,1.00,-15.04,31.21,0.00,0.00,0.00,0.00,0.00,-0.00,0.00,0.00,0.00,0.00,0.00,0.00,0.00,-0.00,0.00,0
2.49476,-15,31,136,0,DRIVE [ 01 ] [ 1 ] [ 1711 1376 1893 ] [    0    0    0 ] [      0      0      0 ] [ 0 ],drive [ 01 ] [ 0 ] [ 1712 1372 1893 ] [   20   66    3 ] [  14800   9075   6820 ] [ 0 ],1.00,1.00,1.00,1.00,-14.72,30.94,0.00,0.00,0.00,0.00,0.00,-0.00,0.00,0.00,0.00,0.00,0.00,0.00,0.00,-0.00,0.00,0
2.5069,-14,31,135,0,DRIVE [ 02 ] [ 1 ] [ 1708 1382 1893 ] [    0    0    0 ] [      0      0      0 ] [ 0 ],drive [ 01 ] [ 0 ] [ 1711 1376 1893 ] [   26   62    3 ] [  14800   9075   6820 ] [ 0 ],1.00,1.00,1.00,1.00,-14.28,30.75,0.00,0.00,0.00,0.00,0.00,-0.00,0.00,0.00,0.00,0.00,0.00,0.00,0.00,-0.00,0.00,0
2.51762,-14,31,134,0,DRIVE [ 02 ] [ 1 ] [ 1705 1391 1893 ] [    0    0    0 ] [      0      0      0 ] [ 0 ],drive [ 02 ] [ 0 ] [ 1708 1382 1893 ] [   26   62    3 ] [  14800   9075   6820 ] [ 0 ],1.00,1.00,1.00,1.00,-13.69,30.54,0.00,0.00,0.00,0.00,0.00,-0.00,0.00,0.00,0.00,0.00,0.00,0.00,0.00,-0.00,0.00,0
2.52883,-13,30,134,0,DRIVE [ 03 ] [ 1 ] [ 1700 1401 1893 ] [    0    0    0 ] [      0      0      0 ] [ 0 ],drive [ 02 ] [ 0 ] [ 1705 1391 1893 ] [   26   62    3 ] [  14800   9075   6820 ] [ 0 ],1.00,1.00,1.00,1.00,-12.98,30.32,0.00,0.00,0.00,0.00,0.00,-0.00,0.00,0.00,0.00,0.00,0.00,0.00,0.00,-0.00,0.00,0
2.54013,-12,30,133,0,DRIVE [ 03 ] [ 1 ] [ 1695 1415 1893 ] [    0    0    0 ] [      0      0      0 ] [ 0 ],drive [ 03 ] [ 0 ] [ 1700 1401 1893 ] [   26   62    3 ] [  14627   9210   6820 ] [ 0 ],1.00,1.00,1.00,1.00,-12.11,30.00,0.00,0.00,0.00,0.00,0.00,-0.00,0.00,0.00,0.00,0.00,0.00,0.00,0.00,-0.00,0.00,0
2.55061,-11,30,132,0,DRIVE [ 04 ] [ 1 ] [ 1689 1431 1893 ] [    0    0    0 ] [      0      0      0 ] [ 0 ],drive [ 03 ] [ 0 ] [ 1695 1415 1893 ] [   32   56    3 ] [  14627   9210   6820 ] [ 0 ],1.00,1.00,1.00,1.00,-11.12,29.66,0.00,0.00,0.00,0.00,0.00,-0.00,0.00,0.00,0.00,0.00,0.00,0.00,0.00,-0.00,0.00,0
2.56149,-10,29,131,0,DRIVE [ 04 ] [ 1 ] [ 1683 1449 1893 ] [    0    0    0 ] [      0      0      0 ] [ 0 ],drive [ 04 ] [ 0 ] [ 1689 1431 1893 ] [   32   56    3 ] [  14627   9210   6820 ] [ 0 ],1.00,1.00,1.00,1.00,-10.05,29.31,0.00,0.00,0.00,0.00,0.00,-0.00,0.00,0.00,0.00,0.00,0.00,0.00,0.00,-0.00,0.00,0
2.57317,-9,29,131,0,DRIVE [ 05 ] [ 1 ] [ 1675 1468 1893 ] [    0    0    0 ] [      0      0      0 ] [ 0 ],drive [ 04 ] [ 0 ] [ 1683 1449 1893 ] [   32   56    3 ] [  14627   9210   6820 ] [ 0 ],1.00,1.00,1.00,1.00,-8.88,28.93,0.00,0.00,0.00,0.00,0.00,-0.00,0.00,0.00,0.00,0.00,0.00,0.00,0.00,-0.00,0.00,0
2.58409,-8,29,130,0,DRIVE [ 05 ] [ 1 ] [ 1667 1487 1893 ] [    0    0    0 ] [      0      0      0 ] [ 0 ],drive [ 05 ] [ 0 ] [ 1675 1468 1893 ] [   32   56    3 ] [  14615   9282   6820 ] [ 0 ],1.00,1.00,1.00,1.00,-7.70,28.56,0.00,0.00,0.00,0.00,0.00,-0.00,0.00,0.00,0.00,0.00,0.00,0.00,0.00,-0.00,0.00,0
2.59534,-7,28,129,0,DRIVE [ 06 ] [ 1 ] [ 1658 1505 1893 ] [    0    0    0 ] [      0      0      0 ] [ 0 ],drive [ 05 ] [ 0 ] [ 1667 1487 1893 ] [   32   56    3 ] [  14615   9282   6820 ] [ 0 ],1.00,1.00,1.00,1.00,-6.51,28.24,0.00,0.00,0.00,0.00,0.00,-0.00,0.00,0.00,0.00,0.00,0.00,0.00,0.00,-0.00,0.00,0
2.60701,-5,28,128,0,DRIVE [ 06 ] [ 1 ] [ 1648 1523 1893 ] [    0    0    0 ] [      0      0      0 ] [ 0 ],drive [ 06 ] [ 0 ] [ 1658 1505 1893 ] [   32   42    4 ] [  14615   9282   6820 ] [ 0 ],1.00,1.00,1.00,1.00,-5.31,27.91,0.00,0.00,0.00,0.00,0.00,-0.00,0.00,0.00,0.00,0.00,0.00,0.00,0.00,-0.00,0.00,0
2.61764,-4,28,127,0,DRIVE [ 07 ] [ 1 ] [ 1637 1541 1893 ] [    0    0    0 ] [      0      0      0 ] [ 0 ],drive [ 06 ] [ 0 ] [ 1648 1523 1893 ] [   32   42    4 ] [  14615   9282   6820 ] [ 0 ],1.00,1.00,1.00,1.00,-4.06,27.59,0.00,0.00,0.00,0.00,0.00,-0.00,0.00,0.00,0.00,0.00,0.00,0.00,0.00,-0.00,0.00,0
2.62889,-3,27,127,0,DRIVE [ 07 ] [ 1 ] [ 1626 1559 1893 ] [    0    0    0 ] [      0      0      0 ] [ 0 ],drive [ 07 ] [ 0 ] [ 1637 1541 1893 ] [   32   42    4 ] [  14615   9282   6820 ] [ 0 ],1.00,1.00,1.00,1.00,-2.78,27.32,0.00,0.00,0.00,0.00,0.00,-0.00,0.00,0.00,0.00,0.00,0.00,0.00,0.00,-0.00,0.00,0
2.6399,-1,27,126,0,DRIVE [ 08 ] [ 1 ] [ 1613 1577 1893 ] [    0    0    0 ] [      0      0      0 ] [ 0 ],drive [ 07 ] [ 0 ] [ 1626 1559 1893 ] [   32   42    4 ] [  14618   9281   6820 ] [ 0 ],1.00,1.00,1.00,1.00,-1.47,27.00,0.00,0.00,0.00,0.00,0.00,-0.00,0.00,0.00,0.00,0.00,0.00,0.00,0.00,-0.00,0.00,0
2.65067,0,27,125,0,DRIVE [ 08 ] [ 1 ] [ 1598 1595 1893 ] [    0    0    0 ] [      0      0      0 ] [ 0 ],drive [ 08 ] [ 0 ] [ 1613 1577 1893 ] [   35   37    4 ] [  14618   9281   6820 ] [ 0 ],1.00,1.00,1.00,1.00,-0.14,26.73,0.00,0.00,0.00,0.00,0.00,-0.00,0.00,0.00,0.00,0.00,0.00,0.00,0.00,-0.00,0.00,0
2.66165,1,27,124,0,DRIVE [ 09 ] [ 1 ] [ 1582 1612 1893 ] [    0    0    0 ] [      0      0      0 ] [ 0 ],drive [ 08 ] [ 0 ] [ 1598 1595 1893 ] [   35   37    4 ] [  14618   9281   6820 ] [ 0 ],1.00,1.00,1.00,1.00,1.25,26.53,0.00,0.00,0.00,0.00,0.00,-0.00,0.00,0.00,0.00,0.00,0.00,0.00,-0.00,-0.00,0.00,0
2.67345,3,26,123,0,DRIVE [ 09 ] [ 1 ] [ 1562 1628 1893 ] [    0    0    0 ] [      0      0      0 ] [ 0 ],drive [ 09 ] [ 0 ] [ 1582 1612 1893 ] [   35   37    4 ] [  14618   9281   6820 ] [ 0 ],1.00,1.00,1.00,1.00,2.70,26.40,0.00,0.00,0.00,0.00,0.00,-0.00,0.00,0.00,0.00,0.00,0.00,0.00,-0.00,-0.00,0.00,0
2.68388,4,26,123,0,DRIVE [ 10 ] [ 1 ] [ 1540 1643 1893 ] [    0    0    0 ] [      0      0      0 ] [ 0 ],drive [ 09 ] [ 0 ] [ 1562 1628 1893 ] [   35   37    4 ] [  14624   9275   6820 ] [ 0 ],1.00,1.00,1.00,1.00,4.21,26.30,0.00,0.00,0.00,0.00,0.00,-0.00,0.00,0.00,0.00,0.00,0.00,0.00,-0.00,-0.00,0.00,0
2.69485,6,26,122,0,DRIVE [ 10 ] [ 1 ] [ 1516 1658 1893 ] [    0    0    0 ] [      0      0      0 ] [ 0 ],drive [ 10 ] [ 0 ] [ 1540 1643 1893 ] [   35   37    4 ] [  14624   9275   6820 ] [ 0 ],1.00,1.00,1.00,1.00,5.74,26.20,0.00,0.00,0.00,0.00,0.00,-0.00,0.00,0.00,0.00,0.00,0.00,0.00,-0.00,-0.00,0.00,0
2.70525,7,26,121,0,DRIVE [ 11 ] [ 1 ] [ 1491 1673 1893 ] [    0    0    0 ] [      0      0      0 ] [ 0 ],drive [ 10 ] [ 0 ] [ 1516 1658 1893 ] [   34   32    3 ] [  14624   9275   6820 ] [ 0 ],1.00,1.00,1.00,1.00,7.24,26.10,0.00,0.00,0.00,0.00,0.00,-0.00,0.00,0.00,0.00,0.00,0.00,0.00,-0.00,-0.00,0.00,0
2.71651,9,26,120,0,DRIVE [ 11 ] [ 1 ] [ 1464 1686 1893 ] [    0    0    0 ] [      0      0      0 ] [ 0 ],drive [ 11 ] [ 0 ] [ 1491 1673 1893 ] [   34   32    3 ] [  14624   9275   6820 ] [ 0 ],1.00,1.00,1.00,1.00,8.70,26.02,0.00,0.00,0.00,0.00,0.00,-0.00,0.00,0.00,0.00,0.00,0.00,0.00,0.00,0.00,0.00,0
2.72752,10,26,119,0,DRIVE [ 12 ] [ 1 ] [ 1438 1698 1893 ] [    0    0    0 ] [      0      0      0 ] [ 0 ],drive [ 11 ] [ 0 ] [ 1464 1686 1893 ] [   34   32    3 ] [  14624   9275   6820 ] [ 0 ],1.00,1.00,1.00,1.00,10.08,25.97,0.00,0.00,0.00,0.00,0.00,-0.00,0.00,0.00,0.00,0.00,0.00,0.00,0.00,0.00,0.00,0
2.73784,11,26,118,0,DRIVE [ 12 ] [ 1 ] [ 1411 1708 1893 ] [    0    0    0 ] [      0      0      0 ] [ 0 ],drive [ 12 ] [ 0 ] [ 1438 1698 1893 ] [   34   32    3 ] [  14647   9242   6820 ] [ 0 ],1.00,1.00,1.00,1.00,11.39,25.99,0.00,0.00,0.00,0.00,0.00,-0.00,0.00,0.00,0.00,0.00,0.00,0.00,0.00,0.00,0.00,0
2.7489,13,26,117,0,DRIVE [ 13 ] [ 1 ] [ 1383 1716 1893 ] [    0    0    0 ] [      0      0      0 ] [ 0 ],drive [ 12 ] [ 0 ] [ 1411 1708 1893 ] [   45   42    3 ] [  14647   9242   6820 ] [ 0 ],1.00,1.00,1.00,1.00,12.61,26.08,0.00,0.00,0.00,0.00,0.00,-0.00,0.00,0.00,0.00,0.00,0.00,0.00,0.00,0.00,0.00,0
2.75961,14,26,116,0,DRIVE [ 13 ] [ 1 ] [ 1357 1723 1893 ] [    0    0    0 ] [      0      0      0 ] [ 0 ],drive [ 13 ] [ 0 ] [ 1383 1716 1893 ] [   45   42    3 ] [  14647   9242   6820 ] [ 0 ],1.00,1.00,1.00,1.00,13.69,26.18,0.00,0.00,0.00,0.00,0.00,-0.00,0.00,0.00,0.00,0.00,0.00,0.00,0.00,0.00,0.00,0
2.76996,15,26,115,0,DRIVE [ 14 ] [ 1 ] [ 1333 1729 1893 ] [    0    0    0 ] [      0      0      0 ] [ 0 ],drive [ 13 ] [ 0 ] [ 1357 1723 1893 ] [   45   42    3 ] [  14647   9242   6820 ] [ 0 ],1.00,1.00,1.00,1.00,14.64,26.30,0.00,0.00,0.00,0.00,0.00,-0.00,0.00,0.00,0.00,0.00,0.00,0.00,0.00,0.00,0.00,0
2.78064,15,26,114,0,DRIVE [ 14 ] [ 1 ] [ 1311 1733 1893 ] [    0    0    0 ] [      0      0      0 ] [ 0 ],drive [ 14 ] [ 0 ] [ 1333 1729 1893 ] [   45   42    3 ] [  14647   9242   6820 ] [ 0 ],1.00,1.00,1.00,1.00,15.45,26.38,0.00,0.00,0.00,0.00,0.00,-0.00,0.00,0.00,0.00,0.00,0.00,0.00,0.00,0.00,0.00,0
2.79105,16,26,113,0,DRIVE [ 15 ] [ 1 ] [ 1291 1737 1893 ] [    0    0    0 ] [      0      0      0 ] [ 0 ],drive [ 14 ] [ 0 ] [ 1311 1733 1893 ] [   45   42    3 ] [  14723   9157   6820 ] [ 0 ],1.00,1.00,1.00,1.00,16.15,26.50,0.00,0.00,0.00,0.00,0.00,-0.00,0.00,0.00,0.00,0.00,0.00,0.00,0.00,0.00,0.00,0
2.80231,17,27,113,0,DRIVE [ 15 ] [ 1 ] [ 1273 1740 1893 ] [    0    0    0 ] [      0      0      0 ] [ 0 ],drive [ 15 ] [ 0 ] [ 1291 1737 1893 ] [   56   36    2 ] [  14723   9157   6820 ] [ 0 ],1.00,1.00,1.00,1.00,16.75,26.53,0.00,0.00,0.00,0.00,0.00,-0.00,0.00,0.00,0.00,0.00,0.00,0.00,0.00,0.00,0.00,0
2.81307,17,27,112,0,DRIVE [ 16 ] [ 1 ] [ 1257 1743 1893 ] [    0    0    0 ] [      0      0      0 ] [ 0 ],drive [ 15 ] [ 0 ] [ 1273 1740 1893 ] [   56   36    2 ] [  14723   9157   6820 ] [ 0 ],1.00,1.00,1.00,1.00,17.23,26.56,0.00,0.00,0.00,0.00,0.00,-0.00,0.00,0.00,0.00,0.00,0.00,0.00,0.00,0.00,0.00,0
2.82358,18,27,111,0,DRIVE [ 16 ] [ 1 ] [ 1245 1744 1893 ] [    0    0    0 ] [      0      0      0 ] [ 0 ],drive [ 16 ] [ 0 ] [ 1257 1743 1893 ] [   56   36    2 ] [  14723   9157   6820 ] [ 0 ],1.00,1.00,1.00,1.00,17.57,26.57,0.00,0.00,0.00,0.00,0.00,-0.00,0.00,0.00,0.00,0.00,0.00,0.00,0.00,0.00,0.00,0
2.83473,18,27,110,0,DRIVE [ 17 ] [ 1 ] [ 1235 1745 1893 ] [    0    0    0 ] [      0      0      0 ] [ 0 ],drive [ 16 ] [ 0 ] [ 1245 1744 1893 ] [   56   36    2 ] [  15002   9039   6811 ] [ 0 ],1.00,1.00,1.00,1.00,17.78,26.55,0.00,0.00,0.00,0.00,0.00,-0.00,0.00,0.00,0.00,0.00,0.00,0.00,0.00,0.00,0.00,0
2.84645,18,27,109,0,DRIVE [ 17 ] [ 1 ] [ 1227 1745 1893 ] [    0    0    0 ] [      0      0      0 ] [ 0 ],drive [ 17 ] [ 0 ] [ 1235 1745 1893 ] [   56   36    2 ] [  15002   9039   6811 ] [ 0 ],1.00,1.00,1.00,1.00,17.90,26.54,0.00,0.00,0.00,0.00,0.00,-0.00,0.00,0.00,0.00,0.00,0.00,0.00,0.00,0.00,0.00,0
2.85854,18,27,108,0,DRIVE [ 18 ] [ 1 ] [ 1220 1745 1893 ] [    0    0    0 ] [      0      0      0 ] [ 0 ],drive [ 17 ] [ 0 ] [ 1227 1745 1893 ] [   73   30    1 ] [  15002   9039   6811 ] [ 0 ],1.00,1.00,1.00,1.00,17.99,26.53,0.00,0.00,0.00,0.00,0.00,-0.00,0.00,0.00,0.00,0.00,0.00,0.00,0.00,0.00,0.00,0
2.87028,18,26,107,0,DRIVE [ 18 ] [ 1 ] [ 1214 1744 1893 ] [    0    0    0 ] [      0      0      0 ] [ 0 ],drive [ 18 ] [ 0 ] [ 1220 1745 1893 ] [   73   30    1 ] [  15002   9039   6811 ] [ 0 ],1.00,1.00,1.00,1.00,18.03,26.48,0.00,0.00,0.00,0.00,0.00,-0.00,0.00,0.00,0.00,0.00,0.00,0.00,0.00,0.00,0.00,0
2.881,18,26,106,0,DRIVE [ 19 ] [ 1 ] [ 1211 1744 1893 ] [    0    0    0 ] [      0      0      0 ] [ 0 ],drive [ 18 ] [ 0 ] [ 1214 1744 1893 ] [   73   30    1 ] [  15002   9039   6811 ] [ 0 ],1.00,1.00,1.00,1.00,18.00,26.35,0.00,0.00,0.00,0.00,0.00,-0.00,0.00,0.00,0.00,0.00,0.00,0.00,0.00,0.00,0.00,0
2.89249,18,26,106,0,DRIVE [ 19 ] [ 1 ] [ 1211 1745 1893 ] [    0    0    0 ] [      0      0      0 ] [ 0 ],drive [ 19 ] [ 0 ] [ 1211 1744 1893 ] [   73   30    1 ] [  15157   9035   6790 ] [ 0 ],1.00,1.00,1.00,1.00,17.90,26.10,0.00,0.00,0.00,0.00,0.00,-0.00,0.00,0.00,0.00,0.00,0.00,0.00,0.00,0.00,0.00,0
2.90268,18,26,105,0,DRIVE [ 20 ] [ 1 ] [ 1214 1747 1893 ] [    0    0    0 ] [      0      0      0 ] [ 0 ],drive [ 19 ] [ 0 ] [ 1211 1745 1893 ] [   89   31   22 ] [  15157   9035   6790 ] [ 0 ],1.00,1.00,1.00,1.00,17.69,25.76,0.00,0.00,0.00,0.00,0.00,0.00,0.00,0.00,0.00,0.00,0.00,0.00,0.00,0.00,0.00,0
2.91442,17,25,104,0,DRIVE [ 20 ] [ 1 ] [ 1220 1747 1893 ] [    0    0    0 ] [      0      0      0 ] [ 0 ],drive [ 20 ] [ 0 ] [ 1214 1747 1893 ] [   89   31   22 ] [  15157   9035   6790 ] [ 0 ],1.00,1.00,1.00,1.00,17.38,25.39,0.00,0.00,0.00,0.00,0.00,0.00,0.00,0.00,0.00,0.00,0.00,0.00,0.00,0.00,0.00,0
2.92623,17,25,103,0,DRIVE [ 21 ] [ 1 ] [ 1228 1748 1893 ] [    0    0    0 ] [      0      0      0 ] [ 0 ],drive [ 20 ] [ 0 ] [ 1220 1747 1893 ] [   89   31   22 ] [  15157   9035   6790 ] [ 0 ],1.00,1.00,1.00,1.00,17.03,24.98,0.00,0.00,0.00,0.00,0.00,0.00,0.00,0.00,0.00,0.00,0.00,0.00,0.00,0.00,0.00,0
2.93647,17,25,103,0,DRIVE [ 21 ] [ 1 ] [ 1236 1747 1893 ] [    0    0    0 ] [      0      0      0 ] [ 0 ],drive [ 21 ] [ 0 ] [ 1228 1748 1893 ] [   89   31   22 ] [  15390   9032   6699 ] [ 0 ],1.00,1.00,1.00,1.00,16.64,24.64,0.00,0.00,0.00,0.00,0.00,0.00,0.00,0.00,0.00,0.00,0.00,0.00,0.00,0.00,0.00,0
2.94703,16,24,102,0,DRIVE [ 22 ] [ 1 ] [ 1244 1746 1893 ] [    0    0    0 ] [      0      0      0 ] [ 0 ],drive [ 21 ] [ 0 ] [ 1236 1747 1893 ] [   64   36   -3 ] [  15390   9032   6699 ] [ 0 ],1.00,1.00,1.00,1.00,16.22,24.35,0.00,0.00,0.00,0.00,0.00,0.00,0.00,0.00,0.00,0.00,0.00,0.00,0.00,0.00,0.00,0
2.95819,16,24,101,0,DRIVE [ 22 ] [ 1 ] [ 1253 1744 1893 ] [    0    0    0 ] [      0      0      0 ] [ 0 ],drive [ 22 ] [ 0 ] [ 1244 1746 1893 ] [   64   36   -3 ] [  15390   9032   6699 ] [ 0 ],1.00,1.00,1.00,1.00,15.76,24.10,0.00,0.00,0.00,0.00,0.00,0.00,0.00,0.00,0.00,0.00,0.00,0.00,0.00,0.00,0.00,0
2.97052,15,24,100,0,DRIVE [ 23 ] [ 1 ] [ 1262 1740 1893 ] [    0    0    0 ] [      0      0      0 ] [ 0 ],drive [ 22 ] [ 0 ] [ 1253 1744 1893 ] [   64   36   -3 ] [  15390   9032   6699 ] [ 0 ],1.00,1.00,1.00,1.00,15.25,23.89,0.00,0.00,0.00,0.00,0.00,0.00,0.00,0.00,0.00,0.00,0.00,0.00,-0.00,-0.00,0.00,0
2.98268,15,24,99,0,DRIVE [ 23 ] [ 1 ] [ 1270 1736 1893 ] [    0    0    0 ] [      0      0      0 ] [ 0 ],drive [ 23 ] [ 0 ] [ 1262 1740 1893 ] [   64   36   -3 ] [  15453   9018   6697 ] [ 0 ],1.00,1.00,1.00,1.00,14.76,23.75,0.00,0.00,0.00,0.00,0.00,0.00,0.00,0.00,0.00,0.00,0.00,0.00,-0.00,-0.00,0.00,0
2.99443,14,24,99,0,DRIVE [ 24 ] [ 1 ] [ 1278 1732 1893 ] [    0    0    0 ] [      0      0      0 ] [ 0 ],drive [ 23 ] [ 0 ] [ 1270 1736 1893 ] [   64   36   -3 ] [  15453   9018   6697 ] [ 0 ],1.00,1.00,1.00,1.00,14.29,23.63,0.00,0.00,0.00,0.00,0.00,0.00,0.00,0.00,0.00,0.00,0.00,0.00,-0.00,-0.00,0.00,0
3.00461,14,24,98,0,DRIVE [ 24 ] [ 1 ] [ 1285 1727 1893 ] [    0    0    0 ] [      0      0      0 ] [ 0 ],drive [ 24 ] [ 0 ] [ 1278 1732 1893 ] [   61   39   -2 ] [  15453   9018   6697 ] [ 0 ],1.00,1.00,1.00,1.00,13.83,23.53,0.00,0.00,0.00,0.00,0.00,0.00,0.00,0.00,0.00,0.00,0.00,0.00,-0.00,-0.00,0.00,0
3.01527,13,23,97,0,DRIVE [ 25 ] [ 1 ] [ 1292 1722 1893 ] [    0    0    0 ] [      0      0      0 ] [ 0 ],drive [ 24 ] [ 0 ] [ 1285 1727 1893 ] [   61   39   -2 ] [  15453   9018   6697 ] [ 0 ],1.00,1.00,1.00,1.00,13.37,23.45,0.00,0.00,0.00,0.00,0.00,0.00,0.00,0.00,0.00,0.00,0.00,0.00,-0.00,-0.00,0.00,0
3.02659,13,23,96,0,DRIVE [ 25 ] [ 1 ] [ 1299 1716 1893 ] [    0    0    0 ] [      0      0      0 ] [ 0 ],drive [ 25 ] [ 0 ] [ 1292 1722 1893 ] [   61   39   -2 ] [  15453   9018   6697 ] [ 0 ],1.00,1.00,1.00,1.00,12.89,23.38,0.00,0.00,0.00,0.00,0.00,0.00,0.00,0.00,0.00,0.00,0.00,0.00,-0.00,-0.00,0.00,0
3.0384,12,23,95,0,DRIVE [ 26 ] [ 1 ] [ 1306 1709 1893 ] [    0    0    0 ] [      0      0      0 ] [ 0 ],drive [ 25 ] [ 0 ] [ 1299 1716 1893 ] [   61   39   -2 ] [  15452   9017   6696 ] [ 0 ],1.00,1.00,1.00,1.00,12.37,23.36,0.00,0.00,0.00,0.00,0.00,0.00,0.00,0.00,0.00,0.00,0.00,0.00,-0.00,-0.00,0.00,0
3.05081,12,23,94,0,DRIVE [ 26 ] [ 1 ] [ 1313 1702 1893 ] [    0    0    0 ] [      0      0      0 ] [ 0 ],drive [ 26 ] [ 0 ] [ 1306 1709 1893 ] [   56   41   -2 ] [  15452   9017   6696 ] [ 0 ],1.00,1.00,1.00,1.00,11.86,23.38,0.00,0.00,0.00,0.00,0.00,0.00,0.00,0.00,0.00,0.00,0.00,0.00,-0.00,-0.00,0.00,0
3.06144,11,23,93,0,DRIVE [ 27 ] [ 1 ] [ 1318 1693 1893 ] [    0    0    0 ] [      0      0      0 ] [ 0 ],drive [ 26 ] [ 0 ] [ 1313 1702 1893 ] [   56   41   -2 ] [  15452   9017   6696 ] [ 0 ],1.00,1.00,1.00,1.00,11.35,23.46,0.00,0.00,0.00,0.00,0.00,0.00,0.00,0.00,0.00,0.00,0.00,0.00,-0.00,-0.00,0.00,0
3.07293,11,24,92,0,DRIVE [ 27 ] [ 1 ] [ 1324 1684 1893 ] [    0    0    0 ] [      0      0      0 ] [ 0 ],drive [ 27 ] [ 0 ] [ 1318 1693 1893 ] [   56   41   -2 ] [  15452   9017   6696 ] [ 0 ],1.00,1.00,1.00,1.00,10.84,23.58,0.00,0.00,0.00,0.00,0.00,0.00,0.00,0.00,0.00,0.00,0.00,0.00,-0.00,-0.00,0.00,0
3.083,10,24,92,0,DRIVE [ 28 ] [ 1 ] [ 1328 1675 1893 ] [    0    0    0 ] [      0      0      0 ] [ 0 ],drive [ 27 ] [ 0 ] [ 1324 1684 1893 ] [   56   41   -2 ] [  15449   9017   6696 ] [ 0 ],1.00,1.00,1.00,1.00,10.38,23.69,0.00,0.00,0.00,0.00,0.00,0.00,0.00,0.00,0.00,0.00,0.00,0.00,-0.00,-0.00,0.00,0
3.09452,10,24,91,0,DRIVE [ 28 ] [ 1 ] [ 1331 1666 1893 ] [    0    0    0 ] [      0      0      0 ] [ 0 ],drive [ 28 ] [ 0 ] [ 1328 1675 1893 ] [   56   41   -2 ] [  15449   9017   6696 ] [ 0 ],1.00,1.00,1.00,1.00,9.94,23.80,0.00,0.00,0.00,0.00,0.00,0.00,0.00,0.00,0.00,0.00,0.00,0.00,-0.00,-0.00,0.00,0
3.10636,10,24,90,0,DRIVE [ 29 ] [ 1 ] [ 1334 1658 1893 ] [    0    0    0 ] [      0      0      0 ] [ 0 ],drive [ 28 ] [ 0 ] [ 1331 1666 1893 ] [   55   43   -2 ] [  15449   9017   6696 ] [ 0 ],1.00,1.00,1.00,1.00,9.53,23.90,0.00,0.00,0.00,0.00,0.00,0.00,0.00,0.00,0.00,0.00,0.00,0.00,-0.00,-0.00,0.00,0
3.11836,9,24,89,0,DRIVE [ 29 ] [ 1 ] [ 1338 1649 1893 ] [    0    0    0 ] [      0      0      0 ] [ 0 ],drive [ 29 ] [ 0 ] [ 1334 1658 1893 ] [   55   43   -2 ] [  15449   9017   6696 ] [ 0 ],1.00,1.00,1.00,1.00,9.10,23.99,0.00,0.00,0.00,0.00,0.00,0.00,0.00,0.00,0.00,0.00,0.00,0.00,-0.00,-0.00,0.00,0
3.12899,9,24,88,0,DRIVE [ 30 ] [ 1 ] [ 1342 1641 1893 ] [    0    0    0 ] [      0      0      0 ] [ 0 ],drive [ 29 ] [ 0 ] [ 1338 1649 1893 ] [   55   43   -2 ] [  15449   9017   6696 ] [ 0 ],1.00,1.00,1.00,1.00,8.68,24.05,0.00,0.00,0.00,0.00,0.00,0.00,0.00,0.00,0.00,0.00,0.00,0.00,-0.00,-0.00,0.00,0
3.13967,8,24,87,0,DRIVE [ 30 ] [ 1 ] [ 1346 1632 1893 ] [    0    0    0 ] [      0      0      0 ] [ 0 ],drive [ 30 ] [ 0 ] [ 1342 1641 1893 ] [   55   43   -2 ] [  15449   9017   6696 ] [ 0 ],1.00,1.00,1.00,1.00,8.25,24.11,0.00,0.00,0.00,0.00,0.00,0.00,0.00,0.00,0.00,0.00,0.00,0.00,-0.00,-0.00,0.00,0
3.15011,8,24,87,0,DRIVE [ 31 ] [ 1 ] [ 1349 1622 1893 ] [    0    0    0 ] [      0      0      0 ] [ 0 ],drive [ 30 ] [ 0 ] [ 1346 1632 1893 ] [   53   46   -4 ] [  15449   9017   6696 ] [ 0 ],1.00,1.00,1.00,1.00,7.81,24.21,0.00,0.00,0.00,0.00,0.00,0.00,0.00,0.00,0.00,0.00,0.00,0.00,-0.00,-0.00,0.00,0
3.16214,7,24,86,0,DRIVE [ 31 ] [ 1 ] [ 1353 1612 1893 ] [    0    0    0 ] [      0      0      0 ] [ 0 ],drive [ 31 ] [ 0 ] [ 1349 1622 1893 ] [   53   46   -4 ] [  15449   9017   6696 ] [ 0 ],1.00,1.00,1.00,1.00,7.37,24.29,0.00,0.00,0.00,0.00,0.00,0.00,0.00,0.00,0.00,0.00,0.00,0.00,-0.00,-0.00,0.00,0
3.17432,7,24,85,0,DRIVE [ 32 ] [ 1 ] [ 1359 1602 1893 ] [    0    0    0 ] [      0      0      0 ] [ 0 ],drive [ 31 ] [ 0 ] [ 1353 1612 1893 ] [   53   46   -4 ] [  15449   9017   6696 ] [ 0 ],1.00,1.00,1.00,1.00,6.89,24.36,0.00,0.00,0.00,0.00,0.00,0.00,0.00,0.00,0.00,0.00,0.00,0.00,-0.00,-0.00,0.00,0
3.18627,6,24,84,0,DRIVE [ 32 ] [ 1 ] [ 1365 1591 1893 ] [    0    0    0 ] [      0      0      0 ] [ 0 ],drive [ 32 ] [ 0 ] [ 1359 1602 1893 ] [   53   46   -4 ] [  15448   9017   6696 ] [ 0 ],1.00,1.00,1.00,1.00,6.32,24.43,0.00,0.00,0.00,0.00,0.00,0.00,0.00,0.00,0.00,0.00,0.00,0.00,-0.00,-0.00,0.00,0
3.19642,6,24,83,0,DRIVE [ 33 ] [ 1 ] [ 1374 1577 1893 ] [    0    0    0 ] [      0      0      0 ] [ 0 ],drive [ 32 ] [ 0 ] [ 1365 1591 1893 ] [   52   51   -3 ] [  15448   9017   6696 ] [ 0 ],1.00,1.00,1.00,1.00,5.67,24.49,0.00,0.00,0.00,0.00,0.00,0.00,0.00,0.00,0.00,0.00,0.00,0.00,-0.00,-0.00,0.00,0
3.2064,5,25,82,0,DRIVE [ 33 ] [ 1 ] [ 1385 1563 1893 ] [    0    0    0 ] [      0      0      0 ] [ 0 ],drive [ 33 ] [ 0 ] [ 1374 1577 1893 ] [   52   51   -3 ] [  15448   9017   6696 ] [ 0 ],1.00,1.00,1.00,1.00,4.93,24.51,0.00,0.00,0.00,0.00,0.00,0.00,0.00,0.00,0.00,0.00,0.00,0.00,-0.00,-0.00,0.00,0
3.21808,4,25,82,0,DRIVE [ 34 ] [ 1 ] [ 1397 1547 1893 ] [    0    0    0 ] [      0      0      0 ] [ 0 ],drive [ 33 ] [ 0 ] [ 1385 1563 1893 ] [   52   51   -3 ] [  15448   9017   6696 ] [ 0 ],1.00,1.00,1.00,1.00,4.13,24.53,0.00,0.00,0.00,0.00,0.00,0.00,0.00,0.00,0.00,0.00,0.00,0.00,-0.00,-0.00,0.00,0
3.23035,3,25,81,0,DRIVE [ 34 ] [ 1 ] [ 1409 1531 1893 ] [    0    0    0 ] [      0      0      0 ] [ 0 ],drive [ 34 ] [ 0 ] [ 1397 1547 1893 ] [   52   51   -3 ] [  15448   9017   6696 ] [ 0 ],1.00,1.00,1.00,1.00,3.31,24.52,0.00,0.00,0.00,0.00,0.00,0.00,0.00,0.00,0.00,0.00,0.00,0.00,-0.00,-0.00,0.00,0
3.24231,2,25,80,0,DRIVE [ 35 ] [ 1 ] [ 1422 1513 1893 ] [    0    0    0 ] [      0      0      0 ] [ 0 ],drive [ 34 ] [ 0 ] [ 1409 1531 1893 ] [   52   51   -3 ] [  15447   9021   6695 ] [ 0 ],1.00,1.00,1.00,1.00,2.46,24.55,0.00,0.00,0.00,0.00,0.00,0.00,0.00,0.00,0.00,0.00,0.00,0.00,-0.00,-0.00,0.00,0
3.2523,2,25,79,0,DRIVE [ 35 ] [ 1 ] [ 1435 1495 1893 ] [    0    0    0 ] [      0      0      0 ] [ 0 ],drive [ 35 ] [ 0 ] [ 1422 1513 1893 ] [   46   52   -2 ] [  15447   9021   6695 ] [ 0 ],1.00,1.00,1.00,1.00,1.62,24.54,0.00,0.00,0.00,0.00,0.00,0.00,0.00,0.00,0.00,0.00,0.00,0.00,-0.00,-0.00,0.00,0
3.26308,1,25,79,0,DRIVE [ 36 ] [ 1 ] [ 1447 1476 1893 ] [    0    0    0 ] [      0      0      0 ] [ 0 ],drive [ 35 ] [ 0 ] [ 1435 1495 1893 ] [   46   52   -2 ] [  15447   9021   6695 ] [ 0 ],1.00,1.00,1.00,1.00,0.77,24.52,0.00,0.00,0.00,0.00,0.00,0.00,0.00,0.00,0.00,0.00,0.00,0.00,-0.00,-0.00,0.00,0
3.27443,0,24,78,0,DRIVE [ 36 ] [ 1 ] [ 1459 1457 1893 ] [    0    0    0 ] [      0      0      0 ] [ 0 ],drive [ 36 ] [ 0 ] [ 1447 1476 1893 ] [   46   52   -2 ] [  15447   9021   6695 ] [ 0 ],1.00,1.00,1.00,1.00,-0.07,24.49,0.00,0.00,0.00,0.00,0.00,0.00,0.00,0.00,0.00,0.00,0.00,0.00,0.00,-0.00,0.00,0
3.2866,-1,24,77,0,DRIVE [ 37 ] [ 1 ] [ 1470 1437 1893 ] [    0    0    0 ] [      0      0      0 ] [ 0 ],drive [ 36 ] [ 0 ] [ 1459 1457 1893 ] [   46   52   -2 ] [  15440   9028   6674 ] [ 0 ],1.00,1.00,1.00,1.00,-0.86,24.49,0.00,0.00,0.00,0.00,0.00,0.00,0.00,0.00,0.00,0.00,0.00,0.00,0.00,0.00,0.00,0
3.29846,-2,25,76,0,DRIVE [ 37 ] [ 1 ] [ 1479 1416 1893 ] [    0    0    0 ] [      0      0      0 ] [ 0 ],drive [ 37 ] [ 0 ] [ 1470 1437 1893 ] [   44   59    7 ] [  15440   9028   6674 ] [ 0 ],1.00,1.00,1.00,1.00,-1.63,24.57,0.00,0.00,0.00,0.00,0.00,0.00,0.00,0.00,0.00,0.00,0.00,0.00,0.00,0.00,0.00,0
3.31034,-2,25,75,0,DRIVE [ 38 ] [ 1 ] [ 1488 1394 1893 ] [    0    0    0 ] [      0      0      0 ] [ 0 ],drive [ 37 ] [ 0 ] [ 1479 1416 1893 ] [   44   59    7 ] [  15440   9028   6674 ] [ 0 ],1.00,1.00,1.00,1.00,-2.38,24.61,0.00,0.00,0.00,0.00,0.00,0.00,0.00,0.00,0.00,0.00,0.00,0.00,0.00,0.00,0.00,0
3.32016,-3,25,75,0,DRIVE [ 38 ] [ 1 ] [ 1495 1373 1893 ] [    0    0    0 ] [      0      0      0 ] [ 0 ],drive [ 38 ] [ 0 ] [ 1488 1394 1893 ] [   44   59    7 ] [  15440   9028   6674 ] [ 0 ],1.00,1.00,1.00,1.00,-3.07,24.68,0.00,0.00,0.00,0.00,0.00,0.00,0.00,0.00,0.00,0.00,0.00,0.00,0.00,0.00,0.00,0
3.33047,-4,25,74,0,DRIVE [ 39 ] [ 1 ] [ 1500 1351 1893 ] [    0    0    0 ] [      0      0      0 ] [ 0 ],drive [ 38 ] [ 0 ] [ 1495 1373 1893 ] [   44   59    7 ] [  15440   9028   6674 ] [ 0 ],1.00,1.00,1.00,1.00,-3.74,24.82,0.00,0.00,0.00,0.00,0.00,0.00,0.00,0.00,0.00,0.00,0.00,0.00,0.00,0.00,0.00,0
3.34238,-4,25,73,0,DRIVE [ 39 ] [ 1 ] [ 1504 1329 1893 ] [    0    0    0 ] [      0      0      0 ] [ 0 ],drive [ 39 ] [ 0 ] [ 1500 1351 1893 ] [   44   59    7 ] [  15430   9041   6675 ] [ 0 ],1.00,1.00,1.00,1.00,-4.31,24.94,0.00,0.00,0.00,0.00,0.00,0.00,0.00,0.00,0.00,0.00,0.00,0.00,0.00,0.00,0.00,0
3.3543,-5,25,72,0,DRIVE [ 40 ] [ 1 ] [ 1505 1309 1893 ] [    0    0    0 ] [      0      0      0 ] [ 0 ],drive [ 39 ] [ 0 ] [ 1504 1329 1893 ] [   43   56    6 ] [  15430   9041   6675 ] [ 0 ],1.00,1.00,1.00,1.00,-4.80,25.10,0.00,0.00,0.00,0.00,0.00,0.00,0.00,0.00,0.00,0.00,0.00,0.00,0.00,0.00,0.00,0
3.36685,-5,25,71,0,DRIVE [ 40 ] [ 1 ] [ 1504 1290 1893 ] [    0    0    0 ] [      0      0      0 ] [ 0 ],drive [ 40 ] [ 0 ] [ 1505 1309 1893 ] [   43   56    6 ] [  15430   9041   6675 ] [ 0 ],1.00,1.00,1.00,1.00,-5.17,25.26,0.00,0.00,0.00,0.00,0.00,0.00,0.00,0.00,0.00,0.00,0.00,0.00,0.00,0.00,0.00,0
3.37862,-5,25,71,0,DRIVE [ 41 ] [ 1 ] [ 1501 1274 1893 ] [    0    0    0 ] [      0      0      0 ] [ 0 ],drive [ 40 ] [ 0 ] [ 1504 1290 1893 ] [   43   56    6 ] [  15430   9041   6675 ] [ 0 ],1.00,1.00,1.00,1.00,-5.41,25.47,0.00,0.00,0.00,0.00,0.00,0.00,0.00,0.00,0.00,0.00,0.00,0.00,0.00,0.00,0.00,0
3.38947,-6,26,70,0,DRIVE [ 41 ] [ 1 ] [ 1494 1261 1893 ] [    0    0    0 ] [      0      0      0 ] [ 0 ],drive [ 41 ] [ 0 ] [ 1501 1274 1893 ] [   43   56    6 ] [  15416   9099   6676 ] [ 0 ],1.00,1.00,1.00,1.00,-5.54,25.71,0.00,0.00,0.00,0.00,0.00,0.00,0.00,0.00,0.00,0.00,0.00,0.00,0.00,0.00,0.00,0
3.39941,-6,26,69,0,DRIVE [ 42 ] [ 1 ] [ 1486 1251 1893 ] [    0    0    0 ] [      0      0      0 ] [ 0 ],drive [ 41 ] [ 0 ] [ 1494 1261 1893 ] [   52   68    5 ] [  15416   9099   6676 ] [ 0 ],1.00,1.00,1.00,1.00,-5.52,25.93,0.00,0.00,0.00,0.00,0.00,0.00,0.00,0.00,0.00,0.00,0.00,0.00,0.00,0.00,0.00,0
3.41011,-6,26,69,0,DRIVE [ 42 ] [ 1 ] [ 1525 1311 1893 ] [    0    0    0 ] [      0      0      0 ] [ 1 ],drive [ 42 ] [ 0 ] [ 1486 1251 1893 ] [   52   68    5 ] [  15416   9099   6676 ] [ 0 ],1.00,1.00,1.00,1.00,-4.97,23.33,0.00,0.00,0.00,0.00,0.00,0.00,0.00,0.00,0.00,0.00,0.00,0.00,0.00,0.00,0.00,0
3.4221,-6,26,69,0,DRIVE [ 43 ] [ 1 ] [ 1560 1367 1893 ] [    0    0    0 ] [      0      0      0 ] [ 1 ],drive [ 42 ] [ 0 ] [ 1075 0861 1443 ] [   52   68    5 ] [  15416   9099   6676 ] [ 1 ],1.00,1.00,1.00,1.00,-4.47,21.00,0.00,0.00,0.00,0.00,0.00,0.00,0.00,0.00,0.00,0.00,0.00,0.00,0.00,0.00,0.00,0
3.43438,-6,26,69,0,DRIVE [ 43 ] [ 1 ] [ 1593 1418 1893 ] [    0    0    0 ] [      0      0      0 ] [ 1 ],drive [ 43 ] [ 0 ] [ 1110 0917 1443 ] [   52   68    5 ] [  15369   9228   6691 ] [ 1 ],1.00,1.00,1.00,1.00,-4.03,18.90,0.00,0.00,0.00,0.00,0.00,0.00,0.00,0.00,0.00,0.00,0.00,0.00,0.00,0.00,0.00,0
3.44436,-6,26,69,0,DRIVE [ 44 ] [ 1 ] [ 1623 1465 1893 ] [    0    0    0 ] [      0      0      0 ] [ 1 ],drive [ 43 ] [ 0 ] [ 1143 0968 1443 ] [   52   68    5 ] [  15369   9228   6691 ] [ 1 ],1.00,1.00,1.00,1.00,-3.62,17.01,0.00,0.00,0.00,0.00,0.00,0.00,0.00,0.00,0.00,0.00,0.00,0.00,0.00,0.00,0.00,0
3.45379,-6,26,69,0,DRIVE [ 44 ] [ 1 ] [ 1650 1507 1893 ] [    0    0    0 ] [      0      0      0 ] [ 1 ],drive [ 44 ] [ 0 ] [ 1173 1015 1443 ] [   75  114   60 ] [  15369   9228   6691 ] [ 1 ],1.00,1.00,1.00,1.00,-3.26,15.31,0.00,0.00,0.00,0.00,0.00,0.00,0.00,0.00,0.00,0.00,0.00,0.00,0.00,0.00,0.00,0
3.46662,-6,26,69,1,DRIVE [ 45 ] [ 1 ] [ 1675 1546 1893 ] [    0    0    0 ] [      0      0      0 ] [ 1 ],drive [ 44 ] [ 0 ] [ 1200 1057 1443 ] [   75  114   60 ] [  15369   9228   6691 ] [ 1 ],1.00,1.00,1.00,1.00,-2.93,13.78,0.00,0.00,0.00,0.00,0.00,0.00,0.00,0.00,0.00,0.00,0.00,0.00,0.00,0.00,0.00,0
