timestamp,Xmm,Ymm,Zmm,TouchDetected,OutgoingPacket,IncomingPacket,GainPropAb, GainPropAd, GainPropFl, GainPropEx,PropA, PropB, PropC,GainIntegAb, GainIntegAd, GainIntegFl, GainIntegEx,IntegA, IntegB, IntegC,GainDerivAb, GainDerivAd, GainDerivFl, GainDerivEx,DerivA, DerivB, DerivC,Heading5
0.00553303,42,2,509,0,DRIVE [ 62 ] [ 1 ] [ 1724 1905 1845 ] [    0    0    0 ] [      0      0      0 ] [ 0 ],drive [ 62 ] [ 0 ] [ 1726 1905 1845 ] [   23    2    6 ] [  14315  10888   7269 ] [ 0 ],1.00,1.00,1.00,1.20,41.91,2.72,0.00,0.00,0.00,0.00,0.00,0.00,0.00,0.00,0.00,0.00,0.00,0.00,0.00,0.00,0.00,0
0.0198112,42,3,508,0,DRIVE [ 63 ] [ 1 ] [ 1720 1905 1847 ] [    0    0    0 ] [      0      0      0 ] [ 0 ],drive [ 62 ] [ 0 ] [ 1724 1905 1845 ] [   23    2    6 ] [  14315  10888   7269 ] [ 0 ],1.00,1.00,1.00,1.20,42.04,3.72,0.00,0.00,0.00,0.00,0.00,0.00,0.00,0.00,0.00,0.00,0.00,0.00,0.00,0.00,0.00,0
0.0324582,42,3,510,0,DRIVE [ 63 ] [ 1 ] [ 1720 1905 1847 ] [    0    0    0 ] [      0      0      0 ] [ 0 ],drive [ 63 ] [ 0 ] [ 1720 1905 1847 ] [   23    2    6 ] [  14315  10888   7269 ] [ 0 ],1.00,1.00,1.00,1.20,42.23,3.73,0.00,0.00,0.00,0.00,0.00,0.00,0.00,0.00,0.00,0.00,0.00,0.00,0.00,0.00,0.00,0
0.0458168,42,3,511,0,DRIVE [ 64 ] [ 1 ] [ 1720 1905 1847 ] [    0    0    0 ] [      0      0      0 ] [ 0 ],drive [ 63 ] [ 0 ] [ 1720 1905 1847 ] [   23    2    6 ] [  14315  10888   7269 ] [ 0 ],1.00,1.00,1.00,1.20,42.25,3.73,0.00,0.00,0.00,0.00,0.00,0.00,0.00,0.00,0.00,0.00,0.00,0.00,0.00,0.00,0.00,0
0.059255,42,3,511,0,DRIVE [ 64 ] [ 1 ] [ 1720 1905 1847 ] [    0    0    0 ] [      0      0      0 ] [ 0 ],drive [ 64 ] [ 0 ] [ 1720 1905 1847 ] [   23    3    6 ] [  14315  10888   7269 ] [ 0 ],1.00,1.00,1.00,1.20,42.36,3.89,0.00,0.00,0.00,0.00,0.00,0.00,0.00,0.00,0.00,0.00,0.00,0.00,0.00,0.00,0.00,0
0.072619,42,3,511,0,DRIVE [ 65 ] [ 1 ] [ 1720 1905 1847 ] [    0    0    0 ] [      0      0      0 ] [ 0 ],drive [ 64 ] [ 0 ] [ 1720 1905 1847 ] [   23    3    6 ] [  14315  10888   7269 ] [ 0 ],1.00,1.00,1.00,1.20,42.31,3.89,0.00,0.00,0.00,0.00,0.00,0.00,0.00,0.00,0.00,0.00,0.00,0.00,0.00,0.00,0.00,0
0.0858502,42,3,512,0,DRIVE [ 65 ] [ 1 ] [ 1719 1905 1848 ] [    0    0    0 ] [      0      0      0 ] [ 0 ],drive [ 65 ] [ 0 ] [ 1720 1905 1847 ] [   23    3    6 ] [  14315  10888   7269 ] [ 0 ],1.00,1.00,1.00,1.20,42.42,4.12,0.00,0.00,0.00,0.00,0.00,0.00,0.00,0.00,0.00,0.00,0.00,0.00,0.00,0.00,0.00,0
0.0990656,43,4,514,0,DRIVE [ 66 ] [ 1 ] [ 1718 1905 1849 ] [    0    0    0 ] [      0      0      0 ] [ 0 ],drive [ 65 ] [ 0 ] [ 1719 1905 1848 ] [   23    3    6 ] [  14314  10888   7269 ] [ 0 ],1.00,1.00,1.00,1.20,42.53,4.47,0.00,0.00,0.00,0.00,0.00,0.00,0.00,0.00,0.00,0.00,0.00,0.00,0.00,0.00,0.00,0
0.111907,43,4,514,0,DRIVE [ 66 ] [ 1 ] [ 1717 1905 1849 ] [    0    0    0 ] [      0      0      0 ] [ 0 ],drive [ 66 ] [ 0 ] [ 1718 1905 1849 ] [   23    2    5 ] [  14314  10888   7269 ] [ 0 ],1.00,1.00,1.00,1.20,42.61,4.70,0.00,0.00,0.00,0.00,0.00,0.00,0.00,0.00,0.00,0.00,0.00,0.00,0.00,0.00,0.00,0
0.125538,-173,51,491,0,DRIVE [ 67 ] [ 1 ] [ 1717 0988 1775 ] [    0    0    0 ] [      0      0      0 ] [ 0 ],drive [ 66 ] [ 0 ] [ 1717 1905 1849 ] [   23    2    5 ] [  14314  10888   7269 ] [ 0 ],1.00,1.00,1.00,1.20,-172.75,61.15,0.00,0.00,0.00,0.00,0.00,0.00,0.00,0.00,0.00,0.00,0.00,0.00,0.00,0.00,0.00,0
0.138775,-185,55,527,0,DRIVE [ 67 ] [ 1 ] [ 1717 0990 1776 ] [    0    0    0 ] [      0      0      0 ] [ 0 ],drive [ 67 ] [ 0 ] [ 1717 0988 1775 ] [   23    2    5 ] [  14314  10888   7269 ] [ 0 ],1.00,1.00,1.00,1.20,-184.79,65.79,0.00,0.00,0.00,0.00,0.00,0.00,0.00,0.00,0.00,0.00,0.00,0.00,0.00,0.00,0.00,0
0.151934,-175,52,501,0,DRIVE [ 68 ] [ 1 ] [ 1717 0990 1776 ] [    0    0    0 ] [      0      0      0 ] [ 0 ],drive [ 67 ] [ 0 ] [ 1717 0990 1776 ] [   23    2    5 ] [  14314  10888   7269 ] [ 0 ],1.00,1.00,1.00,1.20,-175.39,62.46,0.00,0.00,0.00,0.00,0.00,0.00,0.00,0.00,0.00,0.00,0.00,0.00,0.00,-0.00,0.00,0
0.165092,-173,51,494,0,DRIVE [ 68 ] [ 1 ] [ 1717 0991 1776 ] [    0    0    0 ] [      0      0      0 ] [ 0 ],drive [ 68 ] [ 0 ] [ 1717 0990 1776 ] [   23   86   15 ] [  14314  10888   7269 ] [ 0 ],1.00,1.00,1.00,1.20,-173.14,61.44,0.00,0.00,0.00,0.00,0.00,0.00,0.00,0.00,0.00,0.00,0.00,0.00,0.00,-0.00,0.00,0
0.177828,-174,51,496,0,DRIVE [ 69 ] [ 1 ] [ 1717 0993 1776 ] [    0    0    0 ] [      0      0      0 ] [ 0 ],drive [ 68 ] [ 0 ] [ 1717 0991 1776 ] [   23   86   15 ] [  14314  10888   7269 ] [ 0 ],1.00,1.00,1.00,1.20,-173.64,61.44,0.00,0.00,0.00,0.00,0.00,0.00,0.00,0.00,0.00,0.00,0.00,0.00,0.00,-0.00,0.00,0
0.191167,-177,52,506,0,DRIVE [ 69 ] [ 1 ] [ 1717 0994 1775 ] [    0    0    0 ] [      0      0      0 ] [ 0 ],drive [ 69 ] [ 0 ] [ 1717 0993 1776 ] [   23   86   15 ] [  14188  12260   7323 ] [ 0 ],1.00,1.00,1.00,1.20,-176.99,62.51,0.00,0.00,0.00,0.00,0.00,0.00,0.00,0.00,0.00,0.00,0.00,0.00,0.00,0.00,0.00,0
0.203523,-177,52,506,0,DRIVE [ 70 ] [ 1 ] [ 1717 1079 1788 ] [    0    0    0 ] [      0      0      0 ] [ 0 ],drive [ 69 ] [ 0 ] [ 1717 0994 1775 ] [   27   90   35 ] [  14188  12260   7323 ] [ 0 ],1.00,1.00,1.00,1.20,-159.29,56.26,0.00,0.00,0.00,0.00,0.00,0.00,0.00,0.00,0.00,0.00,0.00,0.00,0.00,0.00,0.00,0
0.216185,-170,49,505,0,DRIVE [ 70 ] [ 1 ] [ 1717 1029 1776 ] [    0    0    0 ] [      0      0      0 ] [ 0 ],drive [ 70 ] [ 0 ] [ 1717 1079 1788 ] [   27   90   35 ] [  14188  12260   7323 ] [ 0 ],1.00,1.00,1.00,1.20,-170.39,58.36,0.00,0.00,0.00,0.00,0.00,0.00,0.00,0.00,0.00,0.00,0.00,0.00,0.00,-0.00,0.00,0
0.230205,-164,46,501,0,DRIVE [ 71 ] [ 1 ] [ 1717 1059 1776 ] [    0    0    0 ] [      0      0      0 ] [ 0 ],drive [ 70 ] [ 0 ] [ 1717 1029 1776 ] [   27   90   35 ] [  14188  12260   7323 ] [ 0 ],1.00,1.00,1.00,1.20,-164.10,54.99,0.00,0.00,0.00,0.00,0.00,0.00,0.00,0.00,0.00,0.00,0.00,0.00,0.00,-0.00,0.00,0
0.242919,-160,44,500,0,DRIVE [ 71 ] [ 1 ] [ 1717 1081 1777 ] [    0    0    0 ] [      0      0      0 ] [ 0 ],drive [ 71 ] [ 0 ] [ 1717 1059 1776 ] [   27   90   35 ] [  14059  12271   7338 ] [ 0 ],1.00,1.00,1.00,1.20,-159.75,52.71,0.00,0.00,0.00,0.00,0.00,0.00,0.00,0.00,0.00,0.00,0.00,0.00,0.00,-0.00,0.00,0
0.256766,-160,44,500,0,DRIVE [ 72 ] [ 1 ] [ 1717 1158 1789 ] [    0    0    0 ] [      0      0      0 ] [ 0 ],drive [ 71 ] [ 0 ] [ 1717 1081 1777 ] [   20   82   30 ] [  14059  12271   7338 ] [ 0 ],1.00,1.00,1.00,1.20,-143.77,47.44,0.00,0.00,0.00,0.00,0.00,0.00,0.00,0.00,0.00,0.00,0.00,0.00,0.00,-0.00,0.00,0
0.270151,-157,42,498,0,DRIVE [ 72 ] [ 1 ] [ 1717 1098 1777 ] [    0    0    0 ] [      0      0      0 ] [ 0 ],drive [ 72 ] [ 0 ] [ 1717 1158 1789 ] [   20   82   30 ] [  14059  12271   7338 ] [ 0 ],1.00,1.00,1.00,1.20,-156.52,50.48,0.00,0.00,0.00,0.00,0.00,0.00,0.00,0.00,0.00,0.00,0.00,0.00,0.00,-0.00,0.00,0
0.283737,-154,40,494,0,DRIVE [ 73 ] [ 1 ] [ 1717 1111 1776 ] [    0    0    0 ] [      0      0      0 ] [ 0 ],drive [ 72 ] [ 0 ] [ 1717 1098 1777 ] [   20   82   30 ] [  14059  12271   7338 ] [ 0 ],1.00,1.00,1.00,1.20,-153.53,48.43,0.00,0.00,0.00,0.00,0.00,0.00,0.00,0.00,0.00,0.00,0.00,0.00,0.00,-0.00,0.00,0
0.297177,-156,40,505,0,DRIVE [ 73 ] [ 1 ] [ 1717 1122 1774 ] [    0    0    0 ] [      0      0      0 ] [ 0 ],drive [ 73 ] [ 0 ] [ 1717 1111 1776 ] [   20   82   30 ] [  14060  12269   7338 ] [ 0 ],1.00,1.00,1.00,1.20,-155.55,47.88,0.00,0.00,0.00,0.00,0.00,0.00,0.00,0.00,0.00,0.00,0.00,0.00,0.00,-0.00,0.00,0
0.310173,-154,39,505,0,DRIVE [ 74 ] [ 1 ] [ 1717 1131 1773 ] [    0    0    0 ] [      0      0      0 ] [ 0 ],drive [ 73 ] [ 0 ] [ 1717 1122 1774 ] [   20   77   30 ] [  14060  12269   7338 ] [ 0 ],1.00,1.00,1.00,1.20,-154.42,46.70,0.00,0.00,0.00,0.00,0.00,0.00,0.00,0.00,0.00,0.00,0.00,0.00,0.00,-0.00,0.00,0
0.323674,-152,38,500,0,DRIVE [ 74 ] [ 1 ] [ 1717 1137 1772 ] [    0    0    0 ] [      0      0      0 ] [ 0 ],drive [ 74 ] [ 0 ] [ 1717 1131 1773 ] [   20   77   30 ] [  14060  12269   7338 ] [ 0 ],1.00,1.00,1.00,1.20,-151.94,45.20,0.00,0.00,0.00,0.00,0.00,0.00,0.00,0.00,0.00,0.00,0.00,0.00,0.00,-0.00,0.00,0
0.337031,-151,37,498,0,DRIVE [ 75 ] [ 1 ] [ 1717 1142 1772 ] [    0    0    0 ] [      0      0      0 ] [ 0 ],drive [ 74 ] [ 0 ] [ 1717 1137 1772 ] [   20   77   30 ] [  14060  12269   7338 ] [ 0 ],1.00,1.00,1.00,1.20,-150.67,44.39,0.00,0.00,0.00,0.00,0.00,0.00,0.00,0.00,0.00,0.00,0.00,0.00,0.00,-0.00,0.00,0
0.350834,-150,36,496,0,DRIVE [ 75 ] [ 1 ] [ 1717 1146 1772 ] [    0    0    0 ] [      0      0      0 ] [ 0 ],drive [ 75 ] [ 0 ] [ 1717 1142 1772 ] [   20   77   30 ] [  14061  12269   7339 ] [ 0 ],1.00,1.00,1.00,1.20,-149.54,43.78,0.00,0.00,0.00,0.00,0.00,0.00,0.00,0.00,0.00,0.00,0.00,0.00,0.00,-0.00,0.00,0
0.363963,-148,36,494,0,DRIVE [ 76 ] [ 1 ] [ 1717 1150 1772 ] [    0    0    0 ] [      0      0      0 ] [ 0 ],drive [ 75 ] [ 0 ] [ 1717 1146 1772 ] [   21   75   30 ] [  14061  12269   7339 ] [ 0 ],1.00,1.00,1.00,1.20,-148.39,43.32,0.00,0.00,0.00,0.00,0.00,0.00,0.00,0.00,0.00,0.00,0.00,0.00,0.00,-0.00,0.00,0
0.376945,-148,36,495,0,DRIVE [ 76 ] [ 1 ] [ 1717 1154 1772 ] [    0    0    0 ] [      0      0      0 ] [ 0 ],drive [ 76 ] [ 0 ] [ 1717 1150 1772 ] [   21   75   30 ] [  14061  12269   7339 ] [ 0 ],1.00,1.00,1.00,1.20,-148.03,42.90,0.00,0.00,0.00,0.00,0.00,0.00,0.00,0.00,0.00,0.00,0.00,0.00,0.00,-0.00,0.00,0
0.390343,-148,36,496,0,DRIVE [ 77 ] [ 1 ] [ 1717 1156 1772 ] [    0    0    0 ] [      0      0      0 ] [ 0 ],drive [ 76 ] [ 0 ] [ 1717 1154 1772 ] [   21   75   30 ] [  14061  12269   7338 ] [ 0 ],1.00,1.00,1.00,1.20,-148.03,42.80,0.00,0.00,0.00,0.00,0.00,0.00,0.00,0.00,0.00,0.00,0.00,0.00,0.00,-0.00,0.00,0
0.403732,-148,35,496,0,DRIVE [ 77 ] [ 1 ] [ 1717 1160 1771 ] [    0    0    0 ] [      0      0      0 ] [ 0 ],drive [ 77 ] [ 0 ] [ 1717 1156 1772 ] [   20   72   32 ] [  14061  12269   7338 ] [ 0 ],1.00,1.00,1.00,1.20,-147.50,42.31,0.00,0.00,0.00,0.00,0.00,0.00,0.00,0.00,0.00,0.00,0.00,0.00,0.00,-0.00,0.00,0
0.417401,-147,35,497,0,DRIVE [ 78 ] [ 1 ] [ 1717 1164 1770 ] [    0    0    0 ] [      0      0      0 ] [ 0 ],drive [ 77 ] [ 0 ] [ 1717 1160 1771 ] [   20   72   32 ] [  14061  12269   7338 ] [ 0 ],1.00,1.00,1.00,1.20,-147.43,41.71,0.00,0.00,0.00,0.00,0.00,0.00,0.00,0.00,0.00,0.00,0.00,0.00,0.00,-0.00,0.00,0
0.430772,-146,34,496,0,DRIVE [ 78 ] [ 1 ] [ 1717 1170 1770 ] [    0    0    0 ] [      0      0      0 ] [ 0 ],drive [ 78 ] [ 0 ] [ 1717 1164 1770 ] [   20   72   32 ] [  14061  12269   7338 ] [ 0 ],1.00,1.00,1.00,1.20,-146.14,40.83,0.00,0.00,0.00,0.00,0.00,0.00,0.00,0.00,0.00,0.00,0.00,0.00,0.00,-0.00,0.00,0
0.443679,-147,34,501,0,DRIVE [ 79 ] [ 1 ] [ 1717 1177 1770 ] [    0    0    0 ] [      0      0      0 ] [ 0 ],drive [ 78 ] [ 0 ] [ 1717 1170 1770 ] [   20   72   32 ] [  14060  12269   7338 ] [ 0 ],1.00,1.00,1.00,1.20,-146.51,40.38,0.00,0.00,0.00,0.00,0.00,0.00,0.00,0.00,0.00,0.00,0.00,0.00,0.00,-0.00,0.00,0
0.459238,-144,33,497,0,DRIVE [ 79 ] [ 1 ] [ 1717 1185 1769 ] [    0    0    0 ] [      0      0      0 ] [ 0 ],drive [ 79 ] [ 0 ] [ 1717 1177 1770 ] [   21   71   32 ] [  14060  12269   7338 ] [ 0 ],1.00,1.00,1.00,1.20,-144.41,39.07,0.00,0.00,0.00,0.00,0.00,0.00,0.00,0.00,0.00,0.00,0.00,0.00,0.00,-0.00,0.00,0
0.475057,-143,32,496,0,DRIVE [ 80 ] [ 1 ] [ 1717 1193 1768 ] [    0    0    0 ] [      0      0      0 ] [ 0 ],drive [ 79 ] [ 0 ] [ 1717 1185 1769 ] [   21   71   32 ] [  14060  12269   7338 ] [ 0 ],1.00,1.00,1.00,1.20,-142.77,37.96,0.00,0.00,0.00,0.00,0.00,0.00,0.00,0.00,0.00,0.00,0.00,0.00,0.00,-0.00,0.00,0
0.488676,-141,31,496,0,DRIVE [ 80 ] [ 1 ] [ 1717 1203 1768 ] [    0    0    0 ] [      0      0      0 ] [ 0 ],drive [ 80 ] [ 0 ] [ 1717 1193 1768 ] [   21   71   32 ] [  14061  12269   7338 ] [ 0 ],1.00,1.00,1.00,1.20,-141.44,36.80,0.00,0.00,0.00,0.00,0.00,0.00,0.00,0.00,0.00,0.00,0.00,0.00,0.00,-0.00,0.00,0
0.502034,-140,30,496,0,DRIVE [ 81 ] [ 1 ] [ 1717 1213 1768 ] [    0    0    0 ] [      0      0      0 ] [ 0 ],drive [ 80 ] [ 0 ] [ 1717 1203 1768 ] [   21   71   32 ] [  14061  12269   7338 ] [ 0 ],1.00,1.00,1.00,1.20,-139.72,35.63,0.00,0.00,0.00,0.00,0.00,0.00,0.00,0.00,0.00,0.00,0.00,0.00,0.00,-0.00,0.00,0
0.515543,-137,28,494,0,DRIVE [ 81 ] [ 1 ] [ 1717 1229 1768 ] [    0    0    0 ] [      0      0      0 ] [ 0 ],drive [ 81 ] [ 0 ] [ 1717 1213 1768 ] [   20   69   32 ] [  14061  12269   7338 ] [ 0 ],1.00,1.00,1.00,1.20,-136.60,33.93,0.00,0.00,0.00,0.00,0.00,0.00,0.00,0.00,0.00,0.00,0.00,0.00,0.00,-0.00,0.00,0
0.529153,-134,27,494,0,DRIVE [ 82 ] [ 1 ] [ 1717 1245 1768 ] [    0    0    0 ] [      0      0      0 ] [ 0 ],drive [ 81 ] [ 0 ] [ 1717 1229 1768 ] [   20   69   32 ] [  14061  12269   7338 ] [ 0 ],1.00,1.00,1.00,1.20,-133.92,32.26,0.00,0.00,0.00,0.00,0.00,0.00,0.00,0.00,0.00,0.00,0.00,0.00,0.00,-0.00,0.00,0
0.542655,-131,26,492,0,DRIVE [ 82 ] [ 1 ] [ 1717 1260 1769 ] [    0    0    0 ] [      0      0      0 ] [ 0 ],drive [ 82 ] [ 0 ] [ 1717 1245 1768 ] [   20   69   32 ] [  14061  12269   7337 ] [ 0 ],1.00,1.00,1.00,1.20,-130.90,30.72,0.00,0.00,0.00,0.00,0.00,0.00,0.00,0.00,0.00,0.00,0.00,0.00,0.00,-0.00,0.00,0
0.556644,-127,24,489,0,DRIVE [ 83 ] [ 1 ] [ 1717 1280 1769 ] [    0    0    0 ] [      0      0      0 ] [ 0 ],drive [ 82 ] [ 0 ] [ 1717 1260 1769 ] [   21   63   33 ] [  14061  12269   7337 ] [ 0 ],1.00,1.00,1.00,1.20,-126.64,28.44,0.00,0.00,0.00,0.00,0.00,0.00,0.00,0.00,0.00,0.00,0.00,0.00,0.00,-0.00,0.00,0
0.570192,-123,22,488,0,DRIVE [ 83 ] [ 1 ] [ 1717 1300 1770 ] [    0    0    0 ] [      0      0      0 ] [ 0 ],drive [ 83 ] [ 0 ] [ 1717 1280 1769 ] [   21   63   33 ] [  14061  12269   7337 ] [ 0 ],1.00,1.00,1.00,1.20,-123.22,26.57,0.00,0.00,0.00,0.00,0.00,0.00,0.00,0.00,0.00,0.00,0.00,0.00,0.00,-0.00,0.00,0
0.583253,-120,20,488,0,DRIVE [ 84 ] [ 1 ] [ 1717 1319 1770 ] [    0    0    0 ] [      0      0      0 ] [ 0 ],drive [ 83 ] [ 0 ] [ 1717 1300 1770 ] [   21   63   33 ] [  14061  12269   7337 ] [ 0 ],1.00,1.00,1.00,1.20,-120.25,24.60,0.00,0.00,0.00,0.00,0.00,0.00,0.00,0.00,0.00,0.00,0.00,0.00,0.00,-0.00,0.00,0
0.596743,-116,19,485,0,DRIVE [ 84 ] [ 1 ] [ 1717 1338 1770 ] [    0    0    0 ] [      0      0      0 ] [ 0 ],drive [ 84 ] [ 0 ] [ 1717 1319 1770 ] [   21   63   33 ] [  14061  12259   7337 ] [ 0 ],1.00,1.00,1.00,1.20,-116.30,22.43,0.00,0.00,0.00,0.00,0.00,0.00,0.00,0.00,0.00,0.00,0.00,0.00,0.00,-0.00,0.00,0
0.611371,-113,17,482,0,DRIVE [ 85 ] [ 1 ] [ 1717 1355 1770 ] [    0    0    0 ] [      0      0      0 ] [ 0 ],drive [ 84 ] [ 0 ] [ 1717 1338 1770 ] [   19   58   32 ] [  14061  12259   7337 ] [ 0 ],1.00,1.00,1.00,1.20,-112.79,20.68,0.00,0.00,0.00,0.00,0.00,0.00,0.00,0.00,0.00,0.00,0.00,0.00,0.00,-0.00,0.00,0
0.624784,-108,15,480,0,DRIVE [ 85 ] [ 1 ] [ 1717 1379 1771 ] [    0    0    0 ] [      0      0      0 ] [ 0 ],drive [ 85 ] [ 0 ] [ 1717 1355 1770 ] [   19   58   32 ] [  14061  12259   7337 ] [ 0 ],1.00,1.00,1.00,1.20,-108.36,18.34,0.00,0.00,0.00,0.00,0.00,0.00,0.00,0.00,0.00,0.00,0.00,0.00,0.00,-0.00,0.00,0
0.63824,-104,14,478,0,DRIVE [ 86 ] [ 1 ] [ 1717 1402 1772 ] [    0    0    0 ] [      0      0      0 ] [ 0 ],drive [ 85 ] [ 0 ] [ 1717 1379 1771 ] [   19   58   32 ] [  14062  12244   7337 ] [ 0 ],1.00,1.00,1.00,1.20,-104.10,16.28,0.00,0.00,0.00,0.00,0.00,0.00,0.00,0.00,0.00,0.00,0.00,0.00,0.00,-0.00,0.00,0
0.654695,-100,12,476,0,DRIVE [ 86 ] [ 1 ] [ 1717 1425 1773 ] [    0    0    0 ] [      0      0      0 ] [ 0 ],drive [ 86 ] [ 0 ] [ 1717 1402 1772 ] [   19   58   32 ] [  14062  12244   7337 ] [ 0 ],1.00,1.00,1.00,1.20,-99.96,14.09,0.00,0.00,0.00,0.00,0.00,0.00,0.00,0.00,0.00,0.00,0.00,0.00,0.00,-0.00,0.00,0
0.668475,-98,10,485,0,DRIVE [ 87 ] [ 1 ] [ 1717 1448 1774 ] [    0    0    0 ] [      0      0      0 ] [ 0 ],drive [ 86 ] [ 0 ] [ 1717 1425 1773 ] [   21   61   31 ] [  14062  12244   7337 ] [ 0 ],1.00,1.00,1.00,1.20,-97.75,12.32,0.00,0.00,0.00,0.00,0.00,0.00,0.00,0.00,0.00,0.00,0.00,0.00,0.00,-0.00,0.00,0
0.681851,-93,9,482,0,DRIVE [ 87 ] [ 1 ] [ 1717 1469 1776 ] [    0    0    0 ] [      0      0      0 ] [ 0 ],drive [ 87 ] [ 0 ] [ 1717 1448 1774 ] [   21   61   31 ] [  14062  12244   7337 ] [ 0 ],1.00,1.00,1.00,1.20,-93.37,10.54,0.00,0.00,0.00,0.00,0.00,0.00,0.00,0.00,0.00,0.00,0.00,0.00,0.00,-0.00,0.00,0
0.697208,-87,7,473,0,DRIVE [ 88 ] [ 1 ] [ 1717 1495 1779 ] [    0    0    0 ] [      0      0      0 ] [ 0 ],drive [ 87 ] [ 0 ] [ 1717 1469 1776 ] [   21   61   31 ] [  14061  12158   7337 ] [ 0 ],1.00,1.00,1.00,1.20,-87.17,8.56,0.00,0.00,0.00,0.00,0.00,0.00,0.00,0.00,0.00,0.00,0.00,0.00,0.00,-0.00,0.00,0
0.710779,-83,6,471,0,DRIVE [ 88 ] [ 1 ] [ 1717 1518 1782 ] [    0    0    0 ] [      0      0      0 ] [ 0 ],drive [ 88 ] [ 0 ] [ 1717 1495 1779 ] [   20   57   31 ] [  14061  12158   7337 ] [ 0 ],1.00,1.00,1.00,1.20,-82.61,7.01,0.00,0.00,0.00,0.00,0.00,0.00,0.00,0.00,0.00,0.00,0.00,0.00,0.00,-0.00,0.00,0
0.724302,-78,5,468,0,DRIVE [ 89 ] [ 1 ] [ 1717 1541 1785 ] [    0    0    0 ] [      0      0      0 ] [ 0 ],drive [ 88 ] [ 0 ] [ 1717 1518 1782 ] [   20   57   31 ] [  14061  12158   7337 ] [ 0 ],1.00,1.00,1.00,1.20,-77.74,5.56,0.00,0.00,0.00,0.00,0.00,0.00,0.00,0.00,0.00,0.00,0.00,0.00,0.00,-0.00,0.00,0
0.737813,-73,4,464,0,DRIVE [ 89 ] [ 1 ] [ 1717 1561 1789 ] [    0    0    0 ] [      0      0      0 ] [ 0 ],drive [ 89 ] [ 0 ] [ 1717 1541 1785 ] [   20   57   31 ] [  14061  12158   7337 ] [ 0 ],1.00,1.00,1.00,1.20,-73.19,4.53,0.00,0.00,0.00,0.00,0.00,0.00,0.00,0.00,0.00,0.00,0.00,0.00,0.00,-0.00,0.00,0
0.751379,-68,2,464,0,DRIVE [ 90 ] [ 1 ] [ 1717 1589 1794 ] [    0    0    0 ] [      0      0      0 ] [ 0 ],drive [ 89 ] [ 0 ] [ 1717 1561 1789 ] [   20   57   31 ] [  14062  12103   7337 ] [ 0 ],1.00,1.00,1.00,1.20,-67.99,2.98,0.00,0.00,0.00,0.00,0.00,0.00,0.00,0.00,0.00,0.00,0.00,0.00,0.00,-0.00,0.00,0
0.764934,-63,1,459,0,DRIVE [ 90 ] [ 1 ] [ 1717 1615 1798 ] [    0    0    0 ] [      0      0      0 ] [ 0 ],drive [ 90 ] [ 0 ] [ 1717 1589 1794 ] [   20   60   30 ] [  14062  12103   7337 ] [ 0 ],1.00,1.00,1.00,1.20,-62.54,1.34,0.00,0.00,0.00,0.00,0.00,0.00,0.00,0.00,0.00,0.00,0.00,0.00,0.00,-0.00,0.00,0
0.778383,-58,0,455,0,DRIVE [ 91 ] [ 1 ] [ 1717 1640 1801 ] [    0    0    0 ] [      0      0      0 ] [ 0 ],drive [ 90 ] [ 0 ] [ 1717 1615 1798 ] [   20   60   30 ] [  14062  12103   7337 ] [ 0 ],1.00,1.00,1.00,1.20,-57.55,-0.29,0.00,0.00,0.00,0.00,0.00,0.00,0.00,0.00,0.00,0.00,0.00,0.00,0.00,0.00,0.00,0
0.794073,-53,-2,449,0,DRIVE [ 91 ] [ 1 ] [ 1717 1664 1805 ] [    0    0    0 ] [      0      0      0 ] [ 0 ],drive [ 91 ] [ 0 ] [ 1717 1640 1801 ] [   20   60   30 ] [  14066  11981   7336 ] [ 0 ],1.00,1.00,1.00,1.20,-52.52,-1.66,0.00,0.00,0.00,0.00,0.00,0.00,0.00,0.00,0.00,0.00,0.00,0.00,0.00,0.00,0.00,0
0.807652,-48,-3,448,0,DRIVE [ 92 ] [ 1 ] [ 1717 1687 1808 ] [    0    0    0 ] [      0      0      0 ] [ 0 ],drive [ 91 ] [ 0 ] [ 1717 1664 1805 ] [   18   29   29 ] [  14066  11981   7336 ] [ 0 ],1.00,1.00,1.00,1.20,-48.33,-3.08,0.00,0.00,0.00,0.00,0.00,-0.00,-0.00,0.00,0.00,0.00,0.00,0.00,0.00,0.00,0.00,0
0.821645,-43,-5,441,0,DRIVE [ 92 ] [ 1 ] [ 1717 1714 1811 ] [    0    0    0 ] [      0      0      0 ] [ 0 ],drive [ 92 ] [ 0 ] [ 1717 1687 1808 ] [   18   29   29 ] [  14066  11981   7336 ] [ 0 ],1.00,1.00,1.00,1.20,-42.79,-4.72,0.00,0.00,0.00,0.00,0.00,-0.00,-0.00,0.00,0.00,0.00,0.00,0.00,0.00,0.00,0.00,0
0.835047,-38,-6,438,0,DRIVE [ 93 ] [ 1 ] [ 1717 1738 1814 ] [    0    0    0 ] [      0      0      0 ] [ 0 ],drive [ 92 ] [ 0 ] [ 1717 1714 1811 ] [   18   29   29 ] [  14066  11981   7336 ] [ 0 ],1.00,1.00,1.00,1.20,-38.20,-6.08,0.00,0.00,0.00,0.00,0.00,-0.00,-0.00,0.00,0.00,0.00,0.00,0.00,0.00,0.00,0.00,0
0.848148,-34,-7,435,0,DRIVE [ 93 ] [ 1 ] [ 1717 1759 1817 ] [    0    0    0 ] [      0      0      0 ] [ 0 ],drive [ 93 ] [ 0 ] [ 1717 1738 1814 ] [   18   29   29 ] [  14072  11765   7336 ] [ 0 ],1.00,1.00,1.00,1.20,-33.99,-7.28,0.00,0.00,0.00,0.00,0.00,-0.00,-0.00,0.00,0.00,0.00,0.00,0.00,0.00,0.00,0.00,0
0.861566,-30,-8,432,0,DRIVE [ 94 ] [ 1 ] [ 1717 1778 1819 ] [    0    0    0 ] [      0      0      0 ] [ 0 ],drive [ 93 ] [ 0 ] [ 1717 1759 1817 ] [   18   22   28 ] [  14072  11765   7336 ] [ 0 ],1.00,1.00,1.00,1.20,-30.29,-8.39,0.00,0.00,0.00,0.00,0.00,-0.00,-0.00,0.00,0.00,0.00,0.00,0.00,0.00,0.00,0.00,0
0.875066,-26,-10,430,0,DRIVE [ 94 ] [ 1 ] [ 1717 1801 1822 ] [    0    0    0 ] [      0      0      0 ] [ 0 ],drive [ 94 ] [ 0 ] [ 1717 1778 1819 ] [   18   22   28 ] [  14072  11765   7336 ] [ 0 ],1.00,1.00,1.00,1.20,-25.80,-9.68,0.00,0.00,0.00,0.00,0.00,-0.00,-0.00,0.00,0.00,0.00,0.00,0.00,0.00,0.00,0.00,0
0.888384,-22,-11,425,0,DRIVE [ 95 ] [ 1 ] [ 1717 1819 1824 ] [    0    0    0 ] [      0      0      0 ] [ 0 ],drive [ 94 ] [ 0 ] [ 1717 1801 1822 ] [   18   22   28 ] [  14075  11534   7336 ] [ 0 ],1.00,1.00,1.00,1.20,-21.94,-10.57,0.00,0.00,0.00,0.00,0.00,-0.00,-0.00,0.00,0.00,0.00,0.00,0.00,0.00,0.00,0.00,0
0.901549,-22,-11,425,0,DRIVE [ 95 ] [ 1 ] [ 1717 1827 1832 ] [    0    0    0 ] [      0      0      0 ] [ 0 ],drive [ 95 ] [ 0 ] [ 1717 1819 1824 ] [   18   22   28 ] [  14075  11534   7336 ] [ 0 ],1.00,1.00,1.00,1.20,-19.75,-9.52,0.00,0.00,0.00,0.00,0.00,-0.00,-0.00,0.00,0.00,0.00,0.00,0.00,0.00,0.00,0.00,0
0.914701,-17,-11,422,0,DRIVE [ 96 ] [ 1 ] [ 1717 1840 1827 ] [    0    0    0 ] [      0      0      0 ] [ 0 ],drive [ 95 ] [ 0 ] [ 1717 1827 1832 ] [   18   34   27 ] [  14075  11534   7336 ] [ 0 ],1.00,1.00,1.00,1.20,-17.22,-11.28,0.00,0.00,0.00,0.00,0.00,-0.00,-0.00,0.00,0.00,0.00,0.00,0.00,0.00,0.00,0.00,0
0.928035,-13,-12,418,0,DRIVE [ 96 ] [ 1 ] [ 1717 1859 1830 ] [    0    0    0 ] [      0      0      0 ] [ 0 ],drive [ 96 ] [ 0 ] [ 1717 1840 1827 ] [   18   34   27 ] [  14075  11534   7336 ] [ 0 ],1.00,1.00,1.00,1.20,-12.79,-11.77,0.00,0.00,0.00,0.00,0.00,-0.00,-0.00,0.00,0.00,0.00,0.00,0.00,0.00,0.00,0.00,0
0.941355,-8,-12,415,0,DRIVE [ 97 ] [ 1 ] [ 1717 1879 1830 ] [    0    0    0 ] [      0      0      0 ] [ 0 ],drive [ 96 ] [ 0 ] [ 1717 1859 1830 ] [   18   34   27 ] [  14079  11368   7336 ] [ 0 ],1.00,1.00,1.00,1.20,-7.59,-12.18,0.00,0.00,0.00,0.00,0.00,-0.00,-0.00,0.00,0.00,0.00,0.00,0.00,0.00,0.00,0.00,0
0.954678,-3,-13,415,0,DRIVE [ 97 ] [ 1 ] [ 1717 1896 1824 ] [    0    0    0 ] [      0      0      0 ] [ 0 ],drive [ 97 ] [ 0 ] [ 1717 1879 1830 ] [   24   12   26 ] [  14079  11368   7336 ] [ 0 ],1.00,1.00,1.00,1.20,-2.80,-12.53,0.00,0.00,0.00,0.00,0.00,-0.00,-0.00,0.00,0.00,0.00,0.00,0.00,0.00,0.00,0.00,0
0.967899,1,-13,412,0,DRIVE [ 98 ] [ 1 ] [ 1901 1896 1819 ] [    0    0    0 ] [      0      0      0 ] [ 0 ],drive [ 97 ] [ 0 ] [ 1717 1896 1824 ] [   24   12   26 ] [  14079  11368   7336 ] [ 0 ],1.00,1.00,1.00,1.20,1.16,-12.60,0.00,0.00,0.00,0.00,0.00,-0.00,-0.00,0.00,0.00,0.00,0.00,0.00,0.00,0.00,0.00,0
0.980952,5,-13,411,0,DRIVE [ 98 ] [ 1 ] [ 1890 1896 1825 ] [    0    0    0 ] [      0      0      0 ] [ 0 ],drive [ 98 ] [ 0 ] [ 1901 1896 1819 ] [   24   12   26 ] [  14079  11368   7336 ] [ 0 ],1.00,1.00,1.00,1.20,4.65,-12.59,0.00,0.00,0.00,0.00,0.00,-0.00,-0.00,0.00,0.00,0.00,0.00,0.00,0.00,0.00,0.00,0
0.994274,8,-13,409,0,DRIVE [ 99 ] [ 1 ] [ 1879 1896 1826 ] [    0    0    0 ] [      0      0      0 ] [ 0 ],drive [ 98 ] [ 0 ] [ 1890 1896 1825 ] [   24   12   26 ] [  14221  11010   7336 ] [ 0 ],1.00,1.00,1.00,1.20,7.62,-12.55,0.00,0.00,0.00,0.00,0.00,-0.00,-0.00,0.00,0.00,0.00,0.00,0.00,0.00,0.00,0.00,0
1.00748,11,-13,406,0,DRIVE [ 99 ] [ 1 ] [ 1867 1896 1825 ] [    0    0    0 ] [      0      0      0 ] [ 0 ],drive [ 99 ] [ 0 ] [ 1879 1896 1826 ] [   12   16   29 ] [  14221  11010   7336 ] [ 0 ],1.00,1.00,1.00,1.20,10.74,-12.51,0.00,0.00,0.00,0.00,0.00,-0.00,-0.00,0.00,0.00,0.00,0.00,0.00,0.00,0.00,0.00,0
1.02055,13,-13,402,0,DRIVE [ 00 ] [ 1 ] [ 1855 1896 1822 ] [    0    0    0 ] [      0      0      0 ] [ 0 ],drive [ 99 ] [ 0 ] [ 1867 1896 1825 ] [   12   16   29 ] [  14221  11010   7336 ] [ 0 ],1.00,1.00,1.00,1.20,13.31,-12.52,0.00,0.00,0.00,0.00,0.00,-0.00,-0.00,0.00,0.00,0.00,0.00,0.00,0.00,0.00,0.00,0
1.0337,15,-13,399,0,DRIVE [ 00 ] [ 1 ] [ 1846 1896 1817 ] [    0    0    0 ] [      0      0      0 ] [ 0 ],drive [ 00 ] [ 0 ] [ 1855 1896 1822 ] [   12   16   29 ] [  14221  11010   7336 ] [ 0 ],1.00,1.00,1.00,1.20,15.46,-12.75,0.00,0.00,0.00,0.00,0.00,-0.00,-0.00,0.00,0.00,0.00,0.00,0.00,0.00,0.00,0.00,0
1.04643,17,-13,394,0,DRIVE [ 01 ] [ 1 ] [ 1836 1896 1813 ] [    0    0    0 ] [      0      0      0 ] [ 0 ],drive [ 00 ] [ 0 ] [ 1846 1896 1817 ] [   12   16   29 ] [  14209  10880   7336 ] [ 0 ],1.00,1.00,1.00,1.20,17.50,-12.96,0.00,0.00,0.00,0.00,0.00,-0.00,-0.00,0.00,0.00,0.00,0.00,0.00,0.00,0.00,0.00,0
1.05975,20,-13,393,0,DRIVE [ 01 ] [ 1 ] [ 1827 1896 1807 ] [    0    0    0 ] [      0      0      0 ] [ 0 ],drive [ 01 ] [ 0 ] [ 1836 1896 1813 ] [   16   22   27 ] [  14209  10880   7336 ] [ 0 ],1.00,1.00,1.00,1.20,19.53,-13.39,0.00,0.00,0.00,0.00,0.00,-0.00,-0.00,0.00,0.00,0.00,0.00,0.00,0.00,0.00,0.00,0
1.07305,22,-14,389,0,DRIVE [ 02 ] [ 1 ] [ 1814 1896 1798 ] [    0    0    0 ] [      0      0      0 ] [ 0 ],drive [ 01 ] [ 0 ] [ 1827 1896 1807 ] [   16   22   27 ] [  14209  10880   7336 ] [ 0 ],1.00,1.00,1.00,1.20,22.31,-14.16,0.00,0.00,0.00,0.00,0.00,-0.00,-0.00,0.00,0.00,0.00,0.00,0.00,0.00,0.00,0.00,0
1.08605,25,-15,388,0,DRIVE [ 02 ] [ 1 ] [ 1801 1896 1789 ] [    0    0    0 ] [      0      0      0 ] [ 0 ],drive [ 02 ] [ 0 ] [ 1814 1896 1798 ] [   16   22   27 ] [  14209  10880   7336 ] [ 0 ],1.00,1.00,1.00,1.20,25.13,-15.07,0.00,0.00,0.00,0.00,0.00,-0.00,-0.00,0.00,0.00,0.00,0.00,0.00,0.00,0.00,0.00,0
1.09905,28,-16,384,0,DRIVE [ 03 ] [ 1 ] [ 1788 1896 1778 ] [    0    0    0 ] [      0      0      0 ] [ 0 ],drive [ 02 ] [ 0 ] [ 1801 1896 1789 ] [   16   22   27 ] [  14213  10843   7335 ] [ 0 ],1.00,1.00,1.00,1.20,27.79,-16.00,0.00,0.00,0.00,0.00,0.00,-0.00,-0.00,0.00,0.00,0.00,0.00,0.00,0.00,0.00,0.00,0
1.112,30,-17,380,0,DRIVE [ 03 ] [ 1 ] [ 1775 1896 1768 ] [    0    0    0 ] [      0      0      0 ] [ 0 ],drive [ 03 ] [ 0 ] [ 1788 1896 1778 ] [   23   23   30 ] [  14213  10843   7335 ] [ 0 ],1.00,1.00,1.00,1.20,30.29,-16.87,0.00,0.00,0.00,0.00,0.00,-0.00,-0.00,0.00,0.00,0.00,0.00,0.00,0.00,0.00,0.00,0
1.12521,33,-18,378,0,DRIVE [ 04 ] [ 1 ] [ 1762 1896 1758 ] [    0    0    0 ] [      0      0      0 ] [ 0 ],drive [ 03 ] [ 0 ] [ 1775 1896 1768 ] [   23   23   30 ] [  14213  10843   7335 ] [ 0 ],1.00,1.00,1.00,1.20,32.98,-17.86,0.00,0.00,0.00,0.00,0.00,-0.00,-0.00,0.00,0.00,0.00,0.00,0.00,0.00,0.00,0.00,0
1.13824,36,-19,377,0,DRIVE [ 04 ] [ 1 ] [ 1750 1896 1747 ] [    0    0    0 ] [      0      0      0 ] [ 0 ],drive [ 04 ] [ 0 ] [ 1762 1896 1758 ] [   23   23   30 ] [  14238  10816   7337 ] [ 0 ],1.00,1.00,1.00,1.20,35.77,-18.94,0.00,0.00,0.00,0.00,0.00,-0.00,-0.00,0.00,0.00,0.00,0.00,0.00,0.00,0.00,0.00,0
1.15126,38,-20,374,0,DRIVE [ 05 ] [ 1 ] [ 1736 1896 1737 ] [    0    0    0 ] [      0      0      0 ] [ 0 ],drive [ 04 ] [ 0 ] [ 1750 1896 1747 ] [   23   23   30 ] [  14238  10816   7337 ] [ 0 ],1.00,1.00,1.00,1.20,38.27,-19.79,0.00,0.00,0.00,0.00,0.00,0.00,-0.00,0.00,0.00,0.00,0.00,0.00,0.00,0.00,0.00,0
1.16414,42,-21,370,0,DRIVE [ 05 ] [ 1 ] [ 1719 1896 1724 ] [    0    0    0 ] [      0      0      0 ] [ 0 ],drive [ 05 ] [ 0 ] [ 1736 1896 1737 ] [   20   12   33 ] [  14238  10816   7337 ] [ 0 ],1.00,1.00,1.00,1.20,41.65,-20.96,0.00,0.00,0.00,0.00,0.00,0.00,-0.00,0.00,0.00,0.00,0.00,0.00,0.00,0.00,0.00,0
1.17652,45,-22,366,0,DRIVE [ 06 ] [ 1 ] [ 1703 1896 1712 ] [    0    0    0 ] [      0      0      0 ] [ 0 ],drive [ 05 ] [ 0 ] [ 1719 1896 1724 ] [   20   12   33 ] [  14238  10816   7337 ] [ 0 ],1.00,1.00,1.00,1.20,44.60,-21.85,0.00,0.00,0.00,0.00,0.00,0.00,-0.00,0.00,0.00,0.00,0.00,0.00,0.00,0.00,0.00,0
1.18951,47,-23,364,0,DRIVE [ 06 ] [ 1 ] [ 1688 1896 1701 ] [    0    0    0 ] [      0      0      0 ] [ 0 ],drive [ 06 ] [ 0 ] [ 1703 1896 1712 ] [   20   12   33 ] [  14378  10548   7342 ] [ 0 ],1.00,1.00,1.00,1.20,47.41,-22.69,0.00,0.00,0.00,0.00,0.00,0.00,-0.00,0.00,0.00,0.00,0.00,0.00,0.00,0.00,0.00,0
1.20267,50,-23,361,0,DRIVE [ 07 ] [ 1 ] [ 1675 1896 1692 ] [    0    0    0 ] [      0      0      0 ] [ 0 ],drive [ 06 ] [ 0 ] [ 1688 1896 1701 ] [   42   17   33 ] [  14378  10548   7342 ] [ 0 ],1.00,1.00,1.00,1.20,49.83,-23.43,0.00,0.00,0.00,0.00,0.00,0.00,-0.00,0.00,0.00,0.00,0.00,0.00,0.00,0.00,0.00,0
1.21572,52,-24,358,0,DRIVE [ 07 ] [ 1 ] [ 1663 1896 1685 ] [    0    0    0 ] [      0      0      0 ] [ 0 ],drive [ 07 ] [ 0 ] [ 1675 1896 1692 ] [   42   17   33 ] [  14378  10548   7342 ] [ 0 ],1.00,1.00,1.00,1.20,51.78,-23.68,0.00,0.00,0.00,0.00,0.00,0.00,-0.00,0.00,0.00,0.00,0.00,0.00,0.00,0.00,0.00,0
1.22894,53,-24,354,0,DRIVE [ 08 ] [ 1 ] [ 1652 1896 1678 ] [    0    0    0 ] [      0      0      0 ] [ 0 ],drive [ 07 ] [ 0 ] [ 1663 1896 1685 ] [   42   17   33 ] [  14378  10548   7342 ] [ 0 ],1.00,1.00,1.00,1.20,53.44,-23.88,0.00,0.00,0.00,0.00,0.00,0.00,-0.00,0.00,0.00,0.00,0.00,0.00,0.00,0.00,0.00,0
1.2417,55,-24,352,0,DRIVE [ 08 ] [ 1 ] [ 1642 1896 1672 ] [    0    0    0 ] [      0      0      0 ] [ 0 ],drive [ 08 ] [ 0 ] [ 1652 1896 1678 ] [   42   17   33 ] [  14562  10387   7354 ] [ 0 ],1.00,1.00,1.00,1.20,55.00,-24.15,0.00,0.00,0.00,0.00,0.00,0.00,-0.00,0.00,0.00,0.00,0.00,0.00,0.00,0.00,0.00,0
1.25459,57,-24,350,0,DRIVE [ 09 ] [ 1 ] [ 1631 1896 1666 ] [    0    0    0 ] [      0      0      0 ] [ 0 ],drive [ 08 ] [ 0 ] [ 1642 1896 1672 ] [   45   23   21 ] [  14562  10387   7354 ] [ 0 ],1.00,1.00,1.00,1.20,56.95,-24.44,0.00,0.00,0.00,0.00,0.00,0.00,-0.00,0.00,0.00,0.00,0.00,0.00,0.00,0.00,0.00,0
1.26905,59,-25,347,0,DRIVE [ 09 ] [ 1 ] [ 1619 1896 1660 ] [    0    0    0 ] [      0      0      0 ] [ 0 ],drive [ 09 ] [ 0 ] [ 1631 1896 1666 ] [   45   23   21 ] [  14562  10387   7354 ] [ 0 ],1.00,1.00,1.00,1.20,58.61,-24.52,0.00,0.00,0.00,0.00,0.00,0.00,-0.00,0.00,0.00,0.00,0.00,0.00,0.00,0.00,0.00,0
1.28254,60,-24,345,0,DRIVE [ 10 ] [ 1 ] [ 1609 1896 1655 ] [    0    0    0 ] [      0      0      0 ] [ 0 ],drive [ 09 ] [ 0 ] [ 1619 1896 1660 ] [   45   23   21 ] [  14562  10387   7354 ] [ 0 ],1.00,1.00,1.00,1.20,60.21,-24.48,0.00,0.00,0.00,0.00,0.00,0.00,-0.00,0.00,0.00,0.00,0.00,0.00,0.00,0.00,0.00,0
1.29606,62,-24,343,0,DRIVE [ 10 ] [ 1 ] [ 1597 1896 1651 ] [    0    0    0 ] [      0      0      0 ] [ 0 ],drive [ 10 ] [ 0 ] [ 1609 1896 1655 ] [   45   23   21 ] [  14621  10292   7380 ] [ 0 ],1.00,1.00,1.00,1.20,61.89,-24.40,0.00,0.00,0.00,0.00,0.00,0.00,-0.00,0.00,0.00,0.00,0.00,0.00,0.00,0.00,0.00,0
1.30878,63,-24,340,0,DRIVE [ 11 ] [ 1 ] [ 1586 1896 1648 ] [    0    0    0 ] [      0      0      0 ] [ 0 ],drive [ 10 ] [ 0 ] [ 1597 1896 1651 ] [   30    4   21 ] [  14621  10292   7380 ] [ 0 ],1.00,1.00,1.00,1.20,63.28,-24.14,0.00,0.00,0.00,0.00,0.00,0.00,-0.00,0.00,0.00,0.00,0.00,0.00,0.00,0.00,0.00,0
1.32185,64,-24,336,0,DRIVE [ 11 ] [ 1 ] [ 1576 1896 1645 ] [    0    0    0 ] [      0      0      0 ] [ 0 ],drive [ 11 ] [ 0 ] [ 1586 1896 1648 ] [   30    4   21 ] [  14621  10292   7380 ] [ 0 ],1.00,1.00,1.00,1.20,64.25,-23.63,0.00,0.00,0.00,0.00,0.00,0.00,-0.00,0.00,0.00,0.00,0.00,0.00,0.00,0.00,0.00,0
1.3355,65,-23,331,0,DRIVE [ 12 ] [ 1 ] [ 1565 1896 1642 ] [    0    0    0 ] [      0      0      0 ] [ 0 ],drive [ 11 ] [ 0 ] [ 1576 1896 1645 ] [   30    4   21 ] [  14621  10292   7380 ] [ 0 ],1.00,1.00,1.00,1.20,65.20,-23.07,0.00,0.00,0.00,0.00,0.00,0.00,-0.00,0.00,0.00,0.00,0.00,0.00,0.00,0.00,0.00,0
1.35019,66,-22,328,0,DRIVE [ 12 ] [ 1 ] [ 1555 1896 1641 ] [    0    0    0 ] [      0      0      0 ] [ 0 ],drive [ 12 ] [ 0 ] [ 1565 1896 1642 ] [   30    4   21 ] [  14914  10109   7381 ] [ 0 ],1.00,1.00,1.00,1.20,66.13,-22.48,0.00,0.00,0.00,0.00,0.00,0.00,-0.00,0.00,0.00,0.00,0.00,0.00,0.00,0.00,0.00,0
1.36376,67,-22,325,0,DRIVE [ 13 ] [ 1 ] [ 1547 1896 1641 ] [    0    0    0 ] [      0      0      0 ] [ 0 ],drive [ 12 ] [ 0 ] [ 1555 1896 1641 ] [   33    5   22 ] [  14914  10109   7381 ] [ 0 ],1.00,1.00,1.00,1.20,66.60,-21.67,0.00,0.00,0.00,0.00,0.00,0.00,-0.00,0.00,0.00,0.00,0.00,0.00,0.00,0.00,0.00,0
1.37662,67,-21,324,0,DRIVE [ 13 ] [ 1 ] [ 1539 1896 1642 ] [    0    0    0 ] [      0      0      0 ] [ 0 ],drive [ 13 ] [ 0 ] [ 1547 1896 1641 ] [   33    5   22 ] [  14914  10109   7381 ] [ 0 ],1.00,1.00,1.00,1.20,67.35,-21.06,0.00,0.00,0.00,0.00,0.00,0.00,-0.00,0.00,0.00,0.00,0.00,0.00,0.00,0.00,0.00,0
1.38955,68,-20,322,0,DRIVE [ 14 ] [ 1 ] [ 1532 1896 1642 ] [    0    0    0 ] [      0      0      0 ] [ 0 ],drive [ 13 ] [ 0 ] [ 1539 1896 1642 ] [   33    5   22 ] [  15110  10013   7381 ] [ 0 ],1.00,1.00,1.00,1.20,67.90,-20.30,0.00,0.00,0.00,0.00,0.00,0.00,-0.00,0.00,0.00,0.00,0.00,0.00,0.00,0.00,0.00,0
1.40227,69,-19,319,0,DRIVE [ 14 ] [ 1 ] [ 1521 1896 1643 ] [    0    0    0 ] [      0      0      0 ] [ 0 ],drive [ 14 ] [ 0 ] [ 1532 1896 1642 ] [   51   19   21 ] [  15110  10013   7381 ] [ 0 ],1.00,1.00,1.00,1.20,68.68,-19.35,0.00,0.00,0.00,0.00,0.00,0.00,-0.00,0.00,0.00,0.00,0.00,0.00,0.00,0.00,0.00,0
1.4151,70,-18,317,0,DRIVE [ 15 ] [ 1 ] [ 1511 1896 1644 ] [    0    0    0 ] [      0      0      0 ] [ 0 ],drive [ 14 ] [ 0 ] [ 1521 1896 1643 ] [   51   19   21 ] [  15110  10013   7381 ] [ 0 ],1.00,1.00,1.00,1.20,69.58,-18.47,0.00,0.00,0.00,0.00,0.00,0.00,-0.00,0.00,0.00,0.00,0.00,0.00,0.00,0.00,0.00,0
1.42749,71,-18,316,0,DRIVE [ 15 ] [ 1 ] [ 1501 1896 1645 ] [    0    0    0 ] [      0      0      0 ] [ 0 ],drive [ 15 ] [ 0 ] [ 1511 1896 1644 ] [   51   19   21 ] [  15110  10013   7381 ] [ 0 ],1.00,1.00,1.00,1.20,70.62,-17.64,0.00,0.00,0.00,0.00,0.00,0.00,-0.00,0.00,0.00,0.00,0.00,0.00,0.00,0.00,0.00,0
1.44055,71,-17,314,0,DRIVE [ 16 ] [ 1 ] [ 1491 1896 1646 ] [    0    0    0 ] [      0      0      0 ] [ 0 ],drive [ 15 ] [ 0 ] [ 1501 1896 1645 ] [   51   19   21 ] [  15132   9948   7382 ] [ 0 ],1.00,1.00,1.00,1.20,71.35,-16.63,0.00,0.00,0.00,0.00,0.00,0.00,-0.00,0.00,0.00,0.00,0.00,0.00,0.00,0.00,0.00,0
1.45351,72,-16,311,0,DRIVE [ 16 ] [ 1 ] [ 1481 1896 1647 ] [    0    0    0 ] [      0      0      0 ] [ 0 ],drive [ 16 ] [ 0 ] [ 1491 1896 1646 ] [   60   12   24 ] [  15132   9948   7382 ] [ 0 ],1.00,1.00,1.00,1.20,71.89,-15.61,0.00,0.00,0.00,0.00,0.00,0.00,-0.00,0.00,0.00,0.00,0.00,0.00,0.00,0.00,0.00,0
1.46636,73,-15,309,0,DRIVE [ 17 ] [ 1 ] [ 1470 1896 1649 ] [    0    0    0 ] [      0      0      0 ] [ 0 ],drive [ 16 ] [ 0 ] [ 1481 1896 1647 ] [   60   12   24 ] [  15132   9948   7382 ] [ 0 ],1.00,1.00,1.00,1.20,72.84,-14.56,0.00,0.00,0.00,0.00,0.00,0.00,-0.00,0.00,0.00,0.00,0.00,0.00,0.00,0.00,0.00,0
1.47941,73,-13,306,0,DRIVE [ 17 ] [ 1 ] [ 1459 1896 1651 ] [    0    0    0 ] [      0      0      0 ] [ 0 ],drive [ 17 ] [ 0 ] [ 1470 1896 1649 ] [   60   12   24 ] [  15132   9948   7382 ] [ 0 ],1.00,1.00,1.00,1.20,73.35,-13.39,0.00,0.00,0.00,0.00,0.00,0.00,-0.00,0.00,0.00,0.00,0.00,0.00,0.00,0.00,0.00,0
1.49178,74,-12,303,0,DRIVE [ 18 ] [ 1 ] [ 1447 1896 1655 ] [    0    0    0 ] [      0      0      0 ] [ 0 ],drive [ 17 ] [ 0 ] [ 1459 1896 1651 ] [   60   12   24 ] [  15249   9837   7389 ] [ 0 ],1.00,1.00,1.00,1.20,73.71,-11.82,0.00,0.00,0.00,0.00,0.00,0.00,-0.00,0.00,0.00,0.00,0.00,0.00,0.00,0.00,0.00,0
1.50445,74,-11,300,0,DRIVE [ 18 ] [ 1 ] [ 1436 1896 1658 ] [    0    0    0 ] [      0      0      0 ] [ 0 ],drive [ 18 ] [ 0 ] [ 1447 1896 1655 ] [   60   27   24 ] [  15249   9837   7389 ] [ 0 ],1.00,1.00,1.00,1.20,73.96,-10.60,0.00,0.00,0.00,0.00,0.00,0.00,-0.00,0.00,0.00,0.00,0.00,0.00,0.00,0.00,0.00,0
1.51675,74,-9,297,0,DRIVE [ 19 ] [ 1 ] [ 1428 1896 1661 ] [    0    0    0 ] [      0      0      0 ] [ 0 ],drive [ 18 ] [ 0 ] [ 1436 1896 1658 ] [   60   27   24 ] [  15249   9837   7389 ] [ 0 ],1.00,1.00,1.00,1.20,74.06,-9.48,0.00,0.00,0.00,0.00,0.00,0.00,-0.00,0.00,0.00,0.00,0.00,0.00,0.00,0.00,0.00,0
1.52962,74,-8,295,0,DRIVE [ 19 ] [ 1 ] [ 1420 1896 1665 ] [    0    0    0 ] [      0      0      0 ] [ 0 ],drive [ 19 ] [ 0 ] [ 1428 1896 1661 ] [   60   27   24 ] [  15249   9837   7389 ] [ 0 ],1.00,1.00,1.00,1.20,73.97,-8.36,0.00,0.00,0.00,0.00,0.00,0.00,-0.00,0.00,0.00,0.00,0.00,0.00,0.00,0.00,0.00,0
1.54253,74,-7,294,0,DRIVE [ 20 ] [ 1 ] [ 1415 1896 1668 ] [    0    0    0 ] [      0      0      0 ] [ 0 ],drive [ 19 ] [ 0 ] [ 1420 1896 1665 ] [   60   27   24 ] [  15399   9696   7388 ] [ 0 ],1.00,1.00,1.00,1.20,74.01,-7.49,0.00,0.00,0.00,0.00,0.00,0.00,-0.00,0.00,0.00,0.00,0.00,0.00,0.00,0.00,0.00,0
1.55689,74,-7,292,0,DRIVE [ 20 ] [ 1 ] [ 1410 1896 1671 ] [    0    0    0 ] [      0      0      0 ] [ 0 ],drive [ 20 ] [ 0 ] [ 1415 1896 1668 ] [   64    8   24 ] [  15399   9696   7388 ] [ 0 ],1.00,1.00,1.00,1.20,73.73,-6.65,0.00,0.00,0.00,0.00,0.00,0.00,-0.00,0.00,0.00,0.00,0.00,0.00,0.00,0.00,0.00,0
1.5695,73,-6,290,0,DRIVE [ 21 ] [ 1 ] [ 1408 1896 1675 ] [    0    0    0 ] [      0      0      0 ] [ 0 ],drive [ 20 ] [ 0 ] [ 1410 1896 1671 ] [   64    8   24 ] [  15399   9696   7388 ] [ 0 ],1.00,1.00,1.00,1.20,73.29,-5.87,0.00,0.00,0.00,0.00,0.00,0.00,-0.00,0.00,0.00,0.00,0.00,0.00,0.00,0.00,0.00,0
1.58167,73,-5,289,0,DRIVE [ 21 ] [ 1 ] [ 1407 1896 1681 ] [    0    0    0 ] [      0      0      0 ] [ 0 ],drive [ 21 ] [ 0 ] [ 1408 1896 1675 ] [   64    8   24 ] [  15399   9696   7388 ] [ 0 ],1.00,1.00,1.00,1.20,72.62,-4.91,0.00,0.00,0.00,0.00,0.00,0.00,-0.00,0.00,0.00,0.00,0.00,0.00,0.00,0.00,0.00,0
1.59464,72,-4,288,0,DRIVE [ 22 ] [ 1 ] [ 1408 1896 1686 ] [    0    0    0 ] [      0      0      0 ] [ 0 ],drive [ 21 ] [ 0 ] [ 1407 1896 1681 ] [   64    8   24 ] [  15575   9542   7386 ] [ 0 ],1.00,1.00,1.00,1.20,71.59,-4.03,0.00,0.00,0.00,0.00,0.00,0.00,-0.00,0.00,0.00,0.00,0.00,0.00,0.00,0.00,0.00,0
1.60932,70,-3,287,0,DRIVE [ 22 ] [ 1 ] [ 1411 1896 1692 ] [    0    0    0 ] [      0      0      0 ] [ 0 ],drive [ 22 ] [ 0 ] [ 1408 1896 1686 ] [   61   13   21 ] [  15575   9542   7386 ] [ 0 ],1.00,1.00,1.00,1.20,70.42,-3.25,0.00,0.00,0.00,0.00,0.00,0.00,-0.00,0.00,0.00,0.00,0.00,0.00,0.00,0.00,0.00,0
1.62228,69,-3,284,0,DRIVE [ 23 ] [ 1 ] [ 1414 1896 1696 ] [    0    0    0 ] [      0      0      0 ] [ 0 ],drive [ 22 ] [ 0 ] [ 1411 1896 1692 ] [   61   13   21 ] [  15575   9542   7386 ] [ 0 ],1.00,1.00,1.00,1.20,69.16,-2.78,0.00,0.00,0.00,0.00,0.00,0.00,-0.00,0.00,0.00,0.00,0.00,0.00,0.00,0.00,0.00,0
1.63509,68,-3,283,0,DRIVE [ 23 ] [ 1 ] [ 1418 1896 1699 ] [    0    0    0 ] [      0      0      0 ] [ 0 ],drive [ 23 ] [ 0 ] [ 1414 1896 1696 ] [   61   13   21 ] [  15575   9542   7386 ] [ 0 ],1.00,1.00,1.00,1.20,68.19,-2.56,0.00,0.00,0.00,0.00,0.00,0.00,-0.00,0.00,0.00,0.00,0.00,0.00,0.00,0.00,0.00,0
1.6474,67,-2,282,0,DRIVE [ 24 ] [ 1 ] [ 1422 1896 1701 ] [    0    0    0 ] [      0      0      0 ] [ 0 ],drive [ 23 ] [ 0 ] [ 1418 1896 1699 ] [   61   13   21 ] [  15598   9542   7382 ] [ 0 ],1.00,1.00,1.00,1.20,67.28,-2.43,0.00,0.00,0.00,0.00,0.00,0.00,-0.00,0.00,0.00,0.00,0.00,0.00,0.00,0.00,0.00,0
1.66042,66,-3,279,0,DRIVE [ 24 ] [ 1 ] [ 1424 1896 1701 ] [    0    0    0 ] [      0      0      0 ] [ 0 ],drive [ 24 ] [ 0 ] [ 1422 1896 1701 ] [   64   13   17 ] [  15598   9542   7382 ] [ 0 ],1.00,1.00,1.00,1.20,66.36,-2.53,0.00,0.00,0.00,0.00,0.00,0.00,-0.00,0.00,0.00,0.00,0.00,0.00,0.00,0.00,0.00,0
1.67323,66,-3,275,0,DRIVE [ 25 ] [ 1 ] [ 1425 1896 1700 ] [    0    0    0 ] [      0      0      0 ] [ 0 ],drive [ 24 ] [ 0 ] [ 1424 1896 1701 ] [   64   13   17 ] [  15598   9542   7382 ] [ 0 ],1.00,1.00,1.00,1.20,65.54,-2.72,0.00,0.00,0.00,0.00,0.00,0.00,-0.00,0.00,0.00,0.00,0.00,0.00,0.00,0.00,0.00,0
1.68623,65,-3,273,0,DRIVE [ 25 ] [ 1 ] [ 1425 1896 1698 ] [    0    0    0 ] [      0      0      0 ] [ 0 ],drive [ 25 ] [ 0 ] [ 1425 1896 1700 ] [   64   13   17 ] [  15598   9542   7382 ] [ 0 ],1.00,1.00,1.00,1.20,65.10,-3.05,0.00,0.00,0.00,0.00,0.00,0.00,-0.00,0.00,0.00,0.00,0.00,0.00,0.00,0.00,0.00,0
1.70085,65,-3,271,0,DRIVE [ 26 ] [ 1 ] [ 1424 1896 1695 ] [    0    0    0 ] [      0      0      0 ] [ 0 ],drive [ 25 ] [ 0 ] [ 1425 1896 1698 ] [   64   13   17 ] [  15602   9538   7373 ] [ 0 ],1.00,1.00,1.00,1.20,65.03,-3.44,0.00,0.00,0.00,0.00,0.00,0.00,-0.00,0.00,0.00,0.00,0.00,0.00,0.00,0.00,0.00,0
1.71332,65,-4,270,0,DRIVE [ 26 ] [ 1 ] [ 1424 1896 1692 ] [    0    0    0 ] [      0      0      0 ] [ 0 ],drive [ 26 ] [ 0 ] [ 1424 1896 1695 ] [   65    4   19 ] [  15602   9538   7373 ] [ 0 ],1.00,1.00,1.00,1.20,65.17,-3.92,0.00,0.00,0.00,0.00,0.00,0.00,-0.00,0.00,0.00,0.00,0.00,0.00,0.00,0.00,0.00,0
1.72602,65,-4,269,0,DRIVE [ 27 ] [ 1 ] [ 1424 1896 1687 ] [    0    0    0 ] [      0      0      0 ] [ 0 ],drive [ 26 ] [ 0 ] [ 1424 1896 1692 ] [   65    4   19 ] [  15602   9538   7373 ] [ 0 ],1.00,1.00,1.00,1.20,65.16,-4.46,0.00,0.00,0.00,0.00,0.00,0.00,-0.00,0.00,0.00,0.00,0.00,0.00,0.00,0.00,0.00,0
1.74008,65,-5,267,0,DRIVE [ 27 ] [ 1 ] [ 1424 1896 1683 ] [    0    0    0 ] [      0      0      0 ] [ 0 ],drive [ 27 ] [ 0 ] [ 1424 1896 1687 ] [   65    4   19 ] [  15698   9416   7372 ] [ 0 ],1.00,1.00,1.00,1.20,65.05,-5.06,0.00,0.00,0.00,0.00,0.00,0.00,-0.00,0.00,0.00,0.00,0.00,0.00,0.00,0.00,0.00,0
1.75309,65,-6,265,0,DRIVE [ 28 ] [ 1 ] [ 1424 1896 1679 ] [    0    0    0 ] [      0      0      0 ] [ 0 ],drive [ 27 ] [ 0 ] [ 1424 1896 1683 ] [   70   26   22 ] [  15698   9416   7372 ] [ 0 ],1.00,1.00,1.00,1.20,64.88,-5.66,0.00,0.00,0.00,0.00,0.00,0.00,-0.00,0.00,0.00,0.00,0.00,0.00,0.00,0.00,0.00,0
1.76598,65,-6,262,0,DRIVE [ 28 ] [ 1 ] [ 1426 1896 1673 ] [    0    0    0 ] [      0      0      0 ] [ 0 ],drive [ 28 ] [ 0 ] [ 1424 1896 1679 ] [   70   26   22 ] [  15698   9416   7372 ] [ 0 ],1.00,1.00,1.00,1.20,64.59,-6.50,0.00,0.00,0.00,0.00,0.00,0.00,-0.00,0.00,0.00,0.00,0.00,0.00,0.00,0.00,0.00,0
1.77882,64,-7,260,0,DRIVE [ 29 ] [ 1 ] [ 1428 1896 1669 ] [    0    0    0 ] [      0      0      0 ] [ 0 ],drive [ 28 ] [ 0 ] [ 1426 1896 1673 ] [   70   26   22 ] [  15698   9416   7372 ] [ 0 ],1.00,1.00,1.00,1.20,64.01,-7.22,0.00,0.00,0.00,0.00,0.00,0.00,-0.00,0.00,0.00,0.00,0.00,0.00,0.00,0.00,0.00,0
1.79162,64,-8,259,0,DRIVE [ 29 ] [ 1 ] [ 1431 1896 1664 ] [    0    0    0 ] [      0      0      0 ] [ 0 ],drive [ 29 ] [ 0 ] [ 1428 1896 1669 ] [   70   26   22 ] [  15804   9267   7371 ] [ 0 ],1.00,1.00,1.00,1.20,63.84,-7.94,0.00,0.00,0.00,0.00,0.00,0.00,-0.00,0.00,0.00,0.00,0.00,0.00,0.00,0.00,0.00,0
1.80439,63,-9,256,0,DRIVE [ 30 ] [ 1 ] [ 1434 1896 1661 ] [    0    0    0 ] [      0      0      0 ] [ 0 ],drive [ 29 ] [ 0 ] [ 1431 1896 1664 ] [   49   25   23 ] [  15804   9267   7371 ] [ 0 ],1.00,1.00,1.00,1.20,63.17,-8.55,0.00,0.00,0.00,0.00,0.00,0.00,-0.00,0.00,0.00,0.00,0.00,0.00,0.00,0.00,0.00,0
1.81699,62,-9,254,0,DRIVE [ 30 ] [ 1 ] [ 1438 1896 1657 ] [    0    0    0 ] [      0      0      0 ] [ 0 ],drive [ 30 ] [ 0 ] [ 1434 1896 1661 ] [   49   25   23 ] [  15804   9267   7371 ] [ 0 ],1.00,1.00,1.00,1.20,62.49,-9.24,0.00,0.00,0.00,0.00,0.00,0.00,-0.00,0.00,0.00,0.00,0.00,0.00,-0.00,0.00,0.00,0
1.82967,62,-10,252,0,DRIVE [ 31 ] [ 1 ] [ 1443 1896 1653 ] [    0    0    0 ] [      0      0      0 ] [ 0 ],drive [ 30 ] [ 0 ] [ 1438 1896 1657 ] [   49   25   23 ] [  15804   9267   7371 ] [ 0 ],1.00,1.00,1.00,1.20,61.86,-10.00,0.00,0.00,0.00,0.00,0.00,0.00,-0.00,0.00,0.00,0.00,0.00,0.00,-0.00,0.00,0.00,0
1.84189,61,-11,250,0,DRIVE [ 31 ] [ 1 ] [ 1446 1896 1648 ] [    0    0    0 ] [      0      0      0 ] [ 0 ],drive [ 31 ] [ 0 ] [ 1443 1896 1653 ] [   49   25   23 ] [  15803   9216   7372 ] [ 0 ],1.00,1.00,1.00,1.20,61.41,-10.71,0.00,0.00,0.00,0.00,0.00,0.00,-0.00,0.00,0.00,0.00,0.00,0.00,-0.00,0.00,0.00,0
1.85469,61,-11,248,0,DRIVE [ 32 ] [ 1 ] [ 1448 1896 1643 ] [    0    0    0 ] [      0      0      0 ] [ 0 ],drive [ 31 ] [ 0 ] [ 1446 1896 1648 ] [   48   19   23 ] [  15803   9216   7372 ] [ 0 ],1.00,1.00,1.00,1.20,60.98,-11.43,0.00,0.00,0.00,0.00,0.00,0.00,-0.00,0.00,0.00,0.00,0.00,0.00,-0.00,0.00,0.00,0
1.86735,61,-12,245,0,DRIVE [ 32 ] [ 1 ] [ 1449 1896 1636 ] [    0    0    0 ] [      0      0      0 ] [ 0 ],drive [ 32 ] [ 0 ] [ 1448 1896 1643 ] [   48   19   23 ] [  15803   9216   7372 ] [ 0 ],1.00,1.00,1.00,1.20,60.76,-12.18,0.00,0.00,0.00,0.00,0.00,0.00,-0.00,0.00,0.00,0.00,0.00,0.00,-0.00,0.00,0.00,0
1.88007,61,-13,243,0,DRIVE [ 33 ] [ 1 ] [ 1447 1896 1630 ] [    0    0    0 ] [      0      0      0 ] [ 0 ],drive [ 32 ] [ 0 ] [ 1449 1896 1636 ] [   48   19   23 ] [  15803   9216   7372 ] [ 0 ],1.00,1.00,1.00,1.20,60.66,-12.78,0.00,0.00,0.00,0.00,0.00,0.00,-0.00,0.00,0.00,0.00,0.00,0.00,-0.00,0.00,0.00,0
1.89265,61,-13,241,0,DRIVE [ 33 ] [ 1 ] [ 1446 1896 1624 ] [    0    0    0 ] [      0      0      0 ] [ 0 ],drive [ 33 ] [ 0 ] [ 1447 1896 1630 ] [   48   19   23 ] [  15803   9192   7372 ] [ 0 ],1.00,1.00,1.00,1.20,60.70,-13.45,0.00,0.00,0.00,0.00,0.00,0.00,-0.00,0.00,0.00,0.00,0.00,0.00,-0.00,0.00,0.00,0
1.90763,61,-14,239,0,DRIVE [ 34 ] [ 1 ] [ 1443 1896 1618 ] [    0    0    0 ] [      0      0      0 ] [ 0 ],drive [ 33 ] [ 0 ] [ 1446 1896 1624 ] [   47   15   25 ] [  15803   9192   7372 ] [ 0 ],1.00,1.00,1.00,1.20,60.80,-13.94,0.00,0.00,0.00,0.00,0.00,0.00,-0.00,0.00,0.00,0.00,0.00,0.00,-0.00,0.00,0.00,0
1.9204,61,-14,237,0,DRIVE [ 34 ] [ 1 ] [ 1439 1896 1612 ] [    0    0    0 ] [      0      0      0 ] [ 0 ],drive [ 34 ] [ 0 ] [ 1443 1896 1618 ] [   47   15   25 ] [  15803   9192   7372 ] [ 0 ],1.00,1.00,1.00,1.20,61.08,-14.44,0.00,0.00,0.00,0.00,0.00,0.00,-0.00,0.00,0.00,0.00,0.00,0.00,0.00,0.00,0.00,0
1.93333,61,-15,234,0,DRIVE [ 35 ] [ 1 ] [ 1434 1896 1603 ] [    0    0    0 ] [      0      0      0 ] [ 0 ],drive [ 34 ] [ 0 ] [ 1439 1896 1612 ] [   47   15   25 ] [  15803   9192   7372 ] [ 0 ],1.00,1.00,1.00,1.20,61.28,-15.07,0.00,0.00,0.00,0.00,0.00,0.00,-0.00,0.00,0.00,0.00,0.00,0.00,0.00,0.00,0.00,0
1.94604,61,-15,231,0,DRIVE [ 35 ] [ 1 ] [ 1429 1896 1597 ] [    0    0    0 ] [      0      0      0 ] [ 0 ],drive [ 35 ] [ 0 ] [ 1434 1896 1603 ] [   47   15   25 ] [  15804   9099   7373 ] [ 0 ],1.00,1.00,1.00,1.20,61.48,-15.44,0.00,0.00,0.00,0.00,0.00,0.00,-0.00,0.00,0.00,0.00,0.00,0.00,0.00,0.00,0.00,0
1.95872,62,-16,229,0,DRIVE [ 36 ] [ 1 ] [ 1423 1896 1591 ] [    0    0    0 ] [      0      0      0 ] [ 0 ],drive [ 35 ] [ 0 ] [ 1429 1896 1597 ] [   49   20   27 ] [  15804   9099   7373 ] [ 0 ],1.00,1.00,1.00,1.20,61.75,-15.77,0.00,0.00,0.00,0.00,0.00,0.00,-0.00,0.00,0.00,0.00,0.00,0.00,0.00,0.00,0.00,0
1.97156,62,-16,228,0,DRIVE [ 36 ] [ 1 ] [ 1418 1896 1586 ] [    0    0    0 ] [      0      0      0 ] [ 0 ],drive [ 36 ] [ 0 ] [ 1423 1896 1591 ] [   49   20   27 ] [  15804   9099   7373 ] [ 0 ],1.00,1.00,1.00,1.20,62.22,-16.10,0.00,0.00,0.00,0.00,0.00,0.00,-0.00,0.00,0.00,0.00,0.00,0.00,0.00,0.00,0.00,0
1.98382,62,-16,226,0,DRIVE [ 37 ] [ 1 ] [ 1413 1896 1580 ] [    0    0    0 ] [      0      0      0 ] [ 0 ],drive [ 36 ] [ 0 ] [ 1418 1896 1586 ] [   49   20   27 ] [  15804   9099   7373 ] [ 0 ],1.00,1.00,1.00,1.20,62.39,-16.37,0.00,0.00,0.00,0.00,0.00,0.00,-0.00,0.00,0.00,0.00,0.00,0.00,0.00,0.00,0.00,0
1.99652,63,-17,223,0,DRIVE [ 37 ] [ 1 ] [ 1409 1896 1574 ] [    0    0    0 ] [      0      0      0 ] [ 0 ],drive [ 37 ] [ 0 ] [ 1413 1896 1580 ] [   49   20   27 ] [  15805   9098   7375 ] [ 0 ],1.00,1.00,1.00,1.20,62.51,-16.74,0.00,0.00,0.00,0.00,0.00,0.00,-0.00,0.00,0.00,0.00,0.00,0.00,0.00,0.00,0.00,0
2.00916,63,-17,221,0,DRIVE [ 38 ] [ 1 ] [ 1404 1896 1569 ] [    0    0    0 ] [      0      0      0 ] [ 0 ],drive [ 37 ] [ 0 ] [ 1409 1896 1574 ] [   53   17   28 ] [  15805   9098   7375 ] [ 0 ],1.00,1.00,1.00,1.20,62.74,-16.99,0.00,0.00,0.00,0.00,0.00,0.00,-0.00,0.00,0.00,0.00,0.00,0.00,0.00,0.00,0.00,0
2.02248,63,-17,218,0,DRIVE [ 38 ] [ 1 ] [ 1396 1896 1561 ] [    0    0    0 ] [      0      0      0 ] [ 0 ],drive [ 38 ] [ 0 ] [ 1404 1896 1569 ] [   53   17   28 ] [  15805   9098   7375 ] [ 0 ],1.00,1.00,1.00,1.20,63.07,-17.43,0.00,0.00,0.00,0.00,0.00,0.00,-0.00,0.00,0.00,0.00,0.00,0.00,0.00,0.00,0.00,0
2.03535,63,-18,216,0,DRIVE [ 39 ] [ 1 ] [ 1389 1896 1553 ] [    0    0    0 ] [      0      0      0 ] [ 0 ],drive [ 38 ] [ 0 ] [ 1396 1896 1561 ] [   53   17   28 ] [  15805   9098   7375 ] [ 0 ],1.00,1.00,1.00,1.20,63.37,-17.85,0.00,0.00,0.00,0.00,0.00,0.00,-0.00,0.00,0.00,0.00,0.00,0.00,0.00,0.00,0.00,0
2.04746,64,-18,213,0,DRIVE [ 39 ] [ 1 ] [ 1383 1896 1544 ] [    0    0    0 ] [      0      0      0 ] [ 0 ],drive [ 39 ] [ 0 ] [ 1389 1896 1553 ] [   53   17   28 ] [  15819   9053   7376 ] [ 0 ],1.00,1.00,1.00,1.20,63.60,-18.30,0.00,0.00,0.00,0.00,0.00,0.00,-0.00,0.00,0.00,0.00,0.00,0.00,0.00,0.00,0.00,0
2.06039,64,-19,210,0,DRIVE [ 40 ] [ 1 ] [ 1377 1896 1536 ] [    0    0    0 ] [      0      0      0 ] [ 0 ],drive [ 39 ] [ 0 ] [ 1383 1896 1544 ] [   63    8   28 ] [  15819   9053   7376 ] [ 0 ],1.00,1.00,1.00,1.20,63.74,-18.81,0.00,0.00,0.00,0.00,0.00,0.00,-0.00,0.00,0.00,0.00,0.00,0.00,0.00,0.00,0.00,0
2.07322,64,-19,208,0,DRIVE [ 40 ] [ 1 ] [ 1374 1896 1528 ] [    0    0    0 ] [      0      0      0 ] [ 0 ],drive [ 40 ] [ 0 ] [ 1377 1896 1536 ] [   63    8   28 ] [  15819   9053   7376 ] [ 0 ],1.00,1.00,1.00,1.20,63.83,-19.35,0.00,0.00,0.00,0.00,0.00,0.00,-0.00,0.00,0.00,0.00,0.00,0.00,0.00,0.00,0.00,0
2.08589,64,-20,207,0,DRIVE [ 41 ] [ 1 ] [ 1372 1896 1521 ] [    0    0    0 ] [      0      0      0 ] [ 0 ],drive [ 40 ] [ 0 ] [ 1374 1896 1528 ] [   63    8   28 ] [  15819   9053   7376 ] [ 0 ],1.00,1.00,1.00,1.20,63.86,-19.91,0.00,0.00,0.00,0.00,0.00,0.00,-0.00,0.00,0.00,0.00,0.00,0.00,0.00,0.00,0.00,0
2.09845,63,-21,204,0,DRIVE [ 41 ] [ 1 ] [ 1376 1896 1514 ] [    0    0    0 ] [      0      0      0 ] [ 0 ],drive [ 41 ] [ 0 ] [ 1372 1896 1521 ] [   63    8   28 ] [  16069   8772   7379 ] [ 0 ],1.00,1.00,1.00,1.20,63.08,-20.64,0.00,0.00,0.00,0.00,0.00,0.00,-0.00,0.00,0.00,0.00,0.00,0.00,0.00,0.00,0.00,0
2.11038,62,-21,202,0,DRIVE [ 42 ] [ 1 ] [ 1383 1896 1508 ] [    0    0    0 ] [      0      0      0 ] [ 0 ],drive [ 41 ] [ 0 ] [ 1376 1896 1514 ] [   53   12   33 ] [  16069   8772   7379 ] [ 0 ],1.00,1.00,1.00,1.20,62.00,-21.35,0.00,0.00,0.00,0.00,0.00,0.00,-0.00,0.00,0.00,0.00,0.00,0.00,0.00,0.00,0.00,0
2.12299,61,-22,200,0,DRIVE [ 42 ] [ 1 ] [ 1392 1896 1503 ] [    0    0    0 ] [      0      0      0 ] [ 0 ],drive [ 42 ] [ 0 ] [ 1383 1896 1508 ] [   53   12   33 ] [  16069   8772   7379 ] [ 0 ],1.00,1.00,1.00,1.20,60.71,-22.02,0.00,0.00,0.00,0.00,0.00,0.00,-0.00,0.00,0.00,0.00,0.00,0.00,0.00,0.00,0.00,0
2.13563,59,-23,198,0,DRIVE [ 43 ] [ 1 ] [ 1402 1896 1499 ] [    0    0    0 ] [      0      0      0 ] [ 0 ],drive [ 42 ] [ 0 ] [ 1392 1896 1503 ] [   53   12   33 ] [  16069   8772   7379 ] [ 0 ],1.00,1.00,1.00,1.20,59.32,-22.59,0.00,0.00,0.00,0.00,0.00,0.00,-0.00,0.00,0.00,0.00,0.00,0.00,-0.00,0.00,0.00,0
2.14822,58,-23,196,0,DRIVE [ 43 ] [ 1 ] [ 1412 1896 1495 ] [    0    0    0 ] [      0      0      0 ] [ 0 ],drive [ 43 ] [ 0 ] [ 1402 1896 1499 ] [   53   12   33 ] [  16146   8650   7383 ] [ 0 ],1.00,1.00,1.00,1.20,57.81,-23.04,0.00,0.00,0.00,0.00,0.00,0.00,-0.00,0.00,0.00,0.00,0.00,0.00,-0.00,0.00,0.00,0
2.16033,56,-23,193,0,DRIVE [ 44 ] [ 1 ] [ 1421 1896 1492 ] [    0    0    0 ] [      0      0      0 ] [ 0 ],drive [ 43 ] [ 0 ] [ 1412 1896 1495 ] [   52   19   39 ] [  16146   8650   7383 ] [ 0 ],1.00,1.00,1.00,1.20,56.31,-23.38,0.00,0.00,0.00,0.00,0.00,0.00,-0.00,0.00,0.00,0.00,0.00,0.00,-0.00,0.00,0.00,0
2.17281,55,-24,191,0,DRIVE [ 44 ] [ 1 ] [ 1430 1896 1488 ] [    0    0    0 ] [      0      0      0 ] [ 0 ],drive [ 44 ] [ 0 ] [ 1421 1896 1492 ] [   52   19   39 ] [  16146   8650   7383 ] [ 0 ],1.00,1.00,1.00,1.20,55.06,-23.83,0.00,0.00,0.00,0.00,0.00,0.00,-0.00,0.00,0.00,0.00,0.00,0.00,-0.00,0.00,0.00,0
2.1858,54,-24,189,0,DRIVE [ 45 ] [ 1 ] [ 1436 1896 1483 ] [    0    0    0 ] [      0      0      0 ] [ 0 ],drive [ 44 ] [ 0 ] [ 1430 1896 1488 ] [   52   19   39 ] [  16146   8650   7383 ] [ 0 ],1.00,1.00,1.00,1.20,54.04,-24.32,0.00,0.00,0.00,0.00,0.00,0.00,-0.00,0.00,0.00,0.00,0.00,0.00,-0.00,0.00,0.00,0
2.199,53,-25,187,0,DRIVE [ 45 ] [ 1 ] [ 1442 1896 1477 ] [    0    0    0 ] [      0      0      0 ] [ 0 ],drive [ 45 ] [ 0 ] [ 1436 1896 1483 ] [   52   19   39 ] [  16144   8647   7391 ] [ 0 ],1.00,1.00,1.00,1.20,53.07,-24.78,0.00,0.00,0.00,0.00,0.00,0.00,-0.00,0.00,0.00,0.00,0.00,0.00,-0.00,0.00,0.00,0
2.21263,52,-25,184,0,DRIVE [ 46 ] [ 1 ] [ 1448 1896 1468 ] [    0    0    0 ] [      0      0      0 ] [ 0 ],drive [ 45 ] [ 0 ] [ 1442 1896 1477 ] [   47   15   41 ] [  16144   8647   7391 ] [ 0 ],1.00,1.00,1.00,1.20,52.05,-25.46,0.00,0.00,0.00,0.00,0.00,0.00,-0.00,0.00,0.00,0.00,0.00,0.00,-0.00,0.00,0.00,0
2.22472,51,-26,181,0,DRIVE [ 46 ] [ 1 ] [ 1453 1896 1461 ] [    0    0    0 ] [      0      0      0 ] [ 0 ],drive [ 46 ] [ 0 ] [ 1448 1896 1468 ] [   47   15   41 ] [  16144   8647   7391 ] [ 0 ],1.00,1.00,1.00,1.20,51.00,-25.95,0.00,0.00,0.00,0.00,0.00,0.00,-0.00,0.00,0.00,0.00,0.00,0.00,-0.00,0.00,0.00,0
2.23732,50,-26,178,0,DRIVE [ 47 ] [ 1 ] [ 1458 1896 1454 ] [    0    0    0 ] [      0      0      0 ] [ 0 ],drive [ 46 ] [ 0 ] [ 1453 1896 1461 ] [   47   15   41 ] [  16143   8575   7415 ] [ 0 ],1.00,1.00,1.00,1.20,49.95,-26.33,0.00,0.00,0.00,0.00,0.00,0.00,-0.00,0.00,0.00,0.00,0.00,0.00,-0.00,0.00,0.00,0
2.24945,49,-27,176,0,DRIVE [ 47 ] [ 1 ] [ 1462 1896 1446 ] [    0    0    0 ] [      0      0      0 ] [ 0 ],drive [ 47 ] [ 0 ] [ 1458 1896 1454 ] [   47   15   41 ] [  16143   8575   7415 ] [ 0 ],1.00,1.00,1.00,1.20,49.08,-26.75,0.00,0.00,0.00,0.00,0.00,0.00,-0.00,0.00,0.00,0.00,0.00,0.00,-0.00,0.00,0.00,0
2.26218,48,-27,174,0,DRIVE [ 48 ] [ 1 ] [ 1466 1896 1440 ] [    0    0    0 ] [      0      0      0 ] [ 0 ],drive [ 47 ] [ 0 ] [ 1462 1896 1446 ] [   46   11   43 ] [  16143   8575   7415 ] [ 0 ],1.00,1.00,1.00,1.20,48.26,-27.10,0.00,0.00,0.00,0.00,0.00,0.00,-0.00,0.00,0.00,0.00,0.00,0.00,-0.00,0.00,0.00,0
2.27476,47,-27,171,0,DRIVE [ 48 ] [ 1 ] [ 1470 1896 1435 ] [    0    0    0 ] [      0      0      0 ] [ 0 ],drive [ 48 ] [ 0 ] [ 1466 1896 1440 ] [   46   11   43 ] [  16143   8575   7415 ] [ 0 ],1.00,1.00,1.00,1.20,47.43,-27.27,0.00,0.00,0.00,0.00,0.00,0.00,-0.00,0.00,0.00,0.00,0.00,0.00,-0.00,0.00,0.00,0
2.28721,47,-27,169,0,DRIVE [ 49 ] [ 1 ] [ 1473 1896 1432 ] [    0    0    0 ] [      0      0      0 ] [ 0 ],drive [ 48 ] [ 0 ] [ 1470 1896 1435 ] [   46   11   43 ] [  16144   8314   7596 ] [ 0 ],1.00,1.00,1.00,1.20,46.55,-27.23,0.00,0.00,0.00,0.00,0.00,0.00,-0.00,0.00,0.00,0.00,0.00,0.00,-0.00,0.00,0.00,0
2.29948,46,-27,167,0,DRIVE [ 49 ] [ 1 ] [ 1477 1896 1432 ] [    0    0    0 ] [      0      0      0 ] [ 0 ],drive [ 49 ] [ 0 ] [ 1473 1896 1432 ] [   46   11   43 ] [  16144   8314   7596 ] [ 0 ],1.00,1.00,1.00,1.20,45.68,-26.99,0.00,0.00,0.00,0.00,0.00,0.00,-0.00,0.00,0.00,0.00,0.00,0.00,-0.00,0.00,0.00,0
2.31125,45,-27,165,0,DRIVE [ 50 ] [ 1 ] [ 1481 1896 1433 ] [    0    0    0 ] [      0      0      0 ] [ 0 ],drive [ 49 ] [ 0 ] [ 1477 1896 1432 ] [   45    3   43 ] [  16144   8314   7596 ] [ 0 ],1.00,1.00,1.00,1.20,44.79,-26.73,0.00,0.00,0.00,0.00,0.00,0.00,-0.00,0.00,0.00,0.00,0.00,0.00,-0.00,0.00,0.00,0
2.32361,44,-26,163,0,DRIVE [ 50 ] [ 1 ] [ 1484 1896 1434 ] [    0    0    0 ] [      0      0      0 ] [ 0 ],drive [ 50 ] [ 0 ] [ 1481 1896 1433 ] [   45    3   43 ] [  16144   8314   7596 ] [ 0 ],1.00,1.00,1.00,1.20,43.84,-26.38,0.00,0.00,0.00,0.00,0.00,0.00,-0.00,0.00,0.00,0.00,0.00,0.00,-0.00,0.00,0.00,0
2.33601,43,-26,160,0,DRIVE [ 51 ] [ 1 ] [ 1489 1896 1432 ] [    0    0    0 ] [      0      0      0 ] [ 0 ],drive [ 50 ] [ 0 ] [ 1484 1896 1434 ] [   45    3   43 ] [  16144   8314   7596 ] [ 0 ],1.00,1.00,1.00,1.20,42.80,-26.21,0.00,0.00,0.00,0.00,0.00,0.00,-0.00,0.00,0.00,0.00,0.00,0.00,-0.00,0.00,0.00,0
2.34839,42,-26,158,0,DRIVE [ 51 ] [ 1 ] [ 1493 1896 1430 ] [    0    0    0 ] [      0      0      0 ] [ 0 ],drive [ 51 ] [ 0 ] [ 1489 1896 1432 ] [   45    3   43 ] [  16144   8263   7595 ] [ 0 ],1.00,1.00,1.00,1.20,41.88,-26.10,0.00,0.00,0.00,0.00,0.00,0.00,-0.00,0.00,0.00,0.00,0.00,0.00,-0.00,0.00,0.00,0
2.36037,41,-26,156,0,DRIVE [ 52 ] [ 1 ] [ 1496 1896 1427 ] [    0    0    0 ] [      0      0      0 ] [ 0 ],drive [ 51 ] [ 0 ] [ 1493 1896 1430 ] [   43   10   43 ] [  16144   8263   7595 ] [ 0 ],1.00,1.00,1.00,1.20,41.08,-26.06,0.00,0.00,0.00,0.00,0.00,0.00,-0.00,0.00,0.00,0.00,0.00,0.00,-0.00,0.00,0.00,0
2.37293,40,-26,154,0,DRIVE [ 52 ] [ 1 ] [ 1500 1896 1423 ] [    0    0    0 ] [      0      0      0 ] [ 0 ],drive [ 52 ] [ 0 ] [ 1496 1896 1427 ] [   43   10   43 ] [  16144   8263   7595 ] [ 0 ],1.00,1.00,1.00,1.20,40.28,-26.03,0.00,0.00,0.00,0.00,0.00,0.00,-0.00,0.00,0.00,0.00,0.00,0.00,-0.00,0.00,0.00,0
2.38523,39,-26,152,0,DRIVE [ 53 ] [ 1 ] [ 1504 1896 1421 ] [    0    0    0 ] [      0      0      0 ] [ 0 ],drive [ 52 ] [ 0 ] [ 1500 1896 1423 ] [   43   10   43 ] [  16144   8263   7595 ] [ 0 ],1.00,1.00,1.00,1.20,39.49,-25.99,0.00,0.00,0.00,0.00,0.00,0.00,-0.00,0.00,0.00,0.00,0.00,0.00,-0.00,0.00,0.00,0
2.39721,39,-26,150,0,DRIVE [ 53 ] [ 1 ] [ 1508 1896 1419 ] [    0    0    0 ] [      0      0      0 ] [ 0 ],drive [ 53 ] [ 0 ] [ 1504 1896 1421 ] [   43   10   43 ] [  16144   8231   7596 ] [ 0 ],1.00,1.00,1.00,1.20,38.64,-25.91,0.00,0.00,0.00,0.00,0.00,0.00,-0.00,0.00,0.00,0.00,0.00,0.00,-0.00,0.00,0.00,0
2.40949,38,-26,148,0,DRIVE [ 54 ] [ 1 ] [ 1514 1896 1418 ] [    0    0    0 ] [      0      0      0 ] [ 0 ],drive [ 53 ] [ 0 ] [ 1508 1896 1419 ] [   41   21   44 ] [  16144   8231   7596 ] [ 0 ],1.00,1.00,1.00,1.20,37.70,-25.72,0.00,0.00,0.00,0.00,0.00,0.00,-0.00,0.00,0.00,0.00,0.00,0.00,-0.00,0.00,0.00,0
2.42186,37,-25,146,0,DRIVE [ 54 ] [ 1 ] [ 1520 1896 1419 ] [    0    0    0 ] [      0      0      0 ] [ 0 ],drive [ 54 ] [ 0 ] [ 1514 1896 1418 ] [   41   21   44 ] [  16144   8231   7596 ] [ 0 ],1.00,1.00,1.00,1.20,36.76,-25.48,0.00,0.00,0.00,0.00,0.00,0.00,-0.00,0.00,0.00,0.00,0.00,0.00,-0.00,0.00,0.00,0
2.43466,36,-25,144,0,DRIVE [ 55 ] [ 1 ] [ 1527 1896 1420 ] [    0    0    0 ] [      0      0      0 ] [ 0 ],drive [ 54 ] [ 0 ] [ 1520 1896 1419 ] [   41   21   44 ] [  16144   8231   7596 ] [ 0 ],1.00,1.00,1.00,1.20,35.70,-25.16,0.00,0.00,0.00,0.00,0.00,0.00,-0.00,0.00,0.00,0.00,0.00,0.00,-0.00,0.00,0.00,0
2.44635,35,-25,142,0,DRIVE [ 55 ] [ 1 ] [ 1535 1896 1424 ] [    0    0    0 ] [      0      0      0 ] [ 0 ],drive [ 55 ] [ 0 ] [ 1527 1896 1420 ] [   41   21   44 ] [  16143   8196   7596 ] [ 0 ],1.00,1.00,1.00,1.20,34.60,-24.77,0.00,0.00,0.00,0.00,0.00,0.00,-0.00,0.00,0.00,0.00,0.00,0.00,-0.00,0.00,0.00,0
2.45937,33,-24,141,0,DRIVE [ 56 ] [ 1 ] [ 1544 1896 1429 ] [    0    0    0 ] [      0      0      0 ] [ 0 ],drive [ 55 ] [ 0 ] [ 1535 1896 1424 ] [   40   14   44 ] [  16143   8196   7596 ] [ 0 ],1.00,1.00,1.00,1.20,33.37,-24.31,0.00,0.00,0.00,0.00,0.00,0.00,-0.00,0.00,0.00,0.00,0.00,0.00,-0.00,0.00,0.00,0
2.47279,32,-24,138,0,DRIVE [ 56 ] [ 1 ] [ 1557 1896 1438 ] [    0    0    0 ] [      0      0      0 ] [ 0 ],drive [ 56 ] [ 0 ] [ 1544 1896 1429 ] [   40   14   44 ] [  16143   8196   7596 ] [ 0 ],1.00,1.00,1.00,1.20,31.67,-23.56,0.00,0.00,0.00,0.00,0.00,0.00,-0.00,0.00,0.00,0.00,0.00,0.00,-0.00,0.00,0.00,0
2.48492,30,-23,136,0,DRIVE [ 57 ] [ 1 ] [ 1570 1896 1448 ] [    0    0    0 ] [      0      0      0 ] [ 0 ],drive [ 56 ] [ 0 ] [ 1557 1896 1438 ] [   40   14   44 ] [  16143   8196   7596 ] [ 0 ],1.00,1.00,1.00,1.20,30.12,-22.83,0.00,0.00,0.00,0.00,0.00,0.00,-0.00,0.00,0.00,0.00,0.00,0.00,-0.00,0.00,0.00,0
2.49692,29,-22,135,0,DRIVE [ 57 ] [ 1 ] [ 1583 1896 1457 ] [    0    0    0 ] [      0      0      0 ] [ 0 ],drive [ 57 ] [ 0 ] [ 1570 1896 1448 ] [   40   14   44 ] [  16142   8189   7596 ] [ 0 ],1.00,1.00,1.00,1.20,28.65,-22.10,0.00,0.00,0.00,0.00,0.00,0.00,-0.00,0.00,0.00,0.00,0.00,0.00,-0.00,0.00,0.00,0
2.50882,27,-21,133,0,DRIVE [ 58 ] [ 1 ] [ 1594 1896 1468 ] [    0    0    0 ] [      0      0      0 ] [ 0 ],drive [ 57 ] [ 0 ] [ 1583 1896 1457 ] [   35   14   42 ] [  16142   8189   7596 ] [ 0 ],1.00,1.00,1.00,1.20,27.27,-21.36,0.00,0.00,0.00,0.00,0.00,0.00,-0.00,0.00,0.00,0.00,0.00,0.00,-0.00,0.00,0.00,0
2.52106,26,-21,131,0,DRIVE [ 58 ] [ 1 ] [ 1606 1896 1479 ] [    0    0    0 ] [      0      0      0 ] [ 0 ],drive [ 58 ] [ 0 ] [ 1594 1896 1468 ] [   35   14   42 ] [  16142   8189   7596 ] [ 0 ],1.00,1.00,1.00,1.20,25.94,-20.55,0.00,0.00,0.00,0.00,0.00,0.00,-0.00,0.00,0.00,0.00,0.00,0.00,-0.00,0.00,0.00,0
2.53333,25,-20,129,0,DRIVE [ 59 ] [ 1 ] [ 1616 1896 1492 ] [    0    0    0 ] [      0      0      0 ] [ 0 ],drive [ 58 ] [ 0 ] [ 1606 1896 1479 ] [   35   14   42 ] [  16142   8189   7596 ] [ 0 ],1.00,1.00,1.00,1.20,24.70,-19.71,0.00,0.00,0.00,0.00,0.00,0.00,-0.00,0.00,0.00,0.00,0.00,0.00,-0.00,0.00,0.00,0
2.54517,23,-19,128,0,DRIVE [ 59 ] [ 1 ] [ 1627 1896 1506 ] [    0    0    0 ] [      0      0      0 ] [ 0 ],drive [ 59 ] [ 0 ] [ 1616 1896 1492 ] [   35   14   42 ] [  16137   8189   7596 ] [ 0 ],1.00,1.00,1.00,1.20,23.50,-18.79,0.00,0.00,0.00,0.00,0.00,0.00,-0.00,0.00,0.00,0.00,0.00,0.00,-0.00,0.00,0.00,0
2.55678,22,-18,126,0,DRIVE [ 60 ] [ 1 ] [ 1637 1896 1522 ] [    0    0    0 ] [      0      0      0 ] [ 0 ],drive [ 59 ] [ 0 ] [ 1627 1896 1506 ] [   29   14   38 ] [  16137   8189   7596 ] [ 0 ],1.00,1.00,1.00,1.20,22.29,-17.78,0.00,0.00,0.00,0.00,0.00,0.00,-0.00,0.00,0.00,0.00,0.00,0.00,-0.00,0.00,0.00,0
2.56853,21,-17,125,0,DRIVE [ 60 ] [ 1 ] [ 1647 1896 1539 ] [    0    0    0 ] [      0      0      0 ] [ 0 ],drive [ 60 ] [ 0 ] [ 1637 1896 1522 ] [   29   14   38 ] [  16137   8189   7596 ] [ 0 ],1.00,1.00,1.00,1.20,21.16,-16.74,0.00,0.00,0.00,0.00,0.00,0.00,-0.00,0.00,0.00,0.00,0.00,0.00,-0.00,0.00,0.00,0
2.58103,20,-16,123,0,DRIVE [ 61 ] [ 1 ] [ 1657 1896 1557 ] [    0    0    0 ] [      0      0      0 ] [ 0 ],drive [ 60 ] [ 0 ] [ 1647 1896 1539 ] [   29   14   38 ] [  16137   8189   7596 ] [ 0 ],1.00,1.00,1.00,1.20,20.06,-15.66,0.00,0.00,0.00,0.00,0.00,0.00,-0.00,0.00,0.00,0.00,0.00,0.00,-0.00,0.00,0.00,0
2.59247,19,-14,122,0,DRIVE [ 61 ] [ 1 ] [ 1667 1896 1581 ] [    0    0    0 ] [      0      0      0 ] [ 0 ],drive [ 61 ] [ 0 ] [ 1657 1896 1557 ] [   29   14   38 ] [  16131   8189   7594 ] [ 0 ],1.00,1.00,1.00,1.20,18.82,-14.20,0.00,0.00,0.00,0.00,0.00,0.00,-0.00,0.00,0.00,0.00,0.00,0.00,-0.00,0.00,0.00,0
2.6057,18,-13,120,0,DRIVE [ 62 ] [ 1 ] [ 1675 1896 1606 ] [    0    0    0 ] [      0      0      0 ] [ 0 ],drive [ 61 ] [ 0 ] [ 1667 1896 1581 ] [   24   14   33 ] [  16131   8189   7594 ] [ 0 ],1.00,1.00,1.00,1.20,17.76,-12.76,0.00,0.00,0.00,0.00,0.00,0.00,-0.00,0.00,0.00,0.00,0.00,0.00,-0.00,0.00,0.00,0
2.61732,17,-11,118,0,DRIVE [ 62 ] [ 1 ] [ 1682 1896 1630 ] [    0    0    0 ] [      0      0      0 ] [ 0 ],drive [ 62 ] [ 0 ] [ 1675 1896 1606 ] [   24   14   33 ] [  16131   8189   7594 ] [ 0 ],1.00,1.00,1.00,1.20,16.85,-11.36,0.00,0.00,0.00,0.00,0.00,0.00,-0.00,0.00,0.00,0.00,0.00,0.00,-0.00,0.00,0.00,0
2.62885,16,-10,117,0,DRIVE [ 63 ] [ 1 ] [ 1686 1896 1654 ] [    0    0    0 ] [      0      0      0 ] [ 0 ],drive [ 62 ] [ 0 ] [ 1682 1896 1630 ] [   24   14   33 ] [  16131   8189   7594 ] [ 0 ],1.00,1.00,1.00,1.20,16.08,-9.94,0.00,0.00,0.00,0.00,0.00,0.00,-0.00,0.00,0.00,0.00,0.00,0.00,-0.00,0.00,0.00,0
2.63991,15,-9,115,0,DRIVE [ 63 ] [ 1 ] [ 1689 1896 1679 ] [    0    0    0 ] [      0      0      0 ] [ 0 ],drive [ 63 ] [ 0 ] [ 1686 1896 1654 ] [   24   14   33 ] [  16109   8184   7589 ] [ 0 ],1.00,1.00,1.00,1.20,15.35,-8.51,0.00,0.00,0.00,0.00,0.00,0.00,-0.00,0.00,0.00,0.00,0.00,0.00,-0.00,0.00,0.00,0
2.65138,15,-7,114,0,DRIVE [ 64 ] [ 1 ] [ 1691 1896 1703 ] [    0    0    0 ] [      0      0      0 ] [ 0 ],drive [ 63 ] [ 0 ] [ 1689 1896 1679 ] [   28    8   27 ] [  16109   8184   7589 ] [ 0 ],1.00,1.00,1.00,1.20,14.68,-7.05,0.00,0.00,0.00,0.00,0.00,0.00,-0.00,0.00,0.00,0.00,0.00,0.00,-0.00,0.00,0.00,0
2.66228,14,-6,113,0,DRIVE [ 64 ] [ 1 ] [ 1691 1896 1728 ] [    0    0    0 ] [      0      0      0 ] [ 0 ],drive [ 64 ] [ 0 ] [ 1691 1896 1703 ] [   28    8   27 ] [  16109   8184   7589 ] [ 0 ],1.00,1.00,1.00,1.20,14.06,-5.57,0.00,0.00,0.00,0.00,0.00,0.00,-0.00,0.00,0.00,0.00,0.00,0.00,-0.00,0.00,0.00,0
2.67371,13,-4,111,0,DRIVE [ 65 ] [ 1 ] [ 1690 1896 1753 ] [    0    0    0 ] [      0      0      0 ] [ 0 ],drive [ 64 ] [ 0 ] [ 1691 1896 1728 ] [   28    8   27 ] [  16109   8184   7589 ] [ 0 ],1.00,1.00,1.00,1.20,13.45,-4.07,0.00,0.00,0.00,0.00,0.00,0.00,-0.00,0.00,0.00,0.00,0.00,0.00,-0.00,0.00,0.00,0
2.68499,13,-3,110,0,DRIVE [ 65 ] [ 1 ] [ 1686 1896 1776 ] [    0    0    0 ] [      0      0      0 ] [ 0 ],drive [ 65 ] [ 0 ] [ 1690 1896 1753 ] [   28    8   27 ] [  16109   8184   7589 ] [ 0 ],1.00,1.00,1.00,1.20,12.86,-2.56,0.00,0.00,0.00,0.00,0.00,0.00,-0.00,0.00,0.00,0.00,0.00,0.00,-0.00,0.00,0.00,0
2.69616,12,-1,109,0,DRIVE [ 66 ] [ 1 ] [ 1679 1896 1800 ] [    0    0    0 ] [      0      0      0 ] [ 0 ],drive [ 65 ] [ 0 ] [ 1686 1896 1776 ] [   28    8   27 ] [  16105   8089   7559 ] [ 0 ],1.00,1.00,1.00,1.20,12.29,-1.02,0.00,0.00,0.00,0.00,0.00,0.00,-0.00,0.00,0.00,0.00,0.00,0.00,-0.00,0.00,0.00,0
2.70705,12,1,108,0,DRIVE [ 66 ] [ 1 ] [ 1667 1896 1824 ] [    0    0    0 ] [      0      0      0 ] [ 0 ],drive [ 66 ] [ 0 ] [ 1679 1896 1800 ] [   28   21   28 ] [  16105   8089   7559 ] [ 0 ],1.00,1.00,1.00,1.20,11.74,0.65,0.00,0.00,0.00,0.00,0.00,0.00,-0.00,0.00,0.00,0.00,0.00,0.00,-0.00,-0.00,0.00,0
2.71826,11,2,106,0,DRIVE [ 67 ] [ 1 ] [ 1645 1896 1848 ] [    0    0    0 ] [      0      0      0 ] [ 0 ],drive [ 66 ] [ 0 ] [ 1667 1896 1824 ] [   28   21   28 ] [  16105   8089   7559 ] [ 0 ],1.00,1.00,1.00,1.20,11.26,2.50,0.00,0.00,0.00,0.00,0.00,0.00,-0.00,0.00,0.00,0.00,0.00,0.00,-0.00,-0.00,0.00,0
2.72852,11,4,105,0,DRIVE [ 67 ] [ 1 ] [ 1616 1896 1870 ] [    0    0    0 ] [      0      0      0 ] [ 0 ],drive [ 67 ] [ 0 ] [ 1645 1896 1848 ] [   28   21   28 ] [  16105   8089   7559 ] [ 0 ],1.00,1.00,1.00,1.20,10.85,4.28,0.00,0.00,0.00,0.00,0.00,0.00,-0.00,0.00,0.00,0.00,0.00,0.00,-0.00,-0.00,0.00,0
2.73976,11,5,104,0,DRIVE [ 68 ] [ 1 ] [ 1579 1896 1891 ] [    0    0    0 ] [      0      0      0 ] [ 0 ],drive [ 67 ] [ 0 ] [ 1616 1896 1870 ] [   28   21   28 ] [  16108   8089   7410 ] [ 0 ],1.00,1.00,1.00,1.20,10.54,6.02,0.00,0.00,0.00,0.00,0.00,0.00,-0.00,0.00,0.00,0.00,0.00,0.00,-0.00,-0.00,0.00,0
2.75089,10,6,103,0,DRIVE [ 68 ] [ 1 ] [ 1546 1899 1891 ] [    0    0    0 ] [      0      0      0 ] [ 0 ],drive [ 68 ] [ 0 ] [ 1579 1896 1891 ] [   32   22   25 ] [  16108   8089   7410 ] [ 0 ],1.00,1.00,1.00,1.20,10.31,7.75,0.00,0.00,0.00,0.00,0.00,0.00,-0.00,0.00,0.00,0.00,0.00,0.00,-0.00,-0.00,0.00,0
2.76202,10,8,102,0,DRIVE [ 69 ] [ 1 ] [ 1537 1878 1891 ] [    0    0    0 ] [      0      0      0 ] [ 0 ],drive [ 68 ] [ 0 ] [ 1546 1899 1891 ] [   32   22   25 ] [  16108   8089   7410 ] [ 0 ],1.00,1.00,1.00,1.20,10.17,9.34,0.00,0.00,0.00,0.00,0.00,0.00,-0.00,0.00,0.00,0.00,0.00,0.00,0.00,0.00,0.00,0
2.7727,10,9,101,0,DRIVE [ 69 ] [ 1 ] [ 1523 1858 1891 ] [    0    0    0 ] [      0      0      0 ] [ 0 ],drive [ 69 ] [ 0 ] [ 1537 1878 1891 ] [   32   22   25 ] [  16108   8089   7410 ] [ 0 ],1.00,1.00,1.00,1.20,10.10,10.84,0.00,0.00,0.00,0.00,0.00,0.00,-0.00,0.00,0.00,0.00,0.00,0.00,0.00,0.00,0.00,0
2.78369,10,10,100,0,DRIVE [ 70 ] [ 1 ] [ 1509 1840 1891 ] [    0    0    0 ] [      0      0      0 ] [ 0 ],drive [ 69 ] [ 0 ] [ 1523 1858 1891 ] [   32   22   25 ] [  16108   8089   7410 ] [ 0 ],1.00,1.00,1.00,1.20,10.06,12.25,0.00,0.00,0.00,0.00,0.00,0.00,-0.00,0.00,0.00,0.00,0.00,0.00,0.00,0.00,0.00,0
2.79409,10,11,99,0,DRIVE [ 70 ] [ 1 ] [ 1493 1822 1891 ] [    0    0    0 ] [      0      0      0 ] [ 0 ],drive [ 70 ] [ 0 ] [ 1509 1840 1891 ] [   32   22   25 ] [  16124   8089   7176 ] [ 0 ],1.00,1.00,1.00,1.20,10.04,13.52,0.00,0.00,0.00,0.00,0.00,0.00,-0.00,0.00,0.00,0.00,0.00,0.00,0.00,0.00,0.00,0
2.8051,10,12,98,0,DRIVE [ 71 ] [ 1 ] [ 1477 1806 1891 ] [    0    0    0 ] [      0      0      0 ] [ 0 ],drive [ 70 ] [ 0 ] [ 1493 1822 1891 ] [   40   25    1 ] [  16124   8089   7176 ] [ 0 ],1.00,1.00,1.00,1.20,10.01,14.66,0.00,0.00,0.00,0.00,0.00,0.00,-0.00,0.00,0.00,0.00,0.00,0.00,0.00,0.00,0.00,0
2.8159,10,13,97,0,DRIVE [ 71 ] [ 1 ] [ 1463 1791 1891 ] [    0    0    0 ] [      0      0      0 ] [ 0 ],drive [ 71 ] [ 0 ] [ 1477 1806 1891 ] [   40   25    1 ] [  16124   8089   7176 ] [ 0 ],1.00,1.00,1.00,1.20,9.97,15.67,0.00,0.00,0.00,0.00,0.00,0.00,-0.00,0.00,0.00,0.00,0.00,0.00,0.00,0.00,0.00,0
2.82804,10,14,96,0,DRIVE [ 72 ] [ 1 ] [ 1449 1777 1891 ] [    0    0    0 ] [      0      0      0 ] [ 0 ],drive [ 71 ] [ 0 ] [ 1463 1791 1891 ] [   40   25    1 ] [  16124   8089   7176 ] [ 0 ],1.00,1.00,1.00,1.20,9.95,16.63,0.00,0.00,0.00,0.00,0.00,0.00,-0.00,0.00,0.00,0.00,0.00,0.00,0.00,0.00,0.00,0
2.83862,10,15,95,0,DRIVE [ 72 ] [ 1 ] [ 1434 1763 1891 ] [    0    0    0 ] [      0      0      0 ] [ 0 ],drive [ 72 ] [ 0 ] [ 1449 1777 1891 ] [   40   25    1 ] [  16139   8089   7120 ] [ 0 ],1.00,1.00,1.00,1.20,9.94,17.52,0.00,0.00,0.00,0.00,0.00,0.00,-0.00,0.00,0.00,0.00,0.00,0.00,0.00,0.00,0.00,0
2.84963,10,15,94,0,DRIVE [ 73 ] [ 1 ] [ 1419 1750 1891 ] [    0    0    0 ] [      0      0      0 ] [ 0 ],drive [ 72 ] [ 0 ] [ 1434 1763 1891 ] [   40   25    1 ] [  16139   8089   7120 ] [ 0 ],1.00,1.00,1.00,1.20,9.93,18.39,0.00,0.00,0.00,0.00,0.00,0.00,-0.00,0.00,0.00,0.00,0.00,0.00,0.00,0.00,0.00,0
2.85999,10,16,93,0,DRIVE [ 73 ] [ 1 ] [ 1405 1736 1891 ] [    0    0    0 ] [      0      0      0 ] [ 0 ],drive [ 73 ] [ 0 ] [ 1419 1750 1891 ] [   47   32   13 ] [  16139   8089   7120 ] [ 0 ],1.00,1.00,1.00,1.20,9.89,19.23,0.00,0.00,0.00,0.00,0.00,0.00,-0.00,0.00,0.00,0.00,0.00,0.00,0.00,0.00,0.00,0
2.87101,10,17,92,0,DRIVE [ 74 ] [ 1 ] [ 1390 1722 1891 ] [    0    0    0 ] [      0      0      0 ] [ 0 ],drive [ 73 ] [ 0 ] [ 1405 1736 1891 ] [   47   32   13 ] [  16139   8089   7120 ] [ 0 ],1.00,1.00,1.00,1.20,9.87,20.06,0.00,0.00,0.00,0.00,0.00,0.00,-0.00,0.00,0.00,0.00,0.00,0.00,0.00,0.00,0.00,0
2.88177,10,17,91,0,DRIVE [ 74 ] [ 1 ] [ 1374 1709 1891 ] [    0    0    0 ] [      0      0      0 ] [ 0 ],drive [ 74 ] [ 0 ] [ 1390 1722 1891 ] [   47   32   13 ] [  16139   8089   7120 ] [ 0 ],1.00,1.00,1.00,1.20,9.87,20.84,0.00,0.00,0.00,0.00,0.00,0.00,-0.00,0.00,0.00,0.00,0.00,0.00,0.00,0.00,0.00,0
2.89188,10,18,90,0,DRIVE [ 75 ] [ 1 ] [ 1359 1696 1891 ] [    0    0    0 ] [      0      0      0 ] [ 0 ],drive [ 74 ] [ 0 ] [ 1374 1709 1891 ] [   47   32   13 ] [  16205   8095   7109 ] [ 0 ],1.00,1.00,1.00,1.20,9.86,21.57,0.00,0.00,0.00,0.00,0.00,0.00,-0.00,0.00,0.00,0.00,0.00,0.00,0.00,0.00,0.00,0
2.90263,10,18,89,0,DRIVE [ 75 ] [ 1 ] [ 1346 1685 1891 ] [    0    0    0 ] [      0      0      0 ] [ 0 ],drive [ 75 ] [ 0 ] [ 1359 1696 1891 ] [   71   40   16 ] [  16205   8095   7109 ] [ 0 ],1.00,1.00,1.00,1.20,9.82,22.20,0.00,0.00,0.00,0.00,0.00,0.00,-0.00,0.00,0.00,0.00,0.00,0.00,0.00,0.00,0.00,0
2.91301,10,19,88,0,DRIVE [ 76 ] [ 1 ] [ 1337 1674 1891 ] [    0    0    0 ] [      0      0      0 ] [ 0 ],drive [ 75 ] [ 0 ] [ 1346 1685 1891 ] [   71   40   16 ] [  16205   8095   7109 ] [ 0 ],1.00,1.00,1.00,1.20,9.70,22.68,0.00,0.00,0.00,0.00,0.00,0.00,-0.00,0.00,0.00,0.00,0.00,0.00,0.00,0.00,0.00,0
2.92319,9,19,87,0,DRIVE [ 76 ] [ 1 ] [ 1332 1664 1891 ] [    0    0    0 ] [      0      0      0 ] [ 0 ],drive [ 76 ] [ 0 ] [ 1337 1674 1891 ] [   71   40   16 ] [  16205   8095   7109 ] [ 0 ],1.00,1.00,1.00,1.20,9.50,22.96,0.00,0.00,0.00,0.00,0.00,0.00,-0.00,0.00,0.00,0.00,0.00,0.00,0.00,0.00,0.00,0
2.93376,9,19,86,0,DRIVE [ 77 ] [ 1 ] [ 1331 1656 1891 ] [    0    0    0 ] [      0      0      0 ] [ 0 ],drive [ 76 ] [ 0 ] [ 1332 1664 1891 ] [   71   40   16 ] [  16205   8095   7109 ] [ 0 ],1.00,1.00,1.00,1.20,9.20,23.11,0.00,0.00,0.00,0.00,0.00,0.00,-0.00,0.00,0.00,0.00,0.00,0.00,0.00,0.00,0.00,0
2.94412,9,19,85,0,DRIVE [ 77 ] [ 1 ] [ 1335 1649 1891 ] [    0    0    0 ] [      0      0      0 ] [ 0 ],drive [ 77 ] [ 0 ] [ 1331 1656 1891 ] [   71   40   16 ] [  16460   8102   6933 ] [ 0 ],1.00,1.00,1.00,1.20,8.81,23.08,0.00,0.00,0.00,0.00,0.00,0.00,-0.00,0.00,0.00,0.00,0.00,0.00,0.00,0.00,0.00,0
2.95406,8,19,84,0,DRIVE [ 78 ] [ 1 ] [ 1341 1643 1891 ] [    0    0    0 ] [      0      0      0 ] [ 0 ],drive [ 77 ] [ 0 ] [ 1335 1649 1891 ] [   57   47   25 ] [  16460   8102   6933 ] [ 0 ],1.00,1.00,1.00,1.20,8.39,22.93,0.00,0.00,0.00,0.00,0.00,0.00,-0.00,0.00,0.00,0.00,0.00,0.00,0.00,0.00,0.00,0
2.96439,8,19,83,0,DRIVE [ 78 ] [ 1 ] [ 1351 1639 1891 ] [    0    0    0 ] [      0      0      0 ] [ 0 ],drive [ 78 ] [ 0 ] [ 1341 1643 1891 ] [   57   47   25 ] [  16460   8102   6933 ] [ 0 ],1.00,1.00,1.00,1.20,7.94,22.64,0.00,0.00,0.00,0.00,0.00,0.00,-0.00,0.00,0.00,0.00,0.00,0.00,0.00,0.00,0.00,0
2.97417,7,19,83,0,DRIVE [ 79 ] [ 1 ] [ 1362 1636 1891 ] [    0    0    0 ] [      0      0      0 ] [ 0 ],drive [ 78 ] [ 0 ] [ 1351 1639 1891 ] [   57   47   25 ] [  16460   8102   6933 ] [ 0 ],1.00,1.00,1.00,1.20,7.48,22.30,0.00,0.00,0.00,0.00,0.00,0.00,-0.00,0.00,0.00,0.00,0.00,0.00,0.00,0.00,0.00,0
2.98456,7,18,82,0,DRIVE [ 79 ] [ 1 ] [ 1374 1632 1891 ] [    0    0    0 ] [      0      0      0 ] [ 0 ],drive [ 79 ] [ 0 ] [ 1362 1636 1891 ] [   57   47   25 ] [  16460   8102   6933 ] [ 0 ],1.00,1.00,1.00,1.20,6.99,21.92,0.00,0.00,0.00,0.00,0.00,0.00,-0.00,0.00,0.00,0.00,0.00,0.00,0.00,0.00,0.00,0
2.99424,6,18,81,0,DRIVE [ 80 ] [ 1 ] [ 1387 1629 1891 ] [    0    0    0 ] [      0      0      0 ] [ 0 ],drive [ 79 ] [ 0 ] [ 1374 1632 1891 ] [   57   47   25 ] [  16719   8114   6774 ] [ 0 ],1.00,1.00,1.00,1.20,6.48,21.49,0.00,0.00,0.00,0.00,0.00,0.00,-0.00,0.00,0.00,0.00,0.00,0.00,0.00,0.00,0.00,0
3.00467,6,18,80,0,DRIVE [ 80 ] [ 1 ] [ 1398 1625 1891 ] [    0    0    0 ] [      0      0      0 ] [ 0 ],drive [ 80 ] [ 0 ] [ 1387 1629 1891 ] [   56   38   24 ] [  16719   8114   6774 ] [ 0 ],1.00,1.00,1.00,1.20,6.02,21.15,0.00,0.00,0.00,0.00,0.00,0.00,-0.00,0.00,0.00,0.00,0.00,0.00,0.00,0.00,0.00,0
3.01476,6,17,79,0,DRIVE [ 81 ] [ 1 ] [ 1406 1621 1891 ] [    0    0    0 ] [      0      0      0 ] [ 0 ],drive [ 80 ] [ 0 ] [ 1398 1625 1891 ] [   56   38   24 ] [  16719   8114   6774 ] [ 0 ],1.00,1.00,1.00,1.20,5.64,20.88,0.00,0.00,0.00,0.00,0.00,0.00,-0.00,0.00,0.00,0.00,0.00,0.00,0.00,0.00,0.00,0
3.02445,5,17,78,0,DRIVE [ 81 ] [ 1 ] [ 1411 1616 1891 ] [    0    0    0 ] [      0      0      0 ] [ 0 ],drive [ 81 ] [ 0 ] [ 1406 1621 1891 ] [   56   38   24 ] [  16719   8114   6774 ] [ 0 ],1.00,1.00,1.00,1.20,5.32,20.67,0.00,0.00,0.00,0.00,0.00,0.00,-0.00,0.00,0.00,0.00,0.00,0.00,0.00,0.00,0.00,0
3.03467,5,17,77,0,DRIVE [ 82 ] [ 1 ] [ 1414 1612 1891 ] [    0    0    0 ] [      0      0      0 ] [ 0 ],drive [ 81 ] [ 0 ] [ 1411 1616 1891 ] [   56   38   24 ] [  16716   8134   6753 ] [ 0 ],1.00,1.00,1.00,1.20,5.06,20.49,0.00,0.00,0.00,0.00,0.00,0.00,-0.00,0.00,0.00,0.00,0.00,0.00,0.00,0.00,0.00,0
3.04601,5,17,76,0,DRIVE [ 82 ] [ 1 ] [ 1417 1606 1891 ] [    0    0    0 ] [      0      0      0 ] [ 0 ],drive [ 82 ] [ 0 ] [ 1414 1612 1891 ] [   56   38   24 ] [  16716   8134   6753 ] [ 0 ],1.00,1.00,1.00,1.20,4.77,20.34,0.00,0.00,0.00,0.00,0.00,0.00,-0.00,0.00,0.00,0.00,0.00,0.00,0.00,0.00,0.00,0
3.05651,4,17,75,0,DRIVE [ 83 ] [ 1 ] [ 1421 1600 1891 ] [    0    0    0 ] [      0      0      0 ] [ 0 ],drive [ 82 ] [ 0 ] [ 1417 1606 1891 ] [   52   37   24 ] [  16716   8134   6753 ] [ 0 ],1.00,1.00,1.00,1.20,4.50,20.19,0.00,0.00,0.00,0.00,0.00,0.00,-0.00,0.00,0.00,0.00,0.00,0.00,0.00,0.00,0.00,0
3.06677,4,17,74,0,DRIVE [ 83 ] [ 1 ] [ 1423 1595 1891 ] [    0    0    0 ] [      0      0      0 ] [ 0 ],drive [ 83 ] [ 0 ] [ 1421 1600 1891 ] [   52   37   24 ] [  16716   8134   6753 ] [ 0 ],1.00,1.00,1.00,1.20,4.23,20.03,0.00,0.00,0.00,0.00,0.00,0.00,-0.00,0.00,0.00,0.00,0.00,0.00,0.00,0.00,0.00,0
3.07689,4,17,73,0,DRIVE [ 84 ] [ 1 ] [ 1426 1590 1891 ] [    0    0    0 ] [      0      0      0 ] [ 0 ],drive [ 83 ] [ 0 ] [ 1423 1595 1891 ] [   52   37   24 ] [  16716   8134   6753 ] [ 0 ],1.00,1.00,1.00,1.20,3.98,19.87,0.00,0.00,0.00,0.00,0.00,0.00,-0.00,0.00,0.00,0.00,0.00,0.00,0.00,0.00,0.00,0
3.08826,4,16,72,0,DRIVE [ 84 ] [ 1 ] [ 1430 1585 1891 ] [    0    0    0 ] [      0      0      0 ] [ 0 ],drive [ 84 ] [ 0 ] [ 1426 1590 1891 ] [   52   37   24 ] [  16717   8159   6726 ] [ 0 ],1.00,1.00,1.00,1.20,3.74,19.66,0.00,0.00,0.00,0.00,0.00,0.00,-0.00,0.00,0.00,0.00,0.00,0.00,0.00,0.00,0.00,0
3.09998,3,16,71,0,DRIVE [ 85 ] [ 1 ] [ 1434 1580 1891 ] [    0    0    0 ] [      0      0      0 ] [ 0 ],drive [ 84 ] [ 0 ] [ 1430 1585 1891 ] [   52   37   24 ] [  16717   8159   6726 ] [ 0 ],1.00,1.00,1.00,1.20,3.47,19.46,0.00,0.00,0.00,0.00,0.00,0.00,-0.00,0.00,0.00,0.00,0.00,0.00,0.00,0.00,0.00,0
3.11212,3,16,70,0,DRIVE [ 85 ] [ 1 ] [ 1438 1574 1891 ] [    0    0    0 ] [      0      0      0 ] [ 0 ],drive [ 85 ] [ 0 ] [ 1434 1580 1891 ] [   50   31   13 ] [  16717   8159   6726 ] [ 0 ],1.00,1.00,1.00,1.20,3.20,19.29,0.00,0.00,0.00,0.00,0.00,0.00,0.00,0.00,0.00,0.00,0.00,0.00,0.00,0.00,0.00,0
3.12222,3,16,69,0,DRIVE [ 86 ] [ 1 ] [ 1441 1568 1891 ] [    0    0    0 ] [      0      0      0 ] [ 0 ],drive [ 85 ] [ 0 ] [ 1438 1574 1891 ] [   50   31   13 ] [  16717   8159   6726 ] [ 0 ],1.00,1.00,1.00,1.20,2.92,19.15,0.00,0.00,0.00,0.00,0.00,0.00,0.00,0.00,0.00,0.00,0.00,0.00,0.00,0.00,0.00,0
3.13222,3,16,68,0,DRIVE [ 86 ] [ 1 ] [ 1445 1560 1891 ] [    0    0    0 ] [      0      0      0 ] [ 0 ],drive [ 86 ] [ 0 ] [ 1441 1568 1891 ] [   50   31   13 ] [  16717   8159   6726 ] [ 0 ],1.00,1.00,1.00,1.20,2.63,19.02,0.00,0.00,0.00,0.00,0.00,0.00,0.00,0.00,0.00,0.00,0.00,0.00,0.00,0.00,0.00,0
3.14396,2,16,67,0,DRIVE [ 87 ] [ 1 ] [ 1451 1552 1891 ] [    0    0    0 ] [      0      0      0 ] [ 0 ],drive [ 86 ] [ 0 ] [ 1445 1560 1891 ] [   50   31   13 ] [  16717   8165   6722 ] [ 0 ],1.00,1.00,1.00,1.20,2.30,18.87,0.00,0.00,0.00,0.00,0.00,0.00,0.00,0.00,0.00,0.00,0.00,0.00,0.00,0.00,0.00,0
3.1562,2,16,66,0,DRIVE [ 87 ] [ 1 ] [ 1456 1543 1891 ] [    0    0    0 ] [      0      0      0 ] [ 0 ],drive [ 87 ] [ 0 ] [ 1451 1552 1891 ] [   48   34    8 ] [  16717   8165   6722 ] [ 0 ],1.00,1.00,1.00,1.20,1.95,18.72,0.00,0.00,0.00,0.00,0.00,0.00,0.00,0.00,0.00,0.00,0.00,0.00,0.00,0.00,0.00,0
3.16815,2,15,65,0,DRIVE [ 88 ] [ 1 ] [ 1464 1534 1891 ] [    0    0    0 ] [      0      0      0 ] [ 0 ],drive [ 87 ] [ 0 ] [ 1456 1543 1891 ] [   48   34    8 ] [  16717   8165   6722 ] [ 0 ],1.00,1.00,1.00,1.20,1.54,18.57,0.00,0.00,0.00,0.00,0.00,0.00,0.00,0.00,0.00,0.00,0.00,0.00,0.00,0.00,0.00,0
3.17994,1,15,65,0,DRIVE [ 88 ] [ 1 ] [ 1472 1525 1891 ] [    0    0    0 ] [      0      0      0 ] [ 0 ],drive [ 88 ] [ 0 ] [ 1464 1534 1891 ] [   48   34    8 ] [  16717   8165   6722 ] [ 0 ],1.00,1.00,1.00,1.20,1.14,18.36,0.00,0.00,0.00,0.00,0.00,0.00,0.00,0.00,0.00,0.00,0.00,0.00,0.00,0.00,0.00,0
3.19034,1,15,64,0,DRIVE [ 89 ] [ 1 ] [ 1484 1514 1891 ] [    0    0    0 ] [      0      0      0 ] [ 0 ],drive [ 88 ] [ 0 ] [ 1472 1525 1891 ] [   48   34    8 ] [  16719   8201   6660 ] [ 0 ],1.00,1.00,1.00,1.20,0.65,18.11,0.00,0.00,0.00,0.00,0.00,0.00,0.00,0.00,0.00,0.00,0.00,0.00,0.00,0.00,0.00,0
3.20051,0,15,63,0,DRIVE [ 89 ] [ 1 ] [ 1497 1503 1891 ] [    0    0    0 ] [      0      0      0 ] [ 0 ],drive [ 89 ] [ 0 ] [ 1484 1514 1891 ] [   46   45   25 ] [  16719   8201   6660 ] [ 0 ],1.00,1.00,1.00,1.20,0.12,17.88,0.00,0.00,0.00,0.00,0.00,0.00,0.00,0.00,0.00,0.00,0.00,0.00,0.00,0.00,0.00,0
3.21215,0,15,62,0,DRIVE [ 90 ] [ 1 ] [ 1511 1491 1891 ] [    0    0    0 ] [      0      0      0 ] [ 0 ],drive [ 89 ] [ 0 ] [ 1497 1503 1891 ] [   46   45   25 ] [  16719   8201   6660 ] [ 0 ],1.00,1.00,1.00,1.20,-0.41,17.59,0.00,0.00,0.00,0.00,0.00,0.00,0.00,0.00,0.00,0.00,0.00,0.00,0.00,0.00,0.00,0
3.22388,-1,14,62,0,DRIVE [ 90 ] [ 1 ] [ 1526 1481 1891 ] [    0    0    0 ] [      0      0      0 ] [ 0 ],drive [ 90 ] [ 0 ] [ 1511 1491 1891 ] [   46   45   25 ] [  16719   8201   6660 ] [ 0 ],1.00,1.00,1.00,1.20,-0.93,17.25,0.00,0.00,0.00,0.00,0.00,0.00,0.00,0.00,0.00,0.00,0.00,0.00,0.00,0.00,0.00,0
3.23603,-1,14,61,0,DRIVE [ 91 ] [ 1 ] [ 1541 1467 1891 ] [    0    0    0 ] [      0      0      0 ] [ 0 ],drive [ 90 ] [ 0 ] [ 1526 1481 1891 ] [   46   45   25 ] [  16719   8201   6660 ] [ 0 ],1.00,1.00,1.00,1.20,-1.50,17.00,0.00,0.00,0.00,0.00,0.00,0.00,0.00,0.00,0.00,0.00,0.00,0.00,0.00,0.00,0.00,0
3.24624,-2,14,60,0,DRIVE [ 91 ] [ 1 ] [ 1556 1450 1891 ] [    0    0    0 ] [      0      0      0 ] [ 0 ],drive [ 91 ] [ 0 ] [ 1541 1467 1891 ] [   46   45   25 ] [  16718   8297   6610 ] [ 0 ],1.00,1.00,1.00,1.20,-2.13,16.74,0.00,0.00,0.00,0.00,0.00,0.00,0.00,0.00,0.00,0.00,0.00,0.00,0.00,0.00,0.00,0
3.25562,-3,14,59,0,DRIVE [ 92 ] [ 1 ] [ 1572 1428 1891 ] [    0    0    0 ] [      0      0      0 ] [ 0 ],drive [ 91 ] [ 0 ] [ 1556 1450 1891 ] [   41   47   14 ] [  16718   8297   6610 ] [ 0 ],1.00,1.00,1.00,1.20,-2.85,16.53,0.00,0.00,0.00,0.00,0.00,0.00,0.00,0.00,0.00,0.00,0.00,0.00,0.00,0.00,0.00,0
3.26808,-4,14,58,1,DRIVE [ 92 ] [ 1 ] [ 1587 1406 1891 ] [    0    0    0 ] [      0      0      0 ] [ 0 ],drive [ 92 ] [ 0 ] [ 1572 1428 1891 ] [   41   47   14 ] [  16718   8297   6610 ] [ 0 ],1.00,1.00,1.00,1.20,-3.51,16.34,0.00,0.00,0.00,0.00,0.00,0.00,0.00,0.00,0.00,0.00,0.00,0.00,0.00,0.00,0.00,0
