timestamp,Xmm,Ymm,Zmm,TouchDetected,OutgoingPacket,IncomingPacket,GainPropAb, GainPropAd, GainPropFl, GainPropEx,PropA, PropB, PropC,GainIntegAb, GainIntegAd, GainIntegFl, GainIntegEx,IntegA, IntegB, IntegC,GainDerivAb, GainDerivAd, GainDerivFl, GainDerivEx,DerivA, DerivB, DerivC,Heading5
0.902802,-13,-236,523,0,DRIVE [ 45 ] [ 1 ] [ 1905 1884 1883 ] [    0    0    0 ] [      0      0      0 ] [ 0 ],drive [ 44 ] [ 0 ] [ 1905 1734 1905 ] [    4   34   21 ] [  16028   8764   5693 ] [ 0 ],1.10,1.30,1.30,1.10,-14.06,-306.35,0.00,0.00,0.00,0.00,0.00,0.00,0.00,0.00,0.00,0.00,0.00,0.00,0.00,0.00,0.00,0
0.916241,-13,-236,523,0,DRIVE [ 45 ] [ 1 ] [ 1905 1884 1885 ] [    0    0    0 ] [      0      0      0 ] [ 0 ],drive [ 45 ] [ 0 ] [ 1905 1884 1883 ] [    0   37   23 ] [  16028   8764   5693 ] [ 0 ],1.10,1.30,1.30,1.10,-12.65,-275.71,0.00,0.00,0.00,0.00,0.00,0.00,0.00,0.00,0.00,0.00,0.00,0.00,0.00,0.00,0.00,0
0.92996,1,-189,494,0,DRIVE [ 46 ] [ 1 ] [ 1905 1884 1848 ] [    0    0    0 ] [      0      0      0 ] [ 0 ],drive [ 45 ] [ 0 ] [ 1905 1884 1885 ] [    0   37   23 ] [  16028   8764   5693 ] [ 0 ],1.10,1.30,1.30,1.10,0.94,-245.97,0.00,0.00,0.00,0.00,0.00,0.00,0.00,0.00,0.00,0.00,0.00,0.00,0.00,0.00,0.00,0
0.943505,1,-189,494,0,DRIVE [ 46 ] [ 1 ] [ 1905 1884 1854 ] [    0    0    0 ] [      0      0      0 ] [ 0 ],drive [ 46 ] [ 0 ] [ 1905 1884 1848 ] [    0   37   23 ] [  16028   8764   5693 ] [ 0 ],1.10,1.30,1.30,1.10,0.84,-221.37,0.00,0.00,0.00,0.00,0.00,0.00,0.00,0.00,0.00,0.00,0.00,0.00,0.00,0.00,0.00,0
0.957623,7,-176,499,0,DRIVE [ 47 ] [ 1 ] [ 1904 1884 1818 ] [    0    0    0 ] [      0      0      0 ] [ 0 ],drive [ 46 ] [ 0 ] [ 1905 1884 1854 ] [    0   37   23 ] [  16026   8636   5794 ] [ 0 ],1.10,1.30,1.30,1.10,9.56,-228.25,0.00,0.00,0.00,0.00,0.00,0.00,0.00,0.00,0.00,0.00,0.00,0.00,-0.00,0.00,0.00,0
0.970366,7,-176,499,0,DRIVE [ 47 ] [ 1 ] [ 1904 1884 1826 ] [    0    0    0 ] [      0      0      0 ] [ 0 ],drive [ 47 ] [ 0 ] [ 1904 1884 1818 ] [    0    7   22 ] [  16026   8636   5794 ] [ 0 ],1.10,1.30,1.30,1.10,8.60,-205.42,0.00,0.00,0.00,0.00,0.00,0.00,0.00,0.00,0.00,0.00,0.00,0.00,-0.00,0.00,0.00,0
0.985494,11,-157,483,0,DRIVE [ 48 ] [ 1 ] [ 1901 1884 1793 ] [    0    0    0 ] [      0      0      0 ] [ 0 ],drive [ 47 ] [ 0 ] [ 1904 1884 1826 ] [    0    7   22 ] [  16026   8636   5794 ] [ 0 ],1.10,1.30,1.30,1.10,14.39,-204.47,0.00,0.00,0.00,0.00,0.00,0.00,0.00,0.00,0.00,0.00,0.00,0.00,-0.00,0.00,0.00,0
0.998925,13,-150,485,0,DRIVE [ 48 ] [ 1 ] [ 1900 1884 1782 ] [    0    0    0 ] [      0      0      0 ] [ 0 ],drive [ 48 ] [ 0 ] [ 1901 1884 1793 ] [    0    7   22 ] [  16026   8636   5794 ] [ 0 ],1.10,1.30,1.30,1.10,17.31,-194.48,0.00,0.00,0.00,0.00,0.00,0.00,0.00,0.00,0.00,0.00,0.00,0.00,-0.00,0.00,0.00,0
1.01208,15,-141,480,0,DRIVE [ 49 ] [ 1 ] [ 1898 1884 1774 ] [    0    0    0 ] [      0      0      0 ] [ 0 ],drive [ 48 ] [ 0 ] [ 1900 1884 1782 ] [    0    7   22 ] [  16026   8338   6054 ] [ 0 ],1.10,1.30,1.30,1.10,19.69,-183.78,0.00,0.00,0.00,0.00,0.00,0.00,0.00,0.00,0.00,0.00,0.00,0.00,-0.00,0.00,0.00,0
1.02549,17,-134,477,0,DRIVE [ 49 ] [ 1 ] [ 1897 1884 1768 ] [    0    0    0 ] [      0      0      0 ] [ 0 ],drive [ 49 ] [ 0 ] [ 1898 1884 1774 ] [    0    9   19 ] [  16026   8338   6054 ] [ 0 ],1.10,1.30,1.30,1.10,21.84,-173.95,0.00,0.00,0.00,0.00,0.00,0.00,0.00,0.00,0.00,0.00,0.00,0.00,-0.00,0.00,0.00,0
1.03851,18,-126,471,0,DRIVE [ 50 ] [ 1 ] [ 1895 1884 1763 ] [    0    0    0 ] [      0      0      0 ] [ 0 ],drive [ 49 ] [ 0 ] [ 1897 1884 1768 ] [    0    9   19 ] [  16026   8338   6054 ] [ 0 ],1.10,1.30,1.30,1.10,23.71,-163.20,0.00,0.00,0.00,0.00,0.00,0.00,0.00,0.00,0.00,0.00,0.00,0.00,-0.00,0.00,0.00,0
1.0519,20,-117,467,0,DRIVE [ 50 ] [ 1 ] [ 1893 1884 1761 ] [    0    0    0 ] [      0      0      0 ] [ 0 ],drive [ 50 ] [ 0 ] [ 1895 1884 1763 ] [    0    9   19 ] [  16027   8296   6133 ] [ 0 ],1.10,1.30,1.30,1.10,26.49,-151.53,0.00,0.00,0.00,0.00,0.00,0.00,0.00,0.00,0.00,0.00,0.00,0.00,-0.00,0.00,0.00,0
1.06522,20,-117,467,0,DRIVE [ 51 ] [ 1 ] [ 1894 1884 1776 ] [    0    0    0 ] [      0      0      0 ] [ 0 ],drive [ 50 ] [ 0 ] [ 1893 1884 1761 ] [    0    9   19 ] [  16027   8296   6133 ] [ 0 ],1.10,1.30,1.30,1.10,23.84,-136.38,0.00,0.00,0.00,0.00,0.00,0.00,0.00,0.00,0.00,0.00,0.00,0.00,-0.00,0.00,0.00,0
1.0786,23,-107,458,0,DRIVE [ 51 ] [ 1 ] [ 1889 1884 1750 ] [    0    0    0 ] [      0      0      0 ] [ 0 ],drive [ 51 ] [ 0 ] [ 1894 1884 1776 ] [    2    7   12 ] [  16027   8296   6133 ] [ 0 ],1.10,1.30,1.30,1.10,29.89,-139.33,0.00,0.00,0.00,0.00,0.00,0.00,0.00,0.00,0.00,0.00,0.00,0.00,-0.00,0.00,0.00,0
1.09194,26,-100,453,0,DRIVE [ 52 ] [ 1 ] [ 1885 1884 1751 ] [    0    0    0 ] [      0      0      0 ] [ 0 ],drive [ 51 ] [ 0 ] [ 1889 1884 1750 ] [    2    7   12 ] [  16027   8296   6133 ] [ 0 ],1.10,1.30,1.30,1.10,33.22,-129.69,0.00,0.00,0.00,0.00,0.00,0.00,0.00,0.00,0.00,0.00,0.00,0.00,-0.00,0.00,0.00,0
1.1048,28,-92,446,0,DRIVE [ 52 ] [ 1 ] [ 1881 1884 1752 ] [    0    0    0 ] [      0      0      0 ] [ 0 ],drive [ 52 ] [ 0 ] [ 1885 1884 1751 ] [    2    7   12 ] [  16029   8260   6138 ] [ 0 ],1.10,1.30,1.30,1.10,36.93,-120.16,0.00,0.00,0.00,0.00,0.00,0.00,0.00,0.00,0.00,0.00,0.00,0.00,-0.00,0.00,0.00,0
1.11848,31,-87,442,0,DRIVE [ 53 ] [ 1 ] [ 1877 1884 1753 ] [    0    0    0 ] [      0      0      0 ] [ 0 ],drive [ 52 ] [ 0 ] [ 1881 1884 1752 ] [    3    6   37 ] [  16029   8260   6138 ] [ 0 ],1.10,1.30,1.30,1.10,40.60,-112.61,0.00,0.00,0.00,0.00,0.00,0.00,0.00,0.00,0.00,0.00,0.00,0.00,-0.00,0.00,0.00,0
1.13167,33,-81,435,0,DRIVE [ 53 ] [ 1 ] [ 1872 1884 1753 ] [    0    0    0 ] [      0      0      0 ] [ 0 ],drive [ 53 ] [ 0 ] [ 1877 1884 1753 ] [    3    6   37 ] [  16029   8260   6138 ] [ 0 ],1.10,1.30,1.30,1.10,43.51,-105.30,0.00,0.00,0.00,0.00,0.00,0.00,0.00,0.00,0.00,0.00,0.00,0.00,-0.00,0.00,0.00,0
1.14506,35,-76,428,0,DRIVE [ 54 ] [ 1 ] [ 1867 1884 1753 ] [    0    0    0 ] [      0      0      0 ] [ 0 ],drive [ 53 ] [ 0 ] [ 1872 1884 1753 ] [    3    6   37 ] [  16029   8260   6138 ] [ 0 ],1.10,1.30,1.30,1.10,45.85,-98.64,0.00,0.00,0.00,0.00,0.00,0.00,0.00,0.00,0.00,0.00,0.00,0.00,-0.00,0.00,0.00,0
1.15819,37,-71,424,0,DRIVE [ 54 ] [ 1 ] [ 1863 1884 1754 ] [    0    0    0 ] [      0      0      0 ] [ 0 ],drive [ 54 ] [ 0 ] [ 1867 1884 1753 ] [    3    6   37 ] [  16028   7869   6382 ] [ 0 ],1.10,1.30,1.30,1.10,48.21,-92.88,0.00,0.00,0.00,0.00,0.00,0.00,0.00,0.00,0.00,0.00,0.00,0.00,-0.00,0.00,0.00,0
1.17101,38,-65,417,0,DRIVE [ 55 ] [ 1 ] [ 1858 1884 1758 ] [    0    0    0 ] [      0      0      0 ] [ 0 ],drive [ 54 ] [ 0 ] [ 1863 1884 1754 ] [    5   21   34 ] [  16028   7869   6382 ] [ 0 ],1.10,1.30,1.30,1.10,49.60,-84.96,0.00,0.00,0.00,0.00,0.00,0.00,0.00,0.00,0.00,0.00,0.00,0.00,-0.00,0.00,0.00,0
1.18421,39,-60,410,0,DRIVE [ 55 ] [ 1 ] [ 1854 1884 1762 ] [    0    0    0 ] [      0      0      0 ] [ 0 ],drive [ 55 ] [ 0 ] [ 1858 1884 1758 ] [    5   21   34 ] [  16028   7869   6382 ] [ 0 ],1.10,1.30,1.30,1.10,50.51,-77.52,0.00,0.00,0.00,0.00,0.00,0.00,0.00,0.00,0.00,0.00,0.00,0.00,-0.00,0.00,0.00,0
1.19744,40,-55,403,0,DRIVE [ 56 ] [ 1 ] [ 1849 1884 1765 ] [    0    0    0 ] [      0      0      0 ] [ 0 ],drive [ 55 ] [ 0 ] [ 1854 1884 1762 ] [    5   21   34 ] [  16028   7869   6382 ] [ 0 ],1.10,1.30,1.30,1.10,51.72,-71.26,0.00,0.00,0.00,0.00,0.00,0.00,0.00,0.00,0.00,0.00,0.00,0.00,-0.00,0.00,0.00,0
1.2106,41,-51,398,0,DRIVE [ 56 ] [ 1 ] [ 1843 1884 1768 ] [    0    0    0 ] [      0      0      0 ] [ 0 ],drive [ 56 ] [ 0 ] [ 1849 1884 1765 ] [    5   21   34 ] [  16029   7685   6385 ] [ 0 ],1.10,1.30,1.30,1.10,52.89,-65.82,0.00,0.00,0.00,0.00,0.00,0.00,0.00,0.00,0.00,0.00,0.00,0.00,-0.00,0.00,0.00,0
1.22375,42,-47,392,0,DRIVE [ 57 ] [ 1 ] [ 1837 1884 1770 ] [    0    0    0 ] [      0      0      0 ] [ 0 ],drive [ 56 ] [ 0 ] [ 1843 1884 1768 ] [    8    8   33 ] [  16029   7685   6385 ] [ 0 ],1.10,1.30,1.30,1.10,54.21,-60.68,0.00,0.00,0.00,0.00,0.00,0.00,0.00,0.00,0.00,0.00,0.00,0.00,-0.00,0.00,0.00,0
1.23619,43,-43,386,0,DRIVE [ 57 ] [ 1 ] [ 1830 1884 1772 ] [    0    0    0 ] [      0      0      0 ] [ 0 ],drive [ 57 ] [ 0 ] [ 1837 1884 1770 ] [    8    8   33 ] [  16029   7685   6385 ] [ 0 ],1.10,1.30,1.30,1.10,56.12,-56.15,0.00,0.00,0.00,0.00,0.00,0.00,0.00,0.00,0.00,0.00,0.00,0.00,-0.00,0.00,0.00,0
1.24942,45,-40,382,0,DRIVE [ 58 ] [ 1 ] [ 1822 1884 1773 ] [    0    0    0 ] [      0      0      0 ] [ 0 ],drive [ 57 ] [ 0 ] [ 1830 1884 1772 ] [    8    8   33 ] [  16029   7685   6385 ] [ 0 ],1.10,1.30,1.30,1.10,58.17,-52.22,0.00,0.00,0.00,0.00,0.00,0.00,0.00,0.00,0.00,0.00,0.00,0.00,-0.00,0.00,0.00,0
1.26303,47,-36,376,0,DRIVE [ 58 ] [ 1 ] [ 1812 1884 1775 ] [    0    0    0 ] [      0      0      0 ] [ 0 ],drive [ 58 ] [ 0 ] [ 1822 1884 1773 ] [    8    8   33 ] [  16030   7446   6457 ] [ 0 ],1.10,1.30,1.30,1.10,60.71,-47.35,0.00,0.00,0.00,0.00,0.00,0.00,0.00,0.00,0.00,0.00,0.00,0.00,-0.00,0.00,0.00,0
1.27658,48,-33,369,0,DRIVE [ 59 ] [ 1 ] [ 1802 1884 1777 ] [    0    0    0 ] [      0      0      0 ] [ 0 ],drive [ 58 ] [ 0 ] [ 1812 1884 1775 ] [    8   21   36 ] [  16030   7446   6457 ] [ 0 ],1.10,1.30,1.30,1.10,62.69,-42.65,0.00,0.00,0.00,0.00,0.00,0.00,0.00,0.00,0.00,0.00,0.00,0.00,-0.00,0.00,0.00,0
1.29008,50,-29,363,0,DRIVE [ 59 ] [ 1 ] [ 1790 1884 1779 ] [    0    0    0 ] [      0      0      0 ] [ 0 ],drive [ 59 ] [ 0 ] [ 1802 1884 1777 ] [    8   21   36 ] [  16030   7446   6457 ] [ 0 ],1.10,1.30,1.30,1.10,64.42,-37.77,0.00,0.00,0.00,0.00,0.00,0.00,0.00,0.00,0.00,0.00,0.00,0.00,-0.00,0.00,0.00,0
1.30264,51,-25,356,0,DRIVE [ 60 ] [ 1 ] [ 1778 1884 1783 ] [    0    0    0 ] [      0      0      0 ] [ 0 ],drive [ 59 ] [ 0 ] [ 1790 1884 1779 ] [    8   21   36 ] [  16026   7027   6690 ] [ 0 ],1.10,1.30,1.30,1.10,65.77,-32.46,0.00,0.00,0.00,0.00,0.00,0.00,0.00,0.00,0.00,0.00,0.00,0.00,-0.00,0.00,0.00,0
1.31577,51,-21,351,0,DRIVE [ 60 ] [ 1 ] [ 1766 1884 1788 ] [    0    0    0 ] [      0      0      0 ] [ 0 ],drive [ 60 ] [ 0 ] [ 1778 1884 1783 ] [    8   21   36 ] [  16026   7027   6690 ] [ 0 ],1.10,1.30,1.30,1.10,66.94,-27.02,0.00,0.00,0.00,0.00,0.00,0.00,0.00,0.00,0.00,0.00,0.00,0.00,-0.00,0.00,0.00,0
1.32993,52,-17,345,0,DRIVE [ 61 ] [ 1 ] [ 1752 1884 1794 ] [    0    0    0 ] [      0      0      0 ] [ 0 ],drive [ 60 ] [ 0 ] [ 1766 1884 1788 ] [   12    7    8 ] [  16026   7027   6690 ] [ 0 ],1.10,1.30,1.30,1.10,67.65,-21.45,0.00,0.00,0.00,0.00,0.00,0.00,0.00,0.00,0.00,0.00,0.00,0.00,-0.00,0.00,0.00,0
1.34273,53,-11,338,0,DRIVE [ 61 ] [ 1 ] [ 1734 1884 1801 ] [    0    0    0 ] [      0      0      0 ] [ 0 ],drive [ 61 ] [ 0 ] [ 1752 1884 1794 ] [   12    7    8 ] [  16026   7027   6690 ] [ 0 ],1.10,1.30,1.30,1.10,68.73,-14.83,0.00,0.00,0.00,0.00,0.00,0.00,0.00,0.00,0.00,0.00,0.00,0.00,0.00,0.00,0.00,0
1.35486,54,-7,334,0,DRIVE [ 62 ] [ 1 ] [ 1714 1884 1806 ] [    0    0    0 ] [      0      0      0 ] [ 0 ],drive [ 61 ] [ 0 ] [ 1734 1884 1801 ] [   12    7    8 ] [  16034   6909   6695 ] [ 0 ],1.10,1.30,1.30,1.10,70.47,-9.49,0.00,0.00,0.00,0.00,0.00,0.00,0.00,0.00,0.00,0.00,0.00,0.00,0.00,0.00,0.00,0
1.36779,56,-4,330,0,DRIVE [ 62 ] [ 1 ] [ 1693 1884 1810 ] [    0    0    0 ] [      0      0      0 ] [ 0 ],drive [ 62 ] [ 0 ] [ 1714 1884 1806 ] [   21   18    6 ] [  16034   6909   6695 ] [ 0 ],1.10,1.30,1.30,1.10,72.47,-4.77,0.00,0.00,0.00,0.00,0.00,0.00,0.00,0.00,0.00,0.00,0.00,0.00,0.00,0.00,0.00,0
1.38048,57,-1,326,0,DRIVE [ 63 ] [ 1 ] [ 1670 1884 1812 ] [    0    0    0 ] [      0      0      0 ] [ 0 ],drive [ 62 ] [ 0 ] [ 1693 1884 1810 ] [   21   18    6 ] [  16034   6909   6695 ] [ 0 ],1.10,1.30,1.30,1.10,74.57,-0.73,0.00,0.00,0.00,0.00,0.00,0.00,0.00,0.00,0.00,0.00,0.00,0.00,0.00,0.00,0.00,0
1.39263,59,2,321,0,DRIVE [ 63 ] [ 1 ] [ 1647 1884 1812 ] [    0    0    0 ] [      0      0      0 ] [ 0 ],drive [ 63 ] [ 0 ] [ 1670 1884 1812 ] [   21   18    6 ] [  16034   6909   6695 ] [ 0 ],1.10,1.30,1.30,1.10,76.58,2.53,0.00,0.00,0.00,0.00,0.00,0.00,0.00,0.00,0.00,0.00,0.00,0.00,0.00,0.00,0.00,0
1.40666,60,5,315,0,DRIVE [ 64 ] [ 1 ] [ 1624 1884 1812 ] [    0    0    0 ] [      0      0      0 ] [ 0 ],drive [ 63 ] [ 0 ] [ 1647 1884 1812 ] [   21   18    6 ] [  16049   6712   6693 ] [ 0 ],1.10,1.30,1.30,1.10,78.07,5.29,0.00,0.00,0.00,0.00,0.00,0.00,0.00,0.00,0.00,0.00,0.00,0.00,0.00,0.00,0.00,0
1.42028,61,8,308,0,DRIVE [ 64 ] [ 1 ] [ 1596 1884 1813 ] [    0    0    0 ] [      0      0      0 ] [ 0 ],drive [ 64 ] [ 0 ] [ 1624 1884 1812 ] [   45   29    6 ] [  16049   6712   6693 ] [ 0 ],1.10,1.30,1.30,1.10,79.59,8.56,0.00,0.00,0.00,0.00,0.00,0.00,0.00,0.00,0.00,0.00,0.00,0.00,0.00,0.00,0.00,0
1.43261,62,11,303,0,DRIVE [ 65 ] [ 1 ] [ 1570 1884 1814 ] [    0    0    0 ] [      0      0      0 ] [ 0 ],drive [ 64 ] [ 0 ] [ 1596 1884 1813 ] [   45   29    6 ] [  16049   6712   6693 ] [ 0 ],1.10,1.30,1.30,1.10,80.90,11.65,0.00,0.00,0.00,0.00,0.00,0.00,0.00,0.00,0.00,0.00,0.00,0.00,0.00,0.00,0.00,0
1.4453,63,13,298,0,DRIVE [ 65 ] [ 1 ] [ 1544 1884 1815 ] [    0    0    0 ] [      0      0      0 ] [ 0 ],drive [ 65 ] [ 0 ] [ 1570 1884 1814 ] [   45   29    6 ] [  16049   6712   6693 ] [ 0 ],1.10,1.30,1.30,1.10,81.83,14.52,0.00,0.00,0.00,0.00,0.00,0.00,0.00,0.00,0.00,0.00,0.00,0.00,0.00,0.00,0.00,0
1.45816,63,16,293,0,DRIVE [ 66 ] [ 1 ] [ 1519 1884 1817 ] [    0    0    0 ] [      0      0      0 ] [ 0 ],drive [ 65 ] [ 0 ] [ 1544 1884 1815 ] [   45   29    6 ] [  16176   6332   6701 ] [ 0 ],1.10,1.30,1.30,1.10,82.18,17.27,0.00,0.00,0.00,0.00,0.00,0.00,0.00,0.00,0.00,0.00,0.00,0.00,0.00,0.00,0.00,0
1.47139,63,18,287,0,DRIVE [ 66 ] [ 1 ] [ 1492 1884 1821 ] [    0    0    0 ] [      0      0      0 ] [ 0 ],drive [ 66 ] [ 0 ] [ 1519 1884 1817 ] [   54   18    5 ] [  16176   6332   6701 ] [ 0 ],1.10,1.30,1.30,1.10,82.19,20.15,0.00,0.00,0.00,0.00,0.00,0.00,0.00,0.00,0.00,0.00,0.00,0.00,0.00,0.00,0.00,0
1.4854,63,21,282,0,DRIVE [ 67 ] [ 1 ] [ 1465 1884 1824 ] [    0    0    0 ] [      0      0      0 ] [ 0 ],drive [ 66 ] [ 0 ] [ 1492 1884 1821 ] [   54   18    5 ] [  16176   6332   6701 ] [ 0 ],1.10,1.30,1.30,1.10,82.06,22.88,0.00,0.00,0.00,0.00,0.00,0.00,0.00,0.00,0.00,0.00,0.00,0.00,0.00,0.00,0.00,0
1.49741,63,23,278,0,DRIVE [ 67 ] [ 1 ] [ 1438 1884 1829 ] [    0    0    0 ] [      0      0      0 ] [ 0 ],drive [ 67 ] [ 0 ] [ 1465 1884 1824 ] [   54   18    5 ] [  16176   6332   6701 ] [ 0 ],1.10,1.30,1.30,1.10,81.94,25.68,0.00,0.00,0.00,0.00,0.00,0.00,0.00,0.00,0.00,0.00,0.00,0.00,0.00,0.00,0.00,0
1.50959,63,26,274,0,DRIVE [ 68 ] [ 1 ] [ 1412 1884 1833 ] [    0    0    0 ] [      0      0      0 ] [ 0 ],drive [ 67 ] [ 0 ] [ 1438 1884 1829 ] [   54   18    5 ] [  16540   6123   6689 ] [ 0 ],1.10,1.30,1.30,1.10,81.29,28.09,0.00,0.00,0.00,0.00,0.00,0.00,0.00,0.00,0.00,0.00,0.00,0.00,0.00,0.00,0.00,0
1.52119,62,28,268,0,DRIVE [ 68 ] [ 1 ] [ 1382 1884 1839 ] [    0    0    0 ] [      0      0      0 ] [ 0 ],drive [ 68 ] [ 0 ] [ 1412 1884 1833 ] [   50    3    7 ] [  16540   6123   6689 ] [ 0 ],1.10,1.30,1.30,1.10,80.63,30.78,0.00,0.00,0.00,0.00,0.00,0.00,0.00,0.00,0.00,0.00,0.00,0.00,0.00,0.00,0.00,0
1.5334,62,30,264,0,DRIVE [ 69 ] [ 1 ] [ 1354 1884 1843 ] [    0    0    0 ] [      0      0      0 ] [ 0 ],drive [ 68 ] [ 0 ] [ 1382 1884 1839 ] [   50    3    7 ] [  16540   6123   6689 ] [ 0 ],1.10,1.30,1.30,1.10,80.25,33.05,0.00,0.00,0.00,0.00,0.00,0.00,0.00,0.00,0.00,0.00,0.00,0.00,0.00,0.00,0.00,0
1.5455,61,32,259,0,DRIVE [ 69 ] [ 1 ] [ 1326 1884 1847 ] [    0    0    0 ] [      0      0      0 ] [ 0 ],drive [ 69 ] [ 0 ] [ 1354 1884 1843 ] [   50    3    7 ] [  16540   6123   6689 ] [ 0 ],1.10,1.30,1.30,1.10,79.89,34.91,0.00,0.00,0.00,0.00,0.00,0.00,0.00,0.00,0.00,0.00,0.00,0.00,0.00,0.00,0.00,0
1.55754,61,33,255,0,DRIVE [ 70 ] [ 1 ] [ 1300 1884 1851 ] [    0    0    0 ] [      0      0      0 ] [ 0 ],drive [ 69 ] [ 0 ] [ 1326 1884 1847 ] [   50    3    7 ] [  16969   6044   6665 ] [ 0 ],1.10,1.30,1.30,1.10,79.36,36.47,0.00,0.00,0.00,0.00,0.00,0.00,0.00,0.00,0.00,0.00,0.00,0.00,0.00,0.00,0.00,0
1.56939,60,34,251,0,DRIVE [ 70 ] [ 1 ] [ 1276 1884 1854 ] [    0    0    0 ] [      0      0      0 ] [ 0 ],drive [ 70 ] [ 0 ] [ 1300 1884 1851 ] [   78   16   28 ] [  16969   6044   6665 ] [ 0 ],1.10,1.30,1.30,1.10,78.64,37.70,0.00,0.00,0.00,0.00,0.00,0.00,0.00,0.00,0.00,0.00,0.00,0.00,0.00,0.00,0.00,0
1.58151,60,35,247,0,DRIVE [ 71 ] [ 1 ] [ 1254 1884 1858 ] [    0    0    0 ] [      0      0      0 ] [ 0 ],drive [ 70 ] [ 0 ] [ 1276 1884 1854 ] [   78   16   28 ] [  16969   6044   6665 ] [ 0 ],1.10,1.30,1.30,1.10,77.51,38.73,0.00,0.00,0.00,0.00,0.00,0.00,0.00,0.00,0.00,0.00,0.00,0.00,0.00,0.00,0.00,0
1.59304,59,36,244,0,DRIVE [ 71 ] [ 1 ] [ 1234 1884 1863 ] [    0    0    0 ] [      0      0      0 ] [ 0 ],drive [ 71 ] [ 0 ] [ 1254 1884 1858 ] [   78   16   28 ] [  16969   6044   6665 ] [ 0 ],1.10,1.30,1.30,1.10,76.26,39.74,0.00,0.00,0.00,0.00,0.00,0.00,0.00,0.00,0.00,0.00,0.00,0.00,0.00,0.00,0.00,0
1.60486,57,37,240,0,DRIVE [ 72 ] [ 1 ] [ 1213 1884 1869 ] [    0    0    0 ] [      0      0      0 ] [ 0 ],drive [ 71 ] [ 0 ] [ 1234 1884 1863 ] [   78   16   28 ] [  17244   5927   6553 ] [ 0 ],1.10,1.30,1.30,1.10,74.52,41.03,0.00,0.00,0.00,0.00,0.00,0.00,0.00,0.00,0.00,0.00,0.00,0.00,0.00,0.00,0.00,0
1.61669,56,38,237,0,DRIVE [ 72 ] [ 1 ] [ 1193 1884 1876 ] [    0    0    0 ] [      0      0      0 ] [ 0 ],drive [ 72 ] [ 0 ] [ 1213 1884 1869 ] [   65   13   13 ] [  17244   5927   6553 ] [ 0 ],1.10,1.30,1.30,1.10,72.63,42.08,0.00,0.00,0.00,0.00,0.00,0.00,0.00,0.00,0.00,0.00,0.00,0.00,0.00,0.00,0.00,0
1.62837,54,39,233,0,DRIVE [ 73 ] [ 1 ] [ 1174 1884 1885 ] [    0    0    0 ] [      0      0      0 ] [ 0 ],drive [ 72 ] [ 0 ] [ 1193 1884 1876 ] [   65   13   13 ] [  17244   5927   6553 ] [ 0 ],1.10,1.30,1.30,1.10,70.46,43.31,0.00,0.00,0.00,0.00,0.00,0.00,0.00,0.00,0.00,0.00,0.00,0.00,0.00,0.00,0.00,0
1.63964,52,41,230,0,DRIVE [ 73 ] [ 1 ] [ 1152 1884 1896 ] [    0    0    0 ] [      0      0      0 ] [ 0 ],drive [ 73 ] [ 0 ] [ 1174 1884 1885 ] [   65   13   13 ] [  17244   5927   6553 ] [ 0 ],1.10,1.30,1.30,1.10,68.07,45.00,0.00,0.00,0.00,0.00,0.00,0.00,0.00,0.00,0.00,0.00,0.00,0.00,0.00,0.00,0.00,0
1.65055,50,42,227,0,DRIVE [ 74 ] [ 1 ] [ 1138 1881 1896 ] [    0    0    0 ] [      0      0      0 ] [ 0 ],drive [ 73 ] [ 0 ] [ 1152 1884 1896 ] [   65   13   13 ] [  17310   5648   6556 ] [ 0 ],1.10,1.30,1.30,1.10,65.32,46.69,0.00,0.00,0.00,0.00,0.00,0.00,0.00,0.00,0.00,0.00,0.00,0.00,0.00,0.00,0.00,0
1.66314,48,44,224,0,DRIVE [ 74 ] [ 1 ] [ 1145 1865 1896 ] [    0    0    0 ] [      0      0      0 ] [ 0 ],drive [ 74 ] [ 0 ] [ 1138 1881 1896 ] [   65   13   13 ] [  17310   5648   6556 ] [ 0 ],1.10,1.30,1.30,1.10,62.37,48.39,0.00,0.00,0.00,0.00,0.00,0.00,0.00,0.00,0.00,0.00,0.00,0.00,0.00,0.00,0.00,0
1.67567,46,45,221,0,DRIVE [ 75 ] [ 1 ] [ 1152 1848 1896 ] [    0    0    0 ] [      0      0      0 ] [ 0 ],drive [ 74 ] [ 0 ] [ 1145 1865 1896 ] [   74   24   19 ] [  17310   5648   6556 ] [ 0 ],1.10,1.30,1.30,1.10,59.25,49.89,0.00,0.00,0.00,0.00,0.00,0.00,0.00,0.00,0.00,0.00,0.00,0.00,0.00,0.00,0.00,0
1.68746,43,47,218,0,DRIVE [ 75 ] [ 1 ] [ 1164 1831 1896 ] [    0    0    0 ] [      0      0      0 ] [ 0 ],drive [ 75 ] [ 0 ] [ 1152 1848 1896 ] [   74   24   19 ] [  17310   5648   6556 ] [ 0 ],1.10,1.30,1.30,1.10,55.99,51.25,0.00,0.00,0.00,0.00,0.00,0.00,0.00,0.00,0.00,0.00,0.00,0.00,0.00,0.00,0.00,0
1.69991,40,48,216,0,DRIVE [ 76 ] [ 1 ] [ 1183 1812 1896 ] [    0    0    0 ] [      0      0      0 ] [ 0 ],drive [ 75 ] [ 0 ] [ 1164 1831 1896 ] [   74   24   19 ] [  17310   5648   6556 ] [ 0 ],1.10,1.30,1.30,1.10,52.27,52.28,0.00,0.00,0.00,0.00,0.00,0.00,0.00,0.00,0.00,0.00,0.00,0.00,0.00,0.00,0.00,0
1.71096,37,48,214,0,DRIVE [ 76 ] [ 1 ] [ 1208 1793 1896 ] [    0    0    0 ] [      0      0      0 ] [ 0 ],drive [ 76 ] [ 0 ] [ 1183 1812 1896 ] [   74   24   19 ] [  17754   5470   6390 ] [ 0 ],1.10,1.30,1.30,1.10,48.19,53.02,0.00,0.00,0.00,0.00,0.00,0.00,0.00,0.00,0.00,0.00,0.00,0.00,0.00,0.00,0.00,0
1.72267,34,49,212,0,DRIVE [ 77 ] [ 1 ] [ 1240 1774 1896 ] [    0    0    0 ] [      0      0      0 ] [ 0 ],drive [ 76 ] [ 0 ] [ 1208 1793 1896 ] [   90   27   20 ] [  17754   5470   6390 ] [ 0 ],1.10,1.30,1.30,1.10,43.61,53.39,0.00,0.00,0.00,0.00,0.00,0.00,0.00,0.00,0.00,0.00,0.00,0.00,0.00,0.00,0.00,0
1.73495,30,49,210,0,DRIVE [ 77 ] [ 1 ] [ 1275 1753 1896 ] [    0    0    0 ] [      0      0      0 ] [ 0 ],drive [ 77 ] [ 0 ] [ 1240 1774 1896 ] [   90   27   20 ] [  17754   5470   6390 ] [ 0 ],1.10,1.30,1.30,1.10,38.76,53.47,0.00,0.00,0.00,0.00,0.00,0.00,0.00,0.00,0.00,0.00,0.00,0.00,0.00,0.00,0.00,0
1.74711,26,49,208,0,DRIVE [ 78 ] [ 1 ] [ 1311 1731 1896 ] [    0    0    0 ] [      0      0      0 ] [ 0 ],drive [ 77 ] [ 0 ] [ 1275 1753 1896 ] [   90   27   20 ] [  17754   5470   6390 ] [ 0 ],1.10,1.30,1.30,1.10,33.87,53.38,0.00,0.00,0.00,0.00,0.00,0.00,0.00,0.00,0.00,0.00,0.00,0.00,0.00,0.00,0.00,0
1.75806,22,48,206,0,DRIVE [ 78 ] [ 1 ] [ 1346 1710 1896 ] [    0    0    0 ] [      0      0      0 ] [ 0 ],drive [ 78 ] [ 0 ] [ 1311 1731 1896 ] [   90   27   20 ] [  18077   5470   6238 ] [ 0 ],1.10,1.30,1.30,1.10,29.15,53.12,0.00,0.00,0.00,0.00,0.00,0.00,0.00,0.00,0.00,0.00,0.00,0.00,0.00,0.00,0.00,0
1.76885,19,48,204,0,DRIVE [ 79 ] [ 1 ] [ 1382 1688 1896 ] [    0    0    0 ] [      0      0      0 ] [ 0 ],drive [ 78 ] [ 0 ] [ 1346 1710 1896 ] [   64   38   19 ] [  18077   5470   6238 ] [ 0 ],1.10,1.30,1.30,1.10,24.50,52.57,0.00,0.00,0.00,0.00,0.00,0.00,0.00,0.00,0.00,0.00,0.00,0.00,0.00,0.00,0.00,0
1.78011,15,47,202,0,DRIVE [ 79 ] [ 1 ] [ 1419 1666 1896 ] [    0    0    0 ] [      0      0      0 ] [ 0 ],drive [ 79 ] [ 0 ] [ 1382 1688 1896 ] [   64   38   19 ] [  18077   5470   6238 ] [ 0 ],1.10,1.30,1.30,1.10,19.83,51.87,0.00,0.00,0.00,0.00,0.00,0.00,0.00,0.00,0.00,0.00,0.00,0.00,0.00,0.00,0.00,0
1.7908,12,46,200,0,DRIVE [ 80 ] [ 1 ] [ 1455 1643 1896 ] [    0    0    0 ] [      0      0      0 ] [ 0 ],drive [ 79 ] [ 0 ] [ 1419 1666 1896 ] [   64   38   19 ] [  18077   5470   6238 ] [ 0 ],1.10,1.30,1.30,1.10,15.26,51.05,0.00,0.00,0.00,0.00,0.00,0.00,0.00,0.00,0.00,0.00,0.00,0.00,0.00,0.00,0.00,0
1.80217,8,46,198,0,DRIVE [ 80 ] [ 1 ] [ 1488 1618 1896 ] [    0    0    0 ] [      0      0      0 ] [ 0 ],drive [ 80 ] [ 0 ] [ 1455 1643 1896 ] [   64   38   19 ] [  18071   5475   6195 ] [ 0 ],1.10,1.30,1.30,1.10,10.79,50.28,0.00,0.00,0.00,0.00,0.00,0.00,0.00,0.00,0.00,0.00,0.00,0.00,0.00,0.00,0.00,0
1.81307,5,45,196,0,DRIVE [ 81 ] [ 1 ] [ 1519 1589 1896 ] [    0    0    0 ] [      0      0      0 ] [ 0 ],drive [ 80 ] [ 0 ] [ 1488 1618 1896 ] [   64   38   19 ] [  18071   5475   6195 ] [ 0 ],1.10,1.30,1.30,1.10,6.41,49.69,0.00,0.00,0.00,0.00,0.00,0.00,0.00,0.00,0.00,0.00,0.00,0.00,0.00,0.00,0.00,0
1.82427,2,45,194,0,DRIVE [ 81 ] [ 1 ] [ 1549 1557 1896 ] [    0    0    0 ] [      0      0      0 ] [ 0 ],drive [ 81 ] [ 0 ] [ 1519 1589 1896 ] [   47   46   24 ] [  18071   5475   6195 ] [ 0 ],1.10,1.30,1.30,1.10,2.02,49.25,0.00,0.00,0.00,0.00,0.00,0.00,0.00,0.00,0.00,0.00,0.00,0.00,0.00,0.00,0.00,0
1.83491,-2,44,192,0,DRIVE [ 82 ] [ 1 ] [ 1576 1524 1896 ] [    0    0    0 ] [      0      0      0 ] [ 0 ],drive [ 81 ] [ 0 ] [ 1549 1557 1896 ] [   47   46   24 ] [  18071   5475   6195 ] [ 0 ],1.10,1.30,1.30,1.10,-2.09,48.59,0.00,0.00,0.00,0.00,0.00,0.00,0.00,0.00,0.00,0.00,0.00,0.00,0.00,0.00,0.00,0
1.84619,-5,44,190,0,DRIVE [ 82 ] [ 1 ] [ 1601 1490 1896 ] [    0    0    0 ] [      0      0      0 ] [ 0 ],drive [ 82 ] [ 0 ] [ 1576 1524 1896 ] [   47   46   24 ] [  18071   5475   6195 ] [ 0 ],1.10,1.30,1.30,1.10,-5.96,47.88,0.00,0.00,0.00,0.00,0.00,0.00,0.00,0.00,0.00,0.00,0.00,0.00,0.00,0.00,0.00,0
1.85678,-9,43,188,0,DRIVE [ 83 ] [ 1 ] [ 1626 1451 1896 ] [    0    0    0 ] [      0      0      0 ] [ 0 ],drive [ 82 ] [ 0 ] [ 1601 1490 1896 ] [   47   46   24 ] [  18066   5553   6087 ] [ 0 ],1.10,1.30,1.30,1.10,-9.91,47.04,0.00,0.00,0.00,0.00,0.00,0.00,0.00,0.00,0.00,0.00,0.00,0.00,0.00,0.00,0.00,0
1.86803,-13,42,186,0,DRIVE [ 83 ] [ 1 ] [ 1653 1410 1896 ] [    0    0    0 ] [      0      0      0 ] [ 0 ],drive [ 83 ] [ 0 ] [ 1626 1451 1896 ] [   28   46   24 ] [  18066   5553   6087 ] [ 0 ],1.10,1.30,1.30,1.10,-13.88,46.00,0.00,0.00,0.00,0.00,0.00,0.00,0.00,0.00,0.00,0.00,0.00,0.00,0.00,0.00,0.00,0
1.87917,-16,41,184,0,DRIVE [ 84 ] [ 1 ] [ 1680 1364 1896 ] [    0    0    0 ] [      0      0      0 ] [ 0 ],drive [ 83 ] [ 0 ] [ 1653 1410 1896 ] [   28   46   24 ] [  18066   5553   6087 ] [ 0 ],1.10,1.30,1.30,1.10,-17.82,44.77,0.00,0.00,0.00,0.00,0.00,-0.00,0.00,0.00,0.00,0.00,0.00,0.00,0.00,0.00,0.00,0
1.88992,-20,40,181,0,DRIVE [ 84 ] [ 1 ] [ 1707 1316 1896 ] [    0    0    0 ] [      0      0      0 ] [ 0 ],drive [ 84 ] [ 0 ] [ 1680 1364 1896 ] [   28   46   24 ] [  18066   5553   6087 ] [ 0 ],1.10,1.30,1.30,1.10,-21.71,43.46,0.00,0.00,0.00,0.00,0.00,-0.00,0.00,0.00,0.00,0.00,0.00,0.00,0.00,0.00,0.00,0
1.90029,-23,38,180,0,DRIVE [ 85 ] [ 1 ] [ 1736 1269 1896 ] [    0    0    0 ] [      0      0      0 ] [ 0 ],drive [ 84 ] [ 0 ] [ 1707 1316 1896 ] [   28   46   24 ] [  17976   5816   6069 ] [ 0 ],1.10,1.30,1.30,1.10,-25.60,42.15,0.00,0.00,0.00,0.00,0.00,-0.00,0.00,0.00,0.00,0.00,0.00,0.00,0.00,0.00,0.00,0
1.91134,-27,37,178,0,DRIVE [ 85 ] [ 1 ] [ 1764 1219 1896 ] [    0    0    0 ] [      0      0      0 ] [ 0 ],drive [ 85 ] [ 0 ] [ 1736 1269 1896 ] [   28   46   24 ] [  17976   5816   6069 ] [ 0 ],1.10,1.30,1.30,1.10,-29.35,40.81,0.00,0.00,0.00,0.00,0.00,-0.00,0.00,0.00,0.00,0.00,0.00,0.00,0.00,0.00,0.00,0
1.92206,-30,36,176,0,DRIVE [ 86 ] [ 1 ] [ 1792 1166 1896 ] [    0    0    0 ] [      0      0      0 ] [ 0 ],drive [ 85 ] [ 0 ] [ 1764 1219 1896 ] [   42   69   24 ] [  17976   5816   6069 ] [ 0 ],1.10,1.30,1.30,1.10,-33.06,39.43,0.00,0.00,0.00,0.00,0.00,-0.00,0.00,0.00,0.00,0.00,0.00,0.00,0.00,0.00,0.00,0
1.93307,-33,35,175,0,DRIVE [ 86 ] [ 1 ] [ 1819 1113 1896 ] [    0    0    0 ] [      0      0      0 ] [ 0 ],drive [ 86 ] [ 0 ] [ 1792 1166 1896 ] [   42   69   24 ] [  17976   5816   6069 ] [ 0 ],1.10,1.30,1.30,1.10,-36.51,37.98,0.00,0.00,0.00,0.00,0.00,-0.00,0.00,0.00,0.00,0.00,0.00,0.00,0.00,0.00,0.00,0
1.94409,-36,33,173,0,DRIVE [ 87 ] [ 1 ] [ 1846 1060 1896 ] [    0    0    0 ] [      0      0      0 ] [ 0 ],drive [ 86 ] [ 0 ] [ 1819 1113 1896 ] [   42   69   24 ] [  17976   5816   6069 ] [ 0 ],1.10,1.30,1.30,1.10,-39.66,36.23,0.00,0.00,0.00,0.00,0.00,-0.00,0.00,0.00,0.00,0.00,0.00,0.00,0.00,0.00,0.00,0
1.95497,-39,31,171,0,DRIVE [ 87 ] [ 1 ] [ 1873 1025 1896 ] [    0    0    0 ] [      0      0      0 ] [ 0 ],drive [ 87 ] [ 0 ] [ 1846 1060 1896 ] [   42   69   24 ] [  17586   6371   6011 ] [ 0 ],1.10,1.30,1.30,1.10,-42.64,34.41,0.00,0.00,0.00,0.00,0.00,-0.00,0.00,0.00,0.00,0.00,0.00,0.00,0.00,0.00,0.00,0
1.96554,-41,30,169,0,DRIVE [ 88 ] [ 1 ] [ 1900 1025 1896 ] [    0    0    0 ] [      0      0      0 ] [ 0 ],drive [ 87 ] [ 0 ] [ 1873 1025 1896 ] [   23   98    1 ] [  17586   6371   6011 ] [ 0 ],1.10,1.30,1.30,1.10,-45.40,32.62,0.00,0.00,0.00,0.00,0.00,-0.00,0.00,0.00,0.00,0.00,0.00,0.00,0.00,0.00,0.00,0
1.97645,-43,28,168,0,DRIVE [ 88 ] [ 1 ] [ 1900 1025 1888 ] [    0    0    0 ] [      0      0      0 ] [ 0 ],drive [ 88 ] [ 0 ] [ 1900 1025 1896 ] [   23   98    1 ] [  17586   6371   6011 ] [ 0 ],1.10,1.30,1.30,1.10,-47.75,30.69,0.00,0.00,0.00,0.00,0.00,-0.00,0.00,0.00,0.00,0.00,0.00,0.00,0.00,0.00,0.00,0
1.98675,-45,26,166,0,DRIVE [ 89 ] [ 1 ] [ 1900 1025 1866 ] [    0    0    0 ] [      0      0      0 ] [ 0 ],drive [ 88 ] [ 0 ] [ 1900 1025 1888 ] [   23   98    1 ] [  17586   6371   6011 ] [ 0 ],1.10,1.30,1.30,1.10,-49.63,28.73,0.00,0.00,0.00,0.00,0.00,-0.00,0.00,0.00,0.00,0.00,0.00,0.00,0.00,0.00,0.00,0
1.99754,-47,25,164,0,DRIVE [ 89 ] [ 1 ] [ 1900 1025 1847 ] [    0    0    0 ] [      0      0      0 ] [ 0 ],drive [ 89 ] [ 0 ] [ 1900 1025 1866 ] [   23   98    1 ] [  17586   6371   6011 ] [ 0 ],1.10,1.30,1.30,1.10,-51.34,27.04,0.00,0.00,0.00,0.00,0.00,-0.00,0.00,0.00,0.00,0.00,0.00,0.00,0.00,0.00,0.00,0
2.00851,-48,23,163,0,DRIVE [ 90 ] [ 1 ] [ 1900 1025 1829 ] [    0    0    0 ] [      0      0      0 ] [ 0 ],drive [ 89 ] [ 0 ] [ 1900 1025 1847 ] [   23   98    1 ] [  16982   6963   6008 ] [ 0 ],1.10,1.30,1.30,1.10,-52.98,25.45,0.00,0.00,0.00,0.00,0.00,-0.00,0.00,0.00,0.00,0.00,0.00,0.00,0.00,0.00,0.00,0
2.01895,-50,22,161,0,DRIVE [ 90 ] [ 1 ] [ 1900 1025 1810 ] [    0    0    0 ] [      0      0      0 ] [ 0 ],drive [ 90 ] [ 0 ] [ 1900 1025 1829 ] [   12   84    3 ] [  16982   6963   6008 ] [ 0 ],1.10,1.30,1.30,1.10,-54.59,23.85,0.00,0.00,0.00,0.00,0.00,-0.00,0.00,0.00,0.00,0.00,0.00,0.00,0.00,0.00,0.00,0
2.0305,-51,20,160,0,DRIVE [ 91 ] [ 1 ] [ 1900 1025 1791 ] [    0    0    0 ] [      0      0      0 ] [ 0 ],drive [ 90 ] [ 0 ] [ 1900 1025 1810 ] [   12   84    3 ] [  16982   6963   6008 ] [ 0 ],1.10,1.30,1.30,1.10,-56.52,22.38,0.00,0.00,0.00,0.00,0.00,-0.00,0.00,0.00,0.00,0.00,0.00,0.00,0.00,0.00,0.00,0
2.04135,-53,19,159,0,DRIVE [ 91 ] [ 1 ] [ 1900 1025 1770 ] [    0    0    0 ] [      0      0      0 ] [ 0 ],drive [ 91 ] [ 0 ] [ 1900 1025 1791 ] [   12   84    3 ] [  16982   6963   6008 ] [ 0 ],1.10,1.30,1.30,1.10,-58.59,20.87,0.00,0.00,0.00,0.00,0.00,-0.00,0.00,0.00,0.00,0.00,0.00,0.00,0.00,0.00,0.00,0
2.05286,-55,18,158,0,DRIVE [ 92 ] [ 1 ] [ 1900 1025 1748 ] [    0    0    0 ] [      0      0      0 ] [ 0 ],drive [ 91 ] [ 0 ] [ 1900 1025 1770 ] [   12   84    3 ] [  16907   7045   6018 ] [ 0 ],1.10,1.30,1.30,1.10,-60.81,19.35,0.00,0.00,0.00,0.00,0.00,-0.00,0.00,0.00,0.00,0.00,0.00,0.00,0.00,0.00,0.00,0
2.06539,-58,16,156,0,DRIVE [ 92 ] [ 1 ] [ 1900 1025 1724 ] [    0    0    0 ] [      0      0      0 ] [ 0 ],drive [ 92 ] [ 0 ] [ 1900 1025 1748 ] [   12   84    3 ] [  16907   7045   6018 ] [ 0 ],1.10,1.30,1.30,1.10,-63.29,17.72,0.00,0.00,0.00,0.00,0.00,-0.00,0.00,0.00,0.00,0.00,0.00,0.00,0.00,0.00,0.00,0
2.07589,-60,15,155,0,DRIVE [ 93 ] [ 1 ] [ 1900 1025 1699 ] [    0    0    0 ] [      0      0      0 ] [ 0 ],drive [ 92 ] [ 0 ] [ 1900 1025 1724 ] [   11   91   26 ] [  16907   7045   6018 ] [ 0 ],1.10,1.30,1.30,1.10,-65.84,16.07,0.00,0.00,0.00,0.00,0.00,-0.00,0.00,0.00,0.00,0.00,0.00,0.00,0.00,0.00,0.00,0
2.0862,-62,13,153,0,DRIVE [ 93 ] [ 1 ] [ 1900 1025 1674 ] [    0    0    0 ] [      0      0      0 ] [ 0 ],drive [ 93 ] [ 0 ] [ 1900 1025 1699 ] [   11   91   26 ] [  16907   7045   6018 ] [ 0 ],1.10,1.30,1.30,1.10,-67.84,14.33,0.00,0.00,0.00,0.00,0.00,-0.00,0.00,0.00,0.00,0.00,0.00,0.00,0.00,0.00,0.00,0
2.09792,-63,11,151,0,DRIVE [ 94 ] [ 1 ] [ 1900 1025 1651 ] [    0    0    0 ] [      0      0      0 ] [ 0 ],drive [ 93 ] [ 0 ] [ 1900 1025 1674 ] [   11   91   26 ] [  16907   7045   6018 ] [ 0 ],1.10,1.30,1.30,1.10,-69.42,12.63,0.00,0.00,0.00,0.00,0.00,-0.00,0.00,0.00,0.00,0.00,0.00,0.00,0.00,0.00,0.00,0
2.10837,-64,10,149,0,DRIVE [ 94 ] [ 1 ] [ 1900 1025 1632 ] [    0    0    0 ] [      0      0      0 ] [ 0 ],drive [ 94 ] [ 0 ] [ 1900 1025 1651 ] [   11   91   26 ] [  16814   7469   6202 ] [ 0 ],1.10,1.30,1.30,1.10,-70.52,11.16,0.00,0.00,0.00,0.00,0.00,-0.00,0.00,0.00,0.00,0.00,0.00,0.00,0.00,0.00,0.00,0
2.1182,-65,9,147,0,DRIVE [ 95 ] [ 1 ] [ 1900 1025 1616 ] [    0    0    0 ] [      0      0      0 ] [ 0 ],drive [ 94 ] [ 0 ] [ 1900 1025 1632 ] [   15  101   34 ] [  16814   7469   6202 ] [ 0 ],1.10,1.30,1.30,1.10,-71.01,9.82,0.00,0.00,0.00,0.00,0.00,-0.00,0.00,0.00,0.00,0.00,0.00,0.00,0.00,0.00,0.00,0
2.12885,-65,8,146,0,DRIVE [ 95 ] [ 1 ] [ 1900 1025 1605 ] [    0    0    0 ] [      0      0      0 ] [ 0 ],drive [ 95 ] [ 0 ] [ 1900 1025 1616 ] [   15  101   34 ] [  16814   7469   6202 ] [ 0 ],1.10,1.30,1.30,1.10,-71.04,8.66,0.00,0.00,0.00,0.00,0.00,-0.00,0.00,0.00,0.00,0.00,0.00,0.00,0.00,0.00,0.00,0
2.13984,-64,7,145,0,DRIVE [ 96 ] [ 1 ] [ 1900 1025 1597 ] [    0    0    0 ] [      0      0      0 ] [ 0 ],drive [ 95 ] [ 0 ] [ 1900 1025 1605 ] [   15  101   34 ] [  16814   7469   6202 ] [ 0 ],1.10,1.30,1.30,1.10,-70.72,7.62,0.00,0.00,0.00,0.00,0.00,-0.00,0.00,0.00,0.00,0.00,0.00,0.00,0.00,0.00,0.00,0
2.14966,-64,6,145,0,DRIVE [ 96 ] [ 1 ] [ 1900 1025 1593 ] [    0    0    0 ] [      0      0      0 ] [ 0 ],drive [ 96 ] [ 0 ] [ 1900 1025 1597 ] [   15  101   34 ] [  16350   7806   6402 ] [ 0 ],1.10,1.30,1.30,1.10,-69.97,6.81,0.00,0.00,0.00,0.00,0.00,-0.00,0.00,0.00,0.00,0.00,0.00,0.00,0.00,0.00,0.00,0
2.15999,-62,6,144,0,DRIVE [ 97 ] [ 1 ] [ 1900 1025 1592 ] [    0    0    0 ] [      0      0      0 ] [ 0 ],drive [ 96 ] [ 0 ] [ 1900 1025 1593 ] [   15  101   34 ] [  16350   7806   6402 ] [ 0 ],1.10,1.30,1.30,1.10,-68.74,6.29,0.00,0.00,0.00,0.00,0.00,-0.00,0.00,0.00,0.00,0.00,0.00,0.00,0.00,0.00,0.00,0
2.17078,-61,6,143,0,DRIVE [ 97 ] [ 1 ] [ 1900 1025 1596 ] [    0    0    0 ] [      0      0      0 ] [ 0 ],drive [ 97 ] [ 0 ] [ 1900 1025 1592 ] [    7   87   43 ] [  16350   7806   6402 ] [ 0 ],1.10,1.30,1.30,1.10,-67.36,6.15,0.00,0.00,0.00,0.00,0.00,-0.00,0.00,0.00,0.00,0.00,0.00,0.00,0.00,0.00,0.00,0
2.18049,-60,6,142,0,DRIVE [ 98 ] [ 1 ] [ 1900 1025 1604 ] [    0    0    0 ] [      0      0      0 ] [ 0 ],drive [ 97 ] [ 0 ] [ 1900 1025 1596 ] [    7   87   43 ] [  16350   7806   6402 ] [ 0 ],1.10,1.30,1.30,1.10,-65.77,6.46,0.00,0.00,0.00,0.00,0.00,-0.00,0.00,0.00,0.00,0.00,0.00,0.00,0.00,0.00,0.00,0
2.1906,-58,6,141,0,DRIVE [ 98 ] [ 1 ] [ 1900 1025 1617 ] [    0    0    0 ] [      0      0      0 ] [ 0 ],drive [ 98 ] [ 0 ] [ 1900 1025 1604 ] [    7   87   43 ] [  16350   7806   6402 ] [ 0 ],1.10,1.30,1.30,1.10,-63.92,7.08,0.00,0.00,0.00,0.00,0.00,-0.00,0.00,0.00,0.00,0.00,0.00,0.00,0.00,0.00,0.00,0
2.20087,-56,7,140,0,DRIVE [ 99 ] [ 1 ] [ 1900 1025 1631 ] [    0    0    0 ] [      0      0      0 ] [ 0 ],drive [ 98 ] [ 0 ] [ 1900 1025 1617 ] [    7   87   43 ] [  16102   7846   6706 ] [ 0 ],1.10,1.30,1.30,1.10,-61.85,7.82,0.00,0.00,0.00,0.00,0.00,-0.00,0.00,0.00,0.00,0.00,0.00,0.00,0.00,0.00,0.00,0
2.21093,-54,8,139,0,DRIVE [ 99 ] [ 1 ] [ 1900 1025 1646 ] [    0    0    0 ] [      0      0      0 ] [ 0 ],drive [ 99 ] [ 0 ] [ 1900 1025 1631 ] [    7   87   43 ] [  16102   7846   6706 ] [ 0 ],1.10,1.30,1.30,1.10,-59.61,8.44,0.00,0.00,0.00,0.00,0.00,-0.00,0.00,0.00,0.00,0.00,0.00,0.00,0.00,0.00,0.00,0
2.22089,-52,8,138,0,DRIVE [ 00 ] [ 1 ] [ 1900 1025 1663 ] [    0    0    0 ] [      0      0      0 ] [ 0 ],drive [ 99 ] [ 0 ] [ 1900 1025 1646 ] [   10   88   24 ] [  16102   7846   6706 ] [ 0 ],1.10,1.30,1.30,1.10,-57.02,8.97,0.00,0.00,0.00,0.00,0.00,-0.00,0.00,0.00,0.00,0.00,0.00,0.00,0.00,0.00,0.00,0
2.23012,-49,9,137,0,DRIVE [ 00 ] [ 1 ] [ 1900 1025 1681 ] [    0    0    0 ] [      0      0      0 ] [ 0 ],drive [ 00 ] [ 0 ] [ 1900 1025 1663 ] [   10   88   24 ] [  16102   7846   6706 ] [ 0 ],1.10,1.30,1.30,1.10,-53.99,9.36,0.00,0.00,0.00,0.00,0.00,-0.00,0.00,0.00,0.00,0.00,0.00,0.00,0.00,0.00,0.00,0
2.23997,-46,9,136,0,DRIVE [ 01 ] [ 1 ] [ 1900 1029 1701 ] [    0    0    0 ] [      0      0      0 ] [ 0 ],drive [ 00 ] [ 0 ] [ 1900 1025 1681 ] [   10   88   24 ] [  16102   7846   6706 ] [ 0 ],1.10,1.30,1.30,1.10,-50.57,9.75,0.00,0.00,0.00,0.00,0.00,-0.00,0.00,0.00,0.00,0.00,0.00,0.00,0.00,0.00,0.00,0
2.24972,-43,9,135,0,DRIVE [ 01 ] [ 1 ] [ 1900 1065 1722 ] [    0    0    0 ] [      0      0      0 ] [ 0 ],drive [ 01 ] [ 0 ] [ 1900 1029 1701 ] [   10   88   24 ] [  15986   8140   6703 ] [ 0 ],1.10,1.30,1.30,1.10,-47.01,10.19,0.00,0.00,0.00,0.00,0.00,-0.00,0.00,0.00,0.00,0.00,0.00,0.00,0.00,-0.00,0.00,0
2.25964,-39,10,134,0,DRIVE [ 02 ] [ 1 ] [ 1900 1103 1746 ] [    0    0    0 ] [      0      0      0 ] [ 0 ],drive [ 01 ] [ 0 ] [ 1900 1065 1722 ] [   10   88   24 ] [  15986   8140   6703 ] [ 0 ],1.10,1.30,1.30,1.10,-43.25,10.69,0.00,0.00,0.00,0.00,0.00,-0.00,0.00,0.00,0.00,0.00,0.00,0.00,0.00,-0.00,0.00,0
2.27007,-36,10,133,0,DRIVE [ 02 ] [ 1 ] [ 1900 1140 1771 ] [    0    0    0 ] [      0      0      0 ] [ 0 ],drive [ 02 ] [ 0 ] [ 1900 1103 1746 ] [   25   82   14 ] [  15986   8140   6703 ] [ 0 ],1.10,1.30,1.30,1.10,-39.53,11.29,0.00,0.00,0.00,0.00,0.00,-0.00,0.00,0.00,0.00,0.00,0.00,0.00,0.00,-0.00,0.00,0
2.28211,-33,11,132,0,DRIVE [ 03 ] [ 1 ] [ 1900 1174 1797 ] [    0    0    0 ] [      0      0      0 ] [ 0 ],drive [ 02 ] [ 0 ] [ 1900 1140 1771 ] [   25   82   14 ] [  15986   8140   6703 ] [ 0 ],1.10,1.30,1.30,1.10,-35.78,12.00,0.00,0.00,0.00,0.00,0.00,-0.00,0.00,0.00,0.00,0.00,0.00,0.00,0.00,-0.00,0.00,0
2.29395,-29,12,131,0,DRIVE [ 03 ] [ 1 ] [ 1900 1207 1825 ] [    0    0    0 ] [      0      0      0 ] [ 0 ],drive [ 03 ] [ 0 ] [ 1900 1174 1797 ] [   25   82   14 ] [  15986   8140   6703 ] [ 0 ],1.10,1.30,1.30,1.10,-32.04,12.84,0.00,0.00,0.00,0.00,0.00,-0.00,0.00,0.00,0.00,0.00,0.00,0.00,0.00,-0.00,0.00,0
2.30637,-26,13,129,0,DRIVE [ 04 ] [ 1 ] [ 1900 1236 1855 ] [    0    0    0 ] [      0      0      0 ] [ 0 ],drive [ 03 ] [ 0 ] [ 1900 1207 1825 ] [   25   82   14 ] [  15950   8158   6683 ] [ 0 ],1.10,1.30,1.30,1.10,-28.28,13.79,0.00,0.00,0.00,0.00,0.00,-0.00,0.00,0.00,0.00,0.00,0.00,0.00,0.00,-0.00,0.00,0
2.31899,-22,14,128,0,DRIVE [ 04 ] [ 1 ] [ 1900 1259 1886 ] [    0    0    0 ] [      0      0      0 ] [ 0 ],drive [ 04 ] [ 0 ] [ 1900 1236 1855 ] [   26   74   10 ] [  15950   8158   6683 ] [ 0 ],1.10,1.30,1.30,1.10,-24.51,14.89,0.00,0.00,0.00,0.00,0.00,-0.00,0.00,0.00,0.00,0.00,0.00,0.00,0.00,-0.00,0.00,0
2.32966,-19,15,127,0,DRIVE [ 05 ] [ 1 ] [ 1891 1303 1886 ] [    0    0    0 ] [      0      0      0 ] [ 0 ],drive [ 04 ] [ 0 ] [ 1900 1259 1886 ] [   26   74   10 ] [  15950   8158   6683 ] [ 0 ],1.10,1.30,1.30,1.10,-20.69,15.99,0.00,0.00,0.00,0.00,0.00,-0.00,0.00,0.00,0.00,0.00,0.00,0.00,0.00,-0.00,0.00,0
2.33955,-15,16,125,0,DRIVE [ 05 ] [ 1 ] [ 1852 1382 1886 ] [    0    0    0 ] [      0      0      0 ] [ 0 ],drive [ 05 ] [ 0 ] [ 1891 1303 1886 ] [   26   74   10 ] [  15950   8158   6683 ] [ 0 ],1.10,1.30,1.30,1.10,-16.87,17.15,0.00,0.00,0.00,0.00,0.00,-0.00,0.00,0.00,0.00,0.00,0.00,0.00,0.00,-0.00,0.00,0
2.34965,-12,17,124,0,DRIVE [ 06 ] [ 1 ] [ 1812 1451 1886 ] [    0    0    0 ] [      0      0      0 ] [ 0 ],drive [ 05 ] [ 0 ] [ 1852 1382 1886 ] [   26   74   10 ] [  15935   8141   6665 ] [ 0 ],1.10,1.30,1.30,1.10,-13.08,18.33,0.00,0.00,0.00,0.00,0.00,-0.00,0.00,0.00,0.00,0.00,0.00,0.00,0.00,-0.00,0.00,0
2.36216,-8,18,122,0,DRIVE [ 06 ] [ 1 ] [ 1768 1509 1886 ] [    0    0    0 ] [      0      0      0 ] [ 0 ],drive [ 06 ] [ 0 ] [ 1812 1451 1886 ] [   26   74   10 ] [  15935   8141   6665 ] [ 0 ],1.10,1.30,1.30,1.10,-9.32,19.53,0.00,0.00,0.00,0.00,0.00,-0.00,0.00,0.00,0.00,0.00,0.00,0.00,0.00,-0.00,0.00,0
2.37391,-5,19,121,0,DRIVE [ 07 ] [ 1 ] [ 1719 1554 1886 ] [    0    0    0 ] [      0      0      0 ] [ 0 ],drive [ 06 ] [ 0 ] [ 1768 1509 1886 ] [   28   70   24 ] [  15935   8141   6665 ] [ 0 ],1.10,1.30,1.30,1.10,-5.70,20.77,0.00,0.00,0.00,0.00,0.00,-0.00,0.00,0.00,0.00,0.00,0.00,0.00,0.00,-0.00,0.00,0
2.38572,-2,20,119,0,DRIVE [ 07 ] [ 1 ] [ 1665 1586 1886 ] [    0    0    0 ] [      0      0      0 ] [ 0 ],drive [ 07 ] [ 0 ] [ 1719 1554 1886 ] [   28   70   24 ] [  15935   8141   6665 ] [ 0 ],1.10,1.30,1.30,1.10,-2.30,22.07,0.00,0.00,0.00,0.00,0.00,-0.00,0.00,0.00,0.00,0.00,0.00,0.00,0.00,0.00,0.00,0
2.3956,1,21,117,0,DRIVE [ 08 ] [ 1 ] [ 1605 1606 1886 ] [    0    0    0 ] [      0      0      0 ] [ 0 ],drive [ 07 ] [ 0 ] [ 1665 1586 1886 ] [   28   70   24 ] [  15935   8141   6665 ] [ 0 ],1.10,1.30,1.30,1.10,0.84,23.46,0.00,0.00,0.00,0.00,0.00,-0.00,0.00,0.00,0.00,0.00,0.00,0.00,0.00,0.00,0.00,0
2.40599,3,23,116,0,DRIVE [ 08 ] [ 1 ] [ 1540 1621 1886 ] [    0    0    0 ] [      0      0      0 ] [ 0 ],drive [ 08 ] [ 0 ] [ 1605 1606 1886 ] [   28   70   24 ] [  15956   7798   6617 ] [ 0 ],1.10,1.30,1.30,1.10,3.87,24.88,0.00,0.00,0.00,0.00,0.00,-0.00,0.00,0.00,0.00,0.00,0.00,0.00,0.00,0.00,0.00,0
2.41787,5,24,114,0,DRIVE [ 09 ] [ 1 ] [ 1477 1629 1886 ] [    0    0    0 ] [      0      0      0 ] [ 0 ],drive [ 08 ] [ 0 ] [ 1540 1621 1886 ] [   48   35   22 ] [  15956   7798   6617 ] [ 0 ],1.10,1.30,1.30,1.10,6.45,26.22,0.00,0.00,0.00,0.00,0.00,-0.00,0.00,0.00,0.00,0.00,0.00,0.00,0.00,0.00,0.00,0
2.43011,7,25,112,0,DRIVE [ 09 ] [ 1 ] [ 1421 1633 1886 ] [    0    0    0 ] [      0      0      0 ] [ 0 ],drive [ 09 ] [ 0 ] [ 1477 1629 1886 ] [   48   35   22 ] [  15956   7798   6617 ] [ 0 ],1.10,1.30,1.30,1.10,8.57,27.40,0.00,0.00,0.00,0.00,0.00,-0.00,0.00,0.00,0.00,0.00,0.00,0.00,0.00,0.00,0.00,0
2.44194,8,26,110,0,DRIVE [ 10 ] [ 1 ] [ 1371 1634 1886 ] [    0    0    0 ] [      0      0      0 ] [ 0 ],drive [ 09 ] [ 0 ] [ 1421 1633 1886 ] [   48   35   22 ] [  15956   7798   6617 ] [ 0 ],1.10,1.30,1.30,1.10,10.27,28.36,0.00,0.00,0.00,0.00,0.00,-0.00,0.00,0.00,0.00,0.00,0.00,0.00,0.00,0.00,0.00,0
2.45117,9,26,109,0,DRIVE [ 10 ] [ 1 ] [ 1331 1636 1886 ] [    0    0    0 ] [      0      0      0 ] [ 0 ],drive [ 10 ] [ 0 ] [ 1371 1634 1886 ] [   48   35   22 ] [  16594   7283   6569 ] [ 0 ],1.10,1.30,1.30,1.10,11.58,29.04,0.00,0.00,0.00,0.00,0.00,-0.00,0.00,0.00,0.00,0.00,0.00,0.00,0.00,0.00,0.00,0
2.4619,10,27,107,0,DRIVE [ 11 ] [ 1 ] [ 1304 1638 1886 ] [    0    0    0 ] [      0      0      0 ] [ 0 ],drive [ 10 ] [ 0 ] [ 1331 1636 1886 ] [   48   35   22 ] [  16594   7283   6569 ] [ 0 ],1.10,1.30,1.30,1.10,12.46,29.37,0.00,0.00,0.00,0.00,0.00,-0.00,0.00,0.00,0.00,0.00,0.00,0.00,0.00,0.00,0.00,0
2.47401,10,27,106,0,DRIVE [ 11 ] [ 1 ] [ 1279 1642 1886 ] [    0    0    0 ] [      0      0      0 ] [ 0 ],drive [ 11 ] [ 0 ] [ 1304 1638 1886 ] [   50   42   10 ] [  16594   7283   6569 ] [ 0 ],1.10,1.30,1.30,1.10,13.30,29.44,0.00,0.00,0.00,0.00,0.00,-0.00,0.00,0.00,0.00,0.00,0.00,0.00,0.00,0.00,0.00,0
2.48571,11,27,105,0,DRIVE [ 12 ] [ 1 ] [ 1261 1649 1886 ] [    0    0    0 ] [      0      0      0 ] [ 0 ],drive [ 11 ] [ 0 ] [ 1279 1642 1886 ] [   50   42   10 ] [  16594   7283   6569 ] [ 0 ],1.10,1.30,1.30,1.10,13.95,29.25,0.00,0.00,0.00,0.00,0.00,-0.00,0.00,0.00,0.00,0.00,0.00,0.00,0.00,0.00,0.00,0
2.49812,11,26,104,0,DRIVE [ 12 ] [ 1 ] [ 1244 1655 1886 ] [    0    0    0 ] [      0      0      0 ] [ 0 ],drive [ 12 ] [ 0 ] [ 1261 1649 1886 ] [   50   42   10 ] [  16594   7283   6569 ] [ 0 ],1.10,1.30,1.30,1.10,14.57,28.99,0.00,0.00,0.00,0.00,0.00,-0.00,0.00,0.00,0.00,0.00,0.00,0.00,0.00,0.00,0.00,0
2.51,12,26,102,0,DRIVE [ 13 ] [ 1 ] [ 1225 1663 1886 ] [    0    0    0 ] [      0      0      0 ] [ 0 ],drive [ 12 ] [ 0 ] [ 1244 1655 1886 ] [   50   42   10 ] [  17284   7138   6340 ] [ 0 ],1.10,1.30,1.30,1.10,15.26,28.72,0.00,0.00,0.00,0.00,0.00,-0.00,0.00,0.00,0.00,0.00,0.00,0.00,0.00,0.00,0.00,0
2.52064,12,26,101,0,DRIVE [ 13 ] [ 1 ] [ 1201 1671 1886 ] [    0    0    0 ] [      0      0      0 ] [ 0 ],drive [ 13 ] [ 0 ] [ 1225 1663 1886 ] [   70   28   16 ] [  17284   7138   6340 ] [ 0 ],1.10,1.30,1.30,1.10,16.06,28.55,0.00,0.00,0.00,0.00,0.00,-0.00,0.00,0.00,0.00,0.00,0.00,0.00,0.00,0.00,0.00,0
2.53203,13,26,100,0,DRIVE [ 14 ] [ 1 ] [ 1173 1681 1886 ] [    0    0    0 ] [      0      0      0 ] [ 0 ],drive [ 13 ] [ 0 ] [ 1201 1671 1886 ] [   70   28   16 ] [  17284   7138   6340 ] [ 0 ],1.10,1.30,1.30,1.10,17.06,28.30,0.00,0.00,0.00,0.00,0.00,-0.00,0.00,0.00,0.00,0.00,0.00,0.00,0.00,0.00,0.00,0
2.54194,14,26,99,0,DRIVE [ 14 ] [ 1 ] [ 1143 1693 1886 ] [    0    0    0 ] [      0      0      0 ] [ 0 ],drive [ 14 ] [ 0 ] [ 1173 1681 1886 ] [   70   28   16 ] [  17284   7138   6340 ] [ 0 ],1.10,1.30,1.30,1.10,18.13,28.06,0.00,0.00,0.00,0.00,0.00,-0.00,0.00,0.00,0.00,0.00,0.00,0.00,0.00,0.00,0.00,0
2.55362,15,25,98,0,DRIVE [ 15 ] [ 1 ] [ 1112 1703 1886 ] [    0    0    0 ] [      0      0      0 ] [ 0 ],drive [ 14 ] [ 0 ] [ 1143 1693 1886 ] [   70   28   16 ] [  17292   7134   6329 ] [ 0 ],1.10,1.30,1.30,1.10,19.12,27.80,0.00,0.00,0.00,0.00,0.00,-0.00,0.00,0.00,0.00,0.00,0.00,0.00,0.00,0.00,0.00,0
2.56595,15,25,97,0,DRIVE [ 15 ] [ 1 ] [ 1085 1713 1886 ] [    0    0    0 ] [      0      0      0 ] [ 0 ],drive [ 15 ] [ 0 ] [ 1112 1703 1886 ] [   78   33   20 ] [  17292   7134   6329 ] [ 0 ],1.10,1.30,1.30,1.10,19.98,27.54,0.00,0.00,0.00,0.00,0.00,-0.00,0.00,0.00,0.00,0.00,0.00,0.00,0.00,0.00,0.00,0
2.57792,16,25,95,0,DRIVE [ 16 ] [ 1 ] [ 1065 1721 1886 ] [    0    0    0 ] [      0      0      0 ] [ 0 ],drive [ 15 ] [ 0 ] [ 1085 1713 1886 ] [   78   33   20 ] [  17292   7134   6329 ] [ 0 ],1.10,1.30,1.30,1.10,20.51,27.16,0.00,0.00,0.00,0.00,0.00,-0.00,0.00,0.00,0.00,0.00,0.00,0.00,0.00,0.00,0.00,0
2.58715,16,24,94,0,DRIVE [ 16 ] [ 1 ] [ 1056 1727 1886 ] [    0    0    0 ] [      0      0      0 ] [ 0 ],drive [ 16 ] [ 0 ] [ 1065 1721 1886 ] [   78   33   20 ] [  17292   7134   6329 ] [ 0 ],1.10,1.30,1.30,1.10,20.66,26.70,0.00,0.00,0.00,0.00,0.00,-0.00,0.00,0.00,0.00,0.00,0.00,0.00,0.00,0.00,0.00,0
2.59799,16,24,93,0,DRIVE [ 17 ] [ 1 ] [ 1065 1728 1886 ] [    0    0    0 ] [      0      0      0 ] [ 0 ],drive [ 16 ] [ 0 ] [ 1056 1727 1886 ] [   78   33   20 ] [  17292   7134   6329 ] [ 0 ],1.10,1.30,1.30,1.10,20.21,26.14,0.00,0.00,0.00,0.00,0.00,-0.00,0.00,0.00,0.00,0.00,0.00,0.00,0.00,0.00,0.00,0
2.60997,15,23,92,0,DRIVE [ 17 ] [ 1 ] [ 1083 1728 1886 ] [    0    0    0 ] [      0      0      0 ] [ 0 ],drive [ 17 ] [ 0 ] [ 1065 1728 1886 ] [   78   33   20 ] [  17684   6823   6234 ] [ 0 ],1.10,1.30,1.30,1.10,19.47,25.47,0.00,0.00,0.00,0.00,0.00,-0.00,0.00,0.00,0.00,0.00,0.00,0.00,0.00,0.00,0.00,0
2.62198,14,22,91,0,DRIVE [ 18 ] [ 1 ] [ 1111 1727 1886 ] [    0    0    0 ] [      0      0      0 ] [ 0 ],drive [ 17 ] [ 0 ] [ 1083 1728 1886 ] [   97   18   16 ] [  17684   6823   6234 ] [ 0 ],1.10,1.30,1.30,1.10,18.42,24.62,0.00,0.00,0.00,0.00,0.00,-0.00,0.00,0.00,0.00,0.00,0.00,0.00,0.00,0.00,0.00,0
2.63391,13,21,90,0,DRIVE [ 18 ] [ 1 ] [ 1146 1727 1886 ] [    0    0    0 ] [      0      0      0 ] [ 0 ],drive [ 18 ] [ 0 ] [ 1111 1727 1886 ] [   97   18   16 ] [  17684   6823   6234 ] [ 0 ],1.10,1.30,1.30,1.10,17.23,23.60,0.00,0.00,0.00,0.00,0.00,-0.00,0.00,0.00,0.00,0.00,0.00,0.00,0.00,0.00,0.00,0
2.64386,12,20,90,0,DRIVE [ 19 ] [ 1 ] [ 1185 1731 1886 ] [    0    0    0 ] [      0      0      0 ] [ 0 ],drive [ 18 ] [ 0 ] [ 1146 1727 1886 ] [   97   18   16 ] [  17684   6823   6234 ] [ 0 ],1.10,1.30,1.30,1.10,16.04,22.37,0.00,0.00,0.00,0.00,0.00,-0.00,0.00,0.00,0.00,0.00,0.00,0.00,0.00,0.00,0.00,0
2.65401,11,19,89,0,DRIVE [ 19 ] [ 1 ] [ 1225 1738 1886 ] [    0    0    0 ] [      0      0      0 ] [ 0 ],drive [ 19 ] [ 0 ] [ 1185 1731 1886 ] [   97   18   16 ] [  18294   6586   5975 ] [ 0 ],1.10,1.30,1.30,1.10,14.95,20.92,0.00,0.00,0.00,0.00,0.00,-0.00,0.00,0.00,0.00,0.00,0.00,0.00,0.00,0.00,0.00,0
2.66731,11,18,88,0,DRIVE [ 20 ] [ 1 ] [ 1263 1749 1886 ] [    0    0    0 ] [      0      0      0 ] [ 0 ],drive [ 19 ] [ 0 ] [ 1225 1738 1886 ] [   74   24    5 ] [  18294   6586   5975 ] [ 0 ],1.10,1.30,1.30,1.10,13.98,19.37,0.00,0.00,0.00,0.00,0.00,-0.00,0.00,0.00,0.00,0.00,0.00,0.00,0.00,0.00,0.00,0
2.67825,10,16,87,0,DRIVE [ 20 ] [ 1 ] [ 1300 1761 1886 ] [    0    0    0 ] [      0      0      0 ] [ 0 ],drive [ 20 ] [ 0 ] [ 1263 1749 1886 ] [   74   24    5 ] [  18294   6586   5975 ] [ 0 ],1.10,1.30,1.30,1.10,13.10,17.82,0.00,0.00,0.00,0.00,0.00,-0.00,0.00,0.00,0.00,0.00,0.00,0.00,-0.00,-0.00,0.00,0
2.69004,9,15,86,0,DRIVE [ 21 ] [ 1 ] [ 1334 1772 1886 ] [    0    0    0 ] [      0      0      0 ] [ 0 ],drive [ 20 ] [ 0 ] [ 1300 1761 1886 ] [   74   24    5 ] [  18294   6586   5975 ] [ 0 ],1.10,1.30,1.30,1.10,12.30,16.37,0.00,0.00,0.00,0.00,0.00,-0.00,0.00,0.00,0.00,0.00,0.00,0.00,-0.00,-0.00,0.00,0
2.70194,9,14,85,0,DRIVE [ 21 ] [ 1 ] [ 1366 1781 1886 ] [    0    0    0 ] [      0      0      0 ] [ 0 ],drive [ 21 ] [ 0 ] [ 1334 1772 1886 ] [   74   24    5 ] [  18397   6540   5825 ] [ 0 ],1.10,1.30,1.30,1.10,11.49,15.08,0.00,0.00,0.00,0.00,0.00,-0.00,0.00,0.00,0.00,0.00,0.00,0.00,-0.00,-0.00,0.00,0
2.7118,8,13,84,0,DRIVE [ 22 ] [ 1 ] [ 1400 1787 1886 ] [    0    0    0 ] [      0      0      0 ] [ 0 ],drive [ 21 ] [ 0 ] [ 1366 1781 1886 ] [   74   24    5 ] [  18397   6540   5825 ] [ 0 ],1.10,1.30,1.30,1.10,10.60,13.98,0.00,0.00,0.00,0.00,0.00,-0.00,0.00,0.00,0.00,0.00,0.00,0.00,-0.00,-0.00,0.00,0
2.72175,7,12,83,0,DRIVE [ 22 ] [ 1 ] [ 1437 1789 1886 ] [    0    0    0 ] [      0      0      0 ] [ 0 ],drive [ 22 ] [ 0 ] [ 1400 1787 1886 ] [   56   19   26 ] [  18397   6540   5825 ] [ 0 ],1.10,1.30,1.30,1.10,9.59,13.02,0.00,0.00,0.00,0.00,0.00,-0.00,0.00,0.00,0.00,0.00,0.00,0.00,-0.00,-0.00,0.00,0
2.73404,7,11,82,0,DRIVE [ 23 ] [ 1 ] [ 1477 1788 1886 ] [    0    0    0 ] [      0      0      0 ] [ 0 ],drive [ 22 ] [ 0 ] [ 1437 1789 1886 ] [   56   19   26 ] [  18397   6540   5825 ] [ 0 ],1.10,1.30,1.30,1.10,8.46,12.17,0.00,0.00,0.00,0.00,0.00,-0.00,0.00,0.00,0.00,0.00,0.00,0.00,-0.00,-0.00,0.00,0
2.74733,5,10,81,0,DRIVE [ 23 ] [ 1 ] [ 1521 1783 1886 ] [    0    0    0 ] [      0      0      0 ] [ 0 ],drive [ 23 ] [ 0 ] [ 1477 1788 1886 ] [   56   19   26 ] [  18397   6540   5825 ] [ 0 ],1.10,1.30,1.30,1.10,7.14,11.44,0.00,0.00,0.00,0.00,0.00,-0.00,0.00,0.00,0.00,0.00,0.00,0.00,-0.00,-0.00,0.00,0
2.75795,4,10,79,0,DRIVE [ 24 ] [ 1 ] [ 1568 1774 1886 ] [    0    0    0 ] [      0      0      0 ] [ 0 ],drive [ 23 ] [ 0 ] [ 1521 1783 1886 ] [   56   19   26 ] [  18389   6210   5808 ] [ 0 ],1.10,1.30,1.30,1.10,5.71,10.78,0.00,0.00,0.00,0.00,0.00,-0.00,0.00,0.00,0.00,0.00,0.00,0.00,-0.00,-0.00,0.00,0
2.76718,3,9,78,0,DRIVE [ 24 ] [ 1 ] [ 1616 1765 1886 ] [    0    0    0 ] [      0      0      0 ] [ 0 ],drive [ 24 ] [ 0 ] [ 1568 1774 1886 ] [   40   33    1 ] [  18389   6210   5808 ] [ 0 ],1.10,1.30,1.30,1.10,4.23,10.11,0.00,0.00,0.00,0.00,0.00,-0.00,0.00,0.00,0.00,0.00,0.00,0.00,-0.00,-0.00,0.00,0
2.77796,2,9,77,0,DRIVE [ 25 ] [ 1 ] [ 1662 1754 1886 ] [    0    0    0 ] [      0      0      0 ] [ 0 ],drive [ 24 ] [ 0 ] [ 1616 1765 1886 ] [   40   33    1 ] [  18389   6210   5808 ] [ 0 ],1.10,1.30,1.30,1.10,2.82,9.48,0.00,0.00,0.00,0.00,0.00,-0.00,0.00,0.00,0.00,0.00,0.00,0.00,-0.00,-0.00,0.00,0
2.78982,1,8,76,0,DRIVE [ 25 ] [ 1 ] [ 1702 1742 1886 ] [    0    0    0 ] [      0      0      0 ] [ 0 ],drive [ 25 ] [ 0 ] [ 1662 1754 1886 ] [   40   33    1 ] [  18389   6210   5808 ] [ 0 ],1.10,1.30,1.30,1.10,1.50,8.83,0.00,0.00,0.00,0.00,0.00,-0.00,0.00,0.00,0.00,0.00,0.00,0.00,-0.00,-0.00,0.00,0
2.80207,0,7,74,0,DRIVE [ 26 ] [ 1 ] [ 1736 1731 1886 ] [    0    0    0 ] [      0      0      0 ] [ 0 ],drive [ 25 ] [ 0 ] [ 1702 1742 1886 ] [   40   33    1 ] [  18350   6144   5743 ] [ 0 ],1.10,1.30,1.30,1.10,0.38,8.20,0.00,0.00,0.00,0.00,0.00,-0.00,0.00,0.00,0.00,0.00,0.00,0.00,-0.00,-0.00,0.00,0
2.81537,0,7,73,0,DRIVE [ 26 ] [ 1 ] [ 1762 1723 1886 ] [    0    0    0 ] [      0      0      0 ] [ 0 ],drive [ 26 ] [ 0 ] [ 1736 1731 1886 ] [   40   33    1 ] [  18350   6144   5743 ] [ 0 ],1.10,1.30,1.30,1.10,-0.45,7.64,0.00,0.00,0.00,0.00,0.00,-0.00,0.00,0.00,0.00,0.00,0.00,0.00,0.00,-0.00,0.00,0
2.82591,-1,7,72,0,DRIVE [ 27 ] [ 1 ] [ 1779 1716 1886 ] [    0    0    0 ] [      0      0      0 ] [ 0 ],drive [ 26 ] [ 0 ] [ 1762 1723 1886 ] [   19   35   18 ] [  18350   6144   5743 ] [ 0 ],1.10,1.30,1.30,1.10,-1.02,7.18,0.00,0.00,0.00,0.00,0.00,-0.00,0.00,0.00,0.00,0.00,0.00,0.00,0.00,-0.00,0.00,0
2.83527,-1,6,71,0,DRIVE [ 27 ] [ 1 ] [ 1792 1709 1886 ] [    0    0    0 ] [      0      0      0 ] [ 0 ],drive [ 27 ] [ 0 ] [ 1779 1716 1886 ] [   19   35   18 ] [  18350   6144   5743 ] [ 0 ],1.10,1.30,1.30,1.10,-1.43,6.84,0.00,0.00,0.00,0.00,0.00,-0.00,0.00,0.00,0.00,0.00,0.00,0.00,0.00,-0.00,0.00,0
2.8473,-2,6,69,0,DRIVE [ 28 ] [ 1 ] [ 1800 1703 1886 ] [    0    0    0 ] [      0      0      0 ] [ 0 ],drive [ 27 ] [ 0 ] [ 1792 1709 1886 ] [   19   35   18 ] [  18350   6144   5743 ] [ 0 ],1.10,1.30,1.30,1.10,-1.72,6.58,0.00,0.00,0.00,0.00,0.00,-0.00,0.00,0.00,0.00,0.00,0.00,0.00,0.00,-0.00,0.00,0
2.85778,-2,6,68,0,DRIVE [ 28 ] [ 1 ] [ 1807 1698 1886 ] [    0    0    0 ] [      0      0      0 ] [ 0 ],drive [ 28 ] [ 0 ] [ 1800 1703 1886 ] [   19   35   18 ] [  18000   6145   5740 ] [ 0 ],1.10,1.30,1.30,1.10,-1.95,6.33,0.00,0.00,0.00,0.00,0.00,-0.00,0.00,0.00,0.00,0.00,0.00,0.00,0.00,-0.00,0.00,0
2.86993,-2,6,67,0,DRIVE [ 29 ] [ 1 ] [ 1813 1694 1886 ] [    0    0    0 ] [      0      0      0 ] [ 0 ],drive [ 28 ] [ 0 ] [ 1807 1698 1886 ] [   15   41   19 ] [  18000   6145   5740 ] [ 0 ],1.10,1.30,1.30,1.10,-2.12,6.11,0.00,0.00,0.00,0.00,0.00,-0.00,0.00,0.00,0.00,0.00,0.00,0.00,0.00,-0.00,0.00,0
2.88193,-2,5,65,0,DRIVE [ 29 ] [ 1 ] [ 1819 1689 1886 ] [    0    0    0 ] [      0      0      0 ] [ 0 ],drive [ 29 ] [ 0 ] [ 1813 1694 1886 ] [   15   41   19 ] [  18000   6145   5740 ] [ 0 ],1.10,1.30,1.30,1.10,-2.28,5.89,0.00,0.00,0.00,0.00,0.00,-0.00,0.00,0.00,0.00,0.00,0.00,0.00,0.00,-0.00,0.00,0
2.8938,-2,5,64,0,DRIVE [ 30 ] [ 1 ] [ 1825 1685 1886 ] [    0    0    0 ] [      0      0      0 ] [ 0 ],drive [ 29 ] [ 0 ] [ 1819 1689 1886 ] [   15   41   19 ] [  18000   6145   5740 ] [ 0 ],1.10,1.30,1.30,1.10,-2.45,5.66,0.00,0.00,0.00,0.00,0.00,-0.00,0.00,0.00,0.00,0.00,0.00,0.00,0.00,-0.00,0.00,0
2.90354,-2,5,63,0,DRIVE [ 30 ] [ 1 ] [ 1831 1682 1886 ] [    0    0    0 ] [      0      0      0 ] [ 0 ],drive [ 30 ] [ 0 ] [ 1825 1685 1886 ] [   15   41   19 ] [  17906   6150   5740 ] [ 0 ],1.10,1.30,1.30,1.10,-2.58,5.39,0.00,0.00,0.00,0.00,0.00,-0.00,0.00,0.00,0.00,0.00,0.00,0.00,0.00,-0.00,0.00,0
2.91349,-2,5,62,0,DRIVE [ 31 ] [ 1 ] [ 1837 1682 1886 ] [    0    0    0 ] [      0      0      0 ] [ 0 ],drive [ 30 ] [ 0 ] [ 1831 1682 1886 ] [   24   44   19 ] [  17906   6150   5740 ] [ 0 ],1.10,1.30,1.30,1.10,-2.63,5.10,0.00,0.00,0.00,0.00,0.00,-0.00,0.00,0.00,0.00,0.00,0.00,0.00,0.00,-0.00,0.00,0
2.92565,-2,4,61,0,DRIVE [ 31 ] [ 1 ] [ 1843 1685 1886 ] [    0    0    0 ] [      0      0      0 ] [ 0 ],drive [ 31 ] [ 0 ] [ 1837 1682 1886 ] [   24   44   19 ] [  17906   6150   5740 ] [ 0 ],1.10,1.30,1.30,1.10,-2.62,4.77,0.00,0.00,0.00,0.00,0.00,-0.00,0.00,0.00,0.00,0.00,0.00,0.00,0.00,-0.00,0.00,0
2.93807,-2,4,60,0,DRIVE [ 32 ] [ 1 ] [ 1848 1691 1886 ] [    0    0    0 ] [      0      0      0 ] [ 0 ],drive [ 31 ] [ 0 ] [ 1843 1685 1886 ] [   24   44   19 ] [  17906   6150   5740 ] [ 0 ],1.10,1.30,1.30,1.10,-2.56,4.43,0.00,0.00,0.00,0.00,0.00,-0.00,0.00,0.00,0.00,0.00,0.00,0.00,0.00,-0.00,0.00,0
2.95001,-2,4,58,0,DRIVE [ 32 ] [ 1 ] [ 1854 1698 1886 ] [    0    0    0 ] [      0      0      0 ] [ 0 ],drive [ 32 ] [ 0 ] [ 1848 1691 1886 ] [   24   44   19 ] [  17855   6154   5740 ] [ 0 ],1.10,1.30,1.30,1.10,-2.46,4.07,0.00,0.00,0.00,0.00,0.00,-0.00,0.00,0.00,0.00,0.00,0.00,0.00,0.00,-0.00,0.00,0
2.95967,-2,3,57,0,DRIVE [ 33 ] [ 1 ] [ 1858 1708 1886 ] [    0    0    0 ] [      0      0      0 ] [ 0 ],drive [ 32 ] [ 0 ] [ 1854 1698 1886 ] [   24   44   19 ] [  17855   6154   5740 ] [ 0 ],1.10,1.30,1.30,1.10,-2.32,3.72,0.00,0.00,0.00,0.00,0.00,-0.00,0.00,0.00,0.00,0.00,0.00,0.00,0.00,-0.00,0.00,0
2.97028,-2,3,56,0,DRIVE [ 33 ] [ 1 ] [ 1861 1722 1886 ] [    0    0    0 ] [      0      0      0 ] [ 0 ],drive [ 33 ] [ 0 ] [ 1858 1708 1886 ] [   28   45   18 ] [  17855   6154   5740 ] [ 0 ],1.10,1.30,1.30,1.10,-2.08,3.38,0.00,0.00,0.00,0.00,0.00,-0.00,0.00,0.00,0.00,0.00,0.00,0.00,0.00,-0.00,0.00,0
2.98165,-2,3,55,0,DRIVE [ 34 ] [ 1 ] [ 1862 1741 1886 ] [    0    0    0 ] [      0      0      0 ] [ 0 ],drive [ 33 ] [ 0 ] [ 1861 1722 1886 ] [   28   45   18 ] [  17855   6154   5740 ] [ 0 ],1.10,1.30,1.30,1.10,-1.73,3.07,0.00,0.00,0.00,0.00,0.00,-0.00,0.00,0.00,0.00,0.00,0.00,0.00,0.00,-0.00,0.00,0
2.99376,-1,3,54,0,DRIVE [ 34 ] [ 1 ] [ 1859 1763 1886 ] [    0    0    0 ] [      0      0      0 ] [ 0 ],drive [ 34 ] [ 0 ] [ 1862 1741 1886 ] [   28   45   18 ] [  17855   6154   5740 ] [ 0 ],1.10,1.30,1.30,1.10,-1.30,2.82,0.00,0.00,0.00,0.00,0.00,-0.00,0.00,0.00,0.00,0.00,0.00,0.00,0.00,-0.00,0.00,0
3.00606,-1,2,53,0,DRIVE [ 35 ] [ 1 ] [ 1852 1783 1886 ] [    0    0    0 ] [      0      0      0 ] [ 0 ],drive [ 34 ] [ 0 ] [ 1859 1763 1886 ] [   28   45   18 ] [  17577   6180   5749 ] [ 0 ],1.10,1.30,1.30,1.10,-0.82,2.67,0.00,0.00,0.00,0.00,0.00,-0.00,0.00,0.00,0.00,0.00,0.00,0.00,0.00,-0.00,0.00,0
3.018,0,2,52,0,DRIVE [ 35 ] [ 1 ] [ 1842 1800 1886 ] [    0    0    0 ] [      0      0      0 ] [ 0 ],drive [ 35 ] [ 0 ] [ 1852 1783 1886 ] [    5   37    8 ] [  17577   6180   5749 ] [ 0 ],1.10,1.30,1.30,1.10,-0.37,2.58,0.00,0.00,0.00,0.00,0.00,-0.00,0.00,0.00,0.00,0.00,0.00,0.00,0.00,-0.00,0.00,0
3.02784,0,2,50,1,DRIVE [ 36 ] [ 1 ] [ 1832 1814 1886 ] [    0    0    0 ] [      0      0      0 ] [ 0 ],drive [ 35 ] [ 0 ] [ 1842 1800 1886 ] [    5   37    8 ] [  17577   6180   5749 ] [ 0 ],1.10,1.30,1.30,1.10,0.03,2.48,0.00,0.00,0.00,0.00,0.00,-0.00,0.00,0.00,0.00,0.00,0.00,0.00,-0.00,-0.00,0.00,0
