timestamp,Xmm,Ymm,Zmm,TouchDetected,OutgoingPacket,IncomingPacket,GainPropAb, GainPropAd, GainPropFl, GainPropEx,PropA, PropB, PropC,GainIntegAb, GainIntegAd, GainIntegFl, GainIntegEx,IntegA, IntegB, IntegC,GainDerivAb, GainDerivAd, GainDerivFl, GainDerivEx,DerivA, DerivB, DerivC,Heading5
0.139311,221,17,515,0,DRIVE [ 90 ] [ 1 ] [ 1889 1892 1900 ] [    0    0    0 ] [      0      0      0 ] [ 0 ],drive [ 90 ] [ 0 ] [ 1905 1892 1905 ] [    3    2   -3 ] [  12389   6563  10986 ] [ 0 ],1.10,1.10,1.10,1.10,243.26,18.37,0.00,0.80,0.80,0.80,0.80,0.00,0.00,0.00,0.00,0.00,0.00,0.80,0.00,0.00,0.00,0
0.152896,215,17,494,0,DRIVE [ 91 ] [ 1 ] [ 1875 1892 1895 ] [    0    0    0 ] [      0      0      0 ] [ 0 ],drive [ 90 ] [ 0 ] [ 1889 1892 1900 ] [    5    8   19 ] [  12389   6563  10986 ] [ 0 ],1.10,1.10,1.10,1.10,236.02,18.72,0.00,0.80,0.80,0.80,0.80,0.00,0.00,0.00,0.00,0.00,0.00,0.80,0.00,0.00,0.00,0
0.166241,218,18,496,0,DRIVE [ 91 ] [ 1 ] [ 1860 1892 1891 ] [    0    0    0 ] [      0      0      0 ] [ 0 ],drive [ 91 ] [ 0 ] [ 1875 1892 1895 ] [    5    8   19 ] [  12389   6563  10986 ] [ 0 ],1.10,1.10,1.10,1.10,239.38,19.94,0.00,0.80,0.80,0.80,0.80,0.00,0.00,0.00,0.00,0.00,0.00,0.80,0.00,0.00,0.00,0
0.179748,219,19,496,0,DRIVE [ 92 ] [ 1 ] [ 1845 1892 1886 ] [    0    0    0 ] [      0      0      0 ] [ 0 ],drive [ 91 ] [ 0 ] [ 1860 1892 1891 ] [    5    8   19 ] [  12389   6536  10969 ] [ 0 ],1.10,1.10,1.10,1.10,240.69,20.40,0.00,0.80,0.80,0.80,0.80,0.00,0.00,0.00,0.00,0.00,0.00,0.80,0.00,0.00,0.00,0
0.193059,219,19,493,0,DRIVE [ 92 ] [ 1 ] [ 1830 1892 1881 ] [    0    0    0 ] [      0      0      0 ] [ 0 ],drive [ 92 ] [ 0 ] [ 1845 1892 1886 ] [    5    8   19 ] [  12389   6536  10969 ] [ 0 ],1.10,1.10,1.10,1.10,240.55,20.74,0.00,0.80,0.80,0.80,0.80,0.00,0.00,0.00,0.00,0.00,0.00,0.80,0.00,0.00,0.00,0
0.208328,219,19,492,0,DRIVE [ 93 ] [ 1 ] [ 1815 1892 1877 ] [    0    0    0 ] [      0      0      0 ] [ 0 ],drive [ 92 ] [ 0 ] [ 1830 1892 1881 ] [    7   12   28 ] [  12389   6536  10969 ] [ 0 ],1.10,1.10,1.10,1.10,241.10,21.26,0.00,0.80,0.80,0.80,0.80,0.00,0.00,0.00,0.00,0.00,0.00,0.80,0.00,0.00,0.00,0
0.223737,222,20,494,0,DRIVE [ 93 ] [ 1 ] [ 1798 1892 1871 ] [    0    0    0 ] [      0      0      0 ] [ 0 ],drive [ 93 ] [ 0 ] [ 1815 1892 1877 ] [    7   12   28 ] [  12389   6536  10969 ] [ 0 ],1.10,1.10,1.10,1.10,243.78,21.74,0.00,0.80,0.80,0.80,0.80,0.00,0.00,0.00,0.00,0.00,0.00,0.80,0.00,0.00,0.00,0
0.238865,220,20,487,0,DRIVE [ 94 ] [ 1 ] [ 1780 1892 1866 ] [    0    0    0 ] [      0      0      0 ] [ 0 ],drive [ 93 ] [ 0 ] [ 1798 1892 1871 ] [    7   12   28 ] [  12393   6536  10965 ] [ 0 ],1.10,1.10,1.10,1.10,242.31,21.81,0.00,0.80,0.80,0.80,0.80,0.00,0.00,0.00,0.00,0.00,0.00,0.80,0.00,0.00,0.00,0
0.254686,220,20,484,0,DRIVE [ 94 ] [ 1 ] [ 1762 1892 1860 ] [    0    0    0 ] [      0      0      0 ] [ 0 ],drive [ 94 ] [ 0 ] [ 1780 1892 1866 ] [   15   12   29 ] [  12393   6536  10965 ] [ 0 ],1.10,1.10,1.10,1.10,242.50,22.00,0.00,0.80,0.80,0.80,0.80,0.00,0.00,0.00,0.00,0.00,0.00,0.80,0.00,0.00,0.00,0
0.267776,222,21,481,0,DRIVE [ 95 ] [ 1 ] [ 1741 1892 1854 ] [    0    0    0 ] [      0      0      0 ] [ 0 ],drive [ 94 ] [ 0 ] [ 1762 1892 1860 ] [   15   12   29 ] [  12393   6536  10965 ] [ 0 ],1.10,1.10,1.10,1.10,244.47,22.61,0.00,0.80,0.80,0.80,0.80,0.00,0.00,0.00,0.00,0.00,0.00,0.80,0.00,0.00,0.00,0
0.281129,223,21,476,0,DRIVE [ 95 ] [ 1 ] [ 1724 1892 1849 ] [    0    0    0 ] [      0      0      0 ] [ 0 ],drive [ 95 ] [ 0 ] [ 1741 1892 1854 ] [   15   12   29 ] [  12402   6536  10967 ] [ 0 ],1.10,1.10,1.10,1.10,245.43,23.27,0.00,0.80,0.80,0.80,0.80,0.00,0.00,0.00,0.00,0.00,0.00,0.80,0.00,0.00,0.00,0
0.294618,223,22,469,0,DRIVE [ 96 ] [ 1 ] [ 1705 1892 1844 ] [    0    0    0 ] [      0      0      0 ] [ 0 ],drive [ 95 ] [ 0 ] [ 1724 1892 1849 ] [   28   12   30 ] [  12402   6536  10967 ] [ 0 ],1.10,1.10,1.10,1.10,244.93,23.87,0.00,0.80,0.80,0.80,0.80,0.00,0.00,0.00,0.00,0.00,0.00,0.80,0.00,0.00,0.00,0
0.310582,224,22,462,0,DRIVE [ 96 ] [ 1 ] [ 1685 1892 1838 ] [    0    0    0 ] [      0      0      0 ] [ 0 ],drive [ 96 ] [ 0 ] [ 1705 1892 1844 ] [   28   12   30 ] [  12402   6536  10967 ] [ 0 ],1.10,1.10,1.10,1.10,246.47,24.67,0.00,0.80,0.80,0.80,0.80,0.00,0.00,0.00,0.00,0.00,0.00,0.80,0.00,0.00,0.00,0
0.323774,227,23,459,0,DRIVE [ 97 ] [ 1 ] [ 1661 1892 1831 ] [    0    0    0 ] [      0      0      0 ] [ 0 ],drive [ 96 ] [ 0 ] [ 1685 1892 1838 ] [   28   12   30 ] [  12402   6536  10967 ] [ 0 ],1.10,1.10,1.10,1.10,249.51,25.56,0.00,0.80,0.80,0.80,0.80,0.00,0.00,0.00,0.00,0.00,0.00,0.80,0.00,0.00,0.00,0
0.337088,228,24,453,0,DRIVE [ 97 ] [ 1 ] [ 1639 1892 1825 ] [    0    0    0 ] [      0      0      0 ] [ 0 ],drive [ 97 ] [ 0 ] [ 1661 1892 1831 ] [   28   12   30 ] [  12485   6533  10969 ] [ 0 ],1.10,1.10,1.10,1.10,250.91,26.27,0.00,0.80,0.80,0.80,0.80,0.00,0.00,0.00,0.00,0.00,0.00,0.80,0.00,0.00,0.00,0
0.351136,231,24,448,0,DRIVE [ 98 ] [ 1 ] [ 1616 1892 1818 ] [    0    0    0 ] [      0      0      0 ] [ 0 ],drive [ 97 ] [ 0 ] [ 1639 1892 1825 ] [   41   15   32 ] [  12485   6533  10969 ] [ 0 ],1.10,1.10,1.10,1.10,254.43,26.92,0.00,0.80,0.80,0.80,0.80,0.00,0.00,0.00,0.00,0.00,0.00,0.80,0.00,0.00,0.00,0
0.363978,232,25,441,0,DRIVE [ 98 ] [ 1 ] [ 1591 1892 1811 ] [    0    0    0 ] [      0      0      0 ] [ 0 ],drive [ 98 ] [ 0 ] [ 1616 1892 1818 ] [   41   15   32 ] [  12485   6533  10969 ] [ 0 ],1.10,1.10,1.10,1.10,255.46,27.23,0.00,0.80,0.80,0.80,0.80,0.00,0.00,0.00,0.00,0.00,0.00,0.80,0.00,0.00,0.00,0
0.377446,234,25,435,0,DRIVE [ 99 ] [ 1 ] [ 1568 1892 1804 ] [    0    0    0 ] [      0      0      0 ] [ 0 ],drive [ 98 ] [ 0 ] [ 1591 1892 1811 ] [   41   15   32 ] [  12485   6533  10969 ] [ 0 ],1.10,1.10,1.10,1.10,257.31,27.34,0.00,0.80,0.80,0.80,0.80,0.00,0.00,0.00,0.00,0.00,0.00,0.80,0.00,0.00,0.00,0
0.392625,233,25,426,0,DRIVE [ 99 ] [ 1 ] [ 1545 1892 1797 ] [    0    0    0 ] [      0      0      0 ] [ 0 ],drive [ 99 ] [ 0 ] [ 1568 1892 1804 ] [   41   15   32 ] [  12660   6530  10970 ] [ 0 ],1.10,1.10,1.10,1.10,256.20,27.15,0.00,0.80,0.80,0.80,0.80,0.00,0.00,0.00,0.00,0.00,0.00,0.80,0.00,0.00,0.00,0
0.408078,235,25,422,0,DRIVE [ 00 ] [ 1 ] [ 1518 1892 1788 ] [    0    0    0 ] [      0      0      0 ] [ 0 ],drive [ 99 ] [ 0 ] [ 1545 1892 1797 ] [   57   15   34 ] [  12660   6530  10970 ] [ 0 ],1.10,1.10,1.10,1.10,258.36,27.14,0.00,0.80,0.80,0.80,0.80,0.00,0.00,0.00,0.00,0.00,0.00,0.80,0.00,0.00,0.00,0
0.421668,237,24,417,0,DRIVE [ 00 ] [ 1 ] [ 1490 1892 1779 ] [    0    0    0 ] [      0      0      0 ] [ 0 ],drive [ 00 ] [ 0 ] [ 1518 1892 1788 ] [   57   15   34 ] [  12660   6530  10970 ] [ 0 ],1.10,1.10,1.10,1.10,260.53,26.84,0.00,0.80,0.80,0.80,0.80,0.00,0.00,0.00,0.00,0.00,0.00,0.80,0.00,0.00,0.00,0
0.434822,237,24,411,0,DRIVE [ 01 ] [ 1 ] [ 1465 1892 1771 ] [    0    0    0 ] [      0      0      0 ] [ 0 ],drive [ 00 ] [ 0 ] [ 1490 1892 1779 ] [   57   15   34 ] [  12969   6525  10966 ] [ 0 ],1.10,1.10,1.10,1.10,260.99,26.17,0.00,0.80,0.80,0.80,0.80,0.00,0.00,0.00,0.00,0.00,0.00,0.80,0.00,0.00,0.00,0
0.450343,239,23,406,0,DRIVE [ 01 ] [ 1 ] [ 1440 1892 1762 ] [    0    0    0 ] [      0      0      0 ] [ 0 ],drive [ 01 ] [ 0 ] [ 1465 1892 1771 ] [   64   25   38 ] [  12969   6525  10966 ] [ 0 ],1.10,1.10,1.10,1.10,262.40,25.58,0.00,0.80,0.80,0.80,0.80,0.00,0.00,0.00,0.00,0.00,0.00,0.80,0.00,0.00,0.00,0
0.463341,238,23,400,0,DRIVE [ 02 ] [ 1 ] [ 1413 1892 1752 ] [    0    0    0 ] [      0      0      0 ] [ 0 ],drive [ 01 ] [ 0 ] [ 1440 1892 1762 ] [   64   25   38 ] [  12969   6525  10966 ] [ 0 ],1.10,1.10,1.10,1.10,262.29,24.82,0.00,0.80,0.80,0.80,0.80,0.00,0.00,0.00,0.00,0.00,0.00,0.80,0.00,0.00,0.00,0
0.47748,238,22,393,0,DRIVE [ 02 ] [ 1 ] [ 1387 1892 1744 ] [    0    0    0 ] [      0      0      0 ] [ 0 ],drive [ 02 ] [ 0 ] [ 1413 1892 1752 ] [   64   25   38 ] [  12969   6525  10966 ] [ 0 ],1.10,1.10,1.10,1.10,262.28,24.37,0.00,0.80,0.80,0.80,0.80,0.00,0.00,0.00,0.00,0.00,0.00,0.80,0.00,0.00,0.00,0
0.490199,239,22,388,0,DRIVE [ 03 ] [ 1 ] [ 1359 1892 1735 ] [    0    0    0 ] [      0      0      0 ] [ 0 ],drive [ 02 ] [ 0 ] [ 1387 1892 1744 ] [   64   25   38 ] [  13130   6457  10968 ] [ 0 ],1.10,1.10,1.10,1.10,262.41,24.22,0.00,0.80,0.80,0.80,0.80,0.00,0.00,0.00,0.00,0.00,0.00,0.80,0.00,0.00,0.00,0
0.502925,238,22,380,0,DRIVE [ 03 ] [ 1 ] [ 1334 1892 1726 ] [    0    0    0 ] [      0      0      0 ] [ 0 ],drive [ 03 ] [ 0 ] [ 1359 1892 1735 ] [   52   18   40 ] [  13130   6457  10968 ] [ 0 ],1.10,1.10,1.10,1.10,261.28,23.79,0.00,0.80,0.80,0.80,0.80,0.00,0.00,0.00,0.00,0.00,0.00,0.80,0.00,0.00,0.00,0
0.516443,240,22,379,0,DRIVE [ 04 ] [ 1 ] [ 1308 1892 1718 ] [    0    0    0 ] [      0      0      0 ] [ 0 ],drive [ 03 ] [ 0 ] [ 1334 1892 1726 ] [   52   18   40 ] [  13130   6457  10968 ] [ 0 ],1.10,1.10,1.10,1.10,263.71,24.00,0.00,0.80,0.80,0.80,0.80,0.00,0.00,0.00,0.00,0.00,0.00,0.80,0.00,0.00,0.00,0
0.53412,239,22,373,0,DRIVE [ 04 ] [ 1 ] [ 1281 1892 1710 ] [    0    0    0 ] [      0      0      0 ] [ 0 ],drive [ 04 ] [ 0 ] [ 1308 1892 1718 ] [   52   18   40 ] [  13261   6327  10970 ] [ 0 ],1.10,1.10,1.10,1.10,262.73,24.00,0.00,0.80,0.80,0.80,0.80,0.00,0.00,0.00,0.00,0.00,0.00,0.80,0.00,0.00,0.00,0
0.5476,242,23,371,0,DRIVE [ 05 ] [ 1 ] [ 1244 1892 1699 ] [    0    0    0 ] [      0      0      0 ] [ 0 ],drive [ 04 ] [ 0 ] [ 1281 1892 1710 ] [   73   25   42 ] [  13261   6327  10970 ] [ 0 ],1.10,1.10,1.10,1.10,265.83,24.85,0.00,0.80,0.80,0.80,0.80,0.00,0.00,0.00,0.00,0.00,0.00,0.80,0.00,0.00,0.00,0
0.560295,243,23,367,0,DRIVE [ 05 ] [ 1 ] [ 1213 1892 1691 ] [    0    0    0 ] [      0      0      0 ] [ 0 ],drive [ 05 ] [ 0 ] [ 1244 1892 1699 ] [   73   25   42 ] [  13261   6327  10970 ] [ 0 ],1.10,1.10,1.10,1.10,266.98,25.36,0.00,0.80,0.80,0.80,0.80,0.00,0.00,0.00,0.00,0.00,0.00,0.80,0.00,0.00,0.00,0
0.574492,243,23,362,0,DRIVE [ 06 ] [ 1 ] [ 1184 1892 1682 ] [    0    0    0 ] [      0      0      0 ] [ 0 ],drive [ 05 ] [ 0 ] [ 1213 1892 1691 ] [   73   25   42 ] [  13261   6327  10970 ] [ 0 ],1.10,1.10,1.10,1.10,267.53,25.63,0.00,0.80,0.80,0.80,0.80,0.00,0.00,0.00,0.00,0.00,0.00,0.80,0.00,0.00,0.00,0
0.587539,245,23,359,0,DRIVE [ 06 ] [ 1 ] [ 1153 1892 1672 ] [    0    0    0 ] [      0      0      0 ] [ 0 ],drive [ 06 ] [ 0 ] [ 1184 1892 1682 ] [   73   25   42 ] [  13545   6247  10970 ] [ 0 ],1.10,1.10,1.10,1.10,269.10,25.64,0.00,0.80,0.80,0.80,0.80,0.00,0.00,0.00,0.00,0.00,0.00,0.80,0.00,0.00,0.00,0
0.60032,247,24,357,0,DRIVE [ 07 ] [ 1 ] [ 1122 1892 1663 ] [    0    0    0 ] [      0      0      0 ] [ 0 ],drive [ 06 ] [ 0 ] [ 1153 1892 1672 ] [   71    8   44 ] [  13545   6247  10970 ] [ 0 ],1.10,1.10,1.10,1.10,271.26,26.16,0.00,0.80,0.80,0.80,0.80,0.00,0.00,0.00,0.00,0.00,0.00,0.80,0.00,0.00,0.00,0
0.613442,249,24,355,0,DRIVE [ 07 ] [ 1 ] [ 1091 1892 1655 ] [    0    0    0 ] [      0      0      0 ] [ 0 ],drive [ 07 ] [ 0 ] [ 1122 1892 1663 ] [   71    8   44 ] [  13545   6247  10970 ] [ 0 ],1.10,1.10,1.10,1.10,273.72,26.94,0.00,0.80,0.80,0.80,0.80,0.00,0.00,0.00,0.00,0.00,0.00,0.80,0.00,0.00,0.00,0
0.625802,248,25,349,0,DRIVE [ 08 ] [ 1 ] [ 1059 1892 1647 ] [    0    0    0 ] [      0      0      0 ] [ 0 ],drive [ 07 ] [ 0 ] [ 1091 1892 1655 ] [   71    8   44 ] [  13545   6247  10970 ] [ 0 ],1.10,1.10,1.10,1.10,273.31,27.49,0.00,0.80,0.80,0.80,0.80,0.00,0.00,0.00,0.00,0.00,0.00,0.80,0.00,0.00,0.00,0
0.63832,249,25,345,0,DRIVE [ 08 ] [ 1 ] [ 1029 1892 1638 ] [    0    0    0 ] [      0      0      0 ] [ 0 ],drive [ 08 ] [ 0 ] [ 1059 1892 1647 ] [   71    8   44 ] [  13877   6220  10968 ] [ 0 ],1.10,1.10,1.10,1.10,273.92,27.89,0.00,0.80,0.80,0.80,0.80,0.00,0.00,0.00,0.00,0.00,0.00,0.80,0.00,0.00,0.00,0
0.651293,248,25,339,0,DRIVE [ 09 ] [ 1 ] [ 1025 1892 1630 ] [    0    0    0 ] [      0      0      0 ] [ 0 ],drive [ 08 ] [ 0 ] [ 1029 1892 1638 ] [  101   24   50 ] [  13877   6220  10968 ] [ 0 ],1.10,1.10,1.10,1.10,272.48,27.87,0.00,0.80,0.80,0.80,0.80,0.00,0.00,0.00,0.00,0.00,0.00,0.80,0.00,0.00,0.00,0
0.663607,248,26,336,0,DRIVE [ 09 ] [ 1 ] [ 1025 1892 1621 ] [    0    0    0 ] [      0      0      0 ] [ 0 ],drive [ 09 ] [ 0 ] [ 1025 1892 1630 ] [  101   24   50 ] [  13877   6220  10968 ] [ 0 ],1.10,1.10,1.10,1.10,272.97,28.34,0.00,0.80,0.80,0.80,0.80,0.00,0.00,0.00,0.00,0.00,0.00,0.80,0.00,0.00,0.00,0
0.677158,247,26,331,0,DRIVE [ 10 ] [ 1 ] [ 1025 1892 1614 ] [    0    0    0 ] [      0      0      0 ] [ 0 ],drive [ 09 ] [ 0 ] [ 1025 1892 1621 ] [  101   24   50 ] [  13877   6220  10968 ] [ 0 ],1.10,1.10,1.10,1.10,271.46,28.66,0.00,0.80,0.80,0.80,0.80,0.00,0.00,0.00,0.00,0.00,0.00,0.80,0.00,0.00,0.00,0
0.689596,246,27,328,0,DRIVE [ 10 ] [ 1 ] [ 1025 1892 1608 ] [    0    0    0 ] [      0      0      0 ] [ 0 ],drive [ 10 ] [ 0 ] [ 1025 1892 1614 ] [  101   24   50 ] [  14373   6114  10937 ] [ 0 ],1.10,1.10,1.10,1.10,270.27,29.26,0.00,0.80,0.80,0.80,0.80,0.00,0.00,0.00,0.00,0.00,0.00,0.80,0.00,0.00,0.00,0
0.702258,244,27,325,0,DRIVE [ 11 ] [ 1 ] [ 1025 1892 1603 ] [    0    0    0 ] [      0      0      0 ] [ 0 ],drive [ 10 ] [ 0 ] [ 1025 1892 1608 ] [   97   12   33 ] [  14373   6114  10937 ] [ 0 ],1.10,1.10,1.10,1.10,268.73,29.92,0.00,0.80,0.80,0.80,0.80,0.00,0.00,0.00,0.00,0.00,0.00,0.80,0.00,0.00,0.00,0
0.715257,243,28,322,0,DRIVE [ 11 ] [ 1 ] [ 1025 1892 1598 ] [    0    0    0 ] [      0      0      0 ] [ 0 ],drive [ 11 ] [ 0 ] [ 1025 1892 1603 ] [   97   12   33 ] [  14373   6114  10937 ] [ 0 ],1.10,1.10,1.10,1.10,267.49,30.66,0.00,0.80,0.80,0.80,0.80,0.00,0.00,0.00,0.00,0.00,0.00,0.80,0.00,0.00,0.00,0
0.727699,240,28,316,0,DRIVE [ 12 ] [ 1 ] [ 1025 1892 1593 ] [    0    0    0 ] [      0      0      0 ] [ 0 ],drive [ 11 ] [ 0 ] [ 1025 1892 1598 ] [   97   12   33 ] [  14373   6114  10937 ] [ 0 ],1.10,1.10,1.10,1.10,263.65,30.92,0.00,0.80,0.80,0.80,0.80,0.00,0.00,0.00,0.00,0.00,0.00,0.80,0.00,0.00,0.00,0
0.740085,238,29,313,0,DRIVE [ 12 ] [ 1 ] [ 1025 1892 1588 ] [    0    0    0 ] [      0      0      0 ] [ 0 ],drive [ 12 ] [ 0 ] [ 1025 1892 1593 ] [   97   12   33 ] [  14522   6059  10880 ] [ 0 ],1.10,1.10,1.10,1.10,262.02,31.36,0.00,0.80,0.80,0.80,0.80,0.00,0.00,0.00,0.00,0.00,0.00,0.80,-0.00,-0.00,0.00,0
0.752947,235,29,308,0,DRIVE [ 13 ] [ 1 ] [ 1025 1892 1584 ] [    0    0    0 ] [      0      0      0 ] [ 0 ],drive [ 12 ] [ 0 ] [ 1025 1892 1588 ] [   99   23   49 ] [  14522   6059  10880 ] [ 0 ],1.10,1.10,1.10,1.10,259.05,31.98,0.00,0.80,0.80,0.80,0.80,0.00,0.00,0.00,0.00,0.00,0.00,0.80,-0.00,-0.00,0.00,0
0.765082,233,29,304,0,DRIVE [ 13 ] [ 1 ] [ 1025 1892 1579 ] [    0    0    0 ] [      0      0      0 ] [ 0 ],drive [ 13 ] [ 0 ] [ 1025 1892 1584 ] [   99   23   49 ] [  14522   6059  10880 ] [ 0 ],1.10,1.10,1.10,1.10,256.81,32.43,0.00,0.80,0.80,0.80,0.80,0.00,0.00,0.00,0.00,0.00,0.00,0.80,-0.00,-0.00,0.00,0
0.777735,231,30,300,0,DRIVE [ 14 ] [ 1 ] [ 1025 1892 1574 ] [    0    0    0 ] [      0      0      0 ] [ 0 ],drive [ 13 ] [ 0 ] [ 1025 1892 1579 ] [   99   23   49 ] [  14522   6059  10880 ] [ 0 ],1.10,1.10,1.10,1.10,254.17,32.60,0.00,0.80,0.80,0.80,0.80,0.00,0.00,0.00,0.00,0.00,0.00,0.80,-0.00,-0.00,0.00,0
0.790188,228,29,297,0,DRIVE [ 14 ] [ 1 ] [ 1025 1892 1570 ] [    0    0    0 ] [      0      0      0 ] [ 0 ],drive [ 14 ] [ 0 ] [ 1025 1892 1574 ] [   99   23   49 ] [  14874   6055  10703 ] [ 0 ],1.10,1.10,1.10,1.10,251.33,32.39,0.00,0.80,0.80,0.80,0.80,0.00,0.00,0.00,0.00,0.00,0.00,0.80,-0.00,-0.00,0.00,0
0.802296,226,29,295,0,DRIVE [ 15 ] [ 1 ] [ 1025 1892 1565 ] [    0    0    0 ] [      0      0      0 ] [ 0 ],drive [ 14 ] [ 0 ] [ 1025 1892 1570 ] [  108   24   43 ] [  14874   6055  10703 ] [ 0 ],1.10,1.10,1.10,1.10,249.12,32.20,0.00,0.80,0.80,0.80,0.80,0.00,0.00,0.00,0.00,0.00,0.00,0.80,-0.00,-0.00,0.00,0
0.815199,224,29,294,0,DRIVE [ 15 ] [ 1 ] [ 1025 1892 1562 ] [    0    0    0 ] [      0      0      0 ] [ 0 ],drive [ 15 ] [ 0 ] [ 1025 1892 1565 ] [  108   24   43 ] [  14874   6055  10703 ] [ 0 ],1.10,1.10,1.10,1.10,246.76,31.97,0.00,0.80,0.80,0.80,0.80,0.00,0.00,0.00,0.00,0.00,0.00,0.80,-0.00,-0.00,0.00,0
0.827251,222,29,292,0,DRIVE [ 16 ] [ 1 ] [ 1025 1892 1558 ] [    0    0    0 ] [      0      0      0 ] [ 0 ],drive [ 15 ] [ 0 ] [ 1025 1892 1562 ] [  108   24   43 ] [  14874   6055  10703 ] [ 0 ],1.10,1.10,1.10,1.10,244.14,31.50,0.00,0.80,0.80,0.80,0.80,0.00,0.00,0.00,0.00,0.00,0.00,0.80,-0.00,-0.00,0.00,0
0.842261,219,28,290,0,DRIVE [ 16 ] [ 1 ] [ 1025 1892 1555 ] [    0    0    0 ] [      0      0      0 ] [ 0 ],drive [ 16 ] [ 0 ] [ 1025 1892 1558 ] [  108   24   43 ] [  15380   6023  10602 ] [ 0 ],1.10,1.10,1.10,1.10,240.70,30.86,0.00,0.80,0.80,0.80,0.80,0.00,0.00,0.00,0.00,0.00,0.00,0.80,-0.00,-0.00,0.00,0
0.854503,215,28,289,0,DRIVE [ 17 ] [ 1 ] [ 1025 1892 1554 ] [    0    0    0 ] [      0      0      0 ] [ 0 ],drive [ 16 ] [ 0 ] [ 1025 1892 1555 ] [   82   18   38 ] [  15380   6023  10602 ] [ 0 ],1.10,1.10,1.10,1.10,236.67,30.66,0.00,0.80,0.80,0.80,0.80,0.00,0.00,0.00,0.00,0.00,0.00,0.80,-0.00,-0.00,0.00,0
0.867109,212,28,289,0,DRIVE [ 17 ] [ 1 ] [ 1025 1892 1554 ] [    0    0    0 ] [      0      0      0 ] [ 0 ],drive [ 17 ] [ 0 ] [ 1025 1892 1554 ] [   82   18   38 ] [  15380   6023  10602 ] [ 0 ],1.10,1.10,1.10,1.10,233.27,30.66,0.00,0.80,0.80,0.80,0.80,0.00,0.00,0.00,0.00,0.00,0.00,0.80,-0.00,-0.00,0.00,0
0.879847,209,28,289,0,DRIVE [ 18 ] [ 1 ] [ 1025 1892 1554 ] [    0    0    0 ] [      0      0      0 ] [ 0 ],drive [ 17 ] [ 0 ] [ 1025 1892 1554 ] [   82   18   38 ] [  15453   6023  10500 ] [ 0 ],1.10,1.10,1.10,1.10,230.38,30.56,0.00,0.80,0.80,0.80,0.80,0.00,0.00,0.00,0.00,0.00,0.00,0.80,-0.00,-0.00,0.00,0
0.89193,206,27,287,0,DRIVE [ 18 ] [ 1 ] [ 1025 1892 1552 ] [    0    0    0 ] [      0      0      0 ] [ 0 ],drive [ 18 ] [ 0 ] [ 1025 1892 1554 ] [   82   18   38 ] [  15453   6023  10500 ] [ 0 ],1.10,1.10,1.10,1.10,226.30,30.01,0.00,0.80,0.80,0.80,0.80,0.00,0.00,0.00,0.00,0.00,0.00,0.80,-0.00,-0.00,0.00,0
0.904067,203,27,286,0,DRIVE [ 19 ] [ 1 ] [ 1025 1892 1551 ] [    0    0    0 ] [      0      0      0 ] [ 0 ],drive [ 18 ] [ 0 ] [ 1025 1892 1552 ] [   87   18   61 ] [  15453   6023  10500 ] [ 0 ],1.10,1.10,1.10,1.10,222.95,29.61,0.00,0.80,0.80,0.80,0.80,0.00,0.00,0.00,0.00,0.00,0.00,0.80,-0.00,-0.00,0.00,0
0.917131,200,27,285,0,DRIVE [ 19 ] [ 1 ] [ 1025 1892 1550 ] [    0    0    0 ] [      0      0      0 ] [ 0 ],drive [ 19 ] [ 0 ] [ 1025 1892 1551 ] [   87   18   61 ] [  15453   6023  10500 ] [ 0 ],1.10,1.10,1.10,1.10,219.63,29.33,0.00,0.80,0.80,0.80,0.80,0.00,0.00,0.00,0.00,0.00,0.00,0.80,-0.00,-0.00,0.00,0
0.929047,195,26,281,0,DRIVE [ 20 ] [ 1 ] [ 1025 1892 1549 ] [    0    0    0 ] [      0      0      0 ] [ 0 ],drive [ 19 ] [ 0 ] [ 1025 1892 1550 ] [   87   18   61 ] [  15604   6023  10391 ] [ 0 ],1.10,1.10,1.10,1.10,214.49,28.84,0.00,0.80,0.80,0.80,0.80,0.00,0.00,0.00,0.00,0.00,0.00,0.80,-0.00,-0.00,0.00,0
0.940895,191,26,279,0,DRIVE [ 20 ] [ 1 ] [ 1025 1892 1549 ] [    0    0    0 ] [      0      0      0 ] [ 0 ],drive [ 20 ] [ 0 ] [ 1025 1892 1549 ] [   87   18   61 ] [  15604   6023  10391 ] [ 0 ],1.10,1.10,1.10,1.10,209.99,28.31,0.00,0.80,0.80,0.80,0.80,0.00,0.00,0.00,0.00,0.00,0.00,0.80,-0.00,-0.00,0.00,0
0.953295,187,25,278,0,DRIVE [ 21 ] [ 1 ] [ 1025 1892 1548 ] [    0    0    0 ] [      0      0      0 ] [ 0 ],drive [ 20 ] [ 0 ] [ 1025 1892 1549 ] [  107   19   47 ] [  15604   6023  10391 ] [ 0 ],1.10,1.10,1.10,1.10,206.24,27.65,0.00,0.80,0.80,0.80,0.80,0.00,0.00,0.00,0.00,0.00,0.00,0.80,-0.00,-0.00,0.00,0
0.964963,184,24,276,0,DRIVE [ 21 ] [ 1 ] [ 1025 1892 1546 ] [    0    0    0 ] [      0      0      0 ] [ 0 ],drive [ 21 ] [ 0 ] [ 1025 1892 1548 ] [  107   19   47 ] [  15604   6023  10391 ] [ 0 ],1.10,1.10,1.10,1.10,201.88,26.47,0.00,0.80,0.80,0.80,0.80,0.00,0.00,0.00,0.00,0.00,0.00,0.80,-0.00,-0.00,0.00,0
0.977144,180,23,275,0,DRIVE [ 22 ] [ 1 ] [ 1025 1892 1544 ] [    0    0    0 ] [      0      0      0 ] [ 0 ],drive [ 21 ] [ 0 ] [ 1025 1892 1546 ] [  107   19   47 ] [  15604   6023  10391 ] [ 0 ],1.10,1.10,1.10,1.10,197.90,25.14,0.00,0.80,0.80,0.80,0.80,0.00,0.00,0.00,0.00,0.00,0.00,0.80,-0.00,-0.00,0.00,0
0.989039,174,21,273,0,DRIVE [ 22 ] [ 1 ] [ 1025 1892 1543 ] [    0    0    0 ] [      0      0      0 ] [ 0 ],drive [ 22 ] [ 0 ] [ 1025 1892 1544 ] [  107   19   47 ] [  15879   6025  10186 ] [ 0 ],1.10,1.10,1.10,1.10,191.45,23.01,0.00,0.80,0.80,0.80,0.80,0.00,0.00,0.00,0.00,0.00,0.00,0.80,-0.00,-0.00,0.00,0
1.00095,169,19,272,0,DRIVE [ 23 ] [ 1 ] [ 1025 1892 1543 ] [    0    0    0 ] [      0      0      0 ] [ 0 ],drive [ 22 ] [ 0 ] [ 1025 1892 1543 ] [   87   19   54 ] [  15879   6025  10186 ] [ 0 ],1.10,1.10,1.10,1.10,185.43,21.14,0.00,0.80,0.80,0.80,0.80,0.00,0.00,0.00,0.00,0.00,0.00,0.80,-0.00,-0.00,0.00,0
1.01314,164,18,272,0,DRIVE [ 23 ] [ 1 ] [ 1025 1892 1543 ] [    0    0    0 ] [      0      0      0 ] [ 0 ],drive [ 23 ] [ 0 ] [ 1025 1892 1543 ] [   87   19   54 ] [  15879   6025  10186 ] [ 0 ],1.10,1.10,1.10,1.10,180.57,19.54,0.00,0.80,0.80,0.80,0.80,0.00,0.00,0.00,0.00,0.00,0.00,0.80,-0.00,-0.00,0.00,0
1.02489,160,17,272,0,DRIVE [ 24 ] [ 1 ] [ 1025 1892 1544 ] [    0    0    0 ] [      0      0      0 ] [ 0 ],drive [ 23 ] [ 0 ] [ 1025 1892 1543 ] [   87   19   54 ] [  15879   6025  10186 ] [ 0 ],1.10,1.10,1.10,1.10,175.60,18.20,0.00,0.80,0.80,0.80,0.80,0.00,0.00,0.00,0.00,0.00,0.00,0.80,-0.00,-0.00,0.00,0
1.03684,155,16,271,0,DRIVE [ 24 ] [ 1 ] [ 1025 1892 1546 ] [    0    0    0 ] [      0      0      0 ] [ 0 ],drive [ 24 ] [ 0 ] [ 1025 1892 1544 ] [   87   19   54 ] [  15918   6025  10117 ] [ 0 ],1.10,1.10,1.10,1.10,170.18,17.06,0.00,0.80,0.80,0.80,0.80,0.00,0.00,0.00,0.00,0.00,0.00,0.80,-0.00,-0.00,0.00,0
1.04899,150,15,270,0,DRIVE [ 25 ] [ 1 ] [ 1025 1892 1548 ] [    0    0    0 ] [      0      0      0 ] [ 0 ],drive [ 24 ] [ 0 ] [ 1025 1892 1546 ] [   89   18   37 ] [  15918   6025  10117 ] [ 0 ],1.10,1.10,1.10,1.10,164.86,16.02,0.00,0.80,0.80,0.80,0.80,0.00,0.00,0.00,0.00,0.00,0.00,0.80,-0.00,-0.00,0.00,0
1.06102,146,14,270,0,DRIVE [ 25 ] [ 1 ] [ 1025 1892 1552 ] [    0    0    0 ] [      0      0      0 ] [ 0 ],drive [ 25 ] [ 0 ] [ 1025 1892 1548 ] [   89   18   37 ] [  15918   6025  10117 ] [ 0 ],1.10,1.10,1.10,1.10,160.31,15.30,0.00,0.80,0.80,0.80,0.80,0.00,0.00,0.00,0.00,0.00,0.00,0.80,-0.00,-0.00,0.00,0
1.07275,141,13,270,0,DRIVE [ 26 ] [ 1 ] [ 1025 1892 1555 ] [    0    0    0 ] [      0      0      0 ] [ 0 ],drive [ 25 ] [ 0 ] [ 1025 1892 1552 ] [   89   18   37 ] [  15918   6025  10117 ] [ 0 ],1.10,1.10,1.10,1.10,155.58,14.58,0.00,0.80,0.80,0.80,0.80,0.00,0.00,0.00,0.00,0.00,0.00,0.80,-0.00,-0.00,0.00,0
1.08506,137,13,269,0,DRIVE [ 26 ] [ 1 ] [ 1025 1892 1560 ] [    0    0    0 ] [      0      0      0 ] [ 0 ],drive [ 26 ] [ 0 ] [ 1025 1892 1555 ] [   89   18   37 ] [  15920   6025  10093 ] [ 0 ],1.10,1.10,1.10,1.10,150.61,13.91,0.00,0.80,0.80,0.80,0.80,0.00,0.00,0.00,0.00,0.00,0.00,0.80,-0.00,-0.00,0.00,0
1.09676,133,12,269,0,DRIVE [ 27 ] [ 1 ] [ 1025 1892 1564 ] [    0    0    0 ] [      0      0      0 ] [ 0 ],drive [ 26 ] [ 0 ] [ 1025 1892 1560 ] [   95   18   40 ] [  15920   6025  10093 ] [ 0 ],1.10,1.10,1.10,1.10,146.32,13.31,0.00,0.80,0.80,0.80,0.80,0.00,0.00,0.00,0.00,0.00,0.00,0.80,-0.00,-0.00,0.00,0
1.10884,129,12,269,0,DRIVE [ 27 ] [ 1 ] [ 1025 1892 1568 ] [    0    0    0 ] [      0      0      0 ] [ 0 ],drive [ 27 ] [ 0 ] [ 1025 1892 1564 ] [   95   18   40 ] [  15920   6025  10093 ] [ 0 ],1.10,1.10,1.10,1.10,141.76,12.74,0.00,0.80,0.80,0.80,0.80,0.00,0.00,0.00,0.00,0.00,0.00,0.80,-0.00,-0.00,0.00,0
1.12049,124,11,268,0,DRIVE [ 28 ] [ 1 ] [ 1025 1892 1572 ] [    0    0    0 ] [      0      0      0 ] [ 0 ],drive [ 27 ] [ 0 ] [ 1025 1892 1568 ] [   95   18   40 ] [  15920   6025  10093 ] [ 0 ],1.10,1.10,1.10,1.10,136.73,12.01,0.00,0.80,0.80,0.80,0.80,0.00,0.00,0.00,0.00,0.00,0.00,0.80,-0.00,-0.00,0.00,0
1.13194,120,10,267,0,DRIVE [ 28 ] [ 1 ] [ 1025 1892 1580 ] [    0    0    0 ] [      0      0      0 ] [ 0 ],drive [ 28 ] [ 0 ] [ 1025 1892 1572 ] [   95   18   40 ] [  15986   6025  10074 ] [ 0 ],1.10,1.10,1.10,1.10,132.34,11.33,0.00,0.80,0.80,0.80,0.80,0.00,0.00,0.00,0.00,0.00,0.00,0.80,-0.00,-0.00,0.00,0
1.14375,116,10,267,0,DRIVE [ 29 ] [ 1 ] [ 1025 1892 1587 ] [    0    0    0 ] [      0      0      0 ] [ 0 ],drive [ 28 ] [ 0 ] [ 1025 1892 1580 ] [   87   18   55 ] [  15986   6025  10074 ] [ 0 ],1.10,1.10,1.10,1.10,127.88,10.55,0.00,0.80,0.80,0.80,0.80,0.00,0.00,0.00,0.00,0.00,0.00,0.80,-0.00,-0.00,0.00,0
1.15676,112,9,265,0,DRIVE [ 29 ] [ 1 ] [ 1025 1892 1595 ] [    0    0    0 ] [      0      0      0 ] [ 0 ],drive [ 29 ] [ 0 ] [ 1025 1892 1587 ] [   87   18   55 ] [  15986   6025  10074 ] [ 0 ],1.10,1.10,1.10,1.10,122.90,9.82,0.00,0.80,0.80,0.80,0.80,0.00,0.00,0.00,0.00,0.00,0.00,0.80,-0.00,-0.00,0.00,0
1.16852,107,8,263,0,DRIVE [ 30 ] [ 1 ] [ 1025 1892 1602 ] [    0    0    0 ] [      0      0      0 ] [ 0 ],drive [ 29 ] [ 0 ] [ 1025 1892 1595 ] [   87   18   55 ] [  15986   6025  10074 ] [ 0 ],1.10,1.10,1.10,1.10,117.85,9.03,0.00,0.80,0.80,0.80,0.80,0.00,0.00,0.00,0.00,0.00,0.00,0.80,-0.00,-0.00,0.00,0
1.18092,102,7,262,0,DRIVE [ 30 ] [ 1 ] [ 1025 1892 1611 ] [    0    0    0 ] [      0      0      0 ] [ 0 ],drive [ 30 ] [ 0 ] [ 1025 1892 1602 ] [   87   18   55 ] [  16082   6027   9947 ] [ 0 ],1.10,1.10,1.10,1.10,112.08,7.86,0.00,0.80,0.80,0.80,0.80,0.00,0.00,0.00,0.00,0.00,0.00,0.80,-0.00,-0.00,0.00,0
1.19235,97,6,262,0,DRIVE [ 31 ] [ 1 ] [ 1052 1892 1618 ] [    0    0    0 ] [      0      0      0 ] [ 0 ],drive [ 30 ] [ 0 ] [ 1025 1892 1611 ] [   87   18   55 ] [  16082   6027   9947 ] [ 0 ],1.10,1.10,1.10,1.10,107.01,6.56,0.00,0.80,0.80,0.80,0.80,0.00,0.00,0.00,0.00,0.00,0.00,0.80,-0.00,-0.00,0.00,0
1.20383,93,5,260,0,DRIVE [ 31 ] [ 1 ] [ 1091 1892 1623 ] [    0    0    0 ] [      0      0      0 ] [ 0 ],drive [ 31 ] [ 0 ] [ 1052 1892 1618 ] [  105   18   40 ] [  16082   6027   9947 ] [ 0 ],1.10,1.10,1.10,1.10,101.85,5.11,0.00,0.80,0.80,0.80,0.80,0.00,0.00,0.00,0.00,0.00,0.00,0.80,-0.00,-0.00,0.00,0
1.21658,88,3,259,0,DRIVE [ 32 ] [ 1 ] [ 1129 1892 1627 ] [    0    0    0 ] [      0      0      0 ] [ 0 ],drive [ 31 ] [ 0 ] [ 1091 1892 1623 ] [  105   18   40 ] [  16082   6027   9947 ] [ 0 ],1.10,1.10,1.10,1.10,97.19,3.47,0.00,0.80,0.80,0.80,0.80,0.00,0.00,0.00,0.00,0.00,0.00,0.80,-0.00,-0.00,0.00,0
1.2288,84,2,258,0,DRIVE [ 32 ] [ 1 ] [ 1168 1892 1630 ] [    0    0    0 ] [      0      0      0 ] [ 0 ],drive [ 32 ] [ 0 ] [ 1129 1892 1627 ] [  105   18   40 ] [  16263   6027   9860 ] [ 0 ],1.10,1.10,1.10,1.10,92.87,1.72,0.00,0.80,0.80,0.80,0.80,0.00,0.00,0.00,0.00,0.00,0.00,0.80,-0.00,-0.00,0.00,0
1.24037,80,0,257,0,DRIVE [ 33 ] [ 1 ] [ 1205 1892 1634 ] [    0    0    0 ] [      0      0      0 ] [ 0 ],drive [ 32 ] [ 0 ] [ 1168 1892 1630 ] [  105   18   40 ] [  16263   6027   9860 ] [ 0 ],1.10,1.10,1.10,1.10,88.37,0.15,0.00,0.80,0.80,0.80,0.80,0.00,0.00,0.00,0.00,0.00,0.00,0.80,-0.00,-0.00,0.00,0
1.25175,77,-1,256,0,DRIVE [ 33 ] [ 1 ] [ 1241 1892 1638 ] [    0    0    0 ] [      0      0      0 ] [ 0 ],drive [ 33 ] [ 0 ] [ 1205 1892 1634 ] [   73   19   30 ] [  16263   6027   9860 ] [ 0 ],1.10,1.10,1.10,1.10,84.19,-1.25,0.00,0.80,0.80,0.80,0.80,0.00,0.00,0.00,0.00,0.00,0.00,0.80,-0.00,0.00,0.00,0
1.26306,73,-2,255,0,DRIVE [ 34 ] [ 1 ] [ 1274 1892 1644 ] [    0    0    0 ] [      0      0      0 ] [ 0 ],drive [ 33 ] [ 0 ] [ 1241 1892 1638 ] [   73   19   30 ] [  16263   6027   9860 ] [ 0 ],1.10,1.10,1.10,1.10,80.14,-2.21,0.00,0.80,0.80,0.80,0.80,0.00,0.00,0.00,0.00,0.00,0.00,0.80,-0.00,0.00,0.00,0
1.27573,69,-3,255,0,DRIVE [ 34 ] [ 1 ] [ 1307 1892 1651 ] [    0    0    0 ] [      0      0      0 ] [ 0 ],drive [ 34 ] [ 0 ] [ 1274 1892 1644 ] [   73   19   30 ] [  16263   6027   9860 ] [ 0 ],1.10,1.10,1.10,1.10,76.14,-2.99,0.00,0.80,0.80,0.80,0.80,0.00,0.00,0.00,0.00,0.00,0.00,0.80,-0.00,0.00,0.00,0
1.287,66,-3,254,0,DRIVE [ 35 ] [ 1 ] [ 1337 1892 1660 ] [    0    0    0 ] [      0      0      0 ] [ 0 ],drive [ 34 ] [ 0 ] [ 1307 1892 1651 ] [   73   19   30 ] [  16249   6027   9860 ] [ 0 ],1.10,1.10,1.10,1.10,72.38,-3.38,0.00,0.80,0.80,0.80,0.80,0.00,0.00,0.00,0.00,0.00,0.00,0.80,-0.00,0.00,0.00,0
1.29988,62,-3,252,0,DRIVE [ 35 ] [ 1 ] [ 1366 1892 1669 ] [    0    0    0 ] [      0      0      0 ] [ 0 ],drive [ 35 ] [ 0 ] [ 1337 1892 1660 ] [   54   18   30 ] [  16249   6027   9860 ] [ 0 ],1.10,1.10,1.10,1.10,68.28,-3.65,0.00,0.80,0.80,0.80,0.80,0.00,0.00,0.00,0.00,0.00,0.00,0.80,-0.00,0.00,0.00,0
1.31161,58,-3,251,0,DRIVE [ 36 ] [ 1 ] [ 1394 1892 1679 ] [    0    0    0 ] [      0      0      0 ] [ 0 ],drive [ 35 ] [ 0 ] [ 1366 1892 1669 ] [   54   18   30 ] [  16249   6027   9860 ] [ 0 ],1.10,1.10,1.10,1.10,64.28,-3.84,0.00,0.80,0.80,0.80,0.80,0.00,0.00,0.00,0.00,0.00,0.00,0.80,-0.00,0.00,0.00,0
1.32307,55,-4,249,0,DRIVE [ 36 ] [ 1 ] [ 1422 1892 1688 ] [    0    0    0 ] [      0      0      0 ] [ 0 ],drive [ 36 ] [ 0 ] [ 1394 1892 1679 ] [   54   18   30 ] [  16249   6027   9860 ] [ 0 ],1.10,1.10,1.10,1.10,60.41,-3.94,0.00,0.80,0.80,0.80,0.80,0.00,0.00,0.00,0.00,0.00,0.00,0.80,-0.00,0.00,0.00,0
1.33458,52,-4,247,0,DRIVE [ 37 ] [ 1 ] [ 1450 1892 1698 ] [    0    0    0 ] [      0      0      0 ] [ 0 ],drive [ 36 ] [ 0 ] [ 1422 1892 1688 ] [   54   18   30 ] [  16228   6027   9795 ] [ 0 ],1.10,1.10,1.10,1.10,56.71,-4.12,0.00,0.80,0.80,0.80,0.80,0.00,0.00,0.00,0.00,0.00,0.00,0.80,-0.00,0.00,0.00,0
1.34618,48,-4,246,0,DRIVE [ 37 ] [ 1 ] [ 1472 1892 1703 ] [    0    0    0 ] [      0      0      0 ] [ 0 ],drive [ 37 ] [ 0 ] [ 1450 1892 1698 ] [   50   19   21 ] [  16228   6027   9795 ] [ 0 ],1.10,1.10,1.10,1.10,53.14,-4.40,0.00,0.80,0.80,0.80,0.80,0.78,-0.06,0.00,0.00,0.00,0.00,0.80,-0.00,0.00,0.00,0
1.3575,44,-4,244,0,DRIVE [ 38 ] [ 1 ] [ 1502 1892 1711 ] [    0    0    0 ] [      0      0      0 ] [ 0 ],drive [ 37 ] [ 0 ] [ 1472 1892 1703 ] [   50   19   21 ] [  16228   6027   9795 ] [ 0 ],1.10,1.10,1.10,1.10,48.62,-4.85,0.00,0.80,0.80,0.80,0.80,1.48,-0.12,0.00,0.00,0.00,0.00,0.80,-0.00,0.00,0.00,0
1.36884,41,-5,242,0,DRIVE [ 38 ] [ 1 ] [ 1529 1892 1717 ] [    0    0    0 ] [      0      0      0 ] [ 0 ],drive [ 38 ] [ 0 ] [ 1502 1892 1711 ] [   50   19   21 ] [  16228   6027   9795 ] [ 0 ],1.10,1.10,1.10,1.10,44.63,-5.31,0.00,0.80,0.80,0.80,0.80,2.13,-0.20,0.00,0.00,0.00,0.00,0.80,-0.00,0.00,0.00,0
1.38057,37,-5,240,0,DRIVE [ 39 ] [ 1 ] [ 1555 1892 1721 ] [    0    0    0 ] [      0      0      0 ] [ 0 ],drive [ 38 ] [ 0 ] [ 1529 1892 1717 ] [   50   19   21 ] [  16215   6032   9680 ] [ 0 ],1.10,1.10,1.10,1.10,41.01,-5.87,0.00,0.80,0.80,0.80,0.80,2.74,-0.28,0.00,0.00,0.00,0.00,0.80,-0.00,0.00,0.00,0
1.39202,34,-6,238,0,DRIVE [ 39 ] [ 1 ] [ 1579 1892 1724 ] [    0    0    0 ] [      0      0      0 ] [ 0 ],drive [ 39 ] [ 0 ] [ 1555 1892 1721 ] [   50   19   21 ] [  16215   6032   9680 ] [ 0 ],1.10,1.10,1.10,1.10,37.65,-6.56,0.00,0.80,0.80,0.80,0.80,3.30,-0.38,0.00,0.00,0.00,0.00,0.80,-0.00,0.00,0.00,0
1.40366,31,-7,235,0,DRIVE [ 40 ] [ 1 ] [ 1601 1892 1726 ] [    0    0    0 ] [      0      0      0 ] [ 0 ],drive [ 39 ] [ 0 ] [ 1579 1892 1724 ] [   60   22   18 ] [  16215   6032   9680 ] [ 0 ],1.10,1.10,1.10,1.10,34.58,-7.23,0.00,0.80,0.80,0.80,0.80,3.82,-0.48,0.00,0.00,0.00,0.00,0.80,-0.00,0.00,0.00,0
1.41545,29,-7,233,0,DRIVE [ 40 ] [ 1 ] [ 1621 1892 1726 ] [    0    0    0 ] [      0      0      0 ] [ 0 ],drive [ 40 ] [ 0 ] [ 1601 1892 1726 ] [   60   22   18 ] [  16215   6032   9680 ] [ 0 ],1.10,1.10,1.10,1.10,31.76,-7.90,0.00,0.80,0.80,0.80,0.80,4.30,-0.60,0.00,0.00,0.00,0.00,0.80,-0.00,0.00,0.00,0
1.42658,26,-8,230,0,DRIVE [ 41 ] [ 1 ] [ 1640 1892 1727 ] [    0    0    0 ] [      0      0      0 ] [ 0 ],drive [ 40 ] [ 0 ] [ 1621 1892 1726 ] [   60   22   18 ] [  16215   6032   9680 ] [ 0 ],1.10,1.10,1.10,1.10,29.04,-8.48,0.00,0.80,0.80,0.80,0.80,4.74,-0.72,0.00,0.00,0.00,0.00,0.80,-0.00,0.00,0.00,0
1.43796,24,-8,228,0,DRIVE [ 41 ] [ 1 ] [ 1658 1892 1728 ] [    0    0    0 ] [      0      0      0 ] [ 0 ],drive [ 41 ] [ 0 ] [ 1640 1892 1727 ] [   60   22   18 ] [  16000   6036   9643 ] [ 0 ],1.10,1.10,1.10,1.10,26.52,-8.94,0.00,0.80,0.80,0.80,0.80,5.14,-0.84,0.00,0.00,0.00,0.00,0.80,-0.00,0.00,0.00,0
1.44967,22,-8,226,0,DRIVE [ 42 ] [ 1 ] [ 1675 1892 1730 ] [    0    0    0 ] [      0      0      0 ] [ 0 ],drive [ 41 ] [ 0 ] [ 1658 1892 1728 ] [   31   23   19 ] [  16000   6036   9643 ] [ 0 ],1.10,1.10,1.10,1.10,24.15,-9.21,0.00,0.80,0.80,0.80,0.80,5.52,-0.97,0.00,0.00,0.00,0.00,0.80,-0.00,0.00,0.00,0
1.46096,20,-9,224,0,DRIVE [ 42 ] [ 1 ] [ 1690 1892 1732 ] [    0    0    0 ] [      0      0      0 ] [ 0 ],drive [ 42 ] [ 0 ] [ 1675 1892 1730 ] [   31   23   19 ] [  16000   6036   9643 ] [ 0 ],1.10,1.10,1.10,1.10,22.00,-9.43,0.00,0.80,0.80,0.80,0.80,5.86,-1.10,0.00,0.00,0.00,0.00,0.80,-0.00,0.00,0.00,0
1.4722,18,-9,221,0,DRIVE [ 43 ] [ 1 ] [ 1704 1892 1734 ] [    0    0    0 ] [      0      0      0 ] [ 0 ],drive [ 42 ] [ 0 ] [ 1690 1892 1732 ] [   31   23   19 ] [  16000   6036   9643 ] [ 0 ],1.10,1.10,1.10,1.10,19.89,-9.60,0.00,0.80,0.80,0.80,0.80,6.17,-1.23,0.00,0.00,0.00,0.00,0.80,-0.00,0.00,0.00,0
1.48568,16,-9,219,0,DRIVE [ 43 ] [ 1 ] [ 1719 1892 1734 ] [    0    0    0 ] [      0      0      0 ] [ 0 ],drive [ 43 ] [ 0 ] [ 1704 1892 1734 ] [   31   23   19 ] [  15752   6061   9643 ] [ 0 ],1.10,1.10,1.10,1.10,17.94,-9.89,0.00,0.80,0.80,0.80,0.80,6.46,-1.37,0.00,0.00,0.00,0.00,0.80,-0.00,0.00,0.00,0
1.49695,15,-9,217,0,DRIVE [ 44 ] [ 1 ] [ 1733 1892 1734 ] [    0    0    0 ] [      0      0      0 ] [ 0 ],drive [ 43 ] [ 0 ] [ 1719 1892 1734 ] [   30    3   19 ] [  15752   6061   9643 ] [ 0 ],1.10,1.10,1.10,1.10,15.96,-10.18,0.00,0.80,0.80,0.80,0.80,6.72,-1.52,0.00,0.00,0.00,0.00,0.80,-0.00,0.00,0.00,0
1.50826,13,-10,215,0,DRIVE [ 44 ] [ 1 ] [ 1749 1892 1734 ] [    0    0    0 ] [      0      0      0 ] [ 0 ],drive [ 44 ] [ 0 ] [ 1733 1892 1734 ] [   30    3   19 ] [  15752   6061   9643 ] [ 0 ],1.10,1.10,1.10,1.10,13.87,-10.51,0.00,0.80,0.80,0.80,0.80,6.94,-1.67,0.00,0.00,0.00,0.00,0.80,-0.00,0.00,0.00,0
1.51903,11,-10,213,0,DRIVE [ 45 ] [ 1 ] [ 1764 1892 1732 ] [    0    0    0 ] [      0      0      0 ] [ 0 ],drive [ 44 ] [ 0 ] [ 1749 1892 1734 ] [   30    3   19 ] [  15752   6061   9643 ] [ 0 ],1.10,1.10,1.10,1.10,11.85,-10.92,0.00,0.80,0.80,0.80,0.80,7.13,-1.82,0.00,0.00,0.00,0.00,0.80,-0.00,0.00,0.00,0
1.52992,9,-10,211,0,DRIVE [ 45 ] [ 1 ] [ 1780 1892 1729 ] [    0    0    0 ] [      0      0      0 ] [ 0 ],drive [ 45 ] [ 0 ] [ 1764 1892 1732 ] [   30    3   19 ] [  15580   6209   9642 ] [ 0 ],1.10,1.10,1.10,1.10,9.86,-11.44,0.00,0.80,0.80,0.80,0.80,7.29,-1.99,0.00,0.00,0.00,0.00,0.80,-0.00,0.00,0.00,0
1.54214,7,-11,210,0,DRIVE [ 46 ] [ 1 ] [ 1796 1892 1726 ] [    0    0    0 ] [      0      0      0 ] [ 0 ],drive [ 45 ] [ 0 ] [ 1780 1892 1729 ] [   30    3   19 ] [  15580   6209   9642 ] [ 0 ],1.10,1.10,1.10,1.10,7.78,-11.89,0.00,0.80,0.80,0.80,0.80,7.42,-2.16,0.00,0.00,0.00,0.00,0.80,-0.00,0.00,0.00,0
1.55332,5,-11,208,0,DRIVE [ 46 ] [ 1 ] [ 1812 1892 1722 ] [    0    0    0 ] [      0      0      0 ] [ 0 ],drive [ 46 ] [ 0 ] [ 1796 1892 1726 ] [   41    4   19 ] [  15580   6209   9642 ] [ 0 ],1.10,1.10,1.10,1.10,5.69,-12.27,0.00,0.80,0.80,0.80,0.80,7.52,-2.34,0.00,0.00,0.00,0.00,0.80,-0.00,0.00,0.00,0
1.56425,3,-11,207,0,DRIVE [ 47 ] [ 1 ] [ 1828 1892 1717 ] [    0    0    0 ] [      0      0      0 ] [ 0 ],drive [ 46 ] [ 0 ] [ 1812 1892 1722 ] [   41    4   19 ] [  15580   6209   9642 ] [ 0 ],1.10,1.10,1.10,1.10,3.61,-12.62,0.00,0.80,0.80,0.80,0.80,7.59,-2.52,0.00,0.00,0.00,0.00,0.80,-0.00,0.00,0.00,0
1.57625,1,-12,205,0,DRIVE [ 47 ] [ 1 ] [ 1844 1892 1710 ] [    0    0    0 ] [      0      0      0 ] [ 0 ],drive [ 47 ] [ 0 ] [ 1828 1892 1717 ] [   41    4   19 ] [  15580   6209   9642 ] [ 0 ],1.10,1.10,1.10,1.10,1.37,-12.87,0.00,0.80,0.80,0.80,0.80,7.62,-2.70,0.00,0.00,0.00,0.00,0.80,0.00,0.00,0.00,0
1.58734,-1,-12,203,0,DRIVE [ 48 ] [ 1 ] [ 1859 1892 1703 ] [    0    0    0 ] [      0      0      0 ] [ 0 ],drive [ 47 ] [ 0 ] [ 1844 1892 1710 ] [   41    4   19 ] [  15291   6217   9647 ] [ 0 ],1.10,1.10,1.10,1.10,-0.77,-12.98,0.00,0.80,0.80,0.80,0.80,7.62,-2.88,0.00,0.00,0.00,0.00,0.80,0.00,0.00,0.00,0
1.5986,-3,-12,201,0,DRIVE [ 48 ] [ 1 ] [ 1873 1892 1692 ] [    0    0    0 ] [      0      0      0 ] [ 0 ],drive [ 48 ] [ 0 ] [ 1859 1892 1703 ] [   28    4   20 ] [  15291   6217   9647 ] [ 0 ],1.10,1.10,1.10,1.10,-2.83,-13.09,0.00,0.80,0.80,0.80,0.80,7.59,-3.07,0.00,0.00,0.00,0.00,0.80,0.00,0.00,0.00,0
1.61063,-4,-12,199,0,DRIVE [ 49 ] [ 1 ] [ 1887 1892 1678 ] [    0    0    0 ] [      0      0      0 ] [ 0 ],drive [ 48 ] [ 0 ] [ 1873 1892 1692 ] [   28    4   20 ] [  15291   6217   9647 ] [ 0 ],1.10,1.10,1.10,1.10,-4.89,-13.17,0.00,0.80,0.80,0.80,0.80,7.53,-3.25,0.00,0.00,0.00,0.00,0.80,0.00,0.00,0.00,0
1.62165,-6,-12,197,0,DRIVE [ 49 ] [ 1 ] [ 1901 1892 1660 ] [    0    0    0 ] [      0      0      0 ] [ 0 ],drive [ 49 ] [ 0 ] [ 1887 1892 1678 ] [   28    4   20 ] [  15291   6217   9647 ] [ 0 ],1.10,1.10,1.10,1.10,-6.81,-13.32,0.00,0.80,0.80,0.80,0.80,7.44,-3.44,0.00,0.00,0.00,0.00,0.80,0.00,0.00,0.00,0
1.63325,-8,-12,195,0,DRIVE [ 50 ] [ 1 ] [ 1901 1896 1656 ] [    0    0    0 ] [      0      0      0 ] [ 0 ],drive [ 49 ] [ 0 ] [ 1901 1892 1660 ] [   28    4   20 ] [  14862   6311   9649 ] [ 0 ],1.10,1.10,1.10,1.10,-8.64,-13.53,0.00,0.80,0.80,0.80,0.80,7.33,-3.64,0.00,0.00,0.00,0.00,0.80,0.00,0.00,0.00,0
1.64459,-9,-13,193,0,DRIVE [ 50 ] [ 1 ] [ 1901 1884 1656 ] [    0    0    0 ] [      0      0      0 ] [ 0 ],drive [ 50 ] [ 0 ] [ 1901 1896 1656 ] [    9   14   24 ] [  14862   6311   9649 ] [ 0 ],1.10,1.10,1.10,1.10,-10.28,-13.75,0.00,0.80,0.80,0.80,0.80,7.20,-3.84,0.00,0.00,0.00,0.00,0.80,0.00,0.00,0.00,0
1.65561,-11,-13,191,0,DRIVE [ 51 ] [ 1 ] [ 1901 1872 1654 ] [    0    0    0 ] [      0      0      0 ] [ 0 ],drive [ 50 ] [ 0 ] [ 1901 1884 1656 ] [    9   14   24 ] [  14862   6311   9649 ] [ 0 ],1.10,1.10,1.10,1.10,-11.65,-13.91,0.00,0.80,0.80,0.80,0.80,7.05,-4.03,0.00,0.00,0.00,0.00,0.80,0.00,0.00,0.00,0
1.66659,-12,-13,188,0,DRIVE [ 51 ] [ 1 ] [ 1901 1862 1649 ] [    0    0    0 ] [      0      0      0 ] [ 0 ],drive [ 51 ] [ 0 ] [ 1901 1872 1654 ] [    9   14   24 ] [  14862   6311   9649 ] [ 0 ],1.10,1.10,1.10,1.10,-12.79,-14.07,0.00,0.80,0.80,0.80,0.80,6.89,-4.24,0.00,0.00,0.00,0.00,0.80,0.00,0.00,0.00,0
1.67784,-13,-13,186,0,DRIVE [ 52 ] [ 1 ] [ 1901 1853 1643 ] [    0    0    0 ] [      0      0      0 ] [ 0 ],drive [ 51 ] [ 0 ] [ 1901 1862 1649 ] [    9   14   24 ] [  14479   6444   9750 ] [ 0 ],1.10,1.10,1.10,1.10,-13.84,-14.24,0.00,0.80,0.80,0.80,0.80,6.71,-4.44,0.00,0.00,0.00,0.00,0.80,0.00,0.00,0.00,0
1.68867,-14,-13,184,0,DRIVE [ 52 ] [ 1 ] [ 1901 1842 1639 ] [    0    0    0 ] [      0      0      0 ] [ 0 ],drive [ 52 ] [ 0 ] [ 1901 1853 1643 ] [    9   14   24 ] [  14479   6444   9750 ] [ 0 ],1.10,1.10,1.10,1.10,-14.86,-14.29,0.00,0.80,0.80,0.80,0.80,6.51,-4.64,0.00,0.00,0.00,0.00,0.80,0.00,0.00,0.00,0
1.69985,-14,-13,181,0,DRIVE [ 53 ] [ 1 ] [ 1901 1832 1636 ] [    0    0    0 ] [      0      0      0 ] [ 0 ],drive [ 52 ] [ 0 ] [ 1901 1842 1639 ] [   25   17   50 ] [  14479   6444   9750 ] [ 0 ],1.10,1.10,1.10,1.10,-15.80,-14.13,0.00,0.80,0.80,0.80,0.80,6.30,-4.84,0.00,0.00,0.00,0.00,0.80,0.00,0.00,0.00,0
1.7112,-15,-13,179,0,DRIVE [ 53 ] [ 1 ] [ 1901 1822 1636 ] [    0    0    0 ] [      0      0      0 ] [ 0 ],drive [ 53 ] [ 0 ] [ 1901 1832 1636 ] [   25   17   50 ] [  14479   6444   9750 ] [ 0 ],1.10,1.10,1.10,1.10,-16.70,-13.80,0.00,0.80,0.80,0.80,0.80,6.08,-5.03,0.00,0.00,0.00,0.00,0.80,0.00,0.00,0.00,0
1.72257,-16,-12,177,0,DRIVE [ 54 ] [ 1 ] [ 1901 1812 1635 ] [    0    0    0 ] [      0      0      0 ] [ 0 ],drive [ 53 ] [ 0 ] [ 1901 1822 1636 ] [   25   17   50 ] [  14479   6444   9750 ] [ 0 ],1.10,1.10,1.10,1.10,-17.52,-13.51,0.00,0.80,0.80,0.80,0.80,5.85,-5.22,0.00,0.00,0.00,0.00,0.80,0.00,0.00,0.00,0
1.73363,-17,-12,175,0,DRIVE [ 54 ] [ 1 ] [ 1901 1802 1632 ] [    0    0    0 ] [      0      0      0 ] [ 0 ],drive [ 54 ] [ 0 ] [ 1901 1812 1635 ] [   25   17   50 ] [  14286   6526   9854 ] [ 0 ],1.10,1.10,1.10,1.10,-18.31,-13.28,0.00,0.80,0.80,0.80,0.80,5.60,-5.40,0.00,0.00,0.00,0.00,0.80,0.00,0.00,0.00,0
1.74493,-17,-12,173,0,DRIVE [ 55 ] [ 1 ] [ 1901 1791 1628 ] [    0    0    0 ] [      0      0      0 ] [ 0 ],drive [ 54 ] [ 0 ] [ 1901 1802 1632 ] [   11   19   32 ] [  14286   6526   9854 ] [ 0 ],1.10,1.10,1.10,1.10,-19.12,-13.12,0.00,0.80,0.80,0.80,0.80,5.34,-5.59,0.00,0.00,0.00,0.00,0.80,0.00,0.00,0.00,0
1.75556,-18,-12,171,0,DRIVE [ 55 ] [ 1 ] [ 1901 1780 1621 ] [    0    0    0 ] [      0      0      0 ] [ 0 ],drive [ 55 ] [ 0 ] [ 1901 1791 1628 ] [   11   19   32 ] [  14286   6526   9854 ] [ 0 ],1.10,1.10,1.10,1.10,-19.91,-13.12,0.00,0.80,0.80,0.80,0.80,5.07,-5.78,0.00,0.00,0.00,0.00,0.80,0.00,0.00,0.00,0
1.76654,-19,-12,169,0,DRIVE [ 56 ] [ 1 ] [ 1901 1770 1611 ] [    0    0    0 ] [      0      0      0 ] [ 0 ],drive [ 55 ] [ 0 ] [ 1901 1780 1621 ] [   11   19   32 ] [  14286   6526   9854 ] [ 0 ],1.10,1.10,1.10,1.10,-20.57,-13.23,0.00,0.80,0.80,0.80,0.80,4.79,-5.97,0.00,0.00,0.00,0.00,0.80,0.00,0.00,0.00,0
1.77751,-19,-12,167,0,DRIVE [ 56 ] [ 1 ] [ 1901 1760 1600 ] [    0    0    0 ] [      0      0      0 ] [ 0 ],drive [ 56 ] [ 0 ] [ 1901 1770 1611 ] [   11   19   32 ] [  14180   6713   9865 ] [ 0 ],1.10,1.10,1.10,1.10,-21.15,-13.52,0.00,0.80,0.80,0.80,0.80,4.50,-6.17,0.00,0.00,0.00,0.00,0.80,0.00,0.00,0.00,0
1.78822,-20,-13,165,0,DRIVE [ 57 ] [ 1 ] [ 1901 1751 1588 ] [    0    0    0 ] [      0      0      0 ] [ 0 ],drive [ 56 ] [ 0 ] [ 1901 1760 1600 ] [   11   19   32 ] [  14180   6713   9865 ] [ 0 ],1.10,1.10,1.10,1.10,-21.68,-13.88,0.00,0.80,0.80,0.80,0.80,4.20,-6.37,0.00,0.00,0.00,0.00,0.80,0.00,0.00,0.00,0
1.79917,-20,-13,163,0,DRIVE [ 57 ] [ 1 ] [ 1901 1745 1575 ] [    0    0    0 ] [      0      0      0 ] [ 0 ],drive [ 57 ] [ 0 ] [ 1901 1751 1588 ] [   12   22   29 ] [  14180   6713   9865 ] [ 0 ],1.10,1.10,1.10,1.10,-21.93,-14.25,0.00,0.80,0.80,0.80,0.80,3.91,-6.58,0.00,0.00,0.00,0.00,0.80,0.00,0.00,0.00,0
1.81034,-20,-13,162,0,DRIVE [ 58 ] [ 1 ] [ 1901 1739 1563 ] [    0    0    0 ] [      0      0      0 ] [ 0 ],drive [ 57 ] [ 0 ] [ 1901 1745 1575 ] [   12   22   29 ] [  14180   6713   9865 ] [ 0 ],1.10,1.10,1.10,1.10,-22.06,-14.59,0.00,0.80,0.80,0.80,0.80,3.61,-6.80,0.00,0.00,0.00,0.00,0.80,0.00,0.00,0.00,0
1.82093,-20,-13,160,0,DRIVE [ 58 ] [ 1 ] [ 1901 1735 1552 ] [    0    0    0 ] [      0      0      0 ] [ 0 ],drive [ 58 ] [ 0 ] [ 1901 1739 1563 ] [   12   22   29 ] [  14180   6713   9865 ] [ 0 ],1.10,1.10,1.10,1.10,-22.05,-14.85,0.00,0.80,0.80,0.80,0.80,3.31,-7.01,0.00,0.00,0.00,0.00,0.80,0.00,0.00,0.00,0
1.83159,-20,-14,158,0,DRIVE [ 59 ] [ 1 ] [ 1901 1732 1540 ] [    0    0    0 ] [      0      0      0 ] [ 0 ],drive [ 58 ] [ 0 ] [ 1901 1735 1552 ] [   12   22   29 ] [  14015   6889   9909 ] [ 0 ],1.10,1.10,1.10,1.10,-21.91,-15.17,0.00,0.80,0.80,0.80,0.80,3.02,-7.24,0.00,0.00,0.00,0.00,0.80,0.00,0.00,0.00,0
1.84263,-20,-14,156,0,DRIVE [ 59 ] [ 1 ] [ 1901 1730 1527 ] [    0    0    0 ] [      0      0      0 ] [ 0 ],drive [ 59 ] [ 0 ] [ 1901 1732 1540 ] [   21   29   57 ] [  14015   6889   9909 ] [ 0 ],1.10,1.10,1.10,1.10,-21.69,-15.49,0.00,0.80,0.80,0.80,0.80,2.72,-7.46,0.00,0.00,0.00,0.00,0.80,0.00,0.00,0.00,0
1.8532,-20,-14,154,0,DRIVE [ 60 ] [ 1 ] [ 1901 1728 1514 ] [    0    0    0 ] [      0      0      0 ] [ 0 ],drive [ 59 ] [ 0 ] [ 1901 1730 1527 ] [   21   29   57 ] [  14015   6889   9909 ] [ 0 ],1.10,1.10,1.10,1.10,-21.48,-15.81,0.00,0.80,0.80,0.80,0.80,2.43,-7.69,0.00,0.00,0.00,0.00,0.80,0.00,0.00,0.00,0
1.86362,-19,-15,152,0,DRIVE [ 60 ] [ 1 ] [ 1901 1725 1497 ] [    0    0    0 ] [      0      0      0 ] [ 0 ],drive [ 60 ] [ 0 ] [ 1901 1728 1514 ] [   21   29   57 ] [  14015   6889   9909 ] [ 0 ],1.10,1.10,1.10,1.10,-21.27,-16.24,0.00,0.80,0.80,0.80,0.80,2.15,-7.93,0.00,0.00,0.00,0.00,0.80,0.00,0.00,0.00,0
1.87493,-19,-15,149,0,DRIVE [ 61 ] [ 1 ] [ 1901 1720 1483 ] [    0    0    0 ] [      0      0      0 ] [ 0 ],drive [ 60 ] [ 0 ] [ 1901 1725 1497 ] [   21   29   57 ] [  14015   6889   9909 ] [ 0 ],1.10,1.10,1.10,1.10,-21.17,-16.52,0.00,0.80,0.80,0.80,0.80,1.86,-8.17,0.00,0.00,0.00,0.00,0.80,0.00,0.00,0.00,0
1.88569,-19,-15,147,0,DRIVE [ 61 ] [ 1 ] [ 1901 1715 1472 ] [    0    0    0 ] [      0      0      0 ] [ 0 ],drive [ 61 ] [ 0 ] [ 1901 1720 1483 ] [   21   29   57 ] [  13968   6940  10004 ] [ 0 ],1.10,1.10,1.10,1.10,-21.12,-16.58,0.00,0.80,0.80,0.80,0.80,1.56,-8.41,0.00,0.00,0.00,0.00,0.80,0.00,0.00,0.00,0
1.89598,-19,-15,145,0,DRIVE [ 62 ] [ 1 ] [ 1901 1710 1462 ] [    0    0    0 ] [      0      0      0 ] [ 0 ],drive [ 61 ] [ 0 ] [ 1901 1715 1472 ] [   10   31   62 ] [  13968   6940  10004 ] [ 0 ],1.10,1.10,1.10,1.10,-21.12,-16.55,0.00,0.80,0.80,0.80,0.80,1.27,-8.65,0.00,0.00,0.00,0.00,0.80,0.00,0.00,0.00,0
1.90679,-19,-15,143,0,DRIVE [ 62 ] [ 1 ] [ 1901 1704 1454 ] [    0    0    0 ] [      0      0      0 ] [ 0 ],drive [ 62 ] [ 0 ] [ 1901 1710 1462 ] [   10   31   62 ] [  13968   6940  10004 ] [ 0 ],1.10,1.10,1.10,1.10,-21.11,-16.43,0.00,0.80,0.80,0.80,0.80,0.98,-8.88,0.00,0.00,0.00,0.00,0.80,0.00,0.00,0.00,0
1.91728,-19,-15,141,0,DRIVE [ 63 ] [ 1 ] [ 1901 1698 1447 ] [    0    0    0 ] [      0      0      0 ] [ 0 ],drive [ 62 ] [ 0 ] [ 1901 1704 1454 ] [   10   31   62 ] [  13968   6940  10004 ] [ 0 ],1.10,1.10,1.10,1.10,-21.12,-16.23,0.00,0.80,0.80,0.80,0.80,0.68,-9.11,0.00,0.00,0.00,0.00,0.80,0.00,0.00,0.00,0
1.92753,-19,-14,139,0,DRIVE [ 63 ] [ 1 ] [ 1901 1692 1443 ] [    0    0    0 ] [      0      0      0 ] [ 0 ],drive [ 63 ] [ 0 ] [ 1901 1698 1447 ] [   10   31   62 ] [  13848   6991  10108 ] [ 0 ],1.10,1.10,1.10,1.10,-21.08,-15.87,0.00,0.80,0.80,0.80,0.80,0.39,-9.33,0.00,0.00,0.00,0.00,0.80,0.00,0.00,0.00,0
1.93771,-19,-14,137,0,DRIVE [ 64 ] [ 1 ] [ 1901 1686 1440 ] [    0    0    0 ] [      0      0      0 ] [ 0 ],drive [ 63 ] [ 0 ] [ 1901 1692 1443 ] [   10   31   62 ] [  13848   6991  10108 ] [ 0 ],1.10,1.10,1.10,1.10,-21.00,-15.39,0.00,0.80,0.80,0.80,0.80,0.10,-9.55,0.00,0.00,0.00,0.00,0.80,0.00,0.00,0.00,0
1.94941,-19,-14,135,0,DRIVE [ 64 ] [ 1 ] [ 1901 1682 1437 ] [    0    0    0 ] [      0      0      0 ] [ 0 ],drive [ 64 ] [ 0 ] [ 1901 1686 1440 ] [   19   45   42 ] [  13848   6991  10108 ] [ 0 ],1.10,1.10,1.10,1.10,-20.82,-14.98,0.00,0.80,0.80,0.80,0.80,-0.19,-9.76,0.00,0.00,0.00,0.00,0.80,0.00,0.00,0.00,0
1.95938,-19,-13,133,0,DRIVE [ 65 ] [ 1 ] [ 1901 1677 1435 ] [    0    0    0 ] [      0      0      0 ] [ 0 ],drive [ 64 ] [ 0 ] [ 1901 1682 1437 ] [   19   45   42 ] [  13848   6991  10108 ] [ 0 ],1.10,1.10,1.10,1.10,-20.60,-14.51,0.00,0.80,0.80,0.80,0.80,-0.48,-9.96,0.00,0.00,0.00,0.00,0.80,0.00,0.00,0.00,0
1.9694,-18,-13,131,0,DRIVE [ 65 ] [ 1 ] [ 1901 1674 1433 ] [    0    0    0 ] [      0      0      0 ] [ 0 ],drive [ 65 ] [ 0 ] [ 1901 1677 1435 ] [   19   45   42 ] [  13848   6991  10108 ] [ 0 ],1.10,1.10,1.10,1.10,-20.31,-14.00,0.00,0.80,0.80,0.80,0.80,-0.76,-10.16,0.00,0.00,0.00,0.00,0.80,0.00,0.00,0.00,0
1.97995,-18,-12,129,0,DRIVE [ 66 ] [ 1 ] [ 1901 1668 1433 ] [    0    0    0 ] [      0      0      0 ] [ 0 ],drive [ 65 ] [ 0 ] [ 1901 1674 1433 ] [   19   45   42 ] [  13651   7187  10139 ] [ 0 ],1.10,1.10,1.10,1.10,-20.12,-13.39,0.00,0.80,0.80,0.80,0.80,-1.04,-10.34,0.00,0.00,0.00,0.00,0.80,0.00,0.00,0.00,0
1.99056,-18,-12,127,0,DRIVE [ 66 ] [ 1 ] [ 1901 1662 1435 ] [    0    0    0 ] [      0      0      0 ] [ 0 ],drive [ 66 ] [ 0 ] [ 1901 1668 1433 ] [   19   45   42 ] [  13651   7187  10139 ] [ 0 ],1.10,1.10,1.10,1.10,-20.01,-12.65,0.00,0.80,0.80,0.80,0.80,-1.32,-10.51,0.00,0.00,0.00,0.00,0.80,0.00,0.00,0.00,0
2.00258,-18,-11,125,0,DRIVE [ 67 ] [ 1 ] [ 1901 1653 1440 ] [    0    0    0 ] [      0      0      0 ] [ 0 ],drive [ 66 ] [ 0 ] [ 1901 1662 1435 ] [    3   38   48 ] [  13651   7187  10139 ] [ 0 ],1.10,1.10,1.10,1.10,-19.98,-11.77,0.00,0.80,0.80,0.80,0.80,-1.61,-10.67,0.00,0.00,0.00,0.00,0.80,0.00,0.00,0.00,0
2.01276,-18,-10,123,0,DRIVE [ 67 ] [ 1 ] [ 1901 1643 1445 ] [    0    0    0 ] [      0      0      0 ] [ 0 ],drive [ 67 ] [ 0 ] [ 1901 1653 1440 ] [    3   38   48 ] [  13651   7187  10139 ] [ 0 ],1.10,1.10,1.10,1.10,-20.04,-10.83,0.00,0.80,0.80,0.80,0.80,-1.89,-10.82,0.00,0.00,0.00,0.00,0.80,0.00,0.00,0.00,0
2.02271,-18,-9,120,0,DRIVE [ 68 ] [ 1 ] [ 1901 1632 1450 ] [    0    0    0 ] [      0      0      0 ] [ 0 ],drive [ 67 ] [ 0 ] [ 1901 1643 1445 ] [    3   38   48 ] [  13651   7187  10139 ] [ 0 ],1.10,1.10,1.10,1.10,-20.13,-9.92,0.00,0.80,0.80,0.80,0.80,-2.18,-10.95,0.00,0.00,0.00,0.00,0.80,0.00,0.00,0.00,0
2.03438,-18,-8,118,0,DRIVE [ 68 ] [ 1 ] [ 1901 1620 1455 ] [    0    0    0 ] [      0      0      0 ] [ 0 ],drive [ 68 ] [ 0 ] [ 1901 1632 1450 ] [    3   38   48 ] [  13509   7232  10245 ] [ 0 ],1.10,1.10,1.10,1.10,-20.21,-9.00,0.00,0.80,0.80,0.80,0.80,-2.47,-11.07,0.00,0.00,0.00,0.00,0.80,0.00,0.00,0.00,0
2.04642,-18,-7,116,0,DRIVE [ 69 ] [ 1 ] [ 1901 1607 1460 ] [    0    0    0 ] [      0      0      0 ] [ 0 ],drive [ 68 ] [ 0 ] [ 1901 1620 1455 ] [   26   27   60 ] [  13509   7232  10245 ] [ 0 ],1.10,1.10,1.10,1.10,-20.34,-8.10,0.00,0.80,0.80,0.80,0.80,-2.76,-11.18,0.00,0.00,0.00,0.00,0.80,0.00,0.00,0.00,0
2.05835,-19,-7,114,0,DRIVE [ 69 ] [ 1 ] [ 1901 1594 1464 ] [    0    0    0 ] [      0      0      0 ] [ 0 ],drive [ 69 ] [ 0 ] [ 1901 1607 1460 ] [   26   27   60 ] [  13509   7232  10245 ] [ 0 ],1.10,1.10,1.10,1.10,-20.39,-7.24,0.00,0.80,0.80,0.80,0.80,-3.05,-11.27,0.00,0.00,0.00,0.00,0.80,0.00,0.00,0.00,0
2.07032,-18,-6,112,0,DRIVE [ 70 ] [ 1 ] [ 1901 1582 1468 ] [    0    0    0 ] [      0      0      0 ] [ 0 ],drive [ 69 ] [ 0 ] [ 1901 1594 1464 ] [   26   27   60 ] [  13509   7232  10245 ] [ 0 ],1.10,1.10,1.10,1.10,-20.33,-6.45,0.00,0.80,0.80,0.80,0.80,-3.34,-11.36,0.00,0.00,0.00,0.00,0.80,0.00,0.00,0.00,0
2.08181,-18,-5,109,0,DRIVE [ 70 ] [ 1 ] [ 1901 1573 1470 ] [    0    0    0 ] [      0      0      0 ] [ 0 ],drive [ 70 ] [ 0 ] [ 1901 1582 1468 ] [   26   27   60 ] [  13354   7431  10252 ] [ 0 ],1.10,1.10,1.10,1.10,-20.12,-5.78,0.00,0.80,0.80,0.80,0.80,-3.62,-11.44,0.00,0.00,0.00,0.00,0.80,0.00,0.00,0.00,0
2.09138,-18,-5,107,0,DRIVE [ 71 ] [ 1 ] [ 1901 1566 1471 ] [    0    0    0 ] [      0      0      0 ] [ 0 ],drive [ 70 ] [ 0 ] [ 1901 1573 1470 ] [   19   53   59 ] [  13354   7431  10252 ] [ 0 ],1.10,1.10,1.10,1.10,-19.79,-5.18,0.00,0.80,0.80,0.80,0.80,-3.90,-11.51,0.00,0.00,0.00,0.00,0.80,0.00,0.00,0.00,0
2.10216,-18,-4,105,0,DRIVE [ 71 ] [ 1 ] [ 1901 1560 1472 ] [    0    0    0 ] [      0      0      0 ] [ 0 ],drive [ 71 ] [ 0 ] [ 1901 1566 1471 ] [   19   53   59 ] [  13354   7431  10252 ] [ 0 ],1.10,1.10,1.10,1.10,-19.41,-4.69,0.00,0.80,0.80,0.80,0.80,-4.16,-11.57,0.00,0.00,0.00,0.00,0.80,0.00,0.00,0.00,0
2.11469,-17,-4,103,0,DRIVE [ 72 ] [ 1 ] [ 1901 1554 1471 ] [    0    0    0 ] [      0      0      0 ] [ 0 ],drive [ 71 ] [ 0 ] [ 1901 1560 1472 ] [   19   53   59 ] [  13354   7431  10252 ] [ 0 ],1.10,1.10,1.10,1.10,-19.02,-4.26,0.00,0.80,0.80,0.80,0.80,-4.43,-11.63,0.00,0.00,0.00,0.00,0.80,0.00,0.00,0.00,0
2.12601,-17,-3,101,0,DRIVE [ 72 ] [ 1 ] [ 1901 1547 1470 ] [    0    0    0 ] [      0      0      0 ] [ 0 ],drive [ 72 ] [ 0 ] [ 1901 1554 1471 ] [   19   53   59 ] [  13354   7431  10252 ] [ 0 ],1.10,1.10,1.10,1.10,-18.70,-3.84,0.00,0.80,0.80,0.80,0.80,-4.70,-11.69,0.00,0.00,0.00,0.00,0.80,0.00,0.00,0.00,0
2.13827,-17,-3,99,0,DRIVE [ 73 ] [ 1 ] [ 1901 1539 1468 ] [    0    0    0 ] [      0      0      0 ] [ 0 ],drive [ 72 ] [ 0 ] [ 1901 1547 1470 ] [   19   53   59 ] [  13299   7612  10253 ] [ 0 ],1.10,1.10,1.10,1.10,-18.46,-3.49,0.00,0.80,0.80,0.80,0.80,-4.96,-11.74,0.00,0.00,0.00,0.00,0.80,0.00,0.00,0.00,0
2.14876,-17,-3,97,0,DRIVE [ 73 ] [ 1 ] [ 1901 1530 1463 ] [    0    0    0 ] [      0      0      0 ] [ 0 ],drive [ 73 ] [ 0 ] [ 1901 1539 1468 ] [    8   39   62 ] [  13299   7612  10253 ] [ 0 ],1.10,1.10,1.10,1.10,-18.25,-3.22,0.00,0.80,0.80,0.80,0.80,-5.22,-11.79,0.00,0.00,0.00,0.00,0.80,0.00,0.00,0.00,0
2.15812,-16,-3,95,0,DRIVE [ 74 ] [ 1 ] [ 1901 1521 1456 ] [    0    0    0 ] [      0      0      0 ] [ 0 ],drive [ 73 ] [ 0 ] [ 1901 1530 1463 ] [    8   39   62 ] [  13299   7612  10253 ] [ 0 ],1.10,1.10,1.10,1.10,-18.05,-3.06,0.00,0.80,0.80,0.80,0.80,-5.48,-11.84,0.00,0.00,0.00,0.00,0.80,0.00,0.00,0.00,0
2.17014,-16,-3,93,0,DRIVE [ 74 ] [ 1 ] [ 1901 1512 1447 ] [    0    0    0 ] [      0      0      0 ] [ 0 ],drive [ 74 ] [ 0 ] [ 1901 1521 1456 ] [    8   39   62 ] [  13299   7612  10253 ] [ 0 ],1.10,1.10,1.10,1.10,-17.85,-3.01,0.00,0.80,0.80,0.80,0.80,-5.72,-11.88,0.00,0.00,0.00,0.00,0.80,0.00,0.00,0.00,0
2.18245,-16,-3,91,0,DRIVE [ 75 ] [ 1 ] [ 1901 1504 1436 ] [    0    0    0 ] [      0      0      0 ] [ 0 ],drive [ 74 ] [ 0 ] [ 1901 1512 1447 ] [    8   39   62 ] [  13230   7667  10266 ] [ 0 ],1.10,1.10,1.10,1.10,-17.63,-3.02,0.00,0.80,0.80,0.80,0.80,-5.97,-11.93,0.00,0.00,0.00,0.00,0.80,0.00,0.00,0.00,0
2.19426,-16,-3,89,0,DRIVE [ 75 ] [ 1 ] [ 1901 1497 1423 ] [    0    0    0 ] [      0      0      0 ] [ 0 ],drive [ 75 ] [ 0 ] [ 1901 1504 1436 ] [    8   60   56 ] [  13230   7667  10266 ] [ 0 ],1.10,1.10,1.10,1.10,-17.32,-3.13,0.00,0.80,0.80,0.80,0.80,-6.21,-11.98,0.00,0.00,0.00,0.00,0.80,0.00,0.00,0.00,0
2.20364,-15,-3,87,0,DRIVE [ 76 ] [ 1 ] [ 1901 1493 1410 ] [    0    0    0 ] [      0      0      0 ] [ 0 ],drive [ 75 ] [ 0 ] [ 1901 1497 1423 ] [    8   60   56 ] [  13230   7667  10266 ] [ 0 ],1.10,1.10,1.10,1.10,-16.89,-3.24,0.00,0.80,0.80,0.80,0.80,-6.45,-12.04,0.00,0.00,0.00,0.00,0.80,0.00,0.00,0.00,0
2.21446,-15,-3,85,0,DRIVE [ 76 ] [ 1 ] [ 1901 1492 1397 ] [    0    0    0 ] [      0      0      0 ] [ 0 ],drive [ 76 ] [ 0 ] [ 1901 1493 1410 ] [    8   60   56 ] [  13230   7667  10266 ] [ 0 ],1.10,1.10,1.10,1.10,-16.36,-3.44,0.00,0.80,0.80,0.80,0.80,-6.67,-12.09,0.00,0.00,0.00,0.00,0.80,0.00,0.00,0.00,0
2.22588,-14,-3,84,0,DRIVE [ 77 ] [ 1 ] [ 1901 1493 1382 ] [    0    0    0 ] [      0      0      0 ] [ 0 ],drive [ 76 ] [ 0 ] [ 1901 1492 1397 ] [    8   60   56 ] [  13230   7667  10266 ] [ 0 ],1.10,1.10,1.10,1.10,-15.74,-3.66,0.00,0.80,0.80,0.80,0.80,-6.89,-12.15,0.00,0.00,0.00,0.00,0.80,0.00,0.00,0.00,0
2.23789,-14,-4,82,0,DRIVE [ 77 ] [ 1 ] [ 1901 1495 1365 ] [    0    0    0 ] [      0      0      0 ] [ 0 ],drive [ 77 ] [ 0 ] [ 1901 1493 1382 ] [    8   60   56 ] [  13061   7909  10342 ] [ 0 ],1.10,1.10,1.10,1.10,-15.08,-3.94,0.00,0.80,0.80,0.80,0.80,-7.10,-12.22,0.00,0.00,0.00,0.00,0.80,0.00,0.00,0.00,0
2.24999,-13,-4,80,0,DRIVE [ 78 ] [ 1 ] [ 1901 1497 1347 ] [    0    0    0 ] [      0      0      0 ] [ 0 ],drive [ 77 ] [ 0 ] [ 1901 1495 1365 ] [    9   40   69 ] [  13061   7909  10342 ] [ 0 ],1.10,1.10,1.10,1.10,-14.43,-4.20,0.00,0.80,0.80,0.80,0.80,-7.30,-12.29,0.00,0.00,0.00,0.00,0.80,0.00,0.00,0.00,0
2.26178,-13,-4,78,0,DRIVE [ 78 ] [ 1 ] [ 1901 1498 1330 ] [    0    0    0 ] [      0      0      0 ] [ 0 ],drive [ 78 ] [ 0 ] [ 1901 1497 1347 ] [    9   40   69 ] [  13061   7909  10342 ] [ 0 ],1.10,1.10,1.10,1.10,-13.80,-4.39,0.00,0.80,0.80,0.80,0.80,-7.49,-12.36,0.00,0.00,0.00,0.00,0.80,0.00,0.00,0.00,0
2.27117,-12,-4,76,0,DRIVE [ 79 ] [ 1 ] [ 1901 1500 1316 ] [    0    0    0 ] [      0      0      0 ] [ 0 ],drive [ 78 ] [ 0 ] [ 1901 1498 1330 ] [    9   40   69 ] [  13061   7909  10342 ] [ 0 ],1.10,1.10,1.10,1.10,-13.13,-4.45,0.00,0.80,0.80,0.80,0.80,-7.67,-12.42,0.00,0.00,0.00,0.00,0.80,0.00,0.00,0.00,0
2.28244,-11,-4,74,0,DRIVE [ 79 ] [ 1 ] [ 1901 1504 1304 ] [    0    0    0 ] [      0      0      0 ] [ 0 ],drive [ 79 ] [ 0 ] [ 1901 1500 1316 ] [    9   40   69 ] [  12931   7927  10568 ] [ 0 ],1.10,1.10,1.10,1.10,-12.39,-4.47,0.00,0.80,0.80,0.80,0.80,-7.83,-12.49,0.00,0.00,0.00,0.00,0.80,0.00,0.00,0.00,0
2.29372,-11,-4,72,0,DRIVE [ 80 ] [ 1 ] [ 1901 1509 1289 ] [    0    0    0 ] [      0      0      0 ] [ 0 ],drive [ 79 ] [ 0 ] [ 1901 1504 1304 ] [   16   38   77 ] [  12931   7927  10568 ] [ 0 ],1.10,1.10,1.10,1.10,-11.59,-4.53,0.00,0.80,0.80,0.80,0.80,-7.99,-12.56,0.00,0.00,0.00,0.00,0.80,0.00,0.00,0.00,0
2.3064,-10,-4,70,0,DRIVE [ 80 ] [ 1 ] [ 1901 1517 1272 ] [    0    0    0 ] [      0      0      0 ] [ 0 ],drive [ 80 ] [ 0 ] [ 1901 1509 1289 ] [   16   38   77 ] [  12931   7927  10568 ] [ 0 ],1.10,1.10,1.10,1.10,-10.69,-4.65,0.00,0.80,0.80,0.80,0.80,-8.14,-12.63,0.00,0.00,0.00,0.00,0.80,0.00,0.00,0.00,0
2.3181,-9,-4,69,0,DRIVE [ 81 ] [ 1 ] [ 1901 1529 1255 ] [    0    0    0 ] [      0      0      0 ] [ 0 ],drive [ 80 ] [ 0 ] [ 1901 1517 1272 ] [   16   38   77 ] [  12931   7927  10568 ] [ 0 ],1.10,1.10,1.10,1.10,-9.69,-4.77,0.00,0.80,0.80,0.80,0.80,-8.27,-12.70,0.00,0.00,0.00,0.00,0.80,0.00,0.00,0.00,0
2.33149,-8,-4,67,0,DRIVE [ 81 ] [ 1 ] [ 1901 1544 1239 ] [    0    0    0 ] [      0      0      0 ] [ 0 ],drive [ 81 ] [ 0 ] [ 1901 1529 1255 ] [   16   38   77 ] [  12735   8073  10692 ] [ 0 ],1.10,1.10,1.10,1.10,-8.56,-4.80,0.00,0.80,0.80,0.80,0.80,-8.38,-12.77,0.00,0.00,0.00,0.00,0.80,0.00,0.00,0.00,0
2.34153,-7,-4,65,0,DRIVE [ 82 ] [ 1 ] [ 1901 1562 1225 ] [    0    0    0 ] [      0      0      0 ] [ 0 ],drive [ 81 ] [ 0 ] [ 1901 1544 1239 ] [   20   53   76 ] [  12735   8073  10692 ] [ 0 ],1.10,1.10,1.10,1.10,-7.35,-4.77,0.00,0.80,0.80,0.80,0.80,-8.47,-12.84,0.00,0.00,0.00,0.00,0.80,0.00,0.00,0.00,0
2.3528,-6,-4,63,0,DRIVE [ 82 ] [ 1 ] [ 1901 1581 1215 ] [    0    0    0 ] [      0      0      0 ] [ 0 ],drive [ 82 ] [ 0 ] [ 1901 1562 1225 ] [   20   53   76 ] [  12735   8073  10692 ] [ 0 ],1.10,1.10,1.10,1.10,-6.11,-4.61,0.00,0.80,0.80,0.80,0.80,-8.55,-12.91,0.00,0.00,0.00,0.00,0.80,0.00,0.00,0.00,0
2.36242,-4,-4,62,0,DRIVE [ 83 ] [ 1 ] [ 1901 1600 1212 ] [    0    0    0 ] [      0      0      0 ] [ 0 ],drive [ 82 ] [ 0 ] [ 1901 1581 1215 ] [   20   53   76 ] [  12735   8073  10692 ] [ 0 ],1.10,1.10,1.10,1.10,-4.86,-4.19,0.00,0.80,0.80,0.80,0.80,-8.61,-12.96,0.00,0.00,0.00,0.00,0.80,0.00,0.00,0.00,0
2.37406,-3,-3,60,0,DRIVE [ 83 ] [ 1 ] [ 1901 1620 1218 ] [    0    0    0 ] [      0      0      0 ] [ 0 ],drive [ 83 ] [ 0 ] [ 1901 1600 1212 ] [   20   53   76 ] [  12735   8073  10692 ] [ 0 ],1.10,1.10,1.10,1.10,-3.65,-3.56,0.00,0.80,0.80,0.80,0.80,-8.65,-13.01,0.00,0.00,0.00,0.00,0.80,0.00,0.00,0.00,0
2.38591,-2,-2,58,0,DRIVE [ 84 ] [ 1 ] [ 1901 1641 1230 ] [    0    0    0 ] [      0      0      0 ] [ 0 ],drive [ 83 ] [ 0 ] [ 1901 1620 1218 ] [   20   53   76 ] [  12585   8122  10994 ] [ 0 ],1.10,1.10,1.10,1.10,-2.43,-2.74,0.00,0.80,0.80,0.80,0.80,-8.67,-13.03,0.00,0.00,0.00,0.00,0.80,0.00,0.00,0.00,0
2.39525,-1,-2,56,0,DRIVE [ 84 ] [ 1 ] [ 1901 1664 1248 ] [    0    0    0 ] [      0      0      0 ] [ 0 ],drive [ 84 ] [ 0 ] [ 1901 1641 1230 ] [   26   48   72 ] [  12585   8122  10994 ] [ 0 ],1.10,1.10,1.10,1.10,-1.19,-1.82,0.00,0.80,0.80,0.80,0.80,-8.68,-13.05,0.00,0.00,0.00,0.00,0.80,0.00,0.00,0.00,0
2.40595,0,-1,55,0,DRIVE [ 85 ] [ 1 ] [ 1901 1689 1271 ] [    0    0    0 ] [      0      0      0 ] [ 0 ],drive [ 84 ] [ 0 ] [ 1901 1664 1248 ] [   26   48   72 ] [  12585   8122  10994 ] [ 0 ],1.10,1.10,1.10,1.10,0.08,-0.86,0.00,0.80,0.80,0.80,0.80,-8.67,-13.05,0.00,0.00,0.00,0.00,0.80,-0.00,0.00,0.00,0
2.41812,1,0,53,0,DRIVE [ 85 ] [ 1 ] [ 1901 1721 1292 ] [    0    0    0 ] [      0      0      0 ] [ 0 ],drive [ 85 ] [ 0 ] [ 1901 1689 1271 ] [   26   48   72 ] [  12585   8122  10994 ] [ 0 ],1.10,1.10,1.10,1.10,1.49,0.05,0.00,0.80,0.80,0.80,0.80,-8.64,-13.04,0.00,0.00,0.00,0.00,0.80,0.00,0.00,0.00,0
2.42996,3,1,52,0,DRIVE [ 86 ] [ 1 ] [ 1901 1757 1312 ] [    0    0    0 ] [      0      0      0 ] [ 0 ],drive [ 85 ] [ 0 ] [ 1901 1721 1292 ] [   26   48   72 ] [  12476   8108  11149 ] [ 0 ],1.10,1.10,1.10,1.10,2.98,0.95,0.00,0.80,0.80,0.80,0.80,-8.58,-13.01,0.00,0.00,0.00,0.00,0.80,0.00,0.00,0.00,0
2.44337,4,2,50,0,DRIVE [ 86 ] [ 1 ] [ 1901 1797 1332 ] [    0    0    0 ] [      0      0      0 ] [ 0 ],drive [ 86 ] [ 0 ] [ 1901 1757 1312 ] [   26   48   72 ] [  12476   8108  11149 ] [ 0 ],1.10,1.10,1.10,1.10,4.49,1.87,0.00,0.80,0.80,0.80,0.80,-8.51,-12.98,0.00,0.00,0.00,0.00,0.80,0.00,0.00,0.00,0
2.45396,5,3,48,0,DRIVE [ 87 ] [ 1 ] [ 1901 1838 1351 ] [    0    0    0 ] [      0      0      0 ] [ 0 ],drive [ 86 ] [ 0 ] [ 1901 1797 1332 ] [   15   39   64 ] [  12476   8108  11149 ] [ 0 ],1.10,1.10,1.10,1.10,5.99,2.81,0.00,0.80,0.80,0.80,0.80,-8.41,-12.93,0.00,0.00,0.00,0.00,0.80,0.00,0.00,0.00,0
2.46373,7,3,47,0,DRIVE [ 87 ] [ 1 ] [ 1901 1881 1367 ] [    0    0    0 ] [      0      0      0 ] [ 0 ],drive [ 87 ] [ 0 ] [ 1901 1838 1351 ] [   15   39   64 ] [  12476   8108  11149 ] [ 0 ],1.10,1.10,1.10,1.10,7.44,3.80,0.00,0.80,0.80,0.80,0.80,-8.29,-12.86,0.00,0.00,0.00,0.00,0.80,0.00,0.00,0.00,0
2.47425,8,4,45,0,DRIVE [ 88 ] [ 1 ] [ 1886 1881 1415 ] [    0    0    0 ] [      0      0      0 ] [ 0 ],drive [ 87 ] [ 0 ] [ 1901 1881 1367 ] [   15   39   64 ] [  12476   8108  11149 ] [ 0 ],1.10,1.10,1.10,1.10,8.82,4.84,0.00,0.80,0.80,0.80,0.80,-8.16,-12.79,0.00,0.00,0.00,0.00,0.80,0.00,0.00,0.00,0
2.48724,9,5,44,0,DRIVE [ 88 ] [ 1 ] [ 1839 1881 1505 ] [    0    0    0 ] [      0      0      0 ] [ 0 ],drive [ 88 ] [ 0 ] [ 1886 1881 1415 ] [   15   39   64 ] [  12456   7972  11147 ] [ 0 ],1.10,1.10,1.10,1.10,10.17,5.97,0.00,0.80,0.80,0.80,0.80,-8.00,-12.69,0.00,0.00,0.00,0.00,0.80,0.00,0.00,0.00,0
2.50081,10,6,42,1,DRIVE [ 89 ] [ 1 ] [ 1788 1881 1578 ] [    0    0    0 ] [      0      0      0 ] [ 0 ],drive [ 88 ] [ 0 ] [ 1839 1881 1505 ] [   14   28   51 ] [  12456   7972  11147 ] [ 0 ],1.10,1.10,1.10,1.10,11.37,7.13,0.00,0.80,0.80,0.80,0.80,-7.83,-12.57,0.00,0.00,0.00,0.00,0.80,0.00,0.00,0.00,0
