timestamp,Xmm,Ymm,Zmm,TouchDetected,OutgoingPacket,IncomingPacket,GainPropAb, GainPropAd, GainPropFl, GainPropEx,PropA, PropB, PropC,GainIntegAb, GainIntegAd, GainIntegFl, GainIntegEx,IntegA, IntegB, IntegC,GainDerivAb, GainDerivAd, GainDerivFl, GainDerivEx,DerivA, DerivB, DerivC,Heading5
0.112659,-86,-82,287,0,DRIVE [ 61 ] [ 1 ] [ 1905 1900 1894 ] [    0    0    0 ] [      0      0      0 ] [ 0 ],drive [ 61 ] [ 0 ] [ 1905 1890 1905 ] [   63   64   32 ] [  13463  10403  11326 ] [ 2 ],1.00,1.00,1.20,1.40,-85.52,-98.64,0.00,0.00,0.00,0.00,0.00,0.00,0.00,0.00,0.00,0.00,0.00,0.00,0.00,0.00,0.00,0
0.124766,-85,-83,286,0,DRIVE [ 62 ] [ 1 ] [ 1905 1895 1883 ] [    0    0    0 ] [      0      0      0 ] [ 0 ],drive [ 61 ] [ 0 ] [ 1905 1900 1894 ] [   63   64   32 ] [  13553  10444  11485 ] [ 0 ],1.00,1.00,1.20,1.40,-85.03,-100.13,0.00,0.00,0.00,0.00,0.00,0.00,0.00,0.00,0.00,0.00,0.00,0.00,0.00,0.00,0.00,0
0.136608,-85,-81,283,0,DRIVE [ 62 ] [ 1 ] [ 1905 1889 1872 ] [    0    0    0 ] [      0      0      0 ] [ 0 ],drive [ 62 ] [ 0 ] [ 1905 1895 1883 ] [    3   26   17 ] [  13553  10444  11485 ] [ 0 ],1.00,1.00,1.20,1.40,-84.59,-97.69,0.00,0.00,0.00,0.00,0.00,0.00,0.00,0.00,0.00,0.00,0.00,0.00,0.00,0.00,0.00,0
0.14805,-86,-81,282,0,DRIVE [ 63 ] [ 1 ] [ 1905 1884 1862 ] [    0    0    0 ] [      0      0      0 ] [ 0 ],drive [ 62 ] [ 0 ] [ 1905 1889 1872 ] [    3   26   17 ] [  13553  10444  11485 ] [ 0 ],1.00,1.00,1.20,1.40,-86.13,-97.10,0.00,0.00,0.00,0.00,0.00,0.00,0.00,0.00,0.00,0.00,0.00,0.00,0.00,0.00,0.00,0
0.159936,-86,-83,281,0,DRIVE [ 63 ] [ 1 ] [ 1905 1878 1850 ] [    0    0    0 ] [      0      0      0 ] [ 0 ],drive [ 63 ] [ 0 ] [ 1905 1884 1862 ] [    3   26   17 ] [  13553  10444  11485 ] [ 0 ],1.00,1.00,1.20,1.40,-86.11,-99.39,0.00,0.00,0.00,0.00,0.00,0.00,0.00,0.00,0.00,0.00,0.00,0.00,0.00,0.00,0.00,0
0.171671,-87,-85,281,0,DRIVE [ 64 ] [ 1 ] [ 1905 1873 1837 ] [    0    0    0 ] [      0      0      0 ] [ 0 ],drive [ 63 ] [ 0 ] [ 1905 1878 1850 ] [    3   26   17 ] [  12800   9541  10552 ] [ 0 ],1.00,1.00,1.20,1.40,-87.07,-102.15,0.00,0.00,0.00,0.00,0.00,0.00,0.00,0.00,0.00,0.00,0.00,0.00,0.00,0.00,0.00,0
0.182989,-88,-88,279,0,DRIVE [ 64 ] [ 1 ] [ 1905 1867 1823 ] [    0    0    0 ] [      0      0      0 ] [ 0 ],drive [ 64 ] [ 0 ] [ 1905 1873 1837 ] [    3   26   17 ] [  12800   9541  10552 ] [ 0 ],1.00,1.00,1.20,1.40,-88.07,-105.79,0.00,0.00,0.00,0.00,0.00,0.00,0.00,0.00,0.00,0.00,0.00,0.00,0.00,0.00,0.00,0
0.195187,-88,-91,276,0,DRIVE [ 65 ] [ 1 ] [ 1905 1861 1808 ] [    0    0    0 ] [      0      0      0 ] [ 0 ],drive [ 64 ] [ 0 ] [ 1905 1867 1823 ] [   16   18    4 ] [  12800   9541  10552 ] [ 0 ],1.00,1.00,1.20,1.40,-88.20,-108.99,0.00,0.00,0.00,0.00,0.00,0.00,0.00,0.00,0.00,0.00,0.00,0.00,0.00,0.00,0.00,0
0.208993,-89,-93,274,0,DRIVE [ 65 ] [ 1 ] [ 1905 1855 1792 ] [    0    0    0 ] [      0      0      0 ] [ 0 ],drive [ 65 ] [ 0 ] [ 1905 1861 1808 ] [   16   18    4 ] [  12800   9541  10552 ] [ 0 ],1.00,1.00,1.20,1.40,-88.73,-111.97,0.00,0.00,0.00,0.00,0.00,0.00,0.00,0.00,0.00,0.00,0.00,0.00,0.00,0.00,0.00,0
0.221259,-89,-94,271,0,DRIVE [ 66 ] [ 1 ] [ 1905 1848 1775 ] [    0    0    0 ] [      0      0      0 ] [ 0 ],drive [ 65 ] [ 0 ] [ 1905 1855 1792 ] [   16   18    4 ] [  12804   9449  10381 ] [ 0 ],1.00,1.00,1.20,1.40,-88.65,-113.28,0.00,0.00,0.00,0.00,0.00,0.00,0.00,0.00,0.00,0.00,0.00,0.00,0.00,0.00,0.00,0
0.233215,-89,-95,268,0,DRIVE [ 66 ] [ 1 ] [ 1905 1842 1759 ] [    0    0    0 ] [      0      0      0 ] [ 0 ],drive [ 66 ] [ 0 ] [ 1905 1848 1775 ] [   16   18    4 ] [  12804   9449  10381 ] [ 0 ],1.00,1.00,1.20,1.40,-88.60,-114.21,0.00,0.00,0.00,0.00,0.00,0.00,0.00,0.00,0.00,0.00,0.00,0.00,0.00,0.00,0.00,0
0.245429,-88,-96,265,0,DRIVE [ 67 ] [ 1 ] [ 1905 1836 1743 ] [    0    0    0 ] [      0      0      0 ] [ 0 ],drive [ 66 ] [ 0 ] [ 1905 1842 1759 ] [   12   25   37 ] [  12804   9449  10381 ] [ 0 ],1.00,1.00,1.20,1.40,-88.26,-114.72,0.00,0.00,0.00,0.00,0.00,0.00,0.00,0.00,0.00,0.00,0.00,0.00,0.00,0.00,0.00,0
0.257534,-88,-96,264,0,DRIVE [ 67 ] [ 1 ] [ 1905 1829 1727 ] [    0    0    0 ] [      0      0      0 ] [ 0 ],drive [ 67 ] [ 0 ] [ 1905 1836 1743 ] [   12   25   37 ] [  12804   9449  10381 ] [ 0 ],1.00,1.00,1.20,1.40,-88.45,-115.65,0.00,0.00,0.00,0.00,0.00,0.00,0.00,0.00,0.00,0.00,0.00,0.00,0.00,0.00,0.00,0
0.269718,-88,-97,261,0,DRIVE [ 68 ] [ 1 ] [ 1905 1823 1712 ] [    0    0    0 ] [      0      0      0 ] [ 0 ],drive [ 67 ] [ 0 ] [ 1905 1829 1727 ] [   12   25   37 ] [  12804   9449  10381 ] [ 0 ],1.00,1.00,1.20,1.40,-88.40,-115.84,0.00,0.00,0.00,0.00,0.00,0.00,0.00,0.00,0.00,0.00,0.00,0.00,0.00,0.00,0.00,0
0.281232,-89,-97,259,0,DRIVE [ 68 ] [ 1 ] [ 1905 1816 1696 ] [    0    0    0 ] [      0      0      0 ] [ 0 ],drive [ 68 ] [ 0 ] [ 1905 1823 1712 ] [   12   25   37 ] [  12804   9449  10401 ] [ 0 ],1.00,1.00,1.20,1.40,-88.59,-116.05,0.00,0.00,0.00,0.00,0.00,0.00,0.00,0.00,0.00,0.00,0.00,0.00,0.00,0.00,0.00,0
0.295314,-89,-97,256,0,DRIVE [ 69 ] [ 1 ] [ 1905 1809 1681 ] [    0    0    0 ] [      0      0      0 ] [ 0 ],drive [ 68 ] [ 0 ] [ 1905 1816 1696 ] [   12   28   36 ] [  12804   9449  10401 ] [ 0 ],1.00,1.00,1.20,1.40,-88.65,-115.91,0.00,0.00,0.00,0.00,0.00,0.00,0.00,0.00,0.00,0.00,0.00,0.00,0.00,0.00,0.00,0
0.307197,-89,-97,255,0,DRIVE [ 69 ] [ 1 ] [ 1905 1801 1662 ] [    0    0    0 ] [      0      0      0 ] [ 0 ],drive [ 69 ] [ 0 ] [ 1905 1809 1681 ] [   12   28   36 ] [  12804   9449  10401 ] [ 0 ],1.00,1.00,1.20,1.40,-89.27,-116.42,0.00,0.00,0.00,0.00,0.00,0.00,0.00,0.00,0.00,0.00,0.00,0.00,0.00,0.00,0.00,0
0.319989,-90,-97,253,0,DRIVE [ 70 ] [ 1 ] [ 1905 1793 1645 ] [    0    0    0 ] [      0      0      0 ] [ 0 ],drive [ 69 ] [ 0 ] [ 1905 1801 1662 ] [   12   28   36 ] [  12804   9449  10401 ] [ 0 ],1.00,1.00,1.20,1.40,-89.74,-116.84,0.00,0.00,0.00,0.00,0.00,0.00,0.00,0.00,0.00,0.00,0.00,0.00,0.00,0.00,0.00,0
0.331476,-90,-98,250,0,DRIVE [ 70 ] [ 1 ] [ 1905 1785 1626 ] [    0    0    0 ] [      0      0      0 ] [ 0 ],drive [ 70 ] [ 0 ] [ 1905 1793 1645 ] [   12   28   36 ] [  12812   9449  10414 ] [ 0 ],1.00,1.00,1.20,1.40,-90.05,-117.22,0.00,0.00,0.00,0.00,0.00,0.00,0.00,0.00,0.00,0.00,0.00,0.00,0.00,0.00,0.00,0
0.344861,-90,-98,247,0,DRIVE [ 71 ] [ 1 ] [ 1905 1778 1609 ] [    0    0    0 ] [      0      0      0 ] [ 0 ],drive [ 70 ] [ 0 ] [ 1905 1785 1626 ] [    8   29   38 ] [  12812   9449  10414 ] [ 0 ],1.00,1.00,1.20,1.40,-90.12,-117.37,0.00,0.00,0.00,0.00,0.00,0.00,0.00,0.00,0.00,0.00,0.00,0.00,0.00,0.00,0.00,0
0.356668,-90,-98,245,0,DRIVE [ 71 ] [ 1 ] [ 1905 1770 1589 ] [    0    0    0 ] [      0      0      0 ] [ 0 ],drive [ 71 ] [ 0 ] [ 1905 1778 1609 ] [    8   29   38 ] [  12812   9449  10414 ] [ 0 ],1.00,1.00,1.20,1.40,-90.42,-117.87,0.00,0.00,0.00,0.00,0.00,0.00,0.00,0.00,0.00,0.00,0.00,0.00,0.00,0.00,0.00,0
0.368432,-90,-98,243,0,DRIVE [ 72 ] [ 1 ] [ 1905 1762 1571 ] [    0    0    0 ] [      0      0      0 ] [ 0 ],drive [ 71 ] [ 0 ] [ 1905 1770 1589 ] [    8   29   38 ] [  12812   9449  10414 ] [ 0 ],1.00,1.00,1.20,1.40,-90.39,-117.97,0.00,0.00,0.00,0.00,0.00,0.00,0.00,0.00,0.00,0.00,0.00,0.00,0.00,0.00,0.00,0
0.379678,-90,-98,240,0,DRIVE [ 72 ] [ 1 ] [ 1905 1754 1552 ] [    0    0    0 ] [      0      0      0 ] [ 0 ],drive [ 72 ] [ 0 ] [ 1905 1762 1571 ] [    8   29   38 ] [  12811   9449  10455 ] [ 0 ],1.00,1.00,1.20,1.40,-90.46,-118.12,0.00,0.00,0.00,0.00,0.00,0.00,0.00,0.00,0.00,0.00,0.00,0.00,0.00,0.00,0.00,0
0.391415,-91,-99,238,0,DRIVE [ 73 ] [ 1 ] [ 1905 1746 1535 ] [    0    0    0 ] [      0      0      0 ] [ 0 ],drive [ 72 ] [ 0 ] [ 1905 1754 1552 ] [    9   33   41 ] [  12811   9449  10455 ] [ 0 ],1.00,1.00,1.20,1.40,-90.67,-118.33,0.00,0.00,0.00,0.00,0.00,0.00,0.00,0.00,0.00,0.00,0.00,0.00,0.00,0.00,0.00,0
0.403038,-91,-99,236,0,DRIVE [ 73 ] [ 1 ] [ 1905 1738 1516 ] [    0    0    0 ] [      0      0      0 ] [ 0 ],drive [ 73 ] [ 0 ] [ 1905 1746 1535 ] [    9   33   41 ] [  12811   9449  10455 ] [ 0 ],1.00,1.00,1.20,1.40,-90.81,-118.33,0.00,0.00,0.00,0.00,0.00,0.00,0.00,0.00,0.00,0.00,0.00,0.00,0.00,0.00,0.00,0
0.414219,-91,-99,233,0,DRIVE [ 74 ] [ 1 ] [ 1905 1730 1498 ] [    0    0    0 ] [      0      0      0 ] [ 0 ],drive [ 73 ] [ 0 ] [ 1905 1738 1516 ] [    9   33   41 ] [  12811   9449  10455 ] [ 0 ],1.00,1.00,1.20,1.40,-91.07,-118.38,0.00,0.00,0.00,0.00,0.00,0.00,0.00,0.00,0.00,0.00,0.00,0.00,0.00,0.00,0.00,0
0.425991,-91,-99,231,0,DRIVE [ 74 ] [ 1 ] [ 1905 1721 1480 ] [    0    0    0 ] [      0      0      0 ] [ 0 ],drive [ 74 ] [ 0 ] [ 1905 1730 1498 ] [    9   33   41 ] [  12812   9449  10530 ] [ 0 ],1.00,1.00,1.20,1.40,-91.32,-118.28,0.00,0.00,0.00,0.00,0.00,0.00,0.00,0.00,0.00,0.00,0.00,0.00,0.00,0.00,0.00,0
0.43763,-92,-98,228,0,DRIVE [ 75 ] [ 1 ] [ 1905 1712 1461 ] [    0    0    0 ] [      0      0      0 ] [ 0 ],drive [ 74 ] [ 0 ] [ 1905 1721 1480 ] [    8   36   39 ] [  12812   9449  10530 ] [ 0 ],1.00,1.00,1.20,1.40,-91.57,-117.97,0.00,0.00,0.00,0.00,0.00,0.00,0.00,0.00,0.00,0.00,0.00,0.00,0.00,0.00,0.00,0
0.448641,-92,-98,226,0,DRIVE [ 75 ] [ 1 ] [ 1905 1702 1442 ] [    0    0    0 ] [      0      0      0 ] [ 0 ],drive [ 75 ] [ 0 ] [ 1905 1712 1461 ] [    8   36   39 ] [  12812   9449  10530 ] [ 0 ],1.00,1.00,1.20,1.40,-92.14,-117.77,0.00,0.00,0.00,0.00,0.00,0.00,0.00,0.00,0.00,0.00,0.00,0.00,0.00,0.00,0.00,0
0.460275,-93,-98,223,0,DRIVE [ 76 ] [ 1 ] [ 1905 1692 1424 ] [    0    0    0 ] [      0      0      0 ] [ 0 ],drive [ 75 ] [ 0 ] [ 1905 1702 1442 ] [    8   36   39 ] [  12812   9449  10530 ] [ 0 ],1.00,1.00,1.20,1.40,-92.72,-117.31,0.00,0.00,0.00,0.00,0.00,0.00,0.00,0.00,0.00,0.00,0.00,0.00,0.00,0.00,0.00,0
0.471729,-93,-97,221,0,DRIVE [ 76 ] [ 1 ] [ 1905 1681 1405 ] [    0    0    0 ] [      0      0      0 ] [ 0 ],drive [ 76 ] [ 0 ] [ 1905 1692 1424 ] [    8   36   39 ] [  12812   9450  10578 ] [ 0 ],1.00,1.00,1.20,1.40,-93.38,-116.90,0.00,0.00,0.00,0.00,0.00,0.00,0.00,0.00,0.00,0.00,0.00,0.00,0.00,0.00,0.00,0
0.484157,-94,-97,218,0,DRIVE [ 77 ] [ 1 ] [ 1905 1671 1386 ] [    0    0    0 ] [      0      0      0 ] [ 0 ],drive [ 76 ] [ 0 ] [ 1905 1681 1405 ] [    8   36   39 ] [  12812   9450  10578 ] [ 0 ],1.00,1.00,1.20,1.40,-93.85,-116.38,0.00,0.00,0.00,0.00,0.00,0.00,0.00,0.00,0.00,0.00,0.00,0.00,0.00,0.00,0.00,0
0.495453,-94,-97,215,0,DRIVE [ 77 ] [ 1 ] [ 1905 1659 1365 ] [    0    0    0 ] [      0      0      0 ] [ 0 ],drive [ 77 ] [ 0 ] [ 1905 1671 1386 ] [    8   40   67 ] [  12812   9450  10578 ] [ 0 ],1.00,1.00,1.20,1.40,-94.47,-116.16,0.00,0.00,0.00,0.00,0.00,0.00,0.00,0.00,0.00,0.00,0.00,0.00,0.00,0.00,0.00,0
0.507008,-95,-96,213,0,DRIVE [ 78 ] [ 1 ] [ 1905 1647 1344 ] [    0    0    0 ] [      0      0      0 ] [ 0 ],drive [ 77 ] [ 0 ] [ 1905 1659 1365 ] [    8   40   67 ] [  12812   9450  10578 ] [ 0 ],1.00,1.00,1.20,1.40,-94.93,-115.73,0.00,0.00,0.00,0.00,0.00,0.00,0.00,0.00,0.00,0.00,0.00,0.00,0.00,0.00,0.00,0
0.519458,-96,-97,210,0,DRIVE [ 78 ] [ 1 ] [ 1905 1635 1323 ] [    0    0    0 ] [      0      0      0 ] [ 0 ],drive [ 78 ] [ 0 ] [ 1905 1647 1344 ] [    8   40   67 ] [  12812   9450  10578 ] [ 0 ],1.00,1.00,1.20,1.40,-95.87,-115.93,0.00,0.00,0.00,0.00,0.00,0.00,0.00,0.00,0.00,0.00,0.00,0.00,0.00,0.00,0.00,0
0.530462,-97,-97,209,0,DRIVE [ 79 ] [ 1 ] [ 1905 1622 1299 ] [    0    0    0 ] [      0      0      0 ] [ 0 ],drive [ 78 ] [ 0 ] [ 1905 1635 1323 ] [    8   40   67 ] [  12813   9450  10695 ] [ 0 ],1.00,1.00,1.20,1.40,-97.12,-116.54,0.00,0.00,0.00,0.00,0.00,0.00,0.00,0.00,0.00,0.00,0.00,0.00,0.00,0.00,0.00,0
0.541851,-98,-97,207,0,DRIVE [ 79 ] [ 1 ] [ 1905 1609 1277 ] [    0    0    0 ] [      0      0      0 ] [ 0 ],drive [ 79 ] [ 0 ] [ 1905 1622 1299 ] [    7   44   58 ] [  12813   9450  10695 ] [ 0 ],1.00,1.00,1.20,1.40,-98.07,-116.65,0.00,0.00,0.00,0.00,0.00,0.00,0.00,0.00,0.00,0.00,0.00,0.00,0.00,0.00,0.00,0
0.55321,-99,-97,204,0,DRIVE [ 80 ] [ 1 ] [ 1905 1595 1254 ] [    0    0    0 ] [      0      0      0 ] [ 0 ],drive [ 79 ] [ 0 ] [ 1905 1609 1277 ] [    7   44   58 ] [  12813   9450  10695 ] [ 0 ],1.00,1.00,1.20,1.40,-99.07,-116.79,0.00,0.00,0.00,0.00,0.00,0.00,0.00,0.00,0.00,0.00,0.00,0.00,0.00,0.00,0.00,0
0.564223,-100,-97,202,0,DRIVE [ 80 ] [ 1 ] [ 1905 1581 1230 ] [    0    0    0 ] [      0      0      0 ] [ 0 ],drive [ 80 ] [ 0 ] [ 1905 1595 1254 ] [    7   44   58 ] [  12813   9450  10695 ] [ 0 ],1.00,1.00,1.20,1.40,-100.04,-116.98,0.00,0.00,0.00,0.00,0.00,0.00,0.00,0.00,0.00,0.00,0.00,0.00,0.00,0.00,0.00,0
0.575627,-101,-98,199,0,DRIVE [ 81 ] [ 1 ] [ 1905 1566 1205 ] [    0    0    0 ] [      0      0      0 ] [ 0 ],drive [ 80 ] [ 0 ] [ 1905 1581 1230 ] [    7   44   58 ] [  12814   9450  10810 ] [ 0 ],1.00,1.00,1.20,1.40,-100.97,-117.16,0.00,0.00,0.00,0.00,0.00,0.00,0.00,0.00,0.00,0.00,0.00,0.00,0.00,0.00,0.00,0
0.586993,-102,-98,196,0,DRIVE [ 81 ] [ 1 ] [ 1905 1550 1178 ] [    0    0    0 ] [      0      0      0 ] [ 0 ],drive [ 81 ] [ 0 ] [ 1905 1566 1205 ] [    6   49   82 ] [  12814   9450  10810 ] [ 0 ],1.00,1.00,1.20,1.40,-102.00,-117.48,0.00,0.00,0.00,0.00,0.00,0.00,0.00,0.00,0.00,0.00,0.00,0.00,0.00,0.00,0.00,0
0.597995,-103,-98,194,0,DRIVE [ 82 ] [ 1 ] [ 1905 1534 1151 ] [    0    0    0 ] [      0      0      0 ] [ 0 ],drive [ 81 ] [ 0 ] [ 1905 1550 1178 ] [    6   49   82 ] [  12814   9450  10810 ] [ 0 ],1.00,1.00,1.20,1.40,-103.45,-118.14,0.00,0.00,0.00,0.00,0.00,0.00,0.00,0.00,0.00,0.00,0.00,0.00,0.00,0.00,0.00,0
0.609259,-105,-99,192,0,DRIVE [ 82 ] [ 1 ] [ 1905 1517 1126 ] [    0    0    0 ] [      0      0      0 ] [ 0 ],drive [ 82 ] [ 0 ] [ 1905 1534 1151 ] [    6   49   82 ] [  12814   9450  10810 ] [ 0 ],1.00,1.00,1.20,1.40,-104.81,-118.38,0.00,0.00,0.00,0.00,0.00,0.00,0.00,0.00,0.00,0.00,0.00,0.00,0.00,0.00,0.00,0
0.620239,-106,-99,189,0,DRIVE [ 83 ] [ 1 ] [ 1905 1499 1100 ] [    0    0    0 ] [      0      0      0 ] [ 0 ],drive [ 82 ] [ 0 ] [ 1905 1517 1126 ] [    6   49   82 ] [  12815   9452  11140 ] [ 0 ],1.00,1.00,1.20,1.40,-106.13,-118.43,0.00,0.00,0.00,0.00,0.00,0.00,0.00,0.00,0.00,0.00,0.00,0.00,0.00,0.00,0.00,0
0.631087,-107,-99,187,0,DRIVE [ 83 ] [ 1 ] [ 1905 1482 1076 ] [    0    0    0 ] [      0      0      0 ] [ 0 ],drive [ 83 ] [ 0 ] [ 1905 1499 1100 ] [    6   49   82 ] [  12815   9452  11140 ] [ 0 ],1.00,1.00,1.20,1.40,-107.39,-118.36,0.00,0.00,0.00,0.00,0.00,0.00,0.00,0.00,0.00,0.00,0.00,0.00,0.00,0.00,0.00,0
0.642309,-108,-98,184,0,DRIVE [ 84 ] [ 1 ] [ 1905 1464 1051 ] [    0    0    0 ] [      0      0      0 ] [ 0 ],drive [ 83 ] [ 0 ] [ 1905 1482 1076 ] [    4   59   71 ] [  12815   9452  11140 ] [ 0 ],1.00,1.00,1.20,1.40,-108.21,-117.89,0.00,0.00,0.00,0.00,0.00,0.00,0.00,0.00,0.00,0.00,0.00,0.00,0.00,0.00,0.00,0
0.653208,-110,-98,182,0,DRIVE [ 84 ] [ 1 ] [ 1905 1446 1025 ] [    0    0    0 ] [      0      0      0 ] [ 0 ],drive [ 84 ] [ 0 ] [ 1905 1464 1051 ] [    4   59   71 ] [  12815   9452  11140 ] [ 0 ],1.00,1.00,1.20,1.40,-109.50,-118.02,0.00,0.00,0.00,0.00,0.00,0.00,0.00,0.00,0.00,0.00,0.00,0.00,0.00,0.00,0.00,0
0.66395,-111,-98,179,0,DRIVE [ 85 ] [ 1 ] [ 1905 1427 1005 ] [    0    0    0 ] [      0      0      0 ] [ 0 ],drive [ 84 ] [ 0 ] [ 1905 1446 1025 ] [    4   59   71 ] [  12815   9452  11140 ] [ 0 ],1.00,1.00,1.20,1.40,-110.72,-118.00,0.00,0.00,0.00,0.00,0.00,0.00,0.00,0.00,0.00,0.00,0.00,0.00,0.00,0.00,0.00,0
0.67485,-112,-98,177,0,DRIVE [ 85 ] [ 1 ] [ 1905 1408 1005 ] [    0    0    0 ] [      0      0      0 ] [ 0 ],drive [ 85 ] [ 0 ] [ 1905 1427 1005 ] [    4   59   71 ] [  12816   9543  11414 ] [ 0 ],1.00,1.00,1.20,1.40,-111.86,-117.94,0.00,0.00,0.00,0.00,0.00,0.00,0.00,0.00,0.00,0.00,0.00,0.00,0.00,0.00,0.00,0
0.685502,-113,-98,174,0,DRIVE [ 86 ] [ 1 ] [ 1905 1390 1005 ] [    0    0    0 ] [      0      0      0 ] [ 0 ],drive [ 85 ] [ 0 ] [ 1905 1408 1005 ] [    6   65   98 ] [  12816   9543  11414 ] [ 0 ],1.00,1.00,1.20,1.40,-112.68,-117.78,0.00,0.00,0.00,0.00,0.00,0.00,0.00,0.00,0.00,0.00,0.00,0.00,0.00,0.00,0.00,0
0.695667,-113,-98,172,0,DRIVE [ 86 ] [ 1 ] [ 1905 1372 1005 ] [    0    0    0 ] [      0      0      0 ] [ 0 ],drive [ 86 ] [ 0 ] [ 1905 1390 1005 ] [    6   65   98 ] [  12816   9543  11414 ] [ 0 ],1.00,1.00,1.20,1.40,-113.40,-117.58,0.00,0.00,0.00,0.00,0.00,0.00,0.00,0.00,0.00,0.00,0.00,0.00,0.00,0.00,0.00,0
0.706445,-114,-97,169,0,DRIVE [ 87 ] [ 1 ] [ 1905 1355 1005 ] [    0    0    0 ] [      0      0      0 ] [ 0 ],drive [ 86 ] [ 0 ] [ 1905 1372 1005 ] [    6   65   98 ] [  12816   9543  11414 ] [ 0 ],1.00,1.00,1.20,1.40,-113.73,-116.81,0.00,0.00,0.00,0.00,0.00,0.00,0.00,0.00,0.00,0.00,0.00,0.00,0.00,0.00,0.00,0
0.716526,-115,-98,168,0,DRIVE [ 87 ] [ 1 ] [ 1905 1337 1005 ] [    0    0    0 ] [      0      0      0 ] [ 0 ],drive [ 87 ] [ 0 ] [ 1905 1355 1005 ] [    6   65   98 ] [  12816   9543  11414 ] [ 0 ],1.00,1.00,1.20,1.40,-115.33,-117.11,0.00,0.00,0.00,0.00,0.00,0.00,0.00,0.00,0.00,0.00,0.00,0.00,0.00,0.00,0.00,0
0.727208,-116,-97,167,0,DRIVE [ 88 ] [ 1 ] [ 1905 1319 1005 ] [    0    0    0 ] [      0      0      0 ] [ 0 ],drive [ 87 ] [ 0 ] [ 1905 1337 1005 ] [    6   65   98 ] [  12814   9664  11772 ] [ 0 ],1.00,1.00,1.20,1.40,-116.20,-116.38,0.00,0.00,0.00,0.00,0.00,0.00,0.00,0.00,0.00,0.00,0.00,0.00,0.00,0.00,0.00,0
0.737626,-117,-96,165,0,DRIVE [ 88 ] [ 1 ] [ 1905 1301 1005 ] [    0    0    0 ] [      0      0      0 ] [ 0 ],drive [ 88 ] [ 0 ] [ 1905 1319 1005 ] [    9   56   86 ] [  12814   9664  11772 ] [ 0 ],1.00,1.00,1.20,1.40,-116.78,-115.17,0.00,0.00,0.00,0.00,0.00,0.00,0.00,0.00,0.00,0.00,0.00,0.00,0.00,0.00,0.00,0
0.747488,-117,-95,163,0,DRIVE [ 89 ] [ 1 ] [ 1905 1283 1005 ] [    0    0    0 ] [      0      0      0 ] [ 0 ],drive [ 88 ] [ 0 ] [ 1905 1301 1005 ] [    9   56   86 ] [  12814   9664  11772 ] [ 0 ],1.00,1.00,1.20,1.40,-117.50,-113.84,0.00,0.00,0.00,0.00,0.00,0.00,0.00,0.00,0.00,0.00,0.00,0.00,0.00,0.00,0.00,0
0.758155,-118,-93,161,0,DRIVE [ 89 ] [ 1 ] [ 1905 1266 1005 ] [    0    0    0 ] [      0      0      0 ] [ 0 ],drive [ 89 ] [ 0 ] [ 1905 1283 1005 ] [    9   56   86 ] [  12814   9664  11772 ] [ 0 ],1.00,1.00,1.20,1.40,-117.95,-112.19,0.00,0.00,0.00,0.00,0.00,0.00,0.00,0.00,0.00,0.00,0.00,0.00,0.00,0.00,0.00,0
0.768344,-119,-92,161,0,DRIVE [ 90 ] [ 1 ] [ 1905 1249 1005 ] [    0    0    0 ] [      0      0      0 ] [ 0 ],drive [ 89 ] [ 0 ] [ 1905 1266 1005 ] [    9   56   86 ] [  12814   9664  11772 ] [ 0 ],1.00,1.00,1.20,1.40,-118.67,-110.57,0.00,0.00,0.00,0.00,0.00,0.00,0.00,0.00,0.00,0.00,0.00,0.00,0.00,0.00,0.00,0
0.778216,-119,-90,160,0,DRIVE [ 90 ] [ 1 ] [ 1905 1231 1005 ] [    0    0    0 ] [      0      0      0 ] [ 0 ],drive [ 90 ] [ 0 ] [ 1905 1249 1005 ] [    9   56   86 ] [  12809   9906  12100 ] [ 0 ],1.00,1.00,1.20,1.40,-119.23,-108.50,0.00,0.00,0.00,0.00,0.00,0.00,0.00,0.00,0.00,0.00,0.00,0.00,0.00,0.00,0.00,0
0.788436,-119,-89,158,0,DRIVE [ 91 ] [ 1 ] [ 1905 1215 1005 ] [    0    0    0 ] [      0      0      0 ] [ 0 ],drive [ 90 ] [ 0 ] [ 1905 1231 1005 ] [   14   76   81 ] [  12809   9906  12100 ] [ 0 ],1.00,1.00,1.20,1.40,-119.45,-106.27,0.00,0.00,0.00,0.00,0.00,0.00,0.00,0.00,0.00,0.00,0.00,0.00,0.00,0.00,0.00,0
0.799057,-120,-87,157,0,DRIVE [ 91 ] [ 1 ] [ 1905 1199 1005 ] [    0    0    0 ] [      0      0      0 ] [ 0 ],drive [ 91 ] [ 0 ] [ 1905 1215 1005 ] [   14   76   81 ] [  12809   9906  12100 ] [ 0 ],1.00,1.00,1.20,1.40,-119.76,-104.31,0.00,0.00,0.00,0.00,0.00,0.00,0.00,0.00,0.00,0.00,0.00,0.00,0.00,0.00,0.00,0
0.808641,-120,-85,156,0,DRIVE [ 92 ] [ 1 ] [ 1905 1182 1005 ] [    0    0    0 ] [      0      0      0 ] [ 0 ],drive [ 91 ] [ 0 ] [ 1905 1199 1005 ] [   14   76   81 ] [  12809   9906  12100 ] [ 0 ],1.00,1.00,1.20,1.40,-119.88,-102.03,0.00,0.00,0.00,0.00,0.00,0.00,0.00,0.00,0.00,0.00,0.00,0.00,0.00,0.00,0.00,0
0.818916,-120,-83,155,0,DRIVE [ 92 ] [ 1 ] [ 1905 1168 1005 ] [    0    0    0 ] [      0      0      0 ] [ 0 ],drive [ 92 ] [ 0 ] [ 1905 1182 1005 ] [   14   76   81 ] [  12809   9906  12100 ] [ 0 ],1.00,1.00,1.20,1.40,-119.53,-99.31,0.00,0.00,0.00,0.00,0.00,0.00,0.00,0.00,0.00,0.00,0.00,0.00,0.00,0.00,0.00,0
0.828613,-120,-81,154,0,DRIVE [ 93 ] [ 1 ] [ 1905 1151 1005 ] [    0    0    0 ] [      0      0      0 ] [ 0 ],drive [ 92 ] [ 0 ] [ 1905 1168 1005 ] [   14   76   81 ] [  12713  10258  12143 ] [ 0 ],1.00,1.00,1.20,1.40,-119.60,-96.66,0.00,0.00,0.00,0.00,0.00,0.00,0.00,0.00,0.00,0.00,0.00,0.00,0.00,0.00,0.00,0
0.838654,-119,-78,153,0,DRIVE [ 93 ] [ 1 ] [ 1905 1134 1005 ] [    0    0    0 ] [      0      0      0 ] [ 0 ],drive [ 93 ] [ 0 ] [ 1905 1151 1005 ] [   10   70   81 ] [  12713  10258  12143 ] [ 0 ],1.00,1.00,1.20,1.40,-119.20,-93.44,0.00,0.00,0.00,0.00,0.00,0.00,0.00,0.00,0.00,0.00,0.00,0.00,0.00,0.00,0.00,0
0.848072,-119,-75,152,0,DRIVE [ 94 ] [ 1 ] [ 1905 1116 1005 ] [    0    0    0 ] [      0      0      0 ] [ 0 ],drive [ 93 ] [ 0 ] [ 1905 1134 1005 ] [   10   70   81 ] [  12713  10258  12143 ] [ 0 ],1.00,1.00,1.20,1.40,-119.10,-90.22,0.00,0.00,0.00,0.00,0.00,0.00,0.00,0.00,0.00,0.00,0.00,0.00,0.00,0.00,0.00,0
0.858321,-119,-72,151,0,DRIVE [ 94 ] [ 1 ] [ 1905 1097 1005 ] [    0    0    0 ] [      0      0      0 ] [ 0 ],drive [ 94 ] [ 0 ] [ 1905 1116 1005 ] [   10   70   81 ] [  12713  10258  12143 ] [ 0 ],1.00,1.00,1.20,1.40,-119.09,-86.83,0.00,0.00,0.00,0.00,0.00,0.00,0.00,0.00,0.00,0.00,0.00,0.00,0.00,0.00,0.00,0
0.86829,-119,-69,149,0,DRIVE [ 95 ] [ 1 ] [ 1905 1075 1005 ] [    0    0    0 ] [      0      0      0 ] [ 0 ],drive [ 94 ] [ 0 ] [ 1905 1097 1005 ] [   10   70   81 ] [  12713  10258  12143 ] [ 0 ],1.00,1.00,1.20,1.40,-118.52,-82.75,0.00,0.00,0.00,0.00,0.00,0.00,0.00,0.00,0.00,0.00,0.00,0.00,0.00,0.00,0.00,0
0.878049,-118,-65,147,0,DRIVE [ 95 ] [ 1 ] [ 1905 1052 1005 ] [    0    0    0 ] [      0      0      0 ] [ 0 ],drive [ 95 ] [ 0 ] [ 1905 1075 1005 ] [   10   70   81 ] [  12679  10326  12255 ] [ 0 ],1.00,1.00,1.20,1.40,-118.15,-78.58,0.00,0.00,0.00,0.00,0.00,0.00,0.00,0.00,0.00,0.00,0.00,0.00,0.00,0.00,0.00,0
0.888141,-119,-62,147,0,DRIVE [ 96 ] [ 1 ] [ 1905 1029 1005 ] [    0    0    0 ] [      0      0      0 ] [ 0 ],drive [ 95 ] [ 0 ] [ 1905 1052 1005 ] [   21   96   86 ] [  12679  10326  12255 ] [ 0 ],1.00,1.00,1.20,1.40,-118.57,-74.58,0.00,0.00,0.00,0.00,0.00,0.00,0.00,0.00,0.00,0.00,0.00,0.00,0.00,0.00,0.00,0
0.898976,-118,-58,146,0,DRIVE [ 96 ] [ 1 ] [ 1905 1005 1005 ] [    0    0    0 ] [      0      0      0 ] [ 0 ],drive [ 96 ] [ 0 ] [ 1905 1029 1005 ] [   21   96   86 ] [  12679  10326  12255 ] [ 0 ],1.00,1.00,1.20,1.40,-118.14,-69.78,0.00,0.00,0.00,0.00,0.00,0.00,0.00,0.00,0.00,0.00,0.00,0.00,0.00,0.00,0.00,0
0.908551,-117,-54,145,0,DRIVE [ 97 ] [ 1 ] [ 1905 1005 1005 ] [    0    0    0 ] [      0      0      0 ] [ 0 ],drive [ 96 ] [ 0 ] [ 1905 1005 1005 ] [   21   96   86 ] [  12679  10326  12255 ] [ 0 ],1.00,1.00,1.20,1.40,-117.27,-65.18,0.00,0.00,0.00,0.00,0.00,0.00,0.00,0.00,0.00,0.00,0.00,0.00,0.00,0.00,0.00,0
0.918701,-116,-51,144,0,DRIVE [ 97 ] [ 1 ] [ 1905 1005 1005 ] [    0    0    0 ] [      0      0      0 ] [ 0 ],drive [ 97 ] [ 0 ] [ 1905 1005 1005 ] [   21   96   86 ] [  12679  10326  12255 ] [ 0 ],1.00,1.00,1.20,1.40,-116.49,-61.12,0.00,0.00,0.00,0.00,0.00,0.00,0.00,0.00,0.00,0.00,0.00,0.00,0.00,0.00,0.00,0
0.930075,-115,-48,144,0,DRIVE [ 98 ] [ 1 ] [ 1905 1005 1005 ] [    0    0    0 ] [      0      0      0 ] [ 0 ],drive [ 97 ] [ 0 ] [ 1905 1005 1005 ] [   21   96   86 ] [  12568  10693  12441 ] [ 0 ],1.00,1.00,1.20,1.40,-115.45,-57.16,0.00,0.00,0.00,0.00,0.00,0.00,0.00,0.00,0.00,0.00,0.00,0.00,0.00,0.00,0.00,0
0.942438,-114,-44,144,0,DRIVE [ 98 ] [ 1 ] [ 1905 1005 1013 ] [    0    0    0 ] [      0      0      0 ] [ 0 ],drive [ 98 ] [ 0 ] [ 1905 1005 1005 ] [   13  106  100 ] [  12568  10693  12441 ] [ 0 ],1.00,1.00,1.20,1.40,-113.78,-53.10,0.00,0.00,0.00,0.00,0.00,0.00,0.00,0.00,0.00,0.00,0.00,0.00,0.00,0.00,0.00,0
0.952667,-112,-41,143,0,DRIVE [ 99 ] [ 1 ] [ 1905 1005 1036 ] [    0    0    0 ] [      0      0      0 ] [ 0 ],drive [ 98 ] [ 0 ] [ 1905 1005 1013 ] [   13  106  100 ] [  12568  10693  12441 ] [ 0 ],1.00,1.00,1.20,1.40,-111.92,-49.28,0.00,0.00,0.00,0.00,0.00,0.00,0.00,0.00,0.00,0.00,0.00,0.00,0.00,0.00,0.00,0
0.962435,-110,-38,142,0,DRIVE [ 99 ] [ 1 ] [ 1905 1005 1059 ] [    0    0    0 ] [      0      0      0 ] [ 0 ],drive [ 99 ] [ 0 ] [ 1905 1005 1036 ] [   13  106  100 ] [  12568  10693  12441 ] [ 0 ],1.00,1.00,1.20,1.40,-110.03,-45.76,0.00,0.00,0.00,0.00,0.00,0.00,0.00,0.00,0.00,0.00,0.00,0.00,0.00,0.00,0.00,0
0.974603,-109,-35,142,0,DRIVE [ 00 ] [ 1 ] [ 1905 1005 1080 ] [    0    0    0 ] [      0      0      0 ] [ 0 ],drive [ 99 ] [ 0 ] [ 1905 1005 1059 ] [   13  106  100 ] [  12473  10891  12454 ] [ 0 ],1.00,1.00,1.20,1.40,-108.54,-42.47,0.00,0.00,0.00,0.00,0.00,0.00,0.00,0.00,0.00,0.00,0.00,0.00,0.00,0.00,0.00,0
0.986515,-107,-33,141,0,DRIVE [ 00 ] [ 1 ] [ 1905 1005 1100 ] [    0    0    0 ] [      0      0      0 ] [ 0 ],drive [ 00 ] [ 0 ] [ 1905 1005 1080 ] [    8   85   94 ] [  12473  10891  12454 ] [ 0 ],1.00,1.00,1.20,1.40,-107.27,-39.43,0.00,0.00,0.00,0.00,0.00,0.00,0.00,0.00,0.00,0.00,0.00,0.00,0.00,0.00,0.00,0
0.998155,-106,-30,140,0,DRIVE [ 01 ] [ 1 ] [ 1905 1005 1118 ] [    0    0    0 ] [      0      0      0 ] [ 0 ],drive [ 00 ] [ 0 ] [ 1905 1005 1100 ] [    8   85   94 ] [  12473  10891  12454 ] [ 0 ],1.00,1.00,1.20,1.40,-105.59,-36.46,0.00,0.00,0.00,0.00,0.00,0.00,0.00,0.00,0.00,0.00,0.00,0.00,0.00,0.00,0.00,0
1.00889,-104,-28,139,0,DRIVE [ 01 ] [ 1 ] [ 1905 1005 1136 ] [    0    0    0 ] [      0      0      0 ] [ 0 ],drive [ 01 ] [ 0 ] [ 1905 1005 1118 ] [    8   85   94 ] [  12473  10891  12454 ] [ 0 ],1.00,1.00,1.20,1.40,-103.76,-33.59,0.00,0.00,0.00,0.00,0.00,0.00,0.00,0.00,0.00,0.00,0.00,0.00,0.00,0.00,0.00,0
1.01908,-102,-26,138,0,DRIVE [ 02 ] [ 1 ] [ 1905 1005 1154 ] [    0    0    0 ] [      0      0      0 ] [ 0 ],drive [ 01 ] [ 0 ] [ 1905 1005 1136 ] [    8   85   94 ] [  12473  10891  12454 ] [ 0 ],1.00,1.00,1.20,1.40,-101.94,-30.95,0.00,0.00,0.00,0.00,0.00,0.00,0.00,0.00,0.00,0.00,0.00,0.00,0.00,0.00,0.00,0
1.03041,-100,-24,137,0,DRIVE [ 02 ] [ 1 ] [ 1905 1005 1171 ] [    0    0    0 ] [      0      0      0 ] [ 0 ],drive [ 02 ] [ 0 ] [ 1905 1005 1154 ] [    8   85   94 ] [  12470  10892  12453 ] [ 0 ],1.00,1.00,1.20,1.40,-100.08,-28.49,0.00,0.00,0.00,0.00,0.00,0.00,0.00,0.00,0.00,0.00,0.00,0.00,0.00,0.00,0.00,0
1.04261,-98,-22,136,0,DRIVE [ 03 ] [ 1 ] [ 1905 1005 1187 ] [    0    0    0 ] [      0      0      0 ] [ 0 ],drive [ 02 ] [ 0 ] [ 1905 1005 1171 ] [    9   85   87 ] [  12470  10892  12453 ] [ 0 ],1.00,1.00,1.20,1.40,-98.32,-26.30,0.00,0.00,0.00,0.00,0.00,0.00,0.00,0.00,0.00,0.00,0.00,0.00,0.00,0.00,0.00,0
1.05444,-96,-20,135,0,DRIVE [ 03 ] [ 1 ] [ 1905 1005 1201 ] [    0    0    0 ] [      0      0      0 ] [ 0 ],drive [ 03 ] [ 0 ] [ 1905 1005 1187 ] [    9   85   87 ] [  12470  10892  12453 ] [ 0 ],1.00,1.00,1.20,1.40,-96.07,-24.21,0.00,0.00,0.00,0.00,0.00,0.00,0.00,0.00,0.00,0.00,0.00,0.00,0.00,0.00,0.00,0
1.06659,-94,-19,134,0,DRIVE [ 04 ] [ 1 ] [ 1905 1005 1215 ] [    0    0    0 ] [      0      0      0 ] [ 0 ],drive [ 03 ] [ 0 ] [ 1905 1005 1201 ] [    9   85   87 ] [  12470  10892  12453 ] [ 0 ],1.00,1.00,1.20,1.40,-94.01,-22.40,0.00,0.00,0.00,0.00,0.00,0.00,0.00,0.00,0.00,0.00,0.00,0.00,0.00,0.00,0.00,0
1.07719,-92,-17,134,0,DRIVE [ 04 ] [ 1 ] [ 1905 1005 1228 ] [    0    0    0 ] [      0      0      0 ] [ 0 ],drive [ 04 ] [ 0 ] [ 1905 1005 1215 ] [    9   85   87 ] [  12467  10950  12451 ] [ 0 ],1.00,1.00,1.20,1.40,-92.10,-20.87,0.00,0.00,0.00,0.00,0.00,0.00,0.00,0.00,0.00,0.00,0.00,0.00,0.00,0.00,0.00,0
1.08761,-90,-16,133,0,DRIVE [ 05 ] [ 1 ] [ 1905 1005 1242 ] [    0    0    0 ] [      0      0      0 ] [ 0 ],drive [ 04 ] [ 0 ] [ 1905 1005 1228 ] [   12   83   81 ] [  12467  10950  12451 ] [ 0 ],1.00,1.00,1.20,1.40,-89.66,-19.57,0.00,0.00,0.00,0.00,0.00,0.00,0.00,0.00,0.00,0.00,0.00,0.00,0.00,0.00,0.00,0
1.09861,-87,-15,133,0,DRIVE [ 05 ] [ 1 ] [ 1905 1005 1257 ] [    0    0    0 ] [      0      0      0 ] [ 0 ],drive [ 05 ] [ 0 ] [ 1905 1005 1242 ] [   12   83   81 ] [  12467  10950  12451 ] [ 0 ],1.00,1.00,1.20,1.40,-86.83,-18.42,0.00,0.00,0.00,0.00,0.00,0.00,0.00,0.00,0.00,0.00,0.00,0.00,0.00,0.00,0.00,0
1.11093,-84,-15,132,0,DRIVE [ 06 ] [ 1 ] [ 1905 1005 1274 ] [    0    0    0 ] [      0      0      0 ] [ 0 ],drive [ 05 ] [ 0 ] [ 1905 1005 1257 ] [   12   83   81 ] [  12467  10950  12451 ] [ 0 ],1.00,1.00,1.20,1.40,-84.01,-17.57,0.00,0.00,0.00,0.00,0.00,0.00,0.00,0.00,0.00,0.00,0.00,0.00,0.00,0.00,0.00,0
1.12296,-81,-14,132,0,DRIVE [ 06 ] [ 1 ] [ 1905 1005 1289 ] [    0    0    0 ] [      0      0      0 ] [ 0 ],drive [ 06 ] [ 0 ] [ 1905 1005 1274 ] [   12   83   81 ] [  12452  11292  12443 ] [ 0 ],1.00,1.00,1.20,1.40,-81.30,-17.06,0.00,0.00,0.00,0.00,0.00,0.00,0.00,0.00,0.00,0.00,0.00,0.00,0.00,0.00,0.00,0
1.13454,-79,-14,132,0,DRIVE [ 07 ] [ 1 ] [ 1905 1005 1301 ] [    0    0    0 ] [      0      0      0 ] [ 0 ],drive [ 06 ] [ 0 ] [ 1905 1005 1289 ] [   12   83   81 ] [  12452  11292  12443 ] [ 0 ],1.00,1.00,1.20,1.40,-78.57,-16.78,0.00,0.00,0.00,0.00,0.00,0.00,0.00,0.00,0.00,0.00,0.00,0.00,0.00,0.00,0.00,0
1.14463,-76,-14,132,0,DRIVE [ 07 ] [ 1 ] [ 1905 1005 1312 ] [    0    0    0 ] [      0      0      0 ] [ 0 ],drive [ 07 ] [ 0 ] [ 1905 1005 1301 ] [   16   86   80 ] [  12452  11292  12443 ] [ 0 ],1.00,1.00,1.20,1.40,-75.97,-16.68,0.00,0.00,0.00,0.00,0.00,0.00,0.00,0.00,0.00,0.00,0.00,0.00,0.00,0.00,0.00,0
1.15527,-73,-14,131,0,DRIVE [ 08 ] [ 1 ] [ 1905 1005 1322 ] [    0    0    0 ] [      0      0      0 ] [ 0 ],drive [ 07 ] [ 0 ] [ 1905 1005 1312 ] [   16   86   80 ] [  12452  11292  12443 ] [ 0 ],1.00,1.00,1.20,1.40,-73.49,-16.62,0.00,0.00,0.00,0.00,0.00,0.00,0.00,0.00,0.00,0.00,0.00,0.00,0.00,0.00,0.00,0
1.16694,-71,-14,131,0,DRIVE [ 08 ] [ 1 ] [ 1905 1005 1331 ] [    0    0    0 ] [      0      0      0 ] [ 0 ],drive [ 08 ] [ 0 ] [ 1905 1005 1322 ] [   16   86   80 ] [  12452  11292  12443 ] [ 0 ],1.00,1.00,1.20,1.40,-70.92,-16.67,0.00,0.00,0.00,0.00,0.00,0.00,0.00,0.00,0.00,0.00,0.00,0.00,0.00,0.00,0.00,0
1.17895,-69,-14,131,0,DRIVE [ 09 ] [ 1 ] [ 1905 1019 1338 ] [    0    0    0 ] [      0      0      0 ] [ 0 ],drive [ 08 ] [ 0 ] [ 1905 1005 1331 ] [   16   86   80 ] [  12450  11346  12439 ] [ 0 ],1.00,1.00,1.20,1.40,-68.55,-16.87,0.00,0.00,0.00,0.00,0.00,0.00,0.00,0.00,0.00,0.00,0.00,0.00,0.00,0.00,0.00,0
1.19119,-66,-14,130,0,DRIVE [ 09 ] [ 1 ] [ 1905 1049 1343 ] [    0    0    0 ] [      0      0      0 ] [ 0 ],drive [ 09 ] [ 0 ] [ 1905 1019 1338 ] [   16   84   78 ] [  12450  11346  12439 ] [ 0 ],1.00,1.00,1.20,1.40,-66.06,-17.17,0.00,0.00,0.00,0.00,0.00,0.00,0.00,0.00,0.00,0.00,0.00,0.00,0.00,0.00,0.00,0
1.20181,-64,-15,130,0,DRIVE [ 10 ] [ 1 ] [ 1905 1080 1346 ] [    0    0    0 ] [      0      0      0 ] [ 0 ],drive [ 09 ] [ 0 ] [ 1905 1049 1343 ] [   16   84   78 ] [  12450  11346  12439 ] [ 0 ],1.00,1.00,1.20,1.40,-63.68,-17.67,0.00,0.00,0.00,0.00,0.00,0.00,0.00,0.00,0.00,0.00,0.00,0.00,0.00,0.00,0.00,0
1.21208,-61,-15,129,0,DRIVE [ 10 ] [ 1 ] [ 1905 1112 1348 ] [    0    0    0 ] [      0      0      0 ] [ 0 ],drive [ 10 ] [ 0 ] [ 1905 1080 1346 ] [   16   84   78 ] [  12450  11346  12439 ] [ 0 ],1.00,1.00,1.20,1.40,-61.32,-18.26,0.00,0.00,0.00,0.00,0.00,0.00,0.00,0.00,0.00,0.00,0.00,0.00,0.00,0.00,0.00,0
1.22302,-59,-16,129,0,DRIVE [ 11 ] [ 1 ] [ 1905 1144 1350 ] [    0    0    0 ] [      0      0      0 ] [ 0 ],drive [ 10 ] [ 0 ] [ 1905 1112 1348 ] [   16   84   78 ] [  12455  11377  12415 ] [ 0 ],1.00,1.00,1.20,1.40,-58.99,-18.91,0.00,0.00,0.00,0.00,0.00,0.00,0.00,0.00,0.00,0.00,0.00,0.00,0.00,0.00,0.00,0
1.23509,-57,-16,128,0,DRIVE [ 11 ] [ 1 ] [ 1905 1176 1350 ] [    0    0    0 ] [      0      0      0 ] [ 0 ],drive [ 11 ] [ 0 ] [ 1905 1144 1350 ] [   16   84   78 ] [  12455  11377  12415 ] [ 0 ],1.00,1.00,1.20,1.40,-56.67,-19.60,0.00,0.00,0.00,0.00,0.00,0.00,0.00,0.00,0.00,0.00,0.00,0.00,0.00,0.00,0.00,0
1.24701,-54,-17,128,0,DRIVE [ 12 ] [ 1 ] [ 1905 1208 1349 ] [    0    0    0 ] [      0      0      0 ] [ 0 ],drive [ 11 ] [ 0 ] [ 1905 1176 1350 ] [   14   95   75 ] [  12455  11377  12415 ] [ 0 ],1.00,1.00,1.20,1.40,-54.38,-20.33,0.00,0.00,0.00,0.00,0.00,0.00,0.00,0.00,0.00,0.00,0.00,0.00,0.00,0.00,0.00,0
1.25907,-52,-18,127,0,DRIVE [ 12 ] [ 1 ] [ 1905 1240 1348 ] [    0    0    0 ] [      0      0      0 ] [ 0 ],drive [ 12 ] [ 0 ] [ 1905 1208 1349 ] [   14   95   75 ] [  12455  11377  12415 ] [ 0 ],1.00,1.00,1.20,1.40,-52.18,-21.10,0.00,0.00,0.00,0.00,0.00,0.00,0.00,0.00,0.00,0.00,0.00,0.00,0.00,0.00,0.00,0
1.2698,-50,-18,127,0,DRIVE [ 13 ] [ 1 ] [ 1905 1271 1346 ] [    0    0    0 ] [      0      0      0 ] [ 0 ],drive [ 12 ] [ 0 ] [ 1905 1240 1348 ] [   14   95   75 ] [  12457  11422  12412 ] [ 0 ],1.00,1.00,1.20,1.40,-49.95,-21.85,0.00,0.00,0.00,0.00,0.00,0.00,0.00,0.00,0.00,0.00,0.00,0.00,0.00,0.00,0.00,0
1.28027,-48,-19,126,0,DRIVE [ 13 ] [ 1 ] [ 1905 1300 1342 ] [    0    0    0 ] [      0      0      0 ] [ 0 ],drive [ 13 ] [ 0 ] [ 1905 1271 1346 ] [   14   95   75 ] [  12457  11422  12412 ] [ 0 ],1.00,1.00,1.20,1.40,-47.86,-22.62,0.00,0.00,0.00,0.00,0.00,0.00,0.00,0.00,0.00,0.00,0.00,0.00,0.00,0.00,0.00,0
1.29129,-46,-20,125,0,DRIVE [ 14 ] [ 1 ] [ 1905 1327 1337 ] [    0    0    0 ] [      0      0      0 ] [ 0 ],drive [ 13 ] [ 0 ] [ 1905 1300 1342 ] [   12   77   74 ] [  12457  11422  12412 ] [ 0 ],1.00,1.00,1.20,1.40,-45.98,-23.43,0.00,0.00,0.00,0.00,0.00,0.00,0.00,0.00,0.00,0.00,0.00,0.00,0.00,0.00,0.00,0
1.30317,-44,-20,125,0,DRIVE [ 14 ] [ 1 ] [ 1905 1352 1330 ] [    0    0    0 ] [      0      0      0 ] [ 0 ],drive [ 14 ] [ 0 ] [ 1905 1327 1337 ] [   12   77   74 ] [  12457  11422  12412 ] [ 0 ],1.00,1.00,1.20,1.40,-44.18,-24.25,0.00,0.00,0.00,0.00,0.00,-0.00,-0.00,0.00,0.00,0.00,0.00,0.00,0.00,0.00,0.00,0
1.31475,-42,-21,124,0,DRIVE [ 15 ] [ 1 ] [ 1905 1376 1323 ] [    0    0    0 ] [      0      0      0 ] [ 0 ],drive [ 14 ] [ 0 ] [ 1905 1352 1330 ] [   12   77   74 ] [  12457  11422  12412 ] [ 0 ],1.00,1.00,1.20,1.40,-42.44,-25.01,0.00,0.00,0.00,0.00,0.00,-0.00,-0.00,0.00,0.00,0.00,0.00,0.00,0.00,0.00,0.00,0
1.32743,-41,-21,123,0,DRIVE [ 15 ] [ 1 ] [ 1905 1399 1316 ] [    0    0    0 ] [      0      0      0 ] [ 0 ],drive [ 15 ] [ 0 ] [ 1905 1376 1323 ] [   12   77   74 ] [  12466  11417  12412 ] [ 0 ],1.00,1.00,1.20,1.40,-40.77,-25.73,0.00,0.00,0.00,0.00,0.00,-0.00,-0.00,0.00,0.00,0.00,0.00,0.00,0.00,0.00,0.00,0
1.33845,-39,-22,122,0,DRIVE [ 16 ] [ 1 ] [ 1905 1421 1309 ] [    0    0    0 ] [      0      0      0 ] [ 0 ],drive [ 15 ] [ 0 ] [ 1905 1399 1316 ] [    9   67   79 ] [  12466  11417  12412 ] [ 0 ],1.00,1.00,1.20,1.40,-39.14,-26.37,0.00,0.00,0.00,0.00,0.00,-0.00,-0.00,0.00,0.00,0.00,0.00,0.00,0.00,0.00,0.00,0
1.35013,-38,-22,122,0,DRIVE [ 16 ] [ 1 ] [ 1905 1441 1303 ] [    0    0    0 ] [      0      0      0 ] [ 0 ],drive [ 16 ] [ 0 ] [ 1905 1421 1309 ] [    9   67   79 ] [  12466  11417  12412 ] [ 0 ],1.00,1.00,1.20,1.40,-37.60,-26.93,0.00,0.00,0.00,0.00,0.00,-0.00,-0.00,0.00,0.00,0.00,0.00,0.00,0.00,0.00,0.00,0
1.36087,-36,-23,121,0,DRIVE [ 17 ] [ 1 ] [ 1905 1460 1298 ] [    0    0    0 ] [      0      0      0 ] [ 0 ],drive [ 16 ] [ 0 ] [ 1905 1441 1303 ] [    9   67   79 ] [  12466  11417  12412 ] [ 0 ],1.00,1.00,1.20,1.40,-36.11,-27.38,0.00,0.00,0.00,0.00,0.00,-0.00,-0.00,0.00,0.00,0.00,0.00,0.00,0.00,0.00,0.00,0
1.37204,-35,-23,120,0,DRIVE [ 17 ] [ 1 ] [ 1905 1478 1295 ] [    0    0    0 ] [      0      0      0 ] [ 0 ],drive [ 17 ] [ 0 ] [ 1905 1460 1298 ] [    9   67   79 ] [  12468  11408  12413 ] [ 0 ],1.00,1.00,1.20,1.40,-34.63,-27.62,0.00,0.00,0.00,0.00,0.00,-0.00,-0.00,0.00,0.00,0.00,0.00,0.00,0.00,0.00,0.00,0
1.38306,-33,-23,119,0,DRIVE [ 18 ] [ 1 ] [ 1905 1496 1295 ] [    0    0    0 ] [      0      0      0 ] [ 0 ],drive [ 17 ] [ 0 ] [ 1905 1478 1295 ] [    9   67   79 ] [  12468  11408  12413 ] [ 0 ],1.00,1.00,1.20,1.40,-33.16,-27.70,0.00,0.00,0.00,0.00,0.00,-0.00,-0.00,0.00,0.00,0.00,0.00,0.00,0.00,0.00,0.00,0
1.39429,-32,-23,118,0,DRIVE [ 18 ] [ 1 ] [ 1905 1513 1297 ] [    0    0    0 ] [      0      0      0 ] [ 0 ],drive [ 18 ] [ 0 ] [ 1905 1496 1295 ] [    9   64   80 ] [  12468  11408  12413 ] [ 0 ],1.00,1.00,1.20,1.40,-31.67,-27.58,0.00,0.00,0.00,0.00,0.00,-0.00,-0.00,0.00,0.00,0.00,0.00,0.00,0.00,0.00,0.00,0
1.40552,-30,-23,117,0,DRIVE [ 19 ] [ 1 ] [ 1905 1530 1303 ] [    0    0    0 ] [      0      0      0 ] [ 0 ],drive [ 18 ] [ 0 ] [ 1905 1513 1297 ] [    9   64   80 ] [  12468  11408  12413 ] [ 0 ],1.00,1.00,1.20,1.40,-30.16,-27.22,0.00,0.00,0.00,0.00,0.00,-0.00,-0.00,0.00,0.00,0.00,0.00,0.00,0.00,0.00,0.00,0
1.41653,-29,-22,117,0,DRIVE [ 19 ] [ 1 ] [ 1905 1546 1312 ] [    0    0    0 ] [      0      0      0 ] [ 0 ],drive [ 19 ] [ 0 ] [ 1905 1530 1303 ] [    9   64   80 ] [  12468  11408  12413 ] [ 0 ],1.00,1.00,1.20,1.40,-28.73,-26.68,0.00,0.00,0.00,0.00,0.00,-0.00,-0.00,0.00,0.00,0.00,0.00,0.00,0.00,0.00,0.00,0
1.42707,-27,-22,116,0,DRIVE [ 20 ] [ 1 ] [ 1905 1561 1325 ] [    0    0    0 ] [      0      0      0 ] [ 0 ],drive [ 19 ] [ 0 ] [ 1905 1546 1312 ] [    9   64   80 ] [  12468  11318  12415 ] [ 0 ],1.00,1.00,1.20,1.40,-27.32,-25.92,0.00,0.00,0.00,0.00,0.00,-0.00,-0.00,0.00,0.00,0.00,0.00,0.00,0.00,0.00,0.00,0
1.43945,-26,-21,115,0,DRIVE [ 20 ] [ 1 ] [ 1905 1577 1342 ] [    0    0    0 ] [      0      0      0 ] [ 0 ],drive [ 20 ] [ 0 ] [ 1905 1561 1325 ] [    9   55   79 ] [  12468  11318  12415 ] [ 0 ],1.00,1.00,1.20,1.40,-25.86,-24.97,0.00,0.00,0.00,0.00,0.00,-0.00,-0.00,0.00,0.00,0.00,0.00,0.00,0.00,0.00,0.00,0
1.45134,-24,-20,114,0,DRIVE [ 21 ] [ 1 ] [ 1905 1593 1361 ] [    0    0    0 ] [      0      0      0 ] [ 0 ],drive [ 20 ] [ 0 ] [ 1905 1577 1342 ] [    9   55   79 ] [  12468  11318  12415 ] [ 0 ],1.00,1.00,1.20,1.40,-24.37,-23.93,0.00,0.00,0.00,0.00,0.00,-0.00,-0.00,0.00,0.00,0.00,0.00,0.00,0.00,0.00,0.00,0
1.46256,-23,-19,113,0,DRIVE [ 21 ] [ 1 ] [ 1905 1611 1383 ] [    0    0    0 ] [      0      0      0 ] [ 0 ],drive [ 21 ] [ 0 ] [ 1905 1593 1361 ] [    9   55   79 ] [  12468  11318  12415 ] [ 0 ],1.00,1.00,1.20,1.40,-22.80,-22.78,0.00,0.00,0.00,0.00,0.00,-0.00,-0.00,0.00,0.00,0.00,0.00,0.00,0.00,0.00,0.00,0
1.47431,-21,-18,112,0,DRIVE [ 22 ] [ 1 ] [ 1905 1629 1407 ] [    0    0    0 ] [      0      0      0 ] [ 0 ],drive [ 21 ] [ 0 ] [ 1905 1611 1383 ] [    9   55   79 ] [  12470  11298  12416 ] [ 0 ],1.00,1.00,1.20,1.40,-21.23,-21.55,0.00,0.00,0.00,0.00,0.00,-0.00,-0.00,0.00,0.00,0.00,0.00,0.00,0.00,0.00,0.00,0
1.48542,-20,-17,111,0,DRIVE [ 22 ] [ 1 ] [ 1905 1647 1433 ] [    0    0    0 ] [      0      0      0 ] [ 0 ],drive [ 22 ] [ 0 ] [ 1905 1629 1407 ] [    7   44   72 ] [  12470  11298  12416 ] [ 0 ],1.00,1.00,1.20,1.40,-19.67,-20.26,0.00,0.00,0.00,0.00,0.00,-0.00,-0.00,0.00,0.00,0.00,0.00,0.00,0.00,0.00,0.00,0
1.49618,-18,-16,110,0,DRIVE [ 23 ] [ 1 ] [ 1905 1665 1461 ] [    0    0    0 ] [      0      0      0 ] [ 0 ],drive [ 22 ] [ 0 ] [ 1905 1647 1433 ] [    7   44   72 ] [  12470  11298  12416 ] [ 0 ],1.00,1.00,1.20,1.40,-18.15,-18.89,0.00,0.00,0.00,0.00,0.00,-0.00,-0.00,0.00,0.00,0.00,0.00,0.00,0.00,0.00,0.00,0
1.50726,-17,-15,109,0,DRIVE [ 23 ] [ 1 ] [ 1905 1682 1491 ] [    0    0    0 ] [      0      0      0 ] [ 0 ],drive [ 23 ] [ 0 ] [ 1905 1665 1461 ] [    7   44   72 ] [  12470  11298  12416 ] [ 0 ],1.00,1.00,1.20,1.40,-16.68,-17.41,0.00,0.00,0.00,0.00,0.00,-0.00,-0.00,0.00,0.00,0.00,0.00,0.00,0.00,0.00,0.00,0
1.5195,-15,-13,108,0,DRIVE [ 24 ] [ 1 ] [ 1905 1697 1523 ] [    0    0    0 ] [      0      0      0 ] [ 0 ],drive [ 23 ] [ 0 ] [ 1905 1682 1491 ] [    7   44   72 ] [  12470  11298  12416 ] [ 0 ],1.00,1.00,1.20,1.40,-15.29,-15.82,0.00,0.00,0.00,0.00,0.00,-0.00,-0.00,0.00,0.00,0.00,0.00,0.00,0.00,0.00,0.00,0
1.53042,-14,-12,107,0,DRIVE [ 24 ] [ 1 ] [ 1905 1713 1556 ] [    0    0    0 ] [      0      0      0 ] [ 0 ],drive [ 24 ] [ 0 ] [ 1905 1697 1523 ] [    7   44   72 ] [  12480  11138  12413 ] [ 0 ],1.00,1.00,1.20,1.40,-13.95,-14.23,0.00,0.00,0.00,0.00,0.00,-0.00,-0.00,0.00,0.00,0.00,0.00,0.00,0.00,0.00,0.00,0
1.54167,-13,-11,106,0,DRIVE [ 25 ] [ 1 ] [ 1905 1727 1590 ] [    0    0    0 ] [      0      0      0 ] [ 0 ],drive [ 24 ] [ 0 ] [ 1905 1713 1556 ] [    4   40   57 ] [  12480  11138  12413 ] [ 0 ],1.00,1.00,1.20,1.40,-12.68,-12.64,0.00,0.00,0.00,0.00,0.00,-0.00,-0.00,0.00,0.00,0.00,0.00,0.00,0.00,0.00,0.00,0
1.55278,-11,-9,104,0,DRIVE [ 25 ] [ 1 ] [ 1905 1741 1625 ] [    0    0    0 ] [      0      0      0 ] [ 0 ],drive [ 25 ] [ 0 ] [ 1905 1727 1590 ] [    4   40   57 ] [  12480  11138  12413 ] [ 0 ],1.00,1.00,1.20,1.40,-11.48,-11.04,0.00,0.00,0.00,0.00,0.00,-0.00,-0.00,0.00,0.00,0.00,0.00,0.00,0.00,0.00,0.00,0
1.56392,-10,-8,103,0,DRIVE [ 26 ] [ 1 ] [ 1905 1756 1659 ] [    0    0    0 ] [      0      0      0 ] [ 0 ],drive [ 25 ] [ 0 ] [ 1905 1741 1625 ] [    4   40   57 ] [  12480  11138  12413 ] [ 0 ],1.00,1.00,1.20,1.40,-10.29,-9.53,0.00,0.00,0.00,0.00,0.00,-0.00,-0.00,0.00,0.00,0.00,0.00,0.00,0.00,0.00,0.00,0
1.57577,-9,-7,102,0,DRIVE [ 26 ] [ 1 ] [ 1905 1769 1690 ] [    0    0    0 ] [      0      0      0 ] [ 0 ],drive [ 26 ] [ 0 ] [ 1905 1756 1659 ] [    4   40   57 ] [  12503  10951  12299 ] [ 0 ],1.00,1.00,1.20,1.40,-9.18,-8.18,0.00,0.00,0.00,0.00,0.00,-0.00,-0.00,0.00,0.00,0.00,0.00,0.00,0.00,0.00,0.00,0
1.58707,-8,-6,101,0,DRIVE [ 27 ] [ 1 ] [ 1905 1782 1718 ] [    0    0    0 ] [      0      0      0 ] [ 0 ],drive [ 26 ] [ 0 ] [ 1905 1769 1690 ] [   18   31   37 ] [  12503  10951  12299 ] [ 0 ],1.00,1.00,1.20,1.40,-8.20,-6.97,0.00,0.00,0.00,0.00,0.00,-0.00,-0.00,0.00,0.00,0.00,0.00,0.00,0.00,0.00,0.00,0
1.59799,-7,-5,100,0,DRIVE [ 27 ] [ 1 ] [ 1905 1793 1743 ] [    0    0    0 ] [      0      0      0 ] [ 0 ],drive [ 27 ] [ 0 ] [ 1905 1782 1718 ] [   18   31   37 ] [  12503  10951  12299 ] [ 0 ],1.00,1.00,1.20,1.40,-7.33,-5.91,0.00,0.00,0.00,0.00,0.00,-0.00,-0.00,0.00,0.00,0.00,0.00,0.00,0.00,0.00,0.00,0
1.60959,-7,-4,99,0,DRIVE [ 28 ] [ 1 ] [ 1905 1802 1767 ] [    0    0    0 ] [      0      0      0 ] [ 0 ],drive [ 27 ] [ 0 ] [ 1905 1793 1743 ] [   18   31   37 ] [  12503  10951  12299 ] [ 0 ],1.00,1.00,1.20,1.40,-6.57,-4.86,0.00,0.00,0.00,0.00,0.00,-0.00,-0.00,0.00,0.00,0.00,0.00,0.00,0.00,0.00,0.00,0
1.6222,-6,-3,98,0,DRIVE [ 28 ] [ 1 ] [ 1905 1809 1791 ] [    0    0    0 ] [      0      0      0 ] [ 0 ],drive [ 28 ] [ 0 ] [ 1905 1802 1767 ] [   18   31   37 ] [  12632  10658  12007 ] [ 0 ],1.00,1.00,1.20,1.40,-5.94,-3.82,0.00,0.00,0.00,0.00,0.00,-0.00,-0.00,0.00,0.00,0.00,0.00,0.00,0.00,0.00,0.00,0
1.63394,-5,-2,97,0,DRIVE [ 29 ] [ 1 ] [ 1905 1814 1814 ] [    0    0    0 ] [      0      0      0 ] [ 0 ],drive [ 28 ] [ 0 ] [ 1905 1809 1791 ] [   18   31   37 ] [  12632  10658  12007 ] [ 0 ],1.00,1.00,1.20,1.40,-5.39,-2.82,0.00,0.00,0.00,0.00,0.00,-0.00,-0.00,0.00,0.00,0.00,0.00,0.00,0.00,0.00,0.00,0
1.6449,-5,-2,96,0,DRIVE [ 29 ] [ 1 ] [ 1905 1817 1835 ] [    0    0    0 ] [      0      0      0 ] [ 0 ],drive [ 29 ] [ 0 ] [ 1905 1814 1814 ] [   11   31   19 ] [  12632  10658  12007 ] [ 0 ],1.00,1.00,1.20,1.40,-4.86,-1.83,0.00,0.00,0.00,0.00,0.00,-0.00,-0.00,0.00,0.00,0.00,0.00,0.00,0.00,0.00,0.00,0
1.65651,-4,-1,95,0,DRIVE [ 30 ] [ 1 ] [ 1905 1819 1854 ] [    0    0    0 ] [      0      0      0 ] [ 0 ],drive [ 29 ] [ 0 ] [ 1905 1817 1835 ] [   11   31   19 ] [  12632  10658  12007 ] [ 0 ],1.00,1.00,1.20,1.40,-4.35,-0.90,0.00,0.00,0.00,0.00,0.00,-0.00,-0.00,0.00,0.00,0.00,0.00,0.00,0.00,0.00,0.00,0
1.66914,-4,0,94,0,DRIVE [ 30 ] [ 1 ] [ 1905 1820 1871 ] [    0    0    0 ] [      0      0      0 ] [ 0 ],drive [ 30 ] [ 0 ] [ 1905 1819 1854 ] [   11   31   19 ] [  12632  10658  12007 ] [ 0 ],1.00,1.00,1.20,1.40,-3.84,-0.08,0.00,0.00,0.00,0.00,0.00,-0.00,-0.00,0.00,0.00,0.00,0.00,0.00,0.00,0.00,0.00,0
1.6799,-3,0,93,0,DRIVE [ 31 ] [ 1 ] [ 1905 1818 1884 ] [    0    0    0 ] [      0      0      0 ] [ 0 ],drive [ 30 ] [ 0 ] [ 1905 1820 1871 ] [   11   31   19 ] [  12731  10516  11695 ] [ 0 ],1.00,1.00,1.20,1.40,-3.37,0.65,0.00,0.00,0.00,0.00,0.00,-0.00,-0.00,0.00,0.00,0.00,0.00,0.00,0.00,-0.00,0.00,0
1.69245,-3,1,92,0,DRIVE [ 31 ] [ 1 ] [ 1905 1816 1894 ] [    0    0    0 ] [      0      0      0 ] [ 0 ],drive [ 31 ] [ 0 ] [ 1905 1818 1884 ] [   20   31    2 ] [  12731  10516  11695 ] [ 0 ],1.00,1.00,1.20,1.40,-2.98,1.13,0.00,0.00,0.00,0.00,0.00,-0.00,-0.00,0.00,0.00,0.00,0.00,0.00,0.00,-0.00,0.00,0
1.70366,-3,1,91,0,DRIVE [ 32 ] [ 1 ] [ 1905 1817 1899 ] [    0    0    0 ] [      0      0      0 ] [ 0 ],drive [ 31 ] [ 0 ] [ 1905 1816 1894 ] [   20   31    2 ] [  12731  10516  11695 ] [ 0 ],1.00,1.00,1.20,1.40,-2.66,1.32,0.00,0.00,0.00,0.00,0.00,-0.00,-0.00,0.00,0.00,0.00,0.00,0.00,0.00,-0.00,0.00,0
1.71419,-2,1,91,0,DRIVE [ 32 ] [ 1 ] [ 1905 1822 1900 ] [    0    0    0 ] [      0      0      0 ] [ 0 ],drive [ 32 ] [ 0 ] [ 1905 1817 1899 ] [   20   31    2 ] [  12731  10516  11695 ] [ 0 ],1.00,1.00,1.20,1.40,-2.44,1.26,0.00,0.00,0.00,0.00,0.00,-0.00,-0.00,0.00,0.00,0.00,0.00,0.00,0.00,-0.00,0.00,0
1.72543,-2,1,90,0,DRIVE [ 33 ] [ 1 ] [ 1905 1829 1898 ] [    0    0    0 ] [      0      0      0 ] [ 0 ],drive [ 32 ] [ 0 ] [ 1905 1822 1900 ] [   20   31    2 ] [  12955  10397  11031 ] [ 0 ],1.00,1.00,1.20,1.40,-2.35,1.03,0.00,0.00,0.00,0.00,0.00,-0.00,-0.00,0.00,0.00,0.00,0.00,0.00,0.00,-0.00,0.00,0
1.73651,-2,1,89,0,DRIVE [ 33 ] [ 1 ] [ 1905 1833 1893 ] [    0    0    0 ] [      0      0      0 ] [ 0 ],drive [ 33 ] [ 0 ] [ 1905 1829 1898 ] [   14   16    0 ] [  12955  10397  11031 ] [ 0 ],1.00,1.00,1.20,1.40,-2.43,0.75,0.00,0.00,0.00,0.00,0.00,-0.00,-0.00,0.00,0.00,0.00,0.00,0.00,0.00,-0.00,0.00,0
1.74696,-3,0,88,0,DRIVE [ 34 ] [ 1 ] [ 1905 1834 1887 ] [    0    0    0 ] [      0      0      0 ] [ 0 ],drive [ 33 ] [ 0 ] [ 1905 1833 1893 ] [   14   16    0 ] [  12955  10397  11031 ] [ 0 ],1.00,1.00,1.20,1.40,-2.64,0.45,0.00,0.00,0.00,0.00,0.00,-0.00,-0.00,0.00,0.00,0.00,0.00,0.00,0.00,-0.00,0.00,0
1.75808,-3,0,87,0,DRIVE [ 34 ] [ 1 ] [ 1905 1831 1879 ] [    0    0    0 ] [      0      0      0 ] [ 0 ],drive [ 34 ] [ 0 ] [ 1905 1834 1887 ] [   14   16    0 ] [  12955  10397  11031 ] [ 0 ],1.00,1.00,1.20,1.40,-2.97,0.11,0.00,0.00,0.00,0.00,0.00,-0.00,-0.00,0.00,0.00,0.00,0.00,0.00,0.00,-0.00,0.00,0
1.76886,-3,0,86,0,DRIVE [ 35 ] [ 1 ] [ 1905 1824 1870 ] [    0    0    0 ] [      0      0      0 ] [ 0 ],drive [ 34 ] [ 0 ] [ 1905 1831 1879 ] [   14   16    0 ] [  12955  10397  11031 ] [ 0 ],1.00,1.00,1.20,1.40,-3.39,-0.17,0.00,0.00,0.00,0.00,0.00,-0.00,-0.00,0.00,0.00,0.00,0.00,0.00,0.00,0.00,0.00,0
1.77944,-4,0,85,0,DRIVE [ 35 ] [ 1 ] [ 1905 1814 1864 ] [    0    0    0 ] [      0      0      0 ] [ 0 ],drive [ 35 ] [ 0 ] [ 1905 1824 1870 ] [   14   16    0 ] [  13149  10080  10528 ] [ 0 ],1.00,1.00,1.20,1.40,-3.83,-0.28,0.00,0.00,0.00,0.00,0.00,-0.00,-0.00,0.00,0.00,0.00,0.00,0.00,0.00,0.00,0.00,0
1.79053,-4,0,84,0,DRIVE [ 36 ] [ 1 ] [ 1905 1802 1859 ] [    0    0    0 ] [      0      0      0 ] [ 0 ],drive [ 35 ] [ 0 ] [ 1905 1814 1864 ] [   29   20   31 ] [  13149  10080  10528 ] [ 0 ],1.00,1.00,1.20,1.40,-4.26,-0.25,0.00,0.00,0.00,0.00,0.00,-0.00,-0.00,0.00,0.00,0.00,0.00,0.00,0.00,0.00,0.00,0
1.80151,-5,0,83,0,DRIVE [ 36 ] [ 1 ] [ 1905 1790 1859 ] [    0    0    0 ] [      0      0      0 ] [ 0 ],drive [ 36 ] [ 0 ] [ 1905 1802 1859 ] [   29   20   31 ] [  13149  10080  10528 ] [ 0 ],1.00,1.00,1.20,1.40,-4.58,-0.08,0.00,0.00,0.00,0.00,0.00,-0.00,-0.00,0.00,0.00,0.00,0.00,0.00,0.00,0.00,0.00,0
1.81196,-5,0,82,0,DRIVE [ 37 ] [ 1 ] [ 1905 1781 1859 ] [    0    0    0 ] [      0      0      0 ] [ 0 ],drive [ 36 ] [ 0 ] [ 1905 1790 1859 ] [   29   20   31 ] [  13149  10080  10528 ] [ 0 ],1.00,1.00,1.20,1.40,-4.74,0.11,0.00,0.00,0.00,0.00,0.00,-0.00,-0.00,0.00,0.00,0.00,0.00,0.00,0.00,-0.00,0.00,0
1.82321,-5,0,81,0,DRIVE [ 37 ] [ 1 ] [ 1905 1779 1860 ] [    0    0    0 ] [      0      0      0 ] [ 0 ],drive [ 37 ] [ 0 ] [ 1905 1781 1859 ] [   29   20   31 ] [  13293   9911  10498 ] [ 0 ],1.00,1.00,1.20,1.40,-4.71,0.19,0.00,0.00,0.00,0.00,0.00,-0.00,-0.00,0.00,0.00,0.00,0.00,0.00,0.00,-0.00,0.00,0
1.83527,-5,0,80,0,DRIVE [ 38 ] [ 1 ] [ 1905 1783 1861 ] [    0    0    0 ] [      0      0      0 ] [ 0 ],drive [ 37 ] [ 0 ] [ 1905 1779 1860 ] [   29   20   31 ] [  13293   9911  10498 ] [ 0 ],1.00,1.00,1.20,1.40,-4.53,0.13,0.00,0.00,0.00,0.00,0.00,-0.00,-0.00,0.00,0.00,0.00,0.00,0.00,0.00,-0.00,0.00,0
1.84588,-4,0,79,0,DRIVE [ 38 ] [ 1 ] [ 1905 1793 1860 ] [    0    0    0 ] [      0      0      0 ] [ 0 ],drive [ 38 ] [ 0 ] [ 1905 1783 1861 ] [    4   36   23 ] [  13293   9911  10498 ] [ 0 ],1.00,1.00,1.20,1.40,-4.25,-0.05,0.00,0.00,0.00,0.00,0.00,-0.00,-0.00,0.00,0.00,0.00,0.00,0.00,0.00,0.00,0.00,0
1.85686,-4,0,78,0,DRIVE [ 39 ] [ 1 ] [ 1905 1804 1858 ] [    0    0    0 ] [      0      0      0 ] [ 0 ],drive [ 38 ] [ 0 ] [ 1905 1793 1860 ] [    4   36   23 ] [  13293   9911  10498 ] [ 0 ],1.00,1.00,1.20,1.40,-3.94,-0.35,0.00,0.00,0.00,0.00,0.00,-0.00,-0.00,0.00,0.00,0.00,0.00,0.00,0.00,0.00,0.00,0
1.86792,-4,-1,77,0,DRIVE [ 39 ] [ 1 ] [ 1905 1817 1851 ] [    0    0    0 ] [      0      0      0 ] [ 0 ],drive [ 39 ] [ 0 ] [ 1905 1804 1858 ] [    4   36   23 ] [  13293   9911  10498 ] [ 0 ],1.00,1.00,1.20,1.40,-3.67,-0.84,0.00,0.00,0.00,0.00,0.00,-0.00,-0.00,0.00,0.00,0.00,0.00,0.00,0.00,0.00,0.00,0
1.879,-4,-1,77,0,DRIVE [ 40 ] [ 1 ] [ 1905 1827 1836 ] [    0    0    0 ] [      0      0      0 ] [ 0 ],drive [ 39 ] [ 0 ] [ 1905 1817 1851 ] [    4   36   23 ] [  13392   9914  10385 ] [ 0 ],1.00,1.00,1.20,1.40,-3.54,-1.55,0.00,0.00,0.00,0.00,0.00,-0.00,-0.00,0.00,0.00,0.00,0.00,0.00,0.00,0.00,0.00,0
1.89114,-4,-2,76,0,DRIVE [ 40 ] [ 1 ] [ 1905 1830 1812 ] [    0    0    0 ] [      0      0      0 ] [ 0 ],drive [ 40 ] [ 0 ] [ 1905 1827 1836 ] [   10   34   18 ] [  13392   9914  10385 ] [ 0 ],1.00,1.00,1.20,1.40,-3.58,-2.44,0.00,0.00,0.00,0.00,0.00,-0.00,-0.00,0.00,0.00,0.00,0.00,0.00,0.00,0.00,0.00,0
1.90169,-4,-3,75,0,DRIVE [ 41 ] [ 1 ] [ 1905 1828 1781 ] [    0    0    0 ] [      0      0      0 ] [ 0 ],drive [ 40 ] [ 0 ] [ 1905 1830 1812 ] [   10   34   18 ] [  13392   9914  10385 ] [ 0 ],1.00,1.00,1.20,1.40,-3.81,-3.48,0.00,0.00,0.00,0.00,0.00,-0.00,-0.00,0.00,0.00,0.00,0.00,0.00,0.00,0.00,0.00,0
1.91201,-4,-4,74,0,DRIVE [ 41 ] [ 1 ] [ 1905 1822 1744 ] [    0    0    0 ] [      0      0      0 ] [ 0 ],drive [ 41 ] [ 0 ] [ 1905 1828 1781 ] [   10   34   18 ] [  13392   9914  10385 ] [ 0 ],1.00,1.00,1.20,1.40,-4.19,-4.57,0.00,0.00,0.00,0.00,0.00,-0.00,-0.00,0.00,0.00,0.00,0.00,0.00,0.00,0.00,0.00,0
1.92296,-5,-5,73,0,DRIVE [ 42 ] [ 1 ] [ 1905 1813 1707 ] [    0    0    0 ] [      0      0      0 ] [ 0 ],drive [ 41 ] [ 0 ] [ 1905 1822 1744 ] [   10   34   18 ] [  13712   9891  10196 ] [ 0 ],1.00,1.00,1.20,1.40,-4.64,-5.63,0.00,0.00,0.00,0.00,0.00,-0.00,-0.00,0.00,0.00,0.00,0.00,0.00,0.00,0.00,0.00,0
1.93481,-5,-5,73,0,DRIVE [ 42 ] [ 1 ] [ 1905 1803 1672 ] [    0    0    0 ] [      0      0      0 ] [ 0 ],drive [ 42 ] [ 0 ] [ 1905 1813 1707 ] [   10   34   18 ] [  13712   9891  10196 ] [ 0 ],1.00,1.00,1.20,1.40,-5.13,-6.56,0.00,0.00,0.00,0.00,0.00,-0.00,-0.00,0.00,0.00,0.00,0.00,0.00,0.00,0.00,0.00,0
1.94667,-6,-6,72,0,DRIVE [ 43 ] [ 1 ] [ 1905 1793 1642 ] [    0    0    0 ] [      0      0      0 ] [ 0 ],drive [ 42 ] [ 0 ] [ 1905 1803 1672 ] [    2   20   22 ] [  13712   9891  10196 ] [ 0 ],1.00,1.00,1.20,1.40,-5.61,-7.32,0.00,0.00,0.00,0.00,0.00,-0.00,-0.00,0.00,0.00,0.00,0.00,0.00,0.00,0.00,0.00,0
1.95878,-6,-7,71,0,DRIVE [ 43 ] [ 1 ] [ 1905 1781 1617 ] [    0    0    0 ] [      0      0      0 ] [ 0 ],drive [ 43 ] [ 0 ] [ 1905 1793 1642 ] [    2   20   22 ] [  13712   9891  10196 ] [ 0 ],1.00,1.00,1.20,1.40,-6.09,-7.94,0.00,0.00,0.00,0.00,0.00,-0.00,-0.00,0.00,0.00,0.00,0.00,0.00,0.00,0.00,0.00,0
1.96938,-7,-7,70,0,DRIVE [ 44 ] [ 1 ] [ 1905 1772 1591 ] [    0    0    0 ] [      0      0      0 ] [ 0 ],drive [ 43 ] [ 0 ] [ 1905 1781 1617 ] [    2   20   22 ] [  13712   9891  10196 ] [ 0 ],1.00,1.00,1.20,1.40,-6.51,-8.55,0.00,0.00,0.00,0.00,0.00,-0.00,-0.00,0.00,0.00,0.00,0.00,0.00,0.00,0.00,0.00,0
1.97919,-7,-8,69,0,DRIVE [ 44 ] [ 1 ] [ 1905 1763 1566 ] [    0    0    0 ] [      0      0      0 ] [ 0 ],drive [ 44 ] [ 0 ] [ 1905 1772 1591 ] [    2   20   22 ] [  13737   9796  10217 ] [ 0 ],1.00,1.00,1.20,1.40,-6.86,-9.13,0.00,0.00,0.00,0.00,0.00,-0.00,-0.00,0.00,0.00,0.00,0.00,0.00,0.00,0.00,0.00,0
1.9909,-7,-8,68,0,DRIVE [ 45 ] [ 1 ] [ 1905 1756 1539 ] [    0    0    0 ] [      0      0      0 ] [ 0 ],drive [ 44 ] [ 0 ] [ 1905 1763 1566 ] [    2   40   26 ] [  13737   9796  10217 ] [ 0 ],1.00,1.00,1.20,1.40,-7.14,-9.73,0.00,0.00,0.00,0.00,0.00,-0.00,-0.00,0.00,0.00,0.00,0.00,0.00,0.00,0.00,0.00,0
2.0024,-7,-9,67,0,DRIVE [ 45 ] [ 1 ] [ 1905 1750 1513 ] [    0    0    0 ] [      0      0      0 ] [ 0 ],drive [ 45 ] [ 0 ] [ 1905 1756 1539 ] [    2   40   26 ] [  13737   9796  10217 ] [ 0 ],1.00,1.00,1.20,1.40,-7.35,-10.32,0.00,0.00,0.00,0.00,0.00,-0.00,-0.00,0.00,0.00,0.00,0.00,0.00,0.00,0.00,0.00,0
2.01468,-8,-9,66,0,DRIVE [ 46 ] [ 1 ] [ 1905 1744 1486 ] [    0    0    0 ] [      0      0      0 ] [ 0 ],drive [ 45 ] [ 0 ] [ 1905 1750 1513 ] [    2   40   26 ] [  13737   9796  10217 ] [ 0 ],1.00,1.00,1.20,1.40,-7.55,-10.91,0.00,0.00,0.00,0.00,0.00,-0.00,-0.00,0.00,0.00,0.00,0.00,0.00,0.00,0.00,0.00,0
2.02685,-8,-10,65,0,DRIVE [ 46 ] [ 1 ] [ 1905 1738 1459 ] [    0    0    0 ] [      0      0      0 ] [ 0 ],drive [ 46 ] [ 0 ] [ 1905 1744 1486 ] [    2   40   26 ] [  13738   9796  10225 ] [ 0 ],1.00,1.00,1.20,1.40,-7.76,-11.47,0.00,0.00,0.00,0.00,0.00,-0.00,-0.00,0.00,0.00,0.00,0.00,0.00,0.00,0.00,0.00,0
2.03695,-8,-10,64,0,DRIVE [ 47 ] [ 1 ] [ 1905 1731 1434 ] [    0    0    0 ] [      0      0      0 ] [ 0 ],drive [ 46 ] [ 0 ] [ 1905 1738 1459 ] [    1   42   38 ] [  13738   9796  10225 ] [ 0 ],1.00,1.00,1.20,1.40,-7.98,-11.98,0.00,0.00,0.00,0.00,0.00,-0.00,-0.00,0.00,0.00,0.00,0.00,0.00,0.00,0.00,0.00,0
2.04674,-8,-10,63,0,DRIVE [ 47 ] [ 1 ] [ 1905 1725 1410 ] [    0    0    0 ] [      0      0      0 ] [ 0 ],drive [ 47 ] [ 0 ] [ 1905 1731 1434 ] [    1   42   38 ] [  13738   9796  10225 ] [ 0 ],1.00,1.00,1.20,1.40,-8.19,-12.43,0.00,0.00,0.00,0.00,0.00,-0.00,-0.00,0.00,0.00,0.00,0.00,0.00,0.00,0.00,0.00,0
2.05851,-8,-11,62,0,DRIVE [ 48 ] [ 1 ] [ 1905 1718 1388 ] [    0    0    0 ] [      0      0      0 ] [ 0 ],drive [ 47 ] [ 0 ] [ 1905 1725 1410 ] [    1   42   38 ] [  13738   9796  10225 ] [ 0 ],1.00,1.00,1.20,1.40,-8.39,-12.82,0.00,0.00,0.00,0.00,0.00,-0.00,-0.00,0.00,0.00,0.00,0.00,0.00,0.00,0.00,0.00,0
2.07047,-9,-11,62,0,DRIVE [ 48 ] [ 1 ] [ 1905 1710 1367 ] [    0    0    0 ] [      0      0      0 ] [ 0 ],drive [ 48 ] [ 0 ] [ 1905 1718 1388 ] [    1   42   38 ] [  13738   9796  10225 ] [ 0 ],1.00,1.00,1.20,1.40,-8.60,-13.15,0.00,0.00,0.00,0.00,0.00,-0.00,-0.00,0.00,0.00,0.00,0.00,0.00,0.00,0.00,0.00,0
2.08218,-9,-11,61,0,DRIVE [ 49 ] [ 1 ] [ 1905 1703 1348 ] [    0    0    0 ] [      0      0      0 ] [ 0 ],drive [ 48 ] [ 0 ] [ 1905 1710 1367 ] [    1   42   38 ] [  13738   9796  10339 ] [ 0 ],1.00,1.00,1.20,1.40,-8.81,-13.44,0.00,0.00,0.00,0.00,0.00,-0.00,-0.00,0.00,0.00,0.00,0.00,0.00,0.00,0.00,0.00,0
2.09239,-9,-12,60,0,DRIVE [ 49 ] [ 1 ] [ 1905 1696 1325 ] [    0    0    0 ] [      0      0      0 ] [ 0 ],drive [ 49 ] [ 0 ] [ 1905 1703 1348 ] [    1   45   62 ] [  13738   9796  10339 ] [ 0 ],1.00,1.00,1.20,1.40,-9.02,-13.83,0.00,0.00,0.00,0.00,0.00,-0.00,-0.00,0.00,0.00,0.00,0.00,0.00,0.00,0.00,0.00,0
2.1024,-9,-12,59,0,DRIVE [ 50 ] [ 1 ] [ 1905 1689 1299 ] [    0    0    0 ] [      0      0      0 ] [ 0 ],drive [ 49 ] [ 0 ] [ 1905 1696 1325 ] [    1   45   62 ] [  13738   9796  10339 ] [ 0 ],1.00,1.00,1.20,1.40,-9.20,-14.28,0.00,0.00,0.00,0.00,0.00,-0.00,-0.00,0.00,0.00,0.00,0.00,0.00,0.00,0.00,0.00,0
2.11419,-9,-12,58,0,DRIVE [ 50 ] [ 1 ] [ 1905 1683 1270 ] [    0    0    0 ] [      0      0      0 ] [ 0 ],drive [ 50 ] [ 0 ] [ 1905 1689 1299 ] [    1   45   62 ] [  13738   9796  10339 ] [ 0 ],1.00,1.00,1.20,1.40,-9.38,-14.80,0.00,0.00,0.00,0.00,0.00,-0.00,-0.00,0.00,0.00,0.00,0.00,0.00,0.00,0.00,0.00,0
2.12662,-10,-13,57,0,DRIVE [ 51 ] [ 1 ] [ 1905 1675 1240 ] [    0    0    0 ] [      0      0      0 ] [ 0 ],drive [ 50 ] [ 0 ] [ 1905 1683 1270 ] [    1   45   62 ] [  13753   9796  10365 ] [ 0 ],1.00,1.00,1.20,1.40,-9.62,-15.32,0.00,0.00,0.00,0.00,0.00,-0.00,-0.00,0.00,0.00,0.00,0.00,0.00,0.00,0.00,0.00,0
2.13824,-10,-13,57,0,DRIVE [ 51 ] [ 1 ] [ 1905 1666 1209 ] [    0    0    0 ] [      0      0      0 ] [ 0 ],drive [ 51 ] [ 0 ] [ 1905 1675 1240 ] [   23   47   76 ] [  13753   9796  10365 ] [ 0 ],1.00,1.00,1.20,1.40,-9.90,-15.87,0.00,0.00,0.00,0.00,0.00,-0.00,-0.00,0.00,0.00,0.00,0.00,0.00,0.00,0.00,0.00,0
2.15032,-10,-14,56,0,DRIVE [ 52 ] [ 1 ] [ 1905 1655 1176 ] [    0    0    0 ] [      0      0      0 ] [ 0 ],drive [ 51 ] [ 0 ] [ 1905 1666 1209 ] [   23   47   76 ] [  13753   9796  10365 ] [ 0 ],1.00,1.00,1.20,1.40,-10.25,-16.46,0.00,0.00,0.00,0.00,0.00,-0.00,-0.00,0.00,0.00,0.00,0.00,0.00,0.00,0.00,0.00,0
2.15999,-11,-14,55,0,DRIVE [ 52 ] [ 1 ] [ 1905 1641 1141 ] [    0    0    0 ] [      0      0      0 ] [ 0 ],drive [ 52 ] [ 0 ] [ 1905 1655 1176 ] [   23   47   76 ] [  13753   9796  10365 ] [ 0 ],1.00,1.00,1.20,1.40,-10.70,-17.08,0.00,0.00,0.00,0.00,0.00,-0.00,-0.00,0.00,0.00,0.00,0.00,0.00,0.00,0.00,0.00,0
2.17031,-11,-15,54,0,DRIVE [ 53 ] [ 1 ] [ 1905 1626 1105 ] [    0    0    0 ] [      0      0      0 ] [ 0 ],drive [ 52 ] [ 0 ] [ 1905 1641 1141 ] [   23   47   76 ] [  13882   9796  10385 ] [ 0 ],1.00,1.00,1.20,1.40,-11.20,-17.71,0.00,0.00,0.00,0.00,0.00,-0.00,-0.00,0.00,0.00,0.00,0.00,0.00,0.00,0.00,0.00,0
2.18198,-12,-15,54,0,DRIVE [ 53 ] [ 1 ] [ 1905 1609 1070 ] [    0    0    0 ] [      0      0      0 ] [ 0 ],drive [ 53 ] [ 0 ] [ 1905 1626 1105 ] [   23   47   76 ] [  13882   9796  10385 ] [ 0 ],1.00,1.00,1.20,1.40,-11.76,-18.29,0.00,0.00,0.00,0.00,0.00,-0.00,-0.00,0.00,0.00,0.00,0.00,0.00,0.00,0.00,0.00,0
2.19395,-12,-16,53,0,DRIVE [ 54 ] [ 1 ] [ 1905 1590 1041 ] [    0    0    0 ] [      0      0      0 ] [ 0 ],drive [ 53 ] [ 0 ] [ 1905 1609 1070 ] [   23   51   78 ] [  13882   9796  10385 ] [ 0 ],1.00,1.00,1.20,1.40,-12.34,-18.71,0.00,0.00,0.00,0.00,0.00,-0.00,-0.00,0.00,0.00,0.00,0.00,0.00,0.00,0.00,0.00,0
2.20605,-13,-16,52,0,DRIVE [ 54 ] [ 1 ] [ 1905 1570 1014 ] [    0    0    0 ] [      0      0      0 ] [ 0 ],drive [ 54 ] [ 0 ] [ 1905 1590 1041 ] [   23   51   78 ] [  13882   9796  10385 ] [ 0 ],1.00,1.00,1.20,1.40,-12.91,-19.04,0.00,0.00,0.00,0.00,0.00,-0.00,-0.00,0.00,0.00,0.00,0.00,0.00,0.00,0.00,0.00,0
2.21804,-13,-16,51,0,DRIVE [ 55 ] [ 1 ] [ 1905 1550 1005 ] [    0    0    0 ] [      0      0      0 ] [ 0 ],drive [ 54 ] [ 0 ] [ 1905 1570 1014 ] [   23   51   78 ] [  13882   9796  10385 ] [ 0 ],1.00,1.00,1.20,1.40,-13.46,-19.18,0.00,0.00,0.00,0.00,0.00,-0.00,-0.00,0.00,0.00,0.00,0.00,0.00,0.00,0.00,0.00,0
2.2276,-14,-16,50,0,DRIVE [ 55 ] [ 1 ] [ 1905 1530 1005 ] [    0    0    0 ] [      0      0      0 ] [ 0 ],drive [ 55 ] [ 0 ] [ 1905 1550 1005 ] [   23   51   78 ] [  13919   9796  10644 ] [ 0 ],1.00,1.00,1.20,1.40,-13.95,-19.16,0.00,0.00,0.00,0.00,0.00,-0.00,-0.00,0.00,0.00,0.00,0.00,0.00,0.00,0.00,0.00,0
2.23817,-14,-16,49,0,DRIVE [ 56 ] [ 1 ] [ 1905 1511 1005 ] [    0    0    0 ] [      0      0      0 ] [ 0 ],drive [ 55 ] [ 0 ] [ 1905 1530 1005 ] [   19   58   80 ] [  13919   9796  10644 ] [ 0 ],1.00,1.00,1.20,1.40,-14.37,-18.97,0.00,0.00,0.00,0.00,0.00,-0.00,-0.00,0.00,0.00,0.00,0.00,0.00,0.00,0.00,0.00,0
2.25004,-15,-16,48,0,DRIVE [ 56 ] [ 1 ] [ 1905 1495 1005 ] [    0    0    0 ] [      0      0      0 ] [ 0 ],drive [ 56 ] [ 0 ] [ 1905 1511 1005 ] [   19   58   80 ] [  13919   9796  10644 ] [ 0 ],1.00,1.00,1.20,1.40,-14.68,-18.69,0.00,0.00,0.00,0.00,0.00,-0.00,-0.00,0.00,0.00,0.00,0.00,0.00,0.00,0.00,0.00,0
2.26215,-15,-15,47,1,DRIVE [ 57 ] [ 1 ] [ 1905 1481 1005 ] [    0    0    0 ] [      0      0      0 ] [ 0 ],drive [ 56 ] [ 0 ] [ 1905 1495 1005 ] [   19   58   80 ] [  13919   9796  10644 ] [ 0 ],1.00,1.00,1.20,1.40,-14.91,-18.41,0.00,0.00,0.00,0.00,0.00,-0.00,-0.00,0.00,0.00,0.00,0.00,0.00,0.00,0.00,0.00,0
