timestamp,Xmm,Ymm,Zmm,TouchDetected,OutgoingPacket,IncomingPacket,GainPropAb, GainPropAd, GainPropFl, GainPropEx,PropA, PropB, PropC,GainIntegAb, GainIntegAd, GainIntegFl, GainIntegEx,IntegA, IntegB, IntegC,GainDerivAb, GainDerivAd, GainDerivFl, GainDerivEx,DerivA, DerivB, DerivC,Heading5
0.10543,-59,-63,312,0,DRIVE [ 25 ] [ 1 ] [ 1819 1902 1899 ] [    0    0    0 ] [      0      0      0 ] [ 0 ],drive [ 25 ] [ 0 ] [ 1369 1455 1455 ] [   55   57   64 ] [  12343   6137  10287 ] [ 1 ],1.00,1.00,1.00,1.40,-58.86,-62.82,0.00,0.00,0.00,0.00,0.00,0.00,0.00,0.00,0.00,0.00,0.00,0.00,0.00,0.00,0.00,0
0.117528,-57,-63,310,0,DRIVE [ 26 ] [ 1 ] [ 1819 1898 1892 ] [    0    0    0 ] [      0      0      0 ] [ 0 ],drive [ 25 ] [ 0 ] [ 1819 1902 1899 ] [   55   57   64 ] [  12343   6137  10287 ] [ 0 ],1.00,1.00,1.00,1.40,-56.90,-62.69,0.00,0.00,0.00,0.00,0.00,0.00,0.00,0.00,0.00,0.00,0.00,0.00,0.00,0.00,0.00,0
0.130007,-57,-63,309,0,DRIVE [ 26 ] [ 1 ] [ 1819 1895 1885 ] [    0    0    0 ] [      0      0      0 ] [ 0 ],drive [ 26 ] [ 0 ] [ 1819 1898 1892 ] [   55   57   64 ] [  12368   6341  10284 ] [ 0 ],1.00,1.00,1.00,1.40,-56.64,-62.74,0.00,0.00,0.00,0.00,0.00,0.00,0.00,0.00,0.00,0.00,0.00,0.00,0.00,0.00,0.00,0
0.142413,-56,-63,309,0,DRIVE [ 27 ] [ 1 ] [ 1819 1892 1878 ] [    0    0    0 ] [      0      0      0 ] [ 0 ],drive [ 26 ] [ 0 ] [ 1819 1895 1885 ] [   15    2   15 ] [  12368   6341  10284 ] [ 0 ],1.00,1.00,1.00,1.40,-56.45,-63.05,0.00,0.00,0.00,0.00,0.00,0.00,0.00,0.00,0.00,0.00,0.00,0.00,0.00,0.00,0.00,0
0.154341,-57,-64,312,0,DRIVE [ 27 ] [ 1 ] [ 1819 1888 1871 ] [    0    0    0 ] [      0      0      0 ] [ 0 ],drive [ 27 ] [ 0 ] [ 1819 1892 1878 ] [   15    2   15 ] [  12368   6341  10284 ] [ 0 ],1.00,1.00,1.00,1.40,-56.57,-64.28,0.00,0.00,0.00,0.00,0.00,0.00,0.00,0.00,0.00,0.00,0.00,0.00,0.00,0.00,0.00,0
0.16678,-56,-65,308,0,DRIVE [ 28 ] [ 1 ] [ 1819 1885 1864 ] [    0    0    0 ] [      0      0      0 ] [ 0 ],drive [ 27 ] [ 0 ] [ 1819 1888 1871 ] [   15    2   15 ] [  12368   6341  10284 ] [ 0 ],1.00,1.00,1.00,1.40,-56.02,-64.83,0.00,0.00,0.00,0.00,0.00,0.00,0.00,0.00,0.00,0.00,0.00,0.00,0.00,0.00,0.00,0
0.179206,-56,-66,308,0,DRIVE [ 28 ] [ 1 ] [ 1819 1882 1856 ] [    0    0    0 ] [      0      0      0 ] [ 0 ],drive [ 28 ] [ 0 ] [ 1819 1885 1864 ] [   15    2   15 ] [  11658   5564   9735 ] [ 0 ],1.00,1.00,1.00,1.40,-55.76,-66.20,0.00,0.00,0.00,0.00,0.00,0.00,0.00,0.00,0.00,0.00,0.00,0.00,0.00,0.00,0.00,0
0.191407,-55,-67,306,0,DRIVE [ 29 ] [ 1 ] [ 1819 1879 1849 ] [    0    0    0 ] [      0      0      0 ] [ 0 ],drive [ 28 ] [ 0 ] [ 1819 1882 1856 ] [   20    5   20 ] [  11658   5564   9735 ] [ 0 ],1.00,1.00,1.00,1.40,-55.27,-67.15,0.00,0.00,0.00,0.00,0.00,0.00,0.00,0.00,0.00,0.00,0.00,0.00,0.00,0.00,0.00,0
0.205457,-55,-67,306,0,DRIVE [ 29 ] [ 1 ] [ 1819 1876 1841 ] [    0    0    0 ] [      0      0      0 ] [ 0 ],drive [ 29 ] [ 0 ] [ 1819 1879 1849 ] [   20    5   20 ] [  11658   5564   9735 ] [ 0 ],1.00,1.00,1.00,1.40,-54.89,-67.21,0.00,0.00,0.00,0.00,0.00,0.00,0.00,0.00,0.00,0.00,0.00,0.00,0.00,0.00,0.00,0
0.217391,-54,-66,303,0,DRIVE [ 30 ] [ 1 ] [ 1819 1872 1834 ] [    0    0    0 ] [      0      0      0 ] [ 0 ],drive [ 29 ] [ 0 ] [ 1819 1876 1841 ] [   20    5   20 ] [  11658   5564   9735 ] [ 0 ],1.00,1.00,1.00,1.40,-54.27,-66.34,0.00,0.00,0.00,0.00,0.00,0.00,0.00,0.00,0.00,0.00,0.00,0.00,0.00,0.00,0.00,0
0.229564,-54,-66,302,0,DRIVE [ 30 ] [ 1 ] [ 1819 1870 1828 ] [    0    0    0 ] [      0      0      0 ] [ 0 ],drive [ 30 ] [ 0 ] [ 1819 1872 1834 ] [   20    5   20 ] [  11599   5526   9843 ] [ 0 ],1.00,1.00,1.00,1.40,-53.70,-65.51,0.00,0.00,0.00,0.00,0.00,0.00,0.00,0.00,0.00,0.00,0.00,0.00,0.00,0.00,0.00,0
0.241795,-53,-65,301,0,DRIVE [ 31 ] [ 1 ] [ 1819 1867 1822 ] [    0    0    0 ] [      0      0      0 ] [ 0 ],drive [ 30 ] [ 0 ] [ 1819 1870 1828 ] [   20    7   19 ] [  11599   5526   9843 ] [ 0 ],1.00,1.00,1.00,1.40,-53.12,-64.63,0.00,0.00,0.00,0.00,0.00,0.00,0.00,0.00,0.00,0.00,0.00,0.00,0.00,0.00,0.00,0
0.253876,-52,-63,300,0,DRIVE [ 31 ] [ 1 ] [ 1819 1864 1816 ] [    0    0    0 ] [      0      0      0 ] [ 0 ],drive [ 31 ] [ 0 ] [ 1819 1867 1822 ] [   20    7   19 ] [  11599   5526   9843 ] [ 0 ],1.00,1.00,1.00,1.40,-52.29,-63.41,0.00,0.00,0.00,0.00,0.00,0.00,0.00,0.00,0.00,0.00,0.00,0.00,0.00,0.00,0.00,0
0.265581,-51,-62,297,0,DRIVE [ 32 ] [ 1 ] [ 1819 1862 1811 ] [    0    0    0 ] [      0      0      0 ] [ 0 ],drive [ 31 ] [ 0 ] [ 1819 1864 1816 ] [   20    7   19 ] [  11599   5526   9843 ] [ 0 ],1.00,1.00,1.00,1.40,-51.15,-61.82,0.00,0.00,0.00,0.00,0.00,0.00,0.00,0.00,0.00,0.00,0.00,0.00,0.00,0.00,0.00,0
0.279541,-50,-61,297,0,DRIVE [ 32 ] [ 1 ] [ 1819 1859 1807 ] [    0    0    0 ] [      0      0      0 ] [ 0 ],drive [ 32 ] [ 0 ] [ 1819 1862 1811 ] [   20    7   19 ] [  11598   5526   9843 ] [ 0 ],1.00,1.00,1.00,1.40,-50.25,-60.63,0.00,0.00,0.00,0.00,0.00,0.00,0.00,0.00,0.00,0.00,0.00,0.00,0.00,0.00,0.00,0
0.292897,-49,-59,294,0,DRIVE [ 33 ] [ 1 ] [ 1819 1857 1801 ] [    0    0    0 ] [      0      0      0 ] [ 0 ],drive [ 32 ] [ 0 ] [ 1819 1859 1807 ] [   20    8   22 ] [  11598   5526   9843 ] [ 0 ],1.00,1.00,1.00,1.40,-49.01,-58.96,0.00,0.00,0.00,0.00,0.00,0.00,0.00,0.00,0.00,0.00,0.00,0.00,0.00,0.00,0.00,0
0.305557,-48,-57,292,0,DRIVE [ 33 ] [ 1 ] [ 1819 1854 1797 ] [    0    0    0 ] [      0      0      0 ] [ 0 ],drive [ 33 ] [ 0 ] [ 1819 1857 1801 ] [   20    8   22 ] [  11598   5526   9843 ] [ 0 ],1.00,1.00,1.00,1.40,-47.73,-57.28,0.00,0.00,0.00,0.00,0.00,0.00,0.00,0.00,0.00,0.00,0.00,0.00,0.00,0.00,0.00,0
0.317518,-46,-56,290,0,DRIVE [ 34 ] [ 1 ] [ 1819 1852 1793 ] [    0    0    0 ] [      0      0      0 ] [ 0 ],drive [ 33 ] [ 0 ] [ 1819 1854 1797 ] [   20    8   22 ] [  11598   5526   9843 ] [ 0 ],1.00,1.00,1.00,1.40,-46.49,-55.52,0.00,0.00,0.00,0.00,0.00,0.00,0.00,0.00,0.00,0.00,0.00,0.00,0.00,0.00,0.00,0
0.329522,-45,-54,288,0,DRIVE [ 34 ] [ 1 ] [ 1819 1851 1790 ] [    0    0    0 ] [      0      0      0 ] [ 0 ],drive [ 34 ] [ 0 ] [ 1819 1852 1793 ] [   20    8   22 ] [  11596   5526   9849 ] [ 0 ],1.00,1.00,1.00,1.40,-45.28,-53.83,0.00,0.00,0.00,0.00,0.00,0.00,0.00,0.00,0.00,0.00,0.00,0.00,0.00,0.00,0.00,0
0.341522,-44,-52,287,0,DRIVE [ 35 ] [ 1 ] [ 1819 1849 1787 ] [    0    0    0 ] [      0      0      0 ] [ 0 ],drive [ 34 ] [ 0 ] [ 1819 1851 1790 ] [   20    9   18 ] [  11596   5526   9849 ] [ 0 ],1.00,1.00,1.00,1.40,-44.10,-52.18,0.00,0.00,0.00,0.00,0.00,0.00,0.00,0.00,0.00,0.00,0.00,0.00,0.00,0.00,0.00,0
0.353334,-43,-50,284,0,DRIVE [ 35 ] [ 1 ] [ 1819 1848 1784 ] [    0    0    0 ] [      0      0      0 ] [ 0 ],drive [ 35 ] [ 0 ] [ 1819 1849 1787 ] [   20    9   18 ] [  11596   5526   9849 ] [ 0 ],1.00,1.00,1.00,1.40,-42.74,-50.43,0.00,0.00,0.00,0.00,0.00,0.00,0.00,0.00,0.00,0.00,0.00,0.00,0.00,0.00,0.00,0
0.365677,-41,-48,281,0,DRIVE [ 36 ] [ 1 ] [ 1819 1847 1783 ] [    0    0    0 ] [      0      0      0 ] [ 0 ],drive [ 35 ] [ 0 ] [ 1819 1848 1784 ] [   20    9   18 ] [  11596   5526   9849 ] [ 0 ],1.00,1.00,1.00,1.40,-41.06,-48.19,0.00,0.00,0.00,0.00,0.00,0.00,0.00,0.00,0.00,0.00,0.00,0.00,0.00,0.00,0.00,0
0.377812,-39,-46,278,0,DRIVE [ 36 ] [ 1 ] [ 1819 1846 1781 ] [    0    0    0 ] [      0      0      0 ] [ 0 ],drive [ 36 ] [ 0 ] [ 1819 1847 1783 ] [   20    9   18 ] [  11597   5526   9852 ] [ 0 ],1.00,1.00,1.00,1.40,-39.46,-46.37,0.00,0.00,0.00,0.00,0.00,0.00,0.00,0.00,0.00,0.00,0.00,0.00,0.00,0.00,0.00,0
0.389933,-38,-45,276,0,DRIVE [ 37 ] [ 1 ] [ 1819 1845 1780 ] [    0    0    0 ] [      0      0      0 ] [ 0 ],drive [ 36 ] [ 0 ] [ 1819 1846 1781 ] [   21   10   19 ] [  11597   5526   9852 ] [ 0 ],1.00,1.00,1.00,1.40,-37.90,-44.58,0.00,0.00,0.00,0.00,0.00,0.00,0.00,0.00,0.00,0.00,0.00,0.00,0.00,0.00,0.00,0
0.401943,-36,-43,274,0,DRIVE [ 37 ] [ 1 ] [ 1819 1845 1778 ] [    0    0    0 ] [      0      0      0 ] [ 0 ],drive [ 37 ] [ 0 ] [ 1819 1845 1780 ] [   21   10   19 ] [  11597   5526   9852 ] [ 0 ],1.00,1.00,1.00,1.40,-36.43,-42.98,0.00,0.00,0.00,0.00,0.00,0.00,0.00,0.00,0.00,0.00,0.00,0.00,0.00,0.00,0.00,0
0.414097,-35,-41,271,0,DRIVE [ 38 ] [ 1 ] [ 1819 1845 1777 ] [    0    0    0 ] [      0      0      0 ] [ 0 ],drive [ 37 ] [ 0 ] [ 1819 1845 1778 ] [   21   10   19 ] [  11597   5526   9852 ] [ 0 ],1.00,1.00,1.00,1.40,-34.94,-41.42,0.00,0.00,0.00,0.00,0.00,0.00,0.00,0.00,0.00,0.00,0.00,0.00,0.00,0.00,0.00,0
0.426088,-33,-40,268,0,DRIVE [ 38 ] [ 1 ] [ 1819 1844 1776 ] [    0    0    0 ] [      0      0      0 ] [ 0 ],drive [ 38 ] [ 0 ] [ 1819 1845 1777 ] [   21   10   19 ] [  11597   5526   9853 ] [ 0 ],1.00,1.00,1.00,1.40,-33.46,-39.91,0.00,0.00,0.00,0.00,0.00,0.00,0.00,0.00,0.00,0.00,0.00,0.00,0.00,0.00,0.00,0
0.438121,-32,-38,266,0,DRIVE [ 39 ] [ 1 ] [ 1819 1844 1775 ] [    0    0    0 ] [      0      0      0 ] [ 0 ],drive [ 38 ] [ 0 ] [ 1819 1844 1776 ] [   21   10   19 ] [  11597   5526   9853 ] [ 0 ],1.00,1.00,1.00,1.40,-32.04,-38.49,0.00,0.00,0.00,0.00,0.00,-0.00,-0.00,0.00,0.00,0.00,0.00,0.00,0.00,0.00,0.00,0
0.44986,-31,-37,263,0,DRIVE [ 39 ] [ 1 ] [ 1819 1845 1775 ] [    0    0    0 ] [      0      0      0 ] [ 0 ],drive [ 39 ] [ 0 ] [ 1819 1844 1775 ] [   21   10   19 ] [  11597   5526   9853 ] [ 0 ],1.00,1.00,1.00,1.40,-30.55,-36.92,0.00,0.00,0.00,0.00,0.00,-0.00,-0.00,0.00,0.00,0.00,0.00,0.00,0.00,0.00,0.00,0
0.461936,-29,-35,262,0,DRIVE [ 40 ] [ 1 ] [ 1819 1845 1775 ] [    0    0    0 ] [      0      0      0 ] [ 0 ],drive [ 39 ] [ 0 ] [ 1819 1845 1775 ] [   21   10   19 ] [  11597   5526   9853 ] [ 0 ],1.00,1.00,1.00,1.40,-29.14,-35.49,0.00,0.00,0.00,0.00,0.00,-0.00,-0.00,0.00,0.00,0.00,0.00,0.00,0.00,0.00,0.00,0
0.473858,-28,-34,258,0,DRIVE [ 40 ] [ 1 ] [ 1819 1846 1775 ] [    0    0    0 ] [      0      0      0 ] [ 0 ],drive [ 40 ] [ 0 ] [ 1819 1845 1775 ] [   21   10   19 ] [  11597   5517   9853 ] [ 0 ],1.00,1.00,1.00,1.40,-27.72,-33.87,0.00,0.00,0.00,0.00,0.00,-0.00,-0.00,0.00,0.00,0.00,0.00,0.00,0.00,0.00,0.00,0
0.485296,-26,-32,256,0,DRIVE [ 41 ] [ 1 ] [ 1819 1846 1776 ] [    0    0    0 ] [      0      0      0 ] [ 0 ],drive [ 40 ] [ 0 ] [ 1819 1846 1775 ] [   21   10   19 ] [  11597   5517   9853 ] [ 0 ],1.00,1.00,1.00,1.40,-26.45,-32.42,0.00,0.00,0.00,0.00,0.00,-0.00,-0.00,0.00,0.00,0.00,0.00,0.00,0.00,0.00,0.00,0
0.497242,-25,-31,254,0,DRIVE [ 41 ] [ 1 ] [ 1819 1846 1776 ] [    0    0    0 ] [      0      0      0 ] [ 0 ],drive [ 41 ] [ 0 ] [ 1819 1846 1776 ] [   20   15   19 ] [  11597   5517   9853 ] [ 0 ],1.00,1.00,1.00,1.40,-25.29,-31.12,0.00,0.00,0.00,0.00,0.00,-0.00,-0.00,0.00,0.00,0.00,0.00,0.00,0.00,0.00,0.00,0
0.509062,-24,-30,252,0,DRIVE [ 42 ] [ 1 ] [ 1819 1847 1776 ] [    0    0    0 ] [      0      0      0 ] [ 0 ],drive [ 41 ] [ 0 ] [ 1819 1846 1776 ] [   20   15   19 ] [  11597   5517   9853 ] [ 0 ],1.00,1.00,1.00,1.40,-24.17,-29.93,0.00,0.00,0.00,0.00,0.00,-0.00,-0.00,0.00,0.00,0.00,0.00,0.00,0.00,0.00,0.00,0
0.520947,-23,-29,249,0,DRIVE [ 42 ] [ 1 ] [ 1819 1847 1777 ] [    0    0    0 ] [      0      0      0 ] [ 0 ],drive [ 42 ] [ 0 ] [ 1819 1847 1776 ] [   20   15   19 ] [  11597   5517   9853 ] [ 0 ],1.00,1.00,1.00,1.40,-23.15,-28.67,0.00,0.00,0.00,0.00,0.00,-0.00,-0.00,0.00,0.00,0.00,0.00,0.00,0.00,0.00,0.00,0
0.532235,-22,-28,246,0,DRIVE [ 43 ] [ 1 ] [ 1819 1848 1777 ] [    0    0    0 ] [      0      0      0 ] [ 0 ],drive [ 42 ] [ 0 ] [ 1819 1847 1777 ] [   20   15   19 ] [  11598   5510   9852 ] [ 0 ],1.00,1.00,1.00,1.40,-22.17,-27.57,0.00,0.00,0.00,0.00,0.00,-0.00,-0.00,0.00,0.00,0.00,0.00,0.00,0.00,0.00,0.00,0
0.544002,-21,-26,243,0,DRIVE [ 43 ] [ 1 ] [ 1819 1848 1779 ] [    0    0    0 ] [      0      0      0 ] [ 0 ],drive [ 43 ] [ 0 ] [ 1819 1848 1777 ] [   20   22   20 ] [  11598   5510   9852 ] [ 0 ],1.00,1.00,1.00,1.40,-21.30,-26.25,0.00,0.00,0.00,0.00,0.00,-0.00,-0.00,0.00,0.00,0.00,0.00,0.00,0.00,0.00,0.00,0
0.555496,-21,-25,240,0,DRIVE [ 44 ] [ 1 ] [ 1819 1847 1780 ] [    0    0    0 ] [      0      0      0 ] [ 0 ],drive [ 43 ] [ 0 ] [ 1819 1848 1779 ] [   20   22   20 ] [  11598   5510   9852 ] [ 0 ],1.00,1.00,1.00,1.40,-20.69,-25.00,0.00,0.00,0.00,0.00,0.00,-0.00,-0.00,0.00,0.00,0.00,0.00,0.00,0.00,0.00,0.00,0
0.567385,-20,-24,239,0,DRIVE [ 44 ] [ 1 ] [ 1819 1846 1781 ] [    0    0    0 ] [      0      0      0 ] [ 0 ],drive [ 44 ] [ 0 ] [ 1819 1847 1780 ] [   20   22   20 ] [  11598   5510   9852 ] [ 0 ],1.00,1.00,1.00,1.40,-20.36,-24.02,0.00,0.00,0.00,0.00,0.00,-0.00,-0.00,0.00,0.00,0.00,0.00,0.00,0.00,0.00,0.00,0
0.579209,-20,-23,236,0,DRIVE [ 45 ] [ 1 ] [ 1819 1844 1782 ] [    0    0    0 ] [      0      0      0 ] [ 0 ],drive [ 44 ] [ 0 ] [ 1819 1846 1781 ] [   20   22   20 ] [  11599   5420   9852 ] [ 0 ],1.00,1.00,1.00,1.40,-20.32,-22.92,0.00,0.00,0.00,0.00,0.00,-0.00,-0.00,0.00,0.00,0.00,0.00,0.00,0.00,0.00,0.00,0
0.591094,-21,-22,234,0,DRIVE [ 45 ] [ 1 ] [ 1819 1840 1782 ] [    0    0    0 ] [      0      0      0 ] [ 0 ],drive [ 45 ] [ 0 ] [ 1819 1844 1782 ] [   21   13   21 ] [  11599   5420   9852 ] [ 0 ],1.00,1.00,1.00,1.40,-20.61,-21.92,0.00,0.00,0.00,0.00,0.00,-0.00,-0.00,0.00,0.00,0.00,0.00,0.00,0.00,0.00,0.00,0
0.603327,-21,-21,231,0,DRIVE [ 46 ] [ 1 ] [ 1819 1835 1783 ] [    0    0    0 ] [      0      0      0 ] [ 0 ],drive [ 45 ] [ 0 ] [ 1819 1840 1782 ] [   21   13   21 ] [  11599   5420   9852 ] [ 0 ],1.00,1.00,1.00,1.40,-21.16,-20.86,0.00,0.00,0.00,0.00,0.00,-0.00,-0.00,0.00,0.00,0.00,0.00,0.00,0.00,0.00,0.00,0
0.61431,-22,-20,229,0,DRIVE [ 46 ] [ 1 ] [ 1819 1828 1783 ] [    0    0    0 ] [      0      0      0 ] [ 0 ],drive [ 46 ] [ 0 ] [ 1819 1835 1783 ] [   21   13   21 ] [  11599   5420   9852 ] [ 0 ],1.00,1.00,1.00,1.40,-22.23,-19.84,0.00,0.00,0.00,0.00,0.00,-0.00,-0.00,0.00,0.00,0.00,0.00,0.00,0.00,0.00,0.00,0
0.62592,-24,-19,227,0,DRIVE [ 47 ] [ 1 ] [ 1819 1819 1783 ] [    0    0    0 ] [      0      0      0 ] [ 0 ],drive [ 46 ] [ 0 ] [ 1819 1828 1783 ] [   21   13   21 ] [  11609   5125   9826 ] [ 0 ],1.00,1.00,1.00,1.40,-23.70,-18.74,0.00,0.00,0.00,0.00,0.00,-0.00,-0.00,0.00,0.00,0.00,0.00,0.00,0.00,0.00,0.00,0
0.637331,-26,-18,224,0,DRIVE [ 47 ] [ 1 ] [ 1819 1807 1781 ] [    0    0    0 ] [      0      0      0 ] [ 0 ],drive [ 47 ] [ 0 ] [ 1819 1819 1783 ] [   21   13   21 ] [  11609   5125   9826 ] [ 0 ],1.00,1.00,1.00,1.40,-25.62,-17.74,0.00,0.00,0.00,0.00,0.00,-0.00,-0.00,0.00,0.00,0.00,0.00,0.00,0.00,0.00,0.00,0
0.648336,-28,-17,222,0,DRIVE [ 48 ] [ 1 ] [ 1819 1793 1779 ] [    0    0    0 ] [      0      0      0 ] [ 0 ],drive [ 47 ] [ 0 ] [ 1819 1807 1781 ] [   27   12   35 ] [  11609   5125   9826 ] [ 0 ],1.00,1.00,1.00,1.40,-27.75,-16.78,0.00,0.00,0.00,0.00,0.00,-0.00,-0.00,0.00,0.00,0.00,0.00,0.00,0.00,0.00,0.00,0
0.659923,-30,-16,218,0,DRIVE [ 48 ] [ 1 ] [ 1819 1778 1777 ] [    0    0    0 ] [      0      0      0 ] [ 0 ],drive [ 48 ] [ 0 ] [ 1819 1793 1779 ] [   27   12   35 ] [  11609   5125   9826 ] [ 0 ],1.00,1.00,1.00,1.40,-29.70,-15.71,0.00,0.00,0.00,0.00,0.00,-0.00,-0.00,0.00,0.00,0.00,0.00,0.00,0.00,0.00,0.00,0
0.671442,-31,-15,216,0,DRIVE [ 49 ] [ 1 ] [ 1819 1763 1774 ] [    0    0    0 ] [      0      0      0 ] [ 0 ],drive [ 48 ] [ 0 ] [ 1819 1778 1777 ] [   27   12   35 ] [  11609   5125   9826 ] [ 0 ],1.00,1.00,1.00,1.40,-31.50,-14.63,0.00,0.00,0.00,0.00,0.00,-0.00,-0.00,0.00,0.00,0.00,0.00,0.00,0.00,0.00,0.00,0
0.682401,-33,-14,213,0,DRIVE [ 49 ] [ 1 ] [ 1819 1749 1773 ] [    0    0    0 ] [      0      0      0 ] [ 0 ],drive [ 49 ] [ 0 ] [ 1819 1763 1774 ] [   27   12   35 ] [  11609   5072   9820 ] [ 0 ],1.00,1.00,1.00,1.40,-32.93,-13.52,0.00,0.00,0.00,0.00,0.00,-0.00,-0.00,0.00,0.00,0.00,0.00,0.00,0.00,0.00,0.00,0
0.693786,-34,-12,211,0,DRIVE [ 50 ] [ 1 ] [ 1819 1733 1771 ] [    0    0    0 ] [      0      0      0 ] [ 0 ],drive [ 49 ] [ 0 ] [ 1819 1749 1773 ] [   27   18   35 ] [  11609   5072   9820 ] [ 0 ],1.00,1.00,1.00,1.40,-34.40,-12.39,0.00,0.00,0.00,0.00,0.00,-0.00,-0.00,0.00,0.00,0.00,0.00,0.00,0.00,0.00,0.00,0
0.705132,-36,-11,208,0,DRIVE [ 50 ] [ 1 ] [ 1819 1717 1769 ] [    0    0    0 ] [      0      0      0 ] [ 0 ],drive [ 50 ] [ 0 ] [ 1819 1733 1771 ] [   27   18   35 ] [  11609   5072   9820 ] [ 0 ],1.00,1.00,1.00,1.40,-35.91,-11.34,0.00,0.00,0.00,0.00,0.00,-0.00,-0.00,0.00,0.00,0.00,0.00,0.00,0.00,0.00,0.00,0
0.716085,-37,-10,206,0,DRIVE [ 51 ] [ 1 ] [ 1819 1700 1766 ] [    0    0    0 ] [      0      0      0 ] [ 0 ],drive [ 50 ] [ 0 ] [ 1819 1717 1769 ] [   27   18   35 ] [  11609   5072   9820 ] [ 0 ],1.00,1.00,1.00,1.40,-37.35,-10.34,0.00,0.00,0.00,0.00,0.00,-0.00,-0.00,0.00,0.00,0.00,0.00,0.00,0.00,0.00,0.00,0
0.727263,-39,-9,204,0,DRIVE [ 51 ] [ 1 ] [ 1819 1682 1763 ] [    0    0    0 ] [      0      0      0 ] [ 0 ],drive [ 51 ] [ 0 ] [ 1819 1700 1766 ] [   27   18   35 ] [  11609   5074   9820 ] [ 0 ],1.00,1.00,1.00,1.40,-38.92,-9.46,0.00,0.00,0.00,0.00,0.00,-0.00,-0.00,0.00,0.00,0.00,0.00,0.00,0.00,0.00,0.00,0
0.73834,-40,-9,202,0,DRIVE [ 52 ] [ 1 ] [ 1819 1664 1759 ] [    0    0    0 ] [      0      0      0 ] [ 0 ],drive [ 51 ] [ 0 ] [ 1819 1682 1763 ] [   26   24   36 ] [  11609   5074   9820 ] [ 0 ],1.00,1.00,1.00,1.40,-40.49,-8.67,0.00,0.00,0.00,0.00,0.00,-0.00,-0.00,0.00,0.00,0.00,0.00,0.00,0.00,0.00,0.00,0
0.749108,-42,-8,200,0,DRIVE [ 52 ] [ 1 ] [ 1819 1644 1755 ] [    0    0    0 ] [      0      0      0 ] [ 0 ],drive [ 52 ] [ 0 ] [ 1819 1664 1759 ] [   26   24   36 ] [  11609   5074   9820 ] [ 0 ],1.00,1.00,1.00,1.40,-42.14,-7.96,0.00,0.00,0.00,0.00,0.00,-0.00,-0.00,0.00,0.00,0.00,0.00,0.00,0.00,0.00,0.00,0
0.760549,-44,-7,197,0,DRIVE [ 53 ] [ 1 ] [ 1819 1623 1749 ] [    0    0    0 ] [      0      0      0 ] [ 0 ],drive [ 52 ] [ 0 ] [ 1819 1644 1755 ] [   26   24   36 ] [  11609   5074   9820 ] [ 0 ],1.00,1.00,1.00,1.40,-43.81,-7.35,0.00,0.00,0.00,0.00,0.00,-0.00,-0.00,0.00,0.00,0.00,0.00,0.00,0.00,0.00,0.00,0
0.771909,-46,-7,195,0,DRIVE [ 53 ] [ 1 ] [ 1819 1601 1743 ] [    0    0    0 ] [      0      0      0 ] [ 0 ],drive [ 53 ] [ 0 ] [ 1819 1623 1749 ] [   26   24   36 ] [  11609   5074   9820 ] [ 0 ],1.00,1.00,1.00,1.40,-45.52,-6.83,0.00,0.00,0.00,0.00,0.00,-0.00,-0.00,0.00,0.00,0.00,0.00,0.00,0.00,0.00,0.00,0
0.782613,-47,-6,193,0,DRIVE [ 54 ] [ 1 ] [ 1819 1579 1737 ] [    0    0    0 ] [      0      0      0 ] [ 0 ],drive [ 53 ] [ 0 ] [ 1819 1601 1743 ] [   26   24   36 ] [  11609   5097   9821 ] [ 0 ],1.00,1.00,1.00,1.40,-47.11,-6.30,0.00,0.00,0.00,0.00,0.00,-0.00,-0.00,0.00,0.00,0.00,0.00,0.00,0.00,0.00,0.00,0
0.793806,-49,-6,191,0,DRIVE [ 54 ] [ 1 ] [ 1819 1557 1730 ] [    0    0    0 ] [      0      0      0 ] [ 0 ],drive [ 54 ] [ 0 ] [ 1819 1579 1737 ] [   26   50   36 ] [  11609   5097   9821 ] [ 0 ],1.00,1.00,1.00,1.40,-48.61,-5.79,0.00,0.00,0.00,0.00,0.00,-0.00,-0.00,0.00,0.00,0.00,0.00,0.00,0.00,0.00,0.00,0
0.804694,-50,-5,189,0,DRIVE [ 55 ] [ 1 ] [ 1819 1534 1724 ] [    0    0    0 ] [      0      0      0 ] [ 0 ],drive [ 54 ] [ 0 ] [ 1819 1557 1730 ] [   26   50   36 ] [  11609   5097   9821 ] [ 0 ],1.00,1.00,1.00,1.40,-50.17,-5.35,0.00,0.00,0.00,0.00,0.00,-0.00,-0.00,0.00,0.00,0.00,0.00,0.00,0.00,0.00,0.00,0
0.815099,-52,-5,187,0,DRIVE [ 55 ] [ 1 ] [ 1819 1511 1717 ] [    0    0    0 ] [      0      0      0 ] [ 0 ],drive [ 55 ] [ 0 ] [ 1819 1534 1724 ] [   26   50   36 ] [  11609   5097   9821 ] [ 0 ],1.00,1.00,1.00,1.40,-51.81,-4.94,0.00,0.00,0.00,0.00,0.00,-0.00,-0.00,0.00,0.00,0.00,0.00,0.00,0.00,0.00,0.00,0
0.82611,-53,-5,186,0,DRIVE [ 56 ] [ 1 ] [ 1819 1489 1710 ] [    0    0    0 ] [      0      0      0 ] [ 0 ],drive [ 55 ] [ 0 ] [ 1819 1511 1717 ] [   26   50   36 ] [  11609   5331   9824 ] [ 0 ],1.00,1.00,1.00,1.40,-53.32,-4.66,0.00,0.00,0.00,0.00,0.00,-0.00,-0.00,0.00,0.00,0.00,0.00,0.00,0.00,0.00,0.00,0
0.83689,-55,-4,184,0,DRIVE [ 56 ] [ 1 ] [ 1819 1467 1702 ] [    0    0    0 ] [      0      0      0 ] [ 0 ],drive [ 56 ] [ 0 ] [ 1819 1489 1710 ] [   26   50   36 ] [  11609   5331   9824 ] [ 0 ],1.00,1.00,1.00,1.40,-54.65,-4.39,0.00,0.00,0.00,0.00,0.00,-0.00,-0.00,0.00,0.00,0.00,0.00,0.00,0.00,0.00,0.00,0
0.847225,-56,-4,182,0,DRIVE [ 57 ] [ 1 ] [ 1819 1444 1694 ] [    0    0    0 ] [      0      0      0 ] [ 0 ],drive [ 56 ] [ 0 ] [ 1819 1467 1702 ] [   27   41   38 ] [  11609   5331   9824 ] [ 0 ],1.00,1.00,1.00,1.40,-55.96,-4.17,0.00,0.00,0.00,0.00,0.00,-0.00,-0.00,0.00,0.00,0.00,0.00,0.00,0.00,0.00,0.00,0
0.858182,-57,-4,180,0,DRIVE [ 57 ] [ 1 ] [ 1819 1422 1687 ] [    0    0    0 ] [      0      0      0 ] [ 0 ],drive [ 57 ] [ 0 ] [ 1819 1444 1694 ] [   27   41   38 ] [  11609   5331   9824 ] [ 0 ],1.00,1.00,1.00,1.40,-57.13,-3.95,0.00,0.00,0.00,0.00,0.00,-0.00,-0.00,0.00,0.00,0.00,0.00,0.00,0.00,0.00,0.00,0
0.868859,-58,-4,178,0,DRIVE [ 58 ] [ 1 ] [ 1819 1400 1679 ] [    0    0    0 ] [      0      0      0 ] [ 0 ],drive [ 57 ] [ 0 ] [ 1819 1422 1687 ] [   27   41   38 ] [  11609   5331   9824 ] [ 0 ],1.00,1.00,1.00,1.40,-58.20,-3.75,0.00,0.00,0.00,0.00,0.00,-0.00,-0.00,0.00,0.00,0.00,0.00,0.00,0.00,0.00,0.00,0
0.878896,-59,-4,176,0,DRIVE [ 58 ] [ 1 ] [ 1819 1377 1671 ] [    0    0    0 ] [      0      0      0 ] [ 0 ],drive [ 58 ] [ 0 ] [ 1819 1400 1679 ] [   27   41   38 ] [  11608   5636   9835 ] [ 0 ],1.00,1.00,1.00,1.40,-59.27,-3.55,0.00,0.00,0.00,0.00,0.00,-0.00,-0.00,0.00,0.00,0.00,0.00,0.00,0.00,0.00,0.00,0
0.889556,-60,-3,175,0,DRIVE [ 59 ] [ 1 ] [ 1819 1355 1664 ] [    0    0    0 ] [      0      0      0 ] [ 0 ],drive [ 58 ] [ 0 ] [ 1819 1377 1671 ] [   25   59   35 ] [  11608   5636   9835 ] [ 0 ],1.00,1.00,1.00,1.40,-60.40,-3.37,0.00,0.00,0.00,0.00,0.00,-0.00,-0.00,0.00,0.00,0.00,0.00,0.00,0.00,0.00,0.00,0
0.900021,-61,-3,173,0,DRIVE [ 59 ] [ 1 ] [ 1819 1332 1656 ] [    0    0    0 ] [      0      0      0 ] [ 0 ],drive [ 59 ] [ 0 ] [ 1819 1355 1664 ] [   25   59   35 ] [  11608   5636   9835 ] [ 0 ],1.00,1.00,1.00,1.40,-61.42,-3.12,0.00,0.00,0.00,0.00,0.00,-0.00,-0.00,0.00,0.00,0.00,0.00,0.00,0.00,0.00,0.00,0
0.910813,-62,-3,171,0,DRIVE [ 60 ] [ 1 ] [ 1819 1310 1650 ] [    0    0    0 ] [      0      0      0 ] [ 0 ],drive [ 59 ] [ 0 ] [ 1819 1332 1656 ] [   25   59   35 ] [  11608   5636   9835 ] [ 0 ],1.00,1.00,1.00,1.40,-62.37,-2.81,0.00,0.00,0.00,0.00,0.00,-0.00,-0.00,0.00,0.00,0.00,0.00,0.00,0.00,0.00,0.00,0
0.921382,-63,-2,170,0,DRIVE [ 60 ] [ 1 ] [ 1819 1287 1644 ] [    0    0    0 ] [      0      0      0 ] [ 0 ],drive [ 60 ] [ 0 ] [ 1819 1310 1650 ] [   25   59   35 ] [  11608   5636   9835 ] [ 0 ],1.00,1.00,1.00,1.40,-63.15,-2.38,0.00,0.00,0.00,0.00,0.00,-0.00,-0.00,0.00,0.00,0.00,0.00,0.00,0.00,0.00,0.00,0
0.931704,-64,-2,169,0,DRIVE [ 61 ] [ 1 ] [ 1819 1264 1640 ] [    0    0    0 ] [      0      0      0 ] [ 0 ],drive [ 60 ] [ 0 ] [ 1819 1287 1644 ] [   25   59   35 ] [  11608   5999   9852 ] [ 0 ],1.00,1.00,1.00,1.40,-64.02,-1.80,0.00,0.00,0.00,0.00,0.00,-0.00,-0.00,0.00,0.00,0.00,0.00,0.00,0.00,0.00,0.00,0
0.942209,-65,-1,168,0,DRIVE [ 61 ] [ 1 ] [ 1819 1242 1638 ] [    0    0    0 ] [      0      0      0 ] [ 0 ],drive [ 61 ] [ 0 ] [ 1819 1264 1640 ] [   26   81   31 ] [  11608   5999   9852 ] [ 0 ],1.00,1.00,1.00,1.40,-64.88,-1.06,0.00,0.00,0.00,0.00,0.00,-0.00,-0.00,0.00,0.00,0.00,0.00,0.00,0.00,0.00,0.00,0
0.952166,-65,0,168,0,DRIVE [ 62 ] [ 1 ] [ 1819 1220 1637 ] [    0    0    0 ] [      0      0      0 ] [ 0 ],drive [ 61 ] [ 0 ] [ 1819 1242 1638 ] [   26   81   31 ] [  11608   5999   9852 ] [ 0 ],1.00,1.00,1.00,1.40,-65.44,-0.17,0.00,0.00,0.00,0.00,0.00,-0.00,-0.00,0.00,0.00,0.00,0.00,0.00,0.00,0.00,0.00,0
0.962833,-66,1,166,0,DRIVE [ 62 ] [ 1 ] [ 1819 1198 1641 ] [    0    0    0 ] [      0      0      0 ] [ 0 ],drive [ 62 ] [ 0 ] [ 1819 1220 1637 ] [   26   81   31 ] [  11608   5999   9852 ] [ 0 ],1.00,1.00,1.00,1.40,-65.62,1.19,0.00,0.00,0.00,0.00,0.00,-0.00,-0.00,0.00,0.00,0.00,0.00,0.00,0.00,0.00,0.00,0
0.973268,-66,2,166,0,DRIVE [ 63 ] [ 1 ] [ 1819 1174 1648 ] [    0    0    0 ] [      0      0      0 ] [ 0 ],drive [ 62 ] [ 0 ] [ 1819 1198 1641 ] [   26   81   31 ] [  11606   6451   9870 ] [ 0 ],1.00,1.00,1.00,1.40,-65.69,2.86,0.00,0.00,0.00,0.00,0.00,-0.00,-0.00,0.00,0.00,0.00,0.00,0.00,0.00,0.00,0.00,0
0.98304,-66,4,165,0,DRIVE [ 63 ] [ 1 ] [ 1819 1149 1658 ] [    0    0    0 ] [      0      0      0 ] [ 0 ],drive [ 63 ] [ 0 ] [ 1819 1174 1648 ] [   26   81   31 ] [  11606   6451   9870 ] [ 0 ],1.00,1.00,1.00,1.40,-65.56,4.93,0.00,0.00,0.00,0.00,0.00,-0.00,-0.00,0.00,0.00,0.00,0.00,0.00,0.00,0.00,0.00,0
0.993698,-65,5,164,0,DRIVE [ 64 ] [ 1 ] [ 1819 1122 1672 ] [    0    0    0 ] [      0      0      0 ] [ 0 ],drive [ 63 ] [ 0 ] [ 1819 1149 1658 ] [   25   73   24 ] [  11606   6451   9870 ] [ 0 ],1.00,1.00,1.00,1.40,-65.33,7.25,0.00,0.00,0.00,0.00,0.00,-0.00,-0.00,0.00,0.00,0.00,0.00,0.00,0.00,0.00,0.00,0
1.00417,-65,7,164,0,DRIVE [ 64 ] [ 1 ] [ 1819 1091 1686 ] [    0    0    0 ] [      0      0      0 ] [ 0 ],drive [ 64 ] [ 0 ] [ 1819 1122 1672 ] [   25   73   24 ] [  11606   6451   9870 ] [ 0 ],1.00,1.00,1.00,1.40,-65.04,9.76,0.00,0.00,0.00,0.00,0.00,-0.00,-0.00,0.00,0.00,0.00,0.00,0.00,0.00,0.00,0.00,0
1.01417,-65,9,163,0,DRIVE [ 65 ] [ 1 ] [ 1819 1060 1701 ] [    0    0    0 ] [      0      0      0 ] [ 0 ],drive [ 64 ] [ 0 ] [ 1819 1091 1686 ] [   25   73   24 ] [  11606   6451   9870 ] [ 0 ],1.00,1.00,1.00,1.40,-64.68,12.25,0.00,0.00,0.00,0.00,0.00,-0.00,-0.00,0.00,0.00,0.00,0.00,0.00,0.00,0.00,0.00,0
1.02506,-64,11,162,0,DRIVE [ 65 ] [ 1 ] [ 1819 1029 1717 ] [    0    0    0 ] [      0      0      0 ] [ 0 ],drive [ 65 ] [ 0 ] [ 1819 1060 1701 ] [   25   73   24 ] [  11606   6783   9874 ] [ 0 ],1.00,1.00,1.00,1.40,-64.04,14.71,0.00,0.00,0.00,0.00,0.00,-0.00,-0.00,0.00,0.00,0.00,0.00,0.00,0.00,0.00,0.00,0
1.03585,-63,12,161,0,DRIVE [ 66 ] [ 1 ] [ 1819 1005 1733 ] [    0    0    0 ] [      0      0      0 ] [ 0 ],drive [ 65 ] [ 0 ] [ 1819 1029 1717 ] [   25   73   24 ] [  11606   6783   9874 ] [ 0 ],1.00,1.00,1.00,1.40,-63.25,17.03,0.00,0.00,0.00,0.00,0.00,-0.00,-0.00,0.00,0.00,0.00,0.00,0.00,0.00,0.00,0.00,0
1.04595,-62,14,160,0,DRIVE [ 66 ] [ 1 ] [ 1819 1005 1749 ] [    0    0    0 ] [      0      0      0 ] [ 0 ],drive [ 66 ] [ 0 ] [ 1819 1005 1733 ] [   26   84   20 ] [  11606   6783   9874 ] [ 0 ],1.00,1.00,1.00,1.40,-62.06,19.04,0.00,0.00,0.00,0.00,0.00,-0.00,-0.00,0.00,0.00,0.00,0.00,0.00,0.00,0.00,0.00,0
1.05661,-60,15,159,0,DRIVE [ 67 ] [ 1 ] [ 1819 1005 1766 ] [    0    0    0 ] [      0      0      0 ] [ 0 ],drive [ 66 ] [ 0 ] [ 1819 1005 1749 ] [   26   84   20 ] [  11606   6783   9874 ] [ 0 ],1.00,1.00,1.00,1.40,-60.42,20.78,0.00,0.00,0.00,0.00,0.00,-0.00,-0.00,0.00,0.00,0.00,0.00,0.00,0.00,0.00,0.00,0
1.06677,-58,16,159,0,DRIVE [ 67 ] [ 1 ] [ 1819 1005 1783 ] [    0    0    0 ] [      0      0      0 ] [ 0 ],drive [ 67 ] [ 0 ] [ 1819 1005 1766 ] [   26   84   20 ] [  11606   6783   9874 ] [ 0 ],1.00,1.00,1.00,1.40,-58.40,22.18,0.00,0.00,0.00,0.00,0.00,-0.00,-0.00,0.00,0.00,0.00,0.00,0.00,0.00,0.00,0.00,0
1.07877,-56,17,159,0,DRIVE [ 68 ] [ 1 ] [ 1819 1005 1799 ] [    0    0    0 ] [      0      0      0 ] [ 0 ],drive [ 67 ] [ 0 ] [ 1819 1005 1783 ] [   26   84   20 ] [  11604   7643   9794 ] [ 0 ],1.00,1.00,1.00,1.40,-56.02,23.18,0.00,0.00,0.00,0.00,0.00,-0.00,-0.00,0.00,0.00,0.00,0.00,0.00,0.00,0.00,0.00,0
1.09061,-53,17,158,0,DRIVE [ 68 ] [ 1 ] [ 1819 1005 1815 ] [    0    0    0 ] [      0      0      0 ] [ 0 ],drive [ 68 ] [ 0 ] [ 1819 1005 1799 ] [   26   96   25 ] [  11604   7643   9794 ] [ 0 ],1.00,1.00,1.00,1.40,-53.10,23.69,0.00,0.00,0.00,0.00,0.00,-0.00,-0.00,0.00,0.00,0.00,0.00,0.00,0.00,0.00,0.00,0
1.10129,-50,17,158,0,DRIVE [ 69 ] [ 1 ] [ 1819 1005 1830 ] [    0    0    0 ] [      0      0      0 ] [ 0 ],drive [ 68 ] [ 0 ] [ 1819 1005 1815 ] [   26   96   25 ] [  11604   7643   9794 ] [ 0 ],1.00,1.00,1.00,1.40,-50.05,23.93,0.00,0.00,0.00,0.00,0.00,-0.00,-0.00,0.00,0.00,0.00,0.00,0.00,0.00,-0.00,0.00,0
1.11209,-47,17,158,0,DRIVE [ 69 ] [ 1 ] [ 1819 1016 1845 ] [    0    0    0 ] [      0      0      0 ] [ 0 ],drive [ 69 ] [ 0 ] [ 1819 1005 1830 ] [   26   96   25 ] [  11604   7643   9794 ] [ 0 ],1.00,1.00,1.00,1.40,-47.07,24.10,0.00,0.00,0.00,0.00,0.00,-0.00,-0.00,0.00,0.00,0.00,0.00,0.00,0.00,-0.00,0.00,0
1.123,-44,17,157,0,DRIVE [ 70 ] [ 1 ] [ 1819 1046 1859 ] [    0    0    0 ] [      0      0      0 ] [ 0 ],drive [ 69 ] [ 0 ] [ 1819 1016 1845 ] [   26   96   25 ] [  11606   8141   9647 ] [ 0 ],1.00,1.00,1.00,1.40,-44.03,24.04,0.00,0.00,0.00,0.00,0.00,-0.00,-0.00,0.00,0.00,0.00,0.00,0.00,0.00,-0.00,0.00,0
1.13474,-41,17,157,0,DRIVE [ 70 ] [ 1 ] [ 1819 1078 1871 ] [    0    0    0 ] [      0      0      0 ] [ 0 ],drive [ 70 ] [ 0 ] [ 1819 1046 1859 ] [   26   96   25 ] [  11606   8141   9647 ] [ 0 ],1.00,1.00,1.00,1.40,-41.09,23.81,0.00,0.00,0.00,0.00,0.00,-0.00,-0.00,0.00,0.00,0.00,0.00,0.00,0.00,-0.00,0.00,0
1.14558,-38,17,157,0,DRIVE [ 71 ] [ 1 ] [ 1819 1115 1881 ] [    0    0    0 ] [      0      0      0 ] [ 0 ],drive [ 70 ] [ 0 ] [ 1819 1078 1871 ] [   26   86   24 ] [  11606   8141   9647 ] [ 0 ],1.00,1.00,1.00,1.40,-38.19,23.20,0.00,0.00,0.00,0.00,0.00,-0.00,-0.00,0.00,0.00,0.00,0.00,0.00,0.00,-0.00,0.00,0
1.15644,-35,16,156,0,DRIVE [ 71 ] [ 1 ] [ 1819 1157 1888 ] [    0    0    0 ] [      0      0      0 ] [ 0 ],drive [ 71 ] [ 0 ] [ 1819 1115 1881 ] [   26   86   24 ] [  11606   8141   9647 ] [ 0 ],1.00,1.00,1.00,1.40,-35.25,22.22,0.00,0.00,0.00,0.00,0.00,-0.00,-0.00,0.00,0.00,0.00,0.00,0.00,0.00,-0.00,0.00,0
1.16685,-32,15,156,0,DRIVE [ 72 ] [ 1 ] [ 1819 1204 1893 ] [    0    0    0 ] [      0      0      0 ] [ 0 ],drive [ 71 ] [ 0 ] [ 1819 1157 1888 ] [   26   86   24 ] [  11606   8141   9647 ] [ 0 ],1.00,1.00,1.00,1.40,-32.43,20.95,0.00,0.00,0.00,0.00,0.00,-0.00,-0.00,0.00,0.00,0.00,0.00,0.00,0.00,-0.00,0.00,0
1.17914,-30,14,155,0,DRIVE [ 72 ] [ 1 ] [ 1819 1257 1895 ] [    0    0    0 ] [      0      0      0 ] [ 0 ],drive [ 72 ] [ 0 ] [ 1819 1204 1893 ] [   26   86   24 ] [  11609   8378   9339 ] [ 0 ],1.00,1.00,1.00,1.40,-29.68,19.32,0.00,0.00,0.00,0.00,0.00,-0.00,-0.00,0.00,0.00,0.00,0.00,0.00,0.00,-0.00,0.00,0
1.19143,-27,13,155,0,DRIVE [ 73 ] [ 1 ] [ 1819 1313 1895 ] [    0    0    0 ] [      0      0      0 ] [ 0 ],drive [ 72 ] [ 0 ] [ 1819 1257 1895 ] [   32   69   18 ] [  11609   8378   9339 ] [ 0 ],1.00,1.00,1.00,1.40,-26.99,17.51,0.00,0.00,0.00,0.00,0.00,-0.00,-0.00,0.00,0.00,0.00,0.00,0.00,0.00,-0.00,0.00,0
1.20251,-24,11,154,0,DRIVE [ 73 ] [ 1 ] [ 1819 1370 1896 ] [    0    0    0 ] [      0      0      0 ] [ 0 ],drive [ 73 ] [ 0 ] [ 1819 1313 1895 ] [   32   69   18 ] [  11609   8378   9339 ] [ 0 ],1.00,1.00,1.00,1.40,-24.22,15.73,0.00,0.00,0.00,0.00,0.00,-0.00,-0.00,0.00,0.00,0.00,0.00,0.00,0.00,-0.00,0.00,0
1.21316,-21,10,153,0,DRIVE [ 74 ] [ 1 ] [ 1819 1427 1899 ] [    0    0    0 ] [      0      0      0 ] [ 0 ],drive [ 73 ] [ 0 ] [ 1819 1370 1896 ] [   32   69   18 ] [  11609   8378   9339 ] [ 0 ],1.00,1.00,1.00,1.40,-21.32,14.06,0.00,0.00,0.00,0.00,0.00,-0.00,-0.00,0.00,0.00,0.00,0.00,0.00,0.00,-0.00,0.00,0
1.22431,-18,9,152,0,DRIVE [ 74 ] [ 1 ] [ 1819 1482 1903 ] [    0    0    0 ] [      0      0      0 ] [ 0 ],drive [ 74 ] [ 0 ] [ 1819 1427 1899 ] [   32   69   18 ] [  11724   8374   9121 ] [ 0 ],1.00,1.00,1.00,1.40,-18.33,12.58,0.00,0.00,0.00,0.00,0.00,-0.00,0.00,0.00,0.00,0.00,0.00,0.00,0.00,-0.00,0.00,0
1.23529,-15,8,151,0,DRIVE [ 75 ] [ 1 ] [ 1901 1544 1903 ] [    0    0    0 ] [      0      0      0 ] [ 0 ],drive [ 74 ] [ 0 ] [ 1819 1482 1903 ] [   32   69   18 ] [  11724   8374   9121 ] [ 0 ],1.00,1.00,1.00,1.40,-15.28,11.27,0.00,0.00,0.00,0.00,0.00,-0.00,0.00,0.00,0.00,0.00,0.00,0.00,0.00,-0.00,0.00,0
1.24794,-12,7,150,0,DRIVE [ 75 ] [ 1 ] [ 1892 1610 1903 ] [    0    0    0 ] [      0      0      0 ] [ 0 ],drive [ 75 ] [ 0 ] [ 1901 1544 1903 ] [   30   52   17 ] [  11724   8374   9121 ] [ 0 ],1.00,1.00,1.00,1.40,-12.22,10.14,0.00,0.00,0.00,0.00,0.00,-0.00,0.00,0.00,0.00,0.00,0.00,0.00,0.00,-0.00,0.00,0
1.25997,-9,7,149,0,DRIVE [ 76 ] [ 1 ] [ 1881 1675 1903 ] [    0    0    0 ] [      0      0      0 ] [ 0 ],drive [ 75 ] [ 0 ] [ 1892 1610 1903 ] [   30   52   17 ] [  11724   8374   9121 ] [ 0 ],1.00,1.00,1.00,1.40,-9.08,9.22,0.00,0.00,0.00,0.00,0.00,-0.00,0.00,0.00,0.00,0.00,0.00,0.00,0.00,-0.00,0.00,0
1.27118,-6,6,148,0,DRIVE [ 76 ] [ 1 ] [ 1868 1738 1903 ] [    0    0    0 ] [      0      0      0 ] [ 0 ],drive [ 76 ] [ 0 ] [ 1881 1675 1903 ] [   30   52   17 ] [  11724   8374   9121 ] [ 0 ],1.00,1.00,1.00,1.40,-5.91,8.48,0.00,0.00,0.00,0.00,0.00,-0.00,0.00,0.00,0.00,0.00,0.00,0.00,0.00,-0.00,0.00,0
1.2819,-3,6,146,0,DRIVE [ 77 ] [ 1 ] [ 1851 1791 1903 ] [    0    0    0 ] [      0      0      0 ] [ 0 ],drive [ 76 ] [ 0 ] [ 1868 1738 1903 ] [   30   52   17 ] [  11726   8269   9088 ] [ 0 ],1.00,1.00,1.00,1.40,-2.83,7.89,0.00,0.00,0.00,0.00,0.00,-0.00,0.00,0.00,0.00,0.00,0.00,0.00,0.00,-0.00,0.00,0
1.29307,0,5,145,0,DRIVE [ 77 ] [ 1 ] [ 1829 1831 1903 ] [    0    0    0 ] [      0      0      0 ] [ 0 ],drive [ 77 ] [ 0 ] [ 1851 1791 1903 ] [   27   42    4 ] [  11726   8269   9088 ] [ 0 ],1.00,1.00,1.00,1.40,0.10,7.42,0.00,0.00,0.00,0.00,0.00,-0.00,0.00,0.00,0.00,0.00,0.00,0.00,-0.00,-0.00,0.00,0
1.30434,3,5,144,0,DRIVE [ 78 ] [ 1 ] [ 1799 1859 1903 ] [    0    0    0 ] [      0      0      0 ] [ 0 ],drive [ 77 ] [ 0 ] [ 1829 1831 1903 ] [   27   42    4 ] [  11726   8269   9088 ] [ 0 ],1.00,1.00,1.00,1.40,2.75,6.92,0.00,0.00,0.00,0.00,0.00,-0.00,0.00,0.00,0.00,0.00,0.00,0.00,0.00,0.00,0.00,0
1.3156,5,5,142,0,DRIVE [ 78 ] [ 1 ] [ 1764 1879 1903 ] [    0    0    0 ] [      0      0      0 ] [ 0 ],drive [ 78 ] [ 0 ] [ 1799 1859 1903 ] [   27   42    4 ] [  11726   8269   9088 ] [ 0 ],1.00,1.00,1.00,1.40,5.02,6.40,0.00,0.00,0.00,0.00,0.00,-0.00,0.00,0.00,0.00,0.00,0.00,0.00,0.00,0.00,0.00,0
1.32717,7,4,141,0,DRIVE [ 79 ] [ 1 ] [ 1729 1897 1903 ] [    0    0    0 ] [      0      0      0 ] [ 0 ],drive [ 78 ] [ 0 ] [ 1764 1879 1903 ] [   27   42    4 ] [  11826   7554   8928 ] [ 0 ],1.00,1.00,1.00,1.40,6.83,5.68,0.00,0.00,0.00,0.00,0.00,-0.00,0.00,0.00,0.00,0.00,0.00,0.00,0.00,0.00,0.00,0
1.3381,8,3,139,0,DRIVE [ 79 ] [ 1 ] [ 1714 1897 1897 ] [    0    0    0 ] [      0      0      0 ] [ 0 ],drive [ 79 ] [ 0 ] [ 1729 1897 1903 ] [   15    3    7 ] [  11826   7554   8928 ] [ 0 ],1.00,1.00,1.00,1.40,8.21,4.72,0.00,0.00,0.00,0.00,0.00,-0.00,0.00,0.00,0.00,0.00,0.00,0.00,0.00,0.00,0.00,0
1.34865,9,3,138,0,DRIVE [ 80 ] [ 1 ] [ 1720 1897 1881 ] [    0    0    0 ] [      0      0      0 ] [ 0 ],drive [ 79 ] [ 0 ] [ 1714 1897 1897 ] [   15    3    7 ] [  11826   7554   8928 ] [ 0 ],1.00,1.00,1.00,1.40,9.24,3.50,0.00,0.00,0.00,0.00,0.00,-0.00,0.00,0.00,0.00,0.00,0.00,0.00,0.00,0.00,0.00,0
1.35971,10,1,137,0,DRIVE [ 80 ] [ 1 ] [ 1727 1897 1864 ] [    0    0    0 ] [      0      0      0 ] [ 0 ],drive [ 80 ] [ 0 ] [ 1720 1897 1881 ] [   15    3    7 ] [  11826   7554   8928 ] [ 0 ],1.00,1.00,1.00,1.40,10.05,2.06,0.00,0.00,0.00,0.00,0.00,-0.00,0.00,0.00,0.00,0.00,0.00,0.00,0.00,0.00,0.00,0
1.37147,11,0,135,0,DRIVE [ 81 ] [ 1 ] [ 1732 1897 1846 ] [    0    0    0 ] [      0      0      0 ] [ 0 ],drive [ 80 ] [ 0 ] [ 1727 1897 1864 ] [   15    3    7 ] [  11826   7554   8928 ] [ 0 ],1.00,1.00,1.00,1.40,10.73,0.56,0.00,0.00,0.00,0.00,0.00,-0.00,0.00,0.00,0.00,0.00,0.00,0.00,0.00,0.00,0.00,0
1.38332,11,-1,134,0,DRIVE [ 81 ] [ 1 ] [ 1734 1897 1828 ] [    0    0    0 ] [      0      0      0 ] [ 0 ],drive [ 81 ] [ 0 ] [ 1732 1897 1846 ] [   15    3    7 ] [  12562   6837   8657 ] [ 0 ],1.00,1.00,1.00,1.40,11.35,-0.76,0.00,0.00,0.00,0.00,0.00,-0.00,0.00,0.00,0.00,0.00,0.00,0.00,0.00,0.00,0.00,0
1.39452,12,-2,133,0,DRIVE [ 82 ] [ 1 ] [ 1730 1897 1811 ] [    0    0    0 ] [      0      0      0 ] [ 0 ],drive [ 81 ] [ 0 ] [ 1734 1897 1828 ] [   24   25   19 ] [  12562   6837   8657 ] [ 0 ],1.00,1.00,1.00,1.40,12.06,-1.82,0.00,0.00,0.00,0.00,0.00,-0.00,0.00,0.00,0.00,0.00,0.00,0.00,0.00,0.00,0.00,0
1.40561,13,-3,131,0,DRIVE [ 82 ] [ 1 ] [ 1721 1897 1793 ] [    0    0    0 ] [      0      0      0 ] [ 0 ],drive [ 82 ] [ 0 ] [ 1730 1897 1811 ] [   24   25   19 ] [  12562   6837   8657 ] [ 0 ],1.00,1.00,1.00,1.40,13.00,-2.82,0.00,0.00,0.00,0.00,0.00,-0.00,0.00,0.00,0.00,0.00,0.00,0.00,0.00,0.00,0.00,0
1.41626,14,-4,130,0,DRIVE [ 83 ] [ 1 ] [ 1706 1897 1773 ] [    0    0    0 ] [      0      0      0 ] [ 0 ],drive [ 82 ] [ 0 ] [ 1721 1897 1793 ] [   24   25   19 ] [  12562   6837   8657 ] [ 0 ],1.00,1.00,1.00,1.40,14.23,-3.74,0.00,0.00,0.00,0.00,0.00,-0.00,0.00,0.00,0.00,0.00,0.00,0.00,0.00,0.00,0.00,0
1.4275,16,-5,128,0,DRIVE [ 83 ] [ 1 ] [ 1687 1897 1752 ] [    0    0    0 ] [      0      0      0 ] [ 0 ],drive [ 83 ] [ 0 ] [ 1706 1897 1773 ] [   24   25   19 ] [  12727   6716   8650 ] [ 0 ],1.00,1.00,1.00,1.40,15.66,-4.66,0.00,0.00,0.00,0.00,0.00,-0.00,0.00,0.00,0.00,0.00,0.00,0.00,0.00,0.00,0.00,0
1.43949,17,-6,127,0,DRIVE [ 84 ] [ 1 ] [ 1666 1897 1729 ] [    0    0    0 ] [      0      0      0 ] [ 0 ],drive [ 83 ] [ 0 ] [ 1687 1897 1752 ] [   20   20   36 ] [  12727   6716   8650 ] [ 0 ],1.00,1.00,1.00,1.40,17.21,-5.60,0.00,0.00,0.00,0.00,0.00,-0.00,0.00,0.00,0.00,0.00,0.00,0.00,0.00,0.00,0.00,0
1.4512,19,-7,125,0,DRIVE [ 84 ] [ 1 ] [ 1644 1897 1705 ] [    0    0    0 ] [      0      0      0 ] [ 0 ],drive [ 84 ] [ 0 ] [ 1666 1897 1729 ] [   20   20   36 ] [  12727   6716   8650 ] [ 0 ],1.00,1.00,1.00,1.40,18.74,-6.52,0.00,0.00,0.00,0.00,0.00,-0.00,0.00,0.00,0.00,0.00,0.00,0.00,0.00,0.00,0.00,0
1.46217,20,-7,123,0,DRIVE [ 85 ] [ 1 ] [ 1623 1897 1682 ] [    0    0    0 ] [      0      0      0 ] [ 0 ],drive [ 84 ] [ 0 ] [ 1644 1897 1705 ] [   20   20   36 ] [  12727   6716   8650 ] [ 0 ],1.00,1.00,1.00,1.40,20.15,-7.43,0.00,0.00,0.00,0.00,0.00,-0.00,0.00,0.00,0.00,0.00,0.00,0.00,0.00,0.00,0.00,0
1.47343,21,-8,122,0,DRIVE [ 85 ] [ 1 ] [ 1605 1897 1660 ] [    0    0    0 ] [      0      0      0 ] [ 0 ],drive [ 85 ] [ 0 ] [ 1623 1897 1682 ] [   20   20   36 ] [  12740   6690   8705 ] [ 0 ],1.00,1.00,1.00,1.40,21.39,-8.31,0.00,0.00,0.00,0.00,0.00,-0.00,0.00,0.00,0.00,0.00,0.00,0.00,0.00,0.00,0.00,0
1.48392,22,-9,120,0,DRIVE [ 86 ] [ 1 ] [ 1590 1897 1640 ] [    0    0    0 ] [      0      0      0 ] [ 0 ],drive [ 85 ] [ 0 ] [ 1605 1897 1660 ] [   20   20   36 ] [  12740   6690   8705 ] [ 0 ],1.00,1.00,1.00,1.40,22.34,-9.06,0.00,0.00,0.00,0.00,0.00,-0.00,0.00,0.00,0.00,0.00,0.00,0.00,0.00,0.00,0.00,0
1.49547,23,-10,118,0,DRIVE [ 86 ] [ 1 ] [ 1579 1897 1625 ] [    0    0    0 ] [      0      0      0 ] [ 0 ],drive [ 86 ] [ 0 ] [ 1590 1897 1640 ] [   27    4   43 ] [  12740   6690   8705 ] [ 0 ],1.00,1.00,1.00,1.40,22.92,-9.64,0.00,0.00,0.00,0.00,0.00,-0.00,-0.00,0.00,0.00,0.00,0.00,0.00,0.00,0.00,0.00,0
1.50755,23,-10,117,0,DRIVE [ 87 ] [ 1 ] [ 1575 1897 1613 ] [    0    0    0 ] [      0      0      0 ] [ 0 ],drive [ 86 ] [ 0 ] [ 1579 1897 1625 ] [   27    4   43 ] [  12740   6690   8705 ] [ 0 ],1.00,1.00,1.00,1.40,23.07,-10.11,0.00,0.00,0.00,0.00,0.00,-0.00,-0.00,0.00,0.00,0.00,0.00,0.00,0.00,0.00,0.00,0
1.519,23,-10,115,0,DRIVE [ 87 ] [ 1 ] [ 1577 1897 1607 ] [    0    0    0 ] [      0      0      0 ] [ 0 ],drive [ 87 ] [ 0 ] [ 1575 1897 1613 ] [   27    4   43 ] [  12740   6690   8705 ] [ 0 ],1.00,1.00,1.00,1.40,22.73,-10.34,0.00,0.00,0.00,0.00,0.00,-0.00,-0.00,0.00,0.00,0.00,0.00,0.00,0.00,0.00,0.00,0
1.53101,22,-10,114,0,DRIVE [ 88 ] [ 1 ] [ 1584 1897 1605 ] [    0    0    0 ] [      0      0      0 ] [ 0 ],drive [ 87 ] [ 0 ] [ 1577 1897 1607 ] [   27    4   43 ] [  13110   6167   8970 ] [ 0 ],1.00,1.00,1.00,1.40,22.08,-10.45,0.00,0.00,0.00,0.00,0.00,-0.00,-0.00,0.00,0.00,0.00,0.00,0.00,0.00,0.00,0.00,0
1.54184,21,-11,112,0,DRIVE [ 88 ] [ 1 ] [ 1595 1897 1605 ] [    0    0    0 ] [      0      0      0 ] [ 0 ],drive [ 88 ] [ 0 ] [ 1584 1897 1605 ] [   58    0   50 ] [  13110   6167   8970 ] [ 0 ],1.00,1.00,1.00,1.40,21.17,-10.55,0.00,0.00,0.00,0.00,0.00,-0.00,-0.00,0.00,0.00,0.00,0.00,0.00,0.00,0.00,0.00,0
1.55221,20,-11,110,0,DRIVE [ 89 ] [ 1 ] [ 1608 1897 1604 ] [    0    0    0 ] [      0      0      0 ] [ 0 ],drive [ 88 ] [ 0 ] [ 1595 1897 1605 ] [   58    0   50 ] [  13110   6167   8970 ] [ 0 ],1.00,1.00,1.00,1.40,20.18,-10.72,0.00,0.00,0.00,0.00,0.00,-0.00,-0.00,0.00,0.00,0.00,0.00,0.00,0.00,0.00,0.00,0
1.56289,19,-11,109,0,DRIVE [ 89 ] [ 1 ] [ 1623 1897 1600 ] [    0    0    0 ] [      0      0      0 ] [ 0 ],drive [ 89 ] [ 0 ] [ 1608 1897 1604 ] [   58    0   50 ] [  13110   6167   8970 ] [ 0 ],1.00,1.00,1.00,1.40,19.16,-11.02,0.00,0.00,0.00,0.00,0.00,-0.00,-0.00,0.00,0.00,0.00,0.00,0.00,0.00,0.00,0.00,0
1.57518,18,-11,107,0,DRIVE [ 90 ] [ 1 ] [ 1635 1897 1593 ] [    0    0    0 ] [      0      0      0 ] [ 0 ],drive [ 89 ] [ 0 ] [ 1623 1897 1600 ] [   58    0   50 ] [  13311   5927   9053 ] [ 0 ],1.00,1.00,1.00,1.40,18.31,-11.47,0.00,0.00,0.00,0.00,0.00,-0.00,-0.00,0.00,0.00,0.00,0.00,0.00,0.00,0.00,0.00,0
1.58553,18,-12,106,0,DRIVE [ 90 ] [ 1 ] [ 1646 1897 1583 ] [    0    0    0 ] [      0      0      0 ] [ 0 ],drive [ 90 ] [ 0 ] [ 1635 1897 1593 ] [   58    0   50 ] [  13311   5927   9053 ] [ 0 ],1.00,1.00,1.00,1.40,17.58,-11.97,0.00,0.00,0.00,0.00,0.00,-0.00,-0.00,0.00,0.00,0.00,0.00,0.00,0.00,0.00,0.00,0
1.59619,17,-13,105,0,DRIVE [ 91 ] [ 1 ] [ 1657 1897 1572 ] [    0    0    0 ] [      0      0      0 ] [ 0 ],drive [ 90 ] [ 0 ] [ 1646 1897 1583 ] [   40   22   37 ] [  13311   5927   9053 ] [ 0 ],1.00,1.00,1.00,1.40,16.90,-12.53,0.00,0.00,0.00,0.00,0.00,-0.00,-0.00,0.00,0.00,0.00,0.00,0.00,0.00,0.00,0.00,0
1.60687,16,-13,103,0,DRIVE [ 91 ] [ 1 ] [ 1667 1897 1560 ] [    0    0    0 ] [      0      0      0 ] [ 0 ],drive [ 91 ] [ 0 ] [ 1657 1897 1572 ] [   40   22   37 ] [  13311   5927   9053 ] [ 0 ],1.00,1.00,1.00,1.40,16.20,-13.06,0.00,0.00,0.00,0.00,0.00,-0.00,-0.00,0.00,0.00,0.00,0.00,0.00,0.00,0.00,0.00,0
1.61888,15,-14,102,0,DRIVE [ 92 ] [ 1 ] [ 1677 1897 1547 ] [    0    0    0 ] [      0      0      0 ] [ 0 ],drive [ 91 ] [ 0 ] [ 1667 1897 1560 ] [   40   22   37 ] [  13311   5927   9053 ] [ 0 ],1.00,1.00,1.00,1.40,15.47,-13.62,0.00,0.00,0.00,0.00,0.00,-0.00,-0.00,0.00,0.00,0.00,0.00,0.00,0.00,0.00,0.00,0
1.63092,15,-14,100,0,DRIVE [ 92 ] [ 1 ] [ 1690 1897 1534 ] [    0    0    0 ] [      0      0      0 ] [ 0 ],drive [ 92 ] [ 0 ] [ 1677 1897 1547 ] [   40   22   37 ] [  13309   5924   9073 ] [ 0 ],1.00,1.00,1.00,1.40,14.64,-14.18,0.00,0.00,0.00,0.00,0.00,-0.00,-0.00,0.00,0.00,0.00,0.00,0.00,0.00,0.00,0.00,0
1.64294,14,-15,99,0,DRIVE [ 93 ] [ 1 ] [ 1703 1897 1520 ] [    0    0    0 ] [      0      0      0 ] [ 0 ],drive [ 92 ] [ 0 ] [ 1690 1897 1534 ] [   34   15   34 ] [  13309   5924   9073 ] [ 0 ],1.00,1.00,1.00,1.40,13.72,-14.72,0.00,0.00,0.00,0.00,0.00,-0.00,-0.00,0.00,0.00,0.00,0.00,0.00,0.00,0.00,0.00,0
1.65329,13,-15,98,0,DRIVE [ 93 ] [ 1 ] [ 1718 1897 1506 ] [    0    0    0 ] [      0      0      0 ] [ 0 ],drive [ 93 ] [ 0 ] [ 1703 1897 1520 ] [   34   15   34 ] [  13309   5924   9073 ] [ 0 ],1.00,1.00,1.00,1.40,12.71,-15.20,0.00,0.00,0.00,0.00,0.00,-0.00,-0.00,0.00,0.00,0.00,0.00,0.00,0.00,0.00,0.00,0
1.66324,12,-16,97,0,DRIVE [ 94 ] [ 1 ] [ 1735 1897 1494 ] [    0    0    0 ] [      0      0      0 ] [ 0 ],drive [ 93 ] [ 0 ] [ 1718 1897 1506 ] [   34   15   34 ] [  13309   5924   9073 ] [ 0 ],1.00,1.00,1.00,1.40,11.59,-15.60,0.00,0.00,0.00,0.00,0.00,-0.00,-0.00,0.00,0.00,0.00,0.00,0.00,0.00,0.00,0.00,0
1.67472,10,-16,95,0,DRIVE [ 94 ] [ 1 ] [ 1754 1897 1485 ] [    0    0    0 ] [      0      0      0 ] [ 0 ],drive [ 94 ] [ 0 ] [ 1735 1897 1494 ] [   34   15   34 ] [  13307   5777   9129 ] [ 0 ],1.00,1.00,1.00,1.40,10.30,-15.80,0.00,0.00,0.00,0.00,0.00,-0.00,-0.00,0.00,0.00,0.00,0.00,0.00,0.00,0.00,0.00,0
1.68642,9,-16,94,0,DRIVE [ 95 ] [ 1 ] [ 1775 1897 1479 ] [    0    0    0 ] [      0      0      0 ] [ 0 ],drive [ 94 ] [ 0 ] [ 1754 1897 1485 ] [   34   15   34 ] [  13307   5777   9129 ] [ 0 ],1.00,1.00,1.00,1.40,8.87,-15.78,0.00,0.00,0.00,0.00,0.00,-0.00,-0.00,0.00,0.00,0.00,0.00,0.00,0.00,0.00,0.00,0
1.69875,7,-16,93,0,DRIVE [ 95 ] [ 1 ] [ 1798 1897 1478 ] [    0    0    0 ] [      0      0      0 ] [ 0 ],drive [ 95 ] [ 0 ] [ 1775 1897 1479 ] [   25    6   60 ] [  13307   5777   9129 ] [ 0 ],1.00,1.00,1.00,1.40,7.25,-15.54,0.00,0.00,0.00,0.00,0.00,-0.00,-0.00,0.00,0.00,0.00,0.00,0.00,0.00,0.00,0.00,0
1.70884,6,-15,92,0,DRIVE [ 96 ] [ 1 ] [ 1824 1897 1478 ] [    0    0    0 ] [      0      0      0 ] [ 0 ],drive [ 95 ] [ 0 ] [ 1798 1897 1478 ] [   25    6   60 ] [  13307   5777   9129 ] [ 0 ],1.00,1.00,1.00,1.40,5.51,-15.13,0.00,0.00,0.00,0.00,0.00,-0.00,-0.00,0.00,0.00,0.00,0.00,0.00,0.00,0.00,0.00,0
1.71869,4,-15,91,0,DRIVE [ 96 ] [ 1 ] [ 1850 1897 1475 ] [    0    0    0 ] [      0      0      0 ] [ 0 ],drive [ 96 ] [ 0 ] [ 1824 1897 1478 ] [   25    6   60 ] [  13307   5777   9129 ] [ 0 ],1.00,1.00,1.00,1.40,3.71,-14.67,0.00,0.00,0.00,0.00,0.00,-0.00,-0.00,0.00,0.00,0.00,0.00,0.00,0.00,0.00,0.00,0
1.73039,2,-14,90,0,DRIVE [ 97 ] [ 1 ] [ 1876 1897 1468 ] [    0    0    0 ] [      0      0      0 ] [ 0 ],drive [ 96 ] [ 0 ] [ 1850 1897 1475 ] [   25    6   60 ] [  13302   5499   9344 ] [ 0 ],1.00,1.00,1.00,1.40,1.96,-14.25,0.00,0.00,0.00,0.00,0.00,-0.00,-0.00,0.00,0.00,0.00,0.00,0.00,0.00,0.00,0.00,0
1.74238,0,-14,88,0,DRIVE [ 97 ] [ 1 ] [ 1901 1897 1455 ] [    0    0    0 ] [      0      0      0 ] [ 0 ],drive [ 97 ] [ 0 ] [ 1876 1897 1468 ] [    9   23   61 ] [  13302   5499   9344 ] [ 0 ],1.00,1.00,1.00,1.40,0.28,-13.82,0.00,0.00,0.00,0.00,0.00,-0.00,-0.00,0.00,0.00,0.00,0.00,0.00,0.00,0.00,0.00,0
1.7541,-1,-13,87,0,DRIVE [ 98 ] [ 1 ] [ 1901 1886 1476 ] [    0    0    0 ] [      0      0      0 ] [ 0 ],drive [ 97 ] [ 0 ] [ 1901 1897 1455 ] [    9   23   61 ] [  13302   5499   9344 ] [ 0 ],1.00,1.00,1.00,1.40,-1.27,-13.41,0.00,0.00,0.00,0.00,0.00,-0.00,-0.00,0.00,0.00,0.00,0.00,0.00,0.00,0.00,0.00,0
1.76638,-3,-13,86,0,DRIVE [ 98 ] [ 1 ] [ 1901 1864 1500 ] [    0    0    0 ] [      0      0      0 ] [ 0 ],drive [ 98 ] [ 0 ] [ 1901 1886 1476 ] [    9   23   61 ] [  13302   5499   9344 ] [ 0 ],1.00,1.00,1.00,1.40,-2.66,-12.99,0.00,0.00,0.00,0.00,0.00,-0.00,-0.00,0.00,0.00,0.00,0.00,0.00,0.00,0.00,0.00,0
1.77607,-4,-13,86,0,DRIVE [ 99 ] [ 1 ] [ 1901 1844 1520 ] [    0    0    0 ] [      0      0      0 ] [ 0 ],drive [ 98 ] [ 0 ] [ 1901 1864 1500 ] [    9   23   61 ] [  13280   5482   9357 ] [ 0 ],1.00,1.00,1.00,1.40,-3.89,-12.54,0.00,0.00,0.00,0.00,0.00,-0.00,-0.00,0.00,0.00,0.00,0.00,0.00,0.00,0.00,0.00,0
1.78651,-5,-12,85,0,DRIVE [ 99 ] [ 1 ] [ 1901 1825 1541 ] [    0    0    0 ] [      0      0      0 ] [ 0 ],drive [ 99 ] [ 0 ] [ 1901 1844 1520 ] [    9   23   61 ] [  13280   5482   9357 ] [ 0 ],1.00,1.00,1.00,1.40,-4.98,-11.97,0.00,0.00,0.00,0.00,0.00,-0.00,-0.00,0.00,0.00,0.00,0.00,0.00,0.00,0.00,0.00,0
1.79896,-6,-11,84,0,DRIVE [ 00 ] [ 1 ] [ 1901 1807 1562 ] [    0    0    0 ] [      0      0      0 ] [ 0 ],drive [ 99 ] [ 0 ] [ 1901 1825 1541 ] [    4   24   40 ] [  13280   5482   9357 ] [ 0 ],1.00,1.00,1.00,1.40,-5.95,-11.28,0.00,0.00,0.00,0.00,0.00,-0.00,-0.00,0.00,0.00,0.00,0.00,0.00,0.00,0.00,0.00,0
1.81037,-7,-11,83,0,DRIVE [ 00 ] [ 1 ] [ 1901 1790 1581 ] [    0    0    0 ] [      0      0      0 ] [ 0 ],drive [ 00 ] [ 0 ] [ 1901 1807 1562 ] [    4   24   40 ] [  13280   5482   9357 ] [ 0 ],1.00,1.00,1.00,1.40,-6.80,-10.58,0.00,0.00,0.00,0.00,0.00,-0.00,-0.00,0.00,0.00,0.00,0.00,0.00,0.00,0.00,0.00,0
1.822,-8,-10,83,0,DRIVE [ 01 ] [ 1 ] [ 1901 1775 1601 ] [    0    0    0 ] [      0      0      0 ] [ 0 ],drive [ 00 ] [ 0 ] [ 1901 1790 1581 ] [    4   24   40 ] [  13280   5482   9357 ] [ 0 ],1.00,1.00,1.00,1.40,-7.52,-9.81,0.00,0.00,0.00,0.00,0.00,-0.00,-0.00,0.00,0.00,0.00,0.00,0.00,0.00,0.00,0.00,0
1.83401,-8,-9,82,0,DRIVE [ 01 ] [ 1 ] [ 1901 1760 1620 ] [    0    0    0 ] [      0      0      0 ] [ 0 ],drive [ 01 ] [ 0 ] [ 1901 1775 1601 ] [    4   24   40 ] [  13253   5484   9400 ] [ 0 ],1.00,1.00,1.00,1.40,-8.12,-8.99,0.00,0.00,0.00,0.00,0.00,-0.00,-0.00,0.00,0.00,0.00,0.00,0.00,0.00,0.00,0.00,0
1.8439,-9,-8,81,0,DRIVE [ 02 ] [ 1 ] [ 1901 1747 1641 ] [    0    0    0 ] [      0      0      0 ] [ 0 ],drive [ 01 ] [ 0 ] [ 1901 1760 1620 ] [   13   31   34 ] [  13253   5484   9400 ] [ 0 ],1.00,1.00,1.00,1.40,-8.58,-8.09,0.00,0.00,0.00,0.00,0.00,-0.00,-0.00,0.00,0.00,0.00,0.00,0.00,0.00,0.00,0.00,0
1.8542,-9,-7,81,0,DRIVE [ 02 ] [ 1 ] [ 1901 1736 1662 ] [    0    0    0 ] [      0      0      0 ] [ 0 ],drive [ 02 ] [ 0 ] [ 1901 1747 1641 ] [   13   31   34 ] [  13253   5484   9400 ] [ 0 ],1.00,1.00,1.00,1.40,-8.93,-7.17,0.00,0.00,0.00,0.00,0.00,-0.00,-0.00,0.00,0.00,0.00,0.00,0.00,0.00,0.00,0.00,0
1.86634,-9,-6,80,0,DRIVE [ 03 ] [ 1 ] [ 1901 1725 1683 ] [    0    0    0 ] [      0      0      0 ] [ 0 ],drive [ 02 ] [ 0 ] [ 1901 1736 1662 ] [   13   31   34 ] [  13253   5484   9400 ] [ 0 ],1.00,1.00,1.00,1.40,-9.19,-6.21,0.00,0.00,0.00,0.00,0.00,-0.00,-0.00,0.00,0.00,0.00,0.00,0.00,0.00,0.00,0.00,0
1.87837,-9,-5,79,0,DRIVE [ 03 ] [ 1 ] [ 1901 1714 1703 ] [    0    0    0 ] [      0      0      0 ] [ 0 ],drive [ 03 ] [ 0 ] [ 1901 1725 1683 ] [   13   31   34 ] [  13236   5493   9384 ] [ 0 ],1.00,1.00,1.00,1.40,-9.37,-5.24,0.00,0.00,0.00,0.00,0.00,-0.00,-0.00,0.00,0.00,0.00,0.00,0.00,0.00,0.00,0.00,0
1.89047,-9,-4,79,0,DRIVE [ 04 ] [ 1 ] [ 1901 1703 1723 ] [    0    0    0 ] [      0      0      0 ] [ 0 ],drive [ 03 ] [ 0 ] [ 1901 1714 1703 ] [   27   27   39 ] [  13236   5493   9384 ] [ 0 ],1.00,1.00,1.00,1.40,-9.47,-4.26,0.00,0.00,0.00,0.00,0.00,-0.00,-0.00,0.00,0.00,0.00,0.00,0.00,0.00,0.00,0.00,0
1.90015,-10,-3,78,0,DRIVE [ 04 ] [ 1 ] [ 1901 1692 1743 ] [    0    0    0 ] [      0      0      0 ] [ 0 ],drive [ 04 ] [ 0 ] [ 1901 1703 1723 ] [   27   27   39 ] [  13236   5493   9384 ] [ 0 ],1.00,1.00,1.00,1.40,-9.51,-3.27,0.00,0.00,0.00,0.00,0.00,-0.00,-0.00,0.00,0.00,0.00,0.00,0.00,0.00,0.00,0.00,0
1.91032,-9,-2,77,0,DRIVE [ 05 ] [ 1 ] [ 1901 1681 1762 ] [    0    0    0 ] [      0      0      0 ] [ 0 ],drive [ 04 ] [ 0 ] [ 1901 1692 1743 ] [   27   27   39 ] [  13236   5493   9384 ] [ 0 ],1.00,1.00,1.00,1.40,-9.44,-2.31,0.00,0.00,0.00,0.00,0.00,-0.00,-0.00,0.00,0.00,0.00,0.00,0.00,0.00,0.00,0.00,0
1.92233,-9,-1,77,0,DRIVE [ 05 ] [ 1 ] [ 1901 1671 1781 ] [    0    0    0 ] [      0      0      0 ] [ 0 ],drive [ 05 ] [ 0 ] [ 1901 1681 1762 ] [   27   27   39 ] [  13236   5493   9384 ] [ 0 ],1.00,1.00,1.00,1.40,-9.32,-1.38,0.00,0.00,0.00,0.00,0.00,-0.00,-0.00,0.00,0.00,0.00,0.00,0.00,0.00,0.00,0.00,0
1.934,-9,-1,76,0,DRIVE [ 06 ] [ 1 ] [ 1901 1660 1798 ] [    0    0    0 ] [      0      0      0 ] [ 0 ],drive [ 05 ] [ 0 ] [ 1901 1671 1781 ] [   27   27   39 ] [  13191   5548   9311 ] [ 0 ],1.00,1.00,1.00,1.40,-9.16,-0.51,0.00,0.00,0.00,0.00,0.00,-0.00,-0.00,0.00,0.00,0.00,0.00,0.00,0.00,0.00,0.00,0
1.94641,-9,0,75,0,DRIVE [ 06 ] [ 1 ] [ 1901 1647 1814 ] [    0    0    0 ] [      0      0      0 ] [ 0 ],drive [ 06 ] [ 0 ] [ 1901 1660 1798 ] [   11   42   33 ] [  13191   5548   9311 ] [ 0 ],1.00,1.00,1.00,1.40,-8.98,0.38,0.00,0.00,0.00,0.00,0.00,-0.00,-0.00,0.00,0.00,0.00,0.00,0.00,0.00,0.00,0.00,0
1.95832,-9,1,74,0,DRIVE [ 07 ] [ 1 ] [ 1901 1629 1833 ] [    0    0    0 ] [      0      0      0 ] [ 0 ],drive [ 06 ] [ 0 ] [ 1901 1647 1814 ] [   11   42   33 ] [  13191   5548   9311 ] [ 0 ],1.00,1.00,1.00,1.40,-8.78,1.40,0.00,0.00,0.00,0.00,0.00,-0.00,-0.00,0.00,0.00,0.00,0.00,0.00,0.00,0.00,0.00,0
1.96922,-9,2,74,0,DRIVE [ 07 ] [ 1 ] [ 1901 1610 1850 ] [    0    0    0 ] [      0      0      0 ] [ 0 ],drive [ 07 ] [ 0 ] [ 1901 1629 1833 ] [   11   42   33 ] [  13191   5548   9311 ] [ 0 ],1.00,1.00,1.00,1.40,-8.56,2.35,0.00,0.00,0.00,0.00,0.00,-0.00,-0.00,0.00,0.00,0.00,0.00,0.00,0.00,0.00,0.00,0
1.97883,-8,2,73,0,DRIVE [ 08 ] [ 1 ] [ 1901 1587 1866 ] [    0    0    0 ] [      0      0      0 ] [ 0 ],drive [ 07 ] [ 0 ] [ 1901 1610 1850 ] [   11   42   33 ] [  13167   5693   9170 ] [ 0 ],1.00,1.00,1.00,1.40,-8.33,3.26,0.00,0.00,0.00,0.00,0.00,-0.00,-0.00,0.00,0.00,0.00,0.00,0.00,0.00,0.00,0.00,0
1.99033,-8,3,72,0,DRIVE [ 08 ] [ 1 ] [ 1901 1565 1881 ] [    0    0    0 ] [      0      0      0 ] [ 0 ],drive [ 08 ] [ 0 ] [ 1901 1587 1866 ] [   11   36   33 ] [  13167   5693   9170 ] [ 0 ],1.00,1.00,1.00,1.40,-8.07,4.07,0.00,0.00,0.00,0.00,0.00,-0.00,-0.00,0.00,0.00,0.00,0.00,0.00,0.00,0.00,0.00,0
2.00222,-8,3,72,0,DRIVE [ 09 ] [ 1 ] [ 1901 1546 1894 ] [    0    0    0 ] [      0      0      0 ] [ 0 ],drive [ 08 ] [ 0 ] [ 1901 1565 1881 ] [   11   36   33 ] [  13167   5693   9170 ] [ 0 ],1.00,1.00,1.00,1.40,-7.78,4.71,0.00,0.00,0.00,0.00,0.00,-0.00,-0.00,0.00,0.00,0.00,0.00,0.00,0.00,0.00,0.00,0
2.01434,-7,4,71,0,DRIVE [ 09 ] [ 1 ] [ 1901 1532 1905 ] [    0    0    0 ] [      0      0      0 ] [ 0 ],drive [ 09 ] [ 0 ] [ 1901 1546 1894 ] [   11   36   33 ] [  13167   5693   9170 ] [ 0 ],1.00,1.00,1.00,1.40,-7.46,5.21,0.00,0.00,0.00,0.00,0.00,-0.00,-0.00,0.00,0.00,0.00,0.00,0.00,0.00,0.00,0.00,0
2.02638,-7,4,70,0,DRIVE [ 10 ] [ 1 ] [ 1896 1541 1905 ] [    0    0    0 ] [      0      0      0 ] [ 0 ],drive [ 09 ] [ 0 ] [ 1901 1532 1905 ] [   11   36   33 ] [  13139   5885   8970 ] [ 0 ],1.00,1.00,1.00,1.40,-7.11,5.51,0.00,0.00,0.00,0.00,0.00,-0.00,-0.00,0.00,0.00,0.00,0.00,0.00,0.00,0.00,0.00,0
2.03617,-7,4,70,0,DRIVE [ 10 ] [ 1 ] [ 1890 1553 1905 ] [    0    0    0 ] [      0      0      0 ] [ 0 ],drive [ 10 ] [ 0 ] [ 1896 1541 1905 ] [   11   36   33 ] [  13139   5885   8970 ] [ 0 ],1.00,1.00,1.00,1.40,-6.75,5.59,0.00,0.00,0.00,0.00,0.00,-0.00,-0.00,0.00,0.00,0.00,0.00,0.00,0.00,0.00,0.00,0
2.04611,-6,4,69,0,DRIVE [ 11 ] [ 1 ] [ 1888 1570 1905 ] [    0    0    0 ] [      0      0      0 ] [ 0 ],drive [ 10 ] [ 0 ] [ 1890 1553 1905 ] [   10   41    2 ] [  13139   5885   8970 ] [ 0 ],1.00,1.00,1.00,1.40,-6.35,5.42,0.00,0.00,0.00,0.00,0.00,-0.00,-0.00,0.00,0.00,0.00,0.00,0.00,0.00,0.00,0.00,0
2.05832,-6,4,68,0,DRIVE [ 11 ] [ 1 ] [ 1888 1589 1905 ] [    0    0    0 ] [      0      0      0 ] [ 0 ],drive [ 11 ] [ 0 ] [ 1888 1570 1905 ] [   10   41    2 ] [  13139   5885   8970 ] [ 0 ],1.00,1.00,1.00,1.40,-5.92,5.10,0.00,0.00,0.00,0.00,0.00,-0.00,-0.00,0.00,0.00,0.00,0.00,0.00,0.00,0.00,0.00,0
2.0702,-6,3,68,0,DRIVE [ 12 ] [ 1 ] [ 1890 1608 1905 ] [    0    0    0 ] [      0      0      0 ] [ 0 ],drive [ 11 ] [ 0 ] [ 1888 1589 1905 ] [   10   41    2 ] [  13139   5885   8970 ] [ 0 ],1.00,1.00,1.00,1.40,-5.51,4.71,0.00,0.00,0.00,0.00,0.00,-0.00,-0.00,0.00,0.00,0.00,0.00,0.00,0.00,0.00,0.00,0
2.08205,-5,3,67,0,DRIVE [ 12 ] [ 1 ] [ 1893 1629 1905 ] [    0    0    0 ] [      0      0      0 ] [ 0 ],drive [ 12 ] [ 0 ] [ 1890 1608 1905 ] [   10   41    2 ] [  13151   6080   8657 ] [ 0 ],1.00,1.00,1.00,1.40,-5.10,4.24,0.00,0.00,0.00,0.00,0.00,-0.00,-0.00,0.00,0.00,0.00,0.00,0.00,0.00,0.00,0.00,0
2.09213,-5,3,66,0,DRIVE [ 13 ] [ 1 ] [ 1896 1649 1905 ] [    0    0    0 ] [      0      0      0 ] [ 0 ],drive [ 12 ] [ 0 ] [ 1893 1629 1905 ] [    7   28    9 ] [  13151   6080   8657 ] [ 0 ],1.00,1.00,1.00,1.40,-4.68,3.78,0.00,0.00,0.00,0.00,0.00,-0.00,-0.00,0.00,0.00,0.00,0.00,0.00,0.00,0.00,0.00,0
2.1024,-4,2,65,0,DRIVE [ 13 ] [ 1 ] [ 1899 1667 1905 ] [    0    0    0 ] [      0      0      0 ] [ 0 ],drive [ 13 ] [ 0 ] [ 1896 1649 1905 ] [    7   28    9 ] [  13151   6080   8657 ] [ 0 ],1.00,1.00,1.00,1.40,-4.33,3.37,0.00,0.00,0.00,0.00,0.00,-0.00,-0.00,0.00,0.00,0.00,0.00,0.00,0.00,0.00,0.00,0
2.1142,-4,2,65,0,DRIVE [ 14 ] [ 1 ] [ 1902 1678 1905 ] [    0    0    0 ] [      0      0      0 ] [ 0 ],drive [ 13 ] [ 0 ] [ 1899 1667 1905 ] [    7   28    9 ] [  13151   6080   8657 ] [ 0 ],1.00,1.00,1.00,1.40,-4.09,3.01,0.00,0.00,0.00,0.00,0.00,-0.00,-0.00,0.00,0.00,0.00,0.00,0.00,0.00,0.00,0.00,0
2.12648,-4,2,64,0,DRIVE [ 14 ] [ 1 ] [ 1902 1686 1904 ] [    0    0    0 ] [      0      0      0 ] [ 0 ],drive [ 14 ] [ 0 ] [ 1902 1678 1905 ] [    7   28    9 ] [  13172   6100   8518 ] [ 0 ],1.00,1.00,1.00,1.40,-3.95,2.72,0.00,0.00,0.00,0.00,0.00,-0.00,-0.00,0.00,0.00,0.00,0.00,0.00,0.00,0.00,0.00,0
2.13818,-4,2,63,0,DRIVE [ 15 ] [ 1 ] [ 1902 1695 1901 ] [    0    0    0 ] [      0      0      0 ] [ 0 ],drive [ 14 ] [ 0 ] [ 1902 1686 1904 ] [    5   22    5 ] [  13172   6100   8518 ] [ 0 ],1.00,1.00,1.00,1.40,-3.87,2.48,0.00,0.00,0.00,0.00,0.00,-0.00,-0.00,0.00,0.00,0.00,0.00,0.00,0.00,0.00,0.00,0
2.15007,-4,2,62,0,DRIVE [ 15 ] [ 1 ] [ 1902 1703 1896 ] [    0    0    0 ] [      0      0      0 ] [ 0 ],drive [ 15 ] [ 0 ] [ 1902 1695 1901 ] [    5   22    5 ] [  13172   6100   8518 ] [ 0 ],1.00,1.00,1.00,1.40,-3.86,2.20,0.00,0.00,0.00,0.00,0.00,-0.00,-0.00,0.00,0.00,0.00,0.00,0.00,0.00,0.00,0.00,0
2.15998,-4,1,61,0,DRIVE [ 16 ] [ 1 ] [ 1902 1718 1887 ] [    0    0    0 ] [      0      0      0 ] [ 0 ],drive [ 15 ] [ 0 ] [ 1902 1703 1896 ] [    5   22    5 ] [  13172   6100   8518 ] [ 0 ],1.00,1.00,1.00,1.40,-3.91,1.72,0.00,0.00,0.00,0.00,0.00,-0.00,-0.00,0.00,0.00,0.00,0.00,0.00,0.00,-0.00,0.00,0
2.17041,-4,1,60,0,DRIVE [ 16 ] [ 1 ] [ 1902 1735 1873 ] [    0    0    0 ] [      0      0      0 ] [ 0 ],drive [ 16 ] [ 0 ] [ 1902 1718 1887 ] [    5   22    5 ] [  13172   6100   8518 ] [ 0 ],1.00,1.00,1.00,1.40,-4.01,1.07,0.00,0.00,0.00,0.00,0.00,-0.00,-0.00,0.00,0.00,0.00,0.00,0.00,0.00,-0.00,0.00,0
2.18207,-4,0,59,0,DRIVE [ 17 ] [ 1 ] [ 1902 1753 1853 ] [    0    0    0 ] [      0      0      0 ] [ 0 ],drive [ 16 ] [ 0 ] [ 1902 1735 1873 ] [    5   22    5 ] [  13249   6097   8253 ] [ 0 ],1.00,1.00,1.00,1.40,-4.11,0.24,0.00,0.00,0.00,0.00,0.00,-0.00,-0.00,0.00,0.00,0.00,0.00,0.00,0.00,-0.00,0.00,0
2.19427,-4,-1,58,0,DRIVE [ 17 ] [ 1 ] [ 1902 1767 1833 ] [    0    0    0 ] [      0      0      0 ] [ 0 ],drive [ 17 ] [ 0 ] [ 1902 1753 1853 ] [   17   19   22 ] [  13249   6097   8253 ] [ 0 ],1.00,1.00,1.00,1.40,-4.13,-0.56,0.00,0.00,0.00,0.00,0.00,-0.00,-0.00,0.00,0.00,0.00,0.00,0.00,0.00,0.00,0.00,0
2.20625,-4,-1,57,0,DRIVE [ 18 ] [ 1 ] [ 1902 1778 1811 ] [    0    0    0 ] [      0      0      0 ] [ 0 ],drive [ 17 ] [ 0 ] [ 1902 1767 1833 ] [   17   19   22 ] [  13249   6097   8253 ] [ 0 ],1.00,1.00,1.00,1.40,-4.11,-1.34,0.00,0.00,0.00,0.00,0.00,-0.00,-0.00,0.00,0.00,0.00,0.00,0.00,0.00,0.00,0.00,0
2.21736,-4,-2,56,0,DRIVE [ 18 ] [ 1 ] [ 1902 1784 1786 ] [    0    0    0 ] [      0      0      0 ] [ 0 ],drive [ 18 ] [ 0 ] [ 1902 1778 1811 ] [   17   19   22 ] [  13249   6097   8253 ] [ 0 ],1.00,1.00,1.00,1.40,-4.12,-2.10,0.00,0.00,0.00,0.00,0.00,-0.00,-0.00,0.00,0.00,0.00,0.00,0.00,0.00,0.00,0.00,0
2.22767,-4,-3,55,0,DRIVE [ 19 ] [ 1 ] [ 1902 1784 1760 ] [    0    0    0 ] [      0      0      0 ] [ 0 ],drive [ 18 ] [ 0 ] [ 1902 1784 1786 ] [   17   19   22 ] [  13359   6092   7918 ] [ 0 ],1.00,1.00,1.00,1.40,-4.21,-2.75,0.00,0.00,0.00,0.00,0.00,-0.00,-0.00,0.00,0.00,0.00,0.00,0.00,0.00,0.00,0.00,0
2.23817,-4,-3,54,0,DRIVE [ 19 ] [ 1 ] [ 1902 1781 1736 ] [    0    0    0 ] [      0      0      0 ] [ 0 ],drive [ 19 ] [ 0 ] [ 1902 1784 1760 ] [    5   15   15 ] [  13359   6092   7918 ] [ 0 ],1.00,1.00,1.00,1.40,-4.34,-3.26,0.00,0.00,0.00,0.00,0.00,-0.00,-0.00,0.00,0.00,0.00,0.00,0.00,0.00,0.00,0.00,0
2.2499,-4,-4,53,0,DRIVE [ 20 ] [ 1 ] [ 1902 1778 1716 ] [    0    0    0 ] [      0      0      0 ] [ 0 ],drive [ 19 ] [ 0 ] [ 1902 1781 1736 ] [    5   15   15 ] [  13359   6092   7918 ] [ 0 ],1.00,1.00,1.00,1.40,-4.43,-3.68,0.00,0.00,0.00,0.00,0.00,-0.00,-0.00,0.00,0.00,0.00,0.00,0.00,0.00,0.00,0.00,0
2.26221,-4,-4,52,0,DRIVE [ 20 ] [ 1 ] [ 1902 1775 1698 ] [    0    0    0 ] [      0      0      0 ] [ 0 ],drive [ 20 ] [ 0 ] [ 1902 1778 1716 ] [    5   15   15 ] [  13359   6092   7918 ] [ 0 ],1.00,1.00,1.00,1.40,-4.49,-4.00,0.00,0.00,0.00,0.00,0.00,-0.00,-0.00,0.00,0.00,0.00,0.00,0.00,0.00,0.00,0.00,0
2.27417,-5,-4,51,0,DRIVE [ 21 ] [ 1 ] [ 1902 1772 1682 ] [    0    0    0 ] [      0      0      0 ] [ 0 ],drive [ 20 ] [ 0 ] [ 1902 1775 1698 ] [    5   15   15 ] [  13408   6092   7930 ] [ 0 ],1.00,1.00,1.00,1.40,-4.53,-4.27,0.00,0.00,0.00,0.00,0.00,-0.00,-0.00,0.00,0.00,0.00,0.00,0.00,0.00,0.00,0.00,0
2.28407,-5,-4,50,1,DRIVE [ 21 ] [ 1 ] [ 1902 1770 1670 ] [    0    0    0 ] [      0      0      0 ] [ 0 ],drive [ 21 ] [ 0 ] [ 1902 1772 1682 ] [    5   15   15 ] [  13408   6092   7930 ] [ 0 ],1.00,1.00,1.00,1.40,-4.54,-4.45,0.00,0.00,0.00,0.00,0.00,-0.00,-0.00,0.00,0.00,0.00,0.00,0.00,0.00,0.00,0.00,0
