timestamp,Xmm,Ymm,Zmm,TouchDetected,OutgoingPacket,IncomingPacket,GainPropAb, GainPropAd, GainPropFl, GainPropEx,PropA, PropB, PropC,GainIntegAb, GainIntegAd, GainIntegFl, GainIntegEx,IntegA, IntegB, IntegC,GainDerivAb, GainDerivAd, GainDerivFl, GainDerivEx,DerivA, DerivB, DerivC,Heading5
0.0056318,-13,73,496,0,DRIVE [ 81 ] [ 1 ] [ 1707 1629 1884 ] [    0    0    0 ] [      0      0      0 ] [ 0 ],drive [ 80 ] [ 0 ] [ 1697 1594 1884 ] [   21   35   21 ] [   3031   2603  12633 ] [ 0 ],1.00,1.00,1.00,1.00,-12.55,72.69,0.00,0.00,0.00,0.00,0.00,0.00,0.00,0.00,0.00,0.00,0.00,0.00,0.00,0.00,0.00,0
0.0199424,-13,74,507,0,DRIVE [ 81 ] [ 1 ] [ 1708 1633 1884 ] [    0    0    0 ] [      0      0      0 ] [ 0 ],drive [ 81 ] [ 0 ] [ 1707 1629 1884 ] [   21   35   21 ] [   3031   2603  12628 ] [ 0 ],1.00,1.00,1.00,1.00,-12.52,73.72,0.00,0.00,0.00,0.00,0.00,0.00,0.00,0.00,0.00,0.00,0.00,0.00,0.00,0.00,0.00,0
0.0355619,-12,72,503,0,DRIVE [ 82 ] [ 1 ] [ 1710 1636 1884 ] [    0    0    0 ] [      0      0      0 ] [ 0 ],drive [ 81 ] [ 0 ] [ 1708 1633 1884 ] [   20   29   19 ] [   3031   2603  12628 ] [ 0 ],1.00,1.00,1.00,1.00,-12.17,72.01,0.00,0.00,0.00,0.00,0.00,0.00,0.00,0.00,0.00,0.00,0.00,0.00,0.00,-0.00,0.00,0
0.0487823,-12,71,503,0,DRIVE [ 82 ] [ 1 ] [ 1713 1639 1884 ] [    0    0    0 ] [      0      0      0 ] [ 0 ],drive [ 82 ] [ 0 ] [ 1710 1636 1884 ] [   20   29   19 ] [   3031   2603  12628 ] [ 0 ],1.00,1.00,1.00,1.00,-12.15,71.18,0.00,0.00,0.00,0.00,0.00,0.00,0.00,0.00,0.00,0.00,0.00,0.00,0.00,-0.00,0.00,0
0.0617029,-12,71,507,0,DRIVE [ 83 ] [ 1 ] [ 1714 1642 1884 ] [    0    0    0 ] [      0      0      0 ] [ 0 ],drive [ 82 ] [ 0 ] [ 1713 1639 1884 ] [   20   29   19 ] [   3031   2603  12628 ] [ 0 ],1.00,1.00,1.00,1.00,-12.00,70.98,0.00,0.00,0.00,0.00,0.00,0.00,0.00,0.00,0.00,0.00,0.00,0.00,0.00,-0.00,0.00,0
0.0742823,-12,70,506,0,DRIVE [ 83 ] [ 1 ] [ 1715 1644 1884 ] [    0    0    0 ] [      0      0      0 ] [ 0 ],drive [ 83 ] [ 0 ] [ 1714 1642 1884 ] [   20   29   19 ] [   3030   2600  12629 ] [ 0 ],1.00,1.00,1.00,1.00,-11.71,70.41,0.00,0.00,0.00,0.00,0.00,0.00,0.00,0.00,0.00,0.00,0.00,0.00,0.00,-0.00,0.00,0
0.0874552,-12,70,507,0,DRIVE [ 84 ] [ 1 ] [ 1716 1646 1884 ] [    0    0    0 ] [      0      0      0 ] [ 0 ],drive [ 83 ] [ 0 ] [ 1715 1644 1884 ] [   19   27   20 ] [   3030   2600  12629 ] [ 0 ],1.00,1.00,1.00,1.00,-11.60,70.06,0.00,0.00,0.00,0.00,0.00,0.00,0.00,0.00,0.00,0.00,0.00,0.00,0.00,-0.00,0.00,0
0.10215,-11,70,507,0,DRIVE [ 84 ] [ 1 ] [ 1716 1648 1884 ] [    0    0    0 ] [      0      0      0 ] [ 0 ],drive [ 84 ] [ 0 ] [ 1716 1646 1884 ] [   19   27   20 ] [   3030   2600  12629 ] [ 0 ],1.00,1.00,1.00,1.00,-11.37,69.59,0.00,0.00,0.00,0.00,0.00,0.00,0.00,0.00,0.00,0.00,0.00,0.00,0.00,-0.00,0.00,0
0.115984,-11,69,504,0,DRIVE [ 85 ] [ 1 ] [ 1716 1650 1884 ] [    0    0    0 ] [      0      0      0 ] [ 0 ],drive [ 84 ] [ 0 ] [ 1716 1648 1884 ] [   19   27   20 ] [   3030   2600  12629 ] [ 0 ],1.00,1.00,1.00,1.00,-11.00,68.92,0.00,0.00,0.00,0.00,0.00,0.00,0.00,0.00,0.00,0.00,0.00,0.00,0.00,-0.00,0.00,0
0.129391,-9,57,505,0,DRIVE [ 85 ] [ 1 ] [ 1745 1690 1884 ] [    0    0    0 ] [      0      0      0 ] [ 0 ],drive [ 85 ] [ 0 ] [ 1716 1650 1884 ] [   19   27   20 ] [   3029   2599  12630 ] [ 0 ],1.00,1.00,1.00,1.00,-9.06,56.99,0.00,0.00,0.00,0.00,0.00,-0.00,0.00,0.00,0.00,0.00,0.00,0.00,0.00,-0.00,0.00,0
0.142159,-7,48,498,0,DRIVE [ 86 ] [ 1 ] [ 1765 1720 1884 ] [    0    0    0 ] [      0      0      0 ] [ 0 ],drive [ 85 ] [ 0 ] [ 1745 1690 1884 ] [   19   26   21 ] [   3029   2599  12630 ] [ 0 ],1.00,1.00,1.00,1.00,-7.31,47.84,0.00,0.00,0.00,0.00,0.00,-0.00,0.00,0.00,0.00,0.00,0.00,0.00,0.00,-0.00,0.00,0
0.15534,-6,41,494,0,DRIVE [ 86 ] [ 1 ] [ 1780 1743 1884 ] [    0    0    0 ] [      0      0      0 ] [ 0 ],drive [ 86 ] [ 0 ] [ 1765 1720 1884 ] [   19   26   21 ] [   3029   2599  12630 ] [ 0 ],1.00,1.00,1.00,1.00,-5.99,41.25,0.00,0.00,0.00,0.00,0.00,-0.00,0.00,0.00,0.00,0.00,0.00,0.00,0.00,-0.00,0.00,0
0.168745,-5,36,490,0,DRIVE [ 87 ] [ 1 ] [ 1791 1759 1884 ] [    0    0    0 ] [      0      0      0 ] [ 0 ],drive [ 86 ] [ 0 ] [ 1780 1743 1884 ] [   19   26   21 ] [   3018   2593  12630 ] [ 0 ],1.00,1.00,1.00,1.00,-5.17,36.47,0.00,0.00,0.00,0.00,0.00,-0.00,0.00,0.00,0.00,0.00,0.00,0.00,0.00,-0.00,0.00,0
0.181373,-5,36,490,0,DRIVE [ 87 ] [ 1 ] [ 1800 1771 1884 ] [    0    0    0 ] [      0      0      0 ] [ 0 ],drive [ 87 ] [ 0 ] [ 1791 1759 1884 ] [   19   26   21 ] [   3018   2593  12630 ] [ 0 ],1.00,1.00,1.00,1.00,-4.65,32.82,0.00,0.00,0.00,0.00,0.00,-0.00,0.00,0.00,0.00,0.00,0.00,0.00,0.00,-0.00,0.00,0
0.194574,-4,33,492,0,DRIVE [ 88 ] [ 1 ] [ 1798 1772 1884 ] [    0    0    0 ] [      0      0      0 ] [ 0 ],drive [ 87 ] [ 0 ] [ 1800 1771 1884 ] [   24   15   20 ] [   3018   2593  12630 ] [ 0 ],1.00,1.00,1.00,1.00,-4.20,33.30,0.00,0.00,0.00,0.00,0.00,-0.00,0.00,0.00,0.00,0.00,0.00,0.00,0.00,-0.00,0.00,0
0.207302,-3,31,488,0,DRIVE [ 88 ] [ 1 ] [ 1803 1781 1884 ] [    0    0    0 ] [      0      0      0 ] [ 0 ],drive [ 88 ] [ 0 ] [ 1798 1772 1884 ] [   24   15   20 ] [   3018   2593  12630 ] [ 0 ],1.00,1.00,1.00,1.00,-3.42,30.73,0.00,0.00,0.00,0.00,0.00,-0.00,0.00,0.00,0.00,0.00,0.00,0.00,0.00,-0.00,0.00,0
0.220688,-3,29,487,0,DRIVE [ 89 ] [ 1 ] [ 1806 1789 1884 ] [    0    0    0 ] [      0      0      0 ] [ 0 ],drive [ 88 ] [ 0 ] [ 1803 1781 1884 ] [   24   15   20 ] [   2948   2585  12630 ] [ 0 ],1.00,1.00,1.00,1.00,-2.80,28.88,0.00,0.00,0.00,0.00,0.00,-0.00,0.00,0.00,0.00,0.00,0.00,0.00,0.00,-0.00,0.00,0
0.233865,-2,28,487,0,DRIVE [ 89 ] [ 1 ] [ 1808 1795 1884 ] [    0    0    0 ] [      0      0      0 ] [ 0 ],drive [ 89 ] [ 0 ] [ 1806 1789 1884 ] [   14   14   20 ] [   2948   2585  12630 ] [ 0 ],1.00,1.00,1.00,1.00,-2.15,27.58,0.00,0.00,0.00,0.00,0.00,-0.00,0.00,0.00,0.00,0.00,0.00,0.00,0.00,-0.00,0.00,0
0.246994,-1,26,483,0,DRIVE [ 90 ] [ 1 ] [ 1809 1800 1884 ] [    0    0    0 ] [      0      0      0 ] [ 0 ],drive [ 89 ] [ 0 ] [ 1808 1795 1884 ] [   14   14   20 ] [   2948   2585  12630 ] [ 0 ],1.00,1.00,1.00,1.00,-1.40,26.37,0.00,0.00,0.00,0.00,0.00,-0.00,0.00,0.00,0.00,0.00,0.00,0.00,0.00,-0.00,0.00,0
0.260174,-1,26,486,0,DRIVE [ 90 ] [ 1 ] [ 1809 1804 1884 ] [    0    0    0 ] [      0      0      0 ] [ 0 ],drive [ 90 ] [ 0 ] [ 1809 1800 1884 ] [   14   14   20 ] [   2948   2585  12630 ] [ 0 ],1.00,1.00,1.00,1.00,-0.69,25.90,0.00,0.00,0.00,0.00,0.00,-0.00,0.00,0.00,0.00,0.00,0.00,0.00,0.00,-0.00,0.00,0
0.27303,0,25,481,0,DRIVE [ 91 ] [ 1 ] [ 1809 1808 1884 ] [    0    0    0 ] [      0      0      0 ] [ 0 ],drive [ 90 ] [ 0 ] [ 1809 1804 1884 ] [   14   14   20 ] [   2913   2581  12629 ] [ 0 ],1.00,1.00,1.00,1.00,-0.11,25.15,0.00,0.00,0.00,0.00,0.00,-0.00,0.00,0.00,0.00,0.00,0.00,0.00,0.00,-0.00,0.00,0
0.286366,1,25,482,0,DRIVE [ 91 ] [ 1 ] [ 1808 1811 1884 ] [    0    0    0 ] [      0      0      0 ] [ 0 ],drive [ 91 ] [ 0 ] [ 1809 1808 1884 ] [   16   13   20 ] [   2913   2581  12629 ] [ 0 ],1.00,1.00,1.00,1.00,0.50,24.77,0.00,0.00,0.00,0.00,0.00,-0.00,0.00,0.00,0.00,0.00,0.00,0.00,-0.00,-0.00,0.00,0
0.299367,1,24,481,0,DRIVE [ 92 ] [ 1 ] [ 1807 1815 1884 ] [    0    0    0 ] [      0      0      0 ] [ 0 ],drive [ 91 ] [ 0 ] [ 1808 1811 1884 ] [   16   13   20 ] [   2913   2581  12629 ] [ 0 ],1.00,1.00,1.00,1.00,1.16,24.22,0.00,0.00,0.00,0.00,0.00,-0.00,0.00,0.00,0.00,0.00,0.00,0.00,-0.00,-0.00,0.00,0
0.31267,2,24,479,0,DRIVE [ 92 ] [ 1 ] [ 1806 1817 1884 ] [    0    0    0 ] [      0      0      0 ] [ 0 ],drive [ 92 ] [ 0 ] [ 1807 1815 1884 ] [   16   13   20 ] [   2913   2581  12629 ] [ 0 ],1.00,1.00,1.00,1.00,1.69,23.79,0.00,0.00,0.00,0.00,0.00,-0.00,0.00,0.00,0.00,0.00,0.00,0.00,-0.00,-0.00,0.00,0
0.325727,2,23,477,0,DRIVE [ 93 ] [ 1 ] [ 1805 1819 1884 ] [    0    0    0 ] [      0      0      0 ] [ 0 ],drive [ 92 ] [ 0 ] [ 1806 1817 1884 ] [   16   13   20 ] [   2909   2579  12629 ] [ 0 ],1.00,1.00,1.00,1.00,2.19,23.46,0.00,0.00,0.00,0.00,0.00,-0.00,0.00,0.00,0.00,0.00,0.00,0.00,-0.00,-0.00,0.00,0
0.338418,3,23,479,0,DRIVE [ 93 ] [ 1 ] [ 1804 1821 1884 ] [    0    0    0 ] [      0      0      0 ] [ 0 ],drive [ 93 ] [ 0 ] [ 1805 1819 1884 ] [   17   11   20 ] [   2909   2579  12629 ] [ 0 ],1.00,1.00,1.00,1.00,2.58,23.50,0.00,0.00,0.00,0.00,0.00,-0.00,0.00,0.00,0.00,0.00,0.00,0.00,-0.00,-0.00,0.00,0
0.351569,3,23,477,0,DRIVE [ 94 ] [ 1 ] [ 1803 1822 1884 ] [    0    0    0 ] [      0      0      0 ] [ 0 ],drive [ 93 ] [ 0 ] [ 1804 1821 1884 ] [   17   11   20 ] [   2909   2579  12629 ] [ 0 ],1.00,1.00,1.00,1.00,3.07,23.32,0.00,0.00,0.00,0.00,0.00,-0.00,0.00,0.00,0.00,0.00,0.00,0.00,-0.00,-0.00,0.00,0
0.364661,3,23,480,0,DRIVE [ 94 ] [ 1 ] [ 1801 1823 1884 ] [    0    0    0 ] [      0      0      0 ] [ 0 ],drive [ 94 ] [ 0 ] [ 1803 1822 1884 ] [   17   11   20 ] [   2909   2579  12629 ] [ 0 ],1.00,1.00,1.00,1.00,3.48,23.47,0.00,0.00,0.00,0.00,0.00,-0.00,0.00,0.00,0.00,0.00,0.00,0.00,-0.00,-0.00,0.00,0
0.377738,4,24,482,0,DRIVE [ 95 ] [ 1 ] [ 1800 1824 1884 ] [    0    0    0 ] [      0      0      0 ] [ 0 ],drive [ 94 ] [ 0 ] [ 1801 1823 1884 ] [   17   11   20 ] [   2909   2575  12628 ] [ 0 ],1.00,1.00,1.00,1.00,3.86,23.59,0.00,0.00,0.00,0.00,0.00,-0.00,0.00,0.00,0.00,0.00,0.00,0.00,-0.00,-0.00,0.00,0
0.390804,4,24,481,0,DRIVE [ 95 ] [ 1 ] [ 1798 1825 1884 ] [    0    0    0 ] [      0      0      0 ] [ 0 ],drive [ 95 ] [ 0 ] [ 1800 1824 1884 ] [   17   12   16 ] [   2909   2575  12628 ] [ 0 ],1.00,1.00,1.00,1.00,4.20,23.57,0.00,0.00,0.00,0.00,0.00,-0.00,0.00,0.00,0.00,0.00,0.00,0.00,-0.00,-0.00,0.00,0
0.403305,5,24,482,0,DRIVE [ 96 ] [ 1 ] [ 1797 1826 1884 ] [    0    0    0 ] [      0      0      0 ] [ 0 ],drive [ 95 ] [ 0 ] [ 1798 1825 1884 ] [   17   12   16 ] [   2909   2575  12628 ] [ 0 ],1.00,1.00,1.00,1.00,4.61,23.72,0.00,0.00,0.00,0.00,0.00,-0.00,0.00,0.00,0.00,0.00,0.00,0.00,-0.00,-0.00,0.00,0
0.416477,5,24,480,0,DRIVE [ 96 ] [ 1 ] [ 1795 1827 1884 ] [    0    0    0 ] [      0      0      0 ] [ 0 ],drive [ 96 ] [ 0 ] [ 1797 1826 1884 ] [   17   12   16 ] [   2909   2575  12628 ] [ 0 ],1.00,1.00,1.00,1.00,4.97,23.71,0.00,0.00,0.00,0.00,0.00,0.00,0.00,0.00,0.00,0.00,0.00,0.00,-0.00,-0.00,0.00,0
0.429755,6,24,480,0,DRIVE [ 97 ] [ 1 ] [ 1792 1828 1884 ] [    0    0    0 ] [      0      0      0 ] [ 0 ],drive [ 96 ] [ 0 ] [ 1795 1827 1884 ] [   17   12   16 ] [   2909   2574  12624 ] [ 0 ],1.00,1.00,1.00,1.00,5.73,23.81,0.00,0.00,0.00,0.00,0.00,0.00,0.00,0.00,0.00,0.00,0.00,0.00,-0.00,-0.00,0.00,0
0.442603,6,24,479,0,DRIVE [ 97 ] [ 1 ] [ 1788 1830 1884 ] [    0    0    0 ] [      0      0      0 ] [ 0 ],drive [ 97 ] [ 0 ] [ 1792 1828 1884 ] [   18   12   14 ] [   2909   2574  12624 ] [ 0 ],1.00,1.00,1.00,1.00,6.43,23.89,0.00,0.00,0.00,0.00,0.00,0.00,0.00,0.00,0.00,0.00,0.00,0.00,-0.00,-0.00,0.00,0
0.455076,7,24,477,0,DRIVE [ 98 ] [ 1 ] [ 1783 1831 1884 ] [    0    0    0 ] [      0      0      0 ] [ 0 ],drive [ 97 ] [ 0 ] [ 1788 1830 1884 ] [   18   12   14 ] [   2909   2574  12624 ] [ 0 ],1.00,1.00,1.00,1.00,7.41,24.08,0.00,0.00,0.00,0.00,0.00,0.00,0.00,0.00,0.00,0.00,0.00,0.00,-0.00,-0.00,0.00,0
0.468069,8,24,476,0,DRIVE [ 98 ] [ 1 ] [ 1779 1834 1884 ] [    0    0    0 ] [      0      0      0 ] [ 0 ],drive [ 98 ] [ 0 ] [ 1783 1831 1884 ] [   18   12   14 ] [   2910   2574  12624 ] [ 0 ],1.00,1.00,1.00,1.00,8.34,24.06,0.00,0.00,0.00,0.00,0.00,0.00,0.00,0.00,0.00,0.00,0.00,0.00,-0.00,-0.00,0.00,0
0.480935,9,24,475,0,DRIVE [ 99 ] [ 1 ] [ 1774 1836 1884 ] [    0    0    0 ] [      0      0      0 ] [ 0 ],drive [ 98 ] [ 0 ] [ 1779 1834 1884 ] [   18   12   14 ] [   2910   2574  12624 ] [ 0 ],1.00,1.00,1.00,1.00,9.38,23.99,0.00,0.00,0.00,0.00,0.00,0.00,0.00,0.00,0.00,0.00,0.00,0.00,-0.00,-0.00,0.00,0
0.494052,11,24,474,0,DRIVE [ 99 ] [ 1 ] [ 1769 1839 1884 ] [    0    0    0 ] [      0      0      0 ] [ 0 ],drive [ 99 ] [ 0 ] [ 1774 1836 1884 ] [   19   12   15 ] [   2910   2574  12624 ] [ 0 ],1.00,1.00,1.00,1.00,10.52,23.82,0.00,0.00,0.00,0.00,0.00,0.00,0.00,0.00,0.00,0.00,0.00,0.00,-0.00,-0.00,0.00,0
0.507364,12,23,469,0,DRIVE [ 00 ] [ 1 ] [ 1764 1843 1884 ] [    0    0    0 ] [      0      0      0 ] [ 0 ],drive [ 99 ] [ 0 ] [ 1769 1839 1884 ] [   19   12   15 ] [   2910   2574  12624 ] [ 0 ],1.00,1.00,1.00,1.00,11.72,23.27,0.00,0.00,0.00,0.00,0.00,0.00,0.00,0.00,0.00,0.00,0.00,0.00,-0.00,-0.00,0.00,0
0.520003,13,23,469,0,DRIVE [ 00 ] [ 1 ] [ 1757 1847 1884 ] [    0    0    0 ] [      0      0      0 ] [ 0 ],drive [ 00 ] [ 0 ] [ 1764 1843 1884 ] [   19   12   15 ] [   2913   2574  12616 ] [ 0 ],1.00,1.00,1.00,1.00,13.28,22.85,0.00,0.00,0.00,0.00,0.00,0.00,0.00,0.00,0.00,0.00,0.00,0.00,-0.00,-0.00,0.00,0
0.533217,15,22,466,0,DRIVE [ 01 ] [ 1 ] [ 1750 1852 1884 ] [    0    0    0 ] [      0      0      0 ] [ 0 ],drive [ 00 ] [ 0 ] [ 1757 1847 1884 ] [   19   10    2 ] [   2913   2574  12616 ] [ 0 ],1.00,1.00,1.00,1.00,14.79,22.23,0.00,0.00,0.00,0.00,0.00,0.00,0.00,0.00,0.00,0.00,0.00,0.00,-0.00,-0.00,0.00,0
0.5463,17,22,466,0,DRIVE [ 01 ] [ 1 ] [ 1741 1858 1884 ] [    0    0    0 ] [      0      0      0 ] [ 0 ],drive [ 01 ] [ 0 ] [ 1750 1852 1884 ] [   19   10    2 ] [   2913   2574  12616 ] [ 0 ],1.00,1.00,1.00,1.00,16.54,21.56,0.00,0.00,0.00,0.00,0.00,0.00,0.00,0.00,0.00,0.00,0.00,0.00,0.00,0.00,0.00,0
0.559236,19,20,460,0,DRIVE [ 02 ] [ 1 ] [ 1729 1865 1884 ] [    0    0    0 ] [      0      0      0 ] [ 0 ],drive [ 01 ] [ 0 ] [ 1741 1858 1884 ] [   19   10    2 ] [   2913   2574  12616 ] [ 0 ],1.00,1.00,1.00,1.00,18.64,20.28,0.00,0.00,0.00,0.00,0.00,0.00,0.00,0.00,0.00,0.00,0.00,0.00,0.00,0.00,0.00,0
0.571806,21,19,458,0,DRIVE [ 02 ] [ 1 ] [ 1715 1873 1884 ] [    0    0    0 ] [      0      0      0 ] [ 0 ],drive [ 02 ] [ 0 ] [ 1729 1865 1884 ] [   19   10    2 ] [   2915   2574  12529 ] [ 0 ],1.00,1.00,1.00,1.00,21.00,19.07,0.00,0.00,0.00,0.00,0.00,0.00,0.00,0.00,0.00,0.00,0.00,0.00,0.00,0.00,0.00,0
0.585096,23,18,454,0,DRIVE [ 03 ] [ 1 ] [ 1702 1881 1884 ] [    0    0    0 ] [      0      0      0 ] [ 0 ],drive [ 02 ] [ 0 ] [ 1715 1873 1884 ] [   23    9   26 ] [   2915   2574  12529 ] [ 0 ],1.00,1.00,1.00,1.00,23.01,17.58,0.00,0.00,0.00,0.00,0.00,0.00,0.00,0.00,0.00,0.00,0.00,0.00,0.00,0.00,0.00,0
0.598169,25,16,453,0,DRIVE [ 03 ] [ 1 ] [ 1695 1881 1881 ] [    0    0    0 ] [      0      0      0 ] [ 0 ],drive [ 03 ] [ 0 ] [ 1702 1881 1884 ] [   23    9   26 ] [   2915   2574  12529 ] [ 0 ],1.00,1.00,1.00,1.00,25.37,16.10,0.00,0.00,0.00,0.00,0.00,0.00,0.00,0.00,0.00,0.00,0.00,0.00,0.00,0.00,0.00,0
0.61191,28,15,455,0,DRIVE [ 04 ] [ 1 ] [ 1692 1881 1874 ] [    0    0    0 ] [      0      0      0 ] [ 0 ],drive [ 03 ] [ 0 ] [ 1695 1881 1881 ] [   23    9   26 ] [   2915   2574  12529 ] [ 0 ],1.00,1.00,1.00,1.00,27.92,14.98,0.00,0.00,0.00,0.00,0.00,0.00,0.00,0.00,0.00,0.00,0.00,0.00,0.00,0.00,0.00,0
0.629682,30,14,452,0,DRIVE [ 04 ] [ 1 ] [ 1686 1881 1867 ] [    0    0    0 ] [      0      0      0 ] [ 0 ],drive [ 04 ] [ 0 ] [ 1692 1881 1874 ] [   23    9   26 ] [   2919   2566  12532 ] [ 0 ],1.00,1.00,1.00,1.00,30.32,13.99,0.00,0.00,0.00,0.00,0.00,0.00,0.00,0.00,0.00,0.00,0.00,0.00,0.00,0.00,0.00,0
0.643062,33,13,453,0,DRIVE [ 05 ] [ 1 ] [ 1679 1881 1861 ] [    0    0    0 ] [      0      0      0 ] [ 0 ],drive [ 04 ] [ 0 ] [ 1686 1881 1867 ] [   25    9   27 ] [   2919   2566  12532 ] [ 0 ],1.00,1.00,1.00,1.00,32.90,13.29,0.00,0.00,0.00,0.00,0.00,0.00,0.00,0.00,0.00,0.00,0.00,0.00,0.00,0.00,0.00,0
0.655794,36,13,450,0,DRIVE [ 05 ] [ 1 ] [ 1665 1881 1854 ] [    0    0    0 ] [      0      0      0 ] [ 0 ],drive [ 05 ] [ 0 ] [ 1679 1881 1861 ] [   25    9   27 ] [   2919   2566  12532 ] [ 0 ],1.00,1.00,1.00,1.00,36.29,12.99,0.00,0.00,0.00,0.00,0.00,0.00,0.00,0.00,0.00,0.00,0.00,0.00,0.00,0.00,0.00,0
0.668818,39,13,447,0,DRIVE [ 06 ] [ 1 ] [ 1651 1881 1848 ] [    0    0    0 ] [      0      0      0 ] [ 0 ],drive [ 05 ] [ 0 ] [ 1665 1881 1854 ] [   25    9   27 ] [   2923   2565  12536 ] [ 0 ],1.00,1.00,1.00,1.00,39.26,12.74,0.00,0.00,0.00,0.00,0.00,0.00,0.00,0.00,0.00,0.00,0.00,0.00,0.00,0.00,0.00,0
0.681715,42,13,442,0,DRIVE [ 06 ] [ 1 ] [ 1637 1881 1842 ] [    0    0    0 ] [      0      0      0 ] [ 0 ],drive [ 06 ] [ 0 ] [ 1651 1881 1848 ] [   25    9   27 ] [   2923   2565  12536 ] [ 0 ],1.00,1.00,1.00,1.00,42.03,12.66,0.00,0.00,0.00,0.00,0.00,0.00,0.00,0.00,0.00,0.00,0.00,0.00,0.00,0.00,0.00,0
0.694816,45,13,437,0,DRIVE [ 07 ] [ 1 ] [ 1620 1881 1836 ] [    0    0    0 ] [      0      0      0 ] [ 0 ],drive [ 06 ] [ 0 ] [ 1637 1881 1842 ] [   27   10   28 ] [   2923   2565  12536 ] [ 0 ],1.00,1.00,1.00,1.00,45.19,12.57,0.00,0.00,0.00,0.00,0.00,0.00,0.00,0.00,0.00,0.00,0.00,0.00,0.00,0.00,0.00,0
0.707678,48,13,432,0,DRIVE [ 07 ] [ 1 ] [ 1604 1881 1831 ] [    0    0    0 ] [      0      0      0 ] [ 0 ],drive [ 07 ] [ 0 ] [ 1620 1881 1836 ] [   27   10   28 ] [   2923   2565  12536 ] [ 0 ],1.00,1.00,1.00,1.00,47.78,12.64,0.00,0.00,0.00,0.00,0.00,0.00,0.00,0.00,0.00,0.00,0.00,0.00,0.00,0.00,0.00,0
0.720222,50,13,427,0,DRIVE [ 08 ] [ 1 ] [ 1590 1881 1826 ] [    0    0    0 ] [      0      0      0 ] [ 0 ],drive [ 07 ] [ 0 ] [ 1604 1881 1831 ] [   27   10   28 ] [   2936   2565  12536 ] [ 0 ],1.00,1.00,1.00,1.00,50.23,12.65,0.00,0.00,0.00,0.00,0.00,0.00,0.00,0.00,0.00,0.00,0.00,0.00,0.00,0.00,0.00,0
0.733402,53,13,424,0,DRIVE [ 08 ] [ 1 ] [ 1576 1881 1821 ] [    0    0    0 ] [      0      0      0 ] [ 0 ],drive [ 08 ] [ 0 ] [ 1590 1881 1826 ] [   35   11   31 ] [   2936   2565  12536 ] [ 0 ],1.00,1.00,1.00,1.00,52.56,12.72,0.00,0.00,0.00,0.00,0.00,0.00,0.00,0.00,0.00,0.00,0.00,0.00,0.00,0.00,0.00,0
0.746353,55,13,421,0,DRIVE [ 09 ] [ 1 ] [ 1562 1881 1817 ] [    0    0    0 ] [      0      0      0 ] [ 0 ],drive [ 08 ] [ 0 ] [ 1576 1881 1821 ] [   35   11   31 ] [   2936   2565  12536 ] [ 0 ],1.00,1.00,1.00,1.00,54.92,12.91,0.00,0.00,0.00,0.00,0.00,0.00,0.00,0.00,0.00,0.00,0.00,0.00,0.00,0.00,0.00,0
0.759232,58,13,416,0,DRIVE [ 09 ] [ 1 ] [ 1544 1881 1811 ] [    0    0    0 ] [      0      0      0 ] [ 0 ],drive [ 09 ] [ 0 ] [ 1562 1881 1817 ] [   35   11   31 ] [   2936   2565  12536 ] [ 0 ],1.00,1.00,1.00,1.00,57.67,13.06,0.00,0.00,0.00,0.00,0.00,0.00,0.00,0.00,0.00,0.00,0.00,0.00,0.00,0.00,0.00,0
0.771576,60,13,412,0,DRIVE [ 10 ] [ 1 ] [ 1528 1881 1806 ] [    0    0    0 ] [      0      0      0 ] [ 0 ],drive [ 09 ] [ 0 ] [ 1544 1881 1811 ] [   35   11   31 ] [   3012   2563  12538 ] [ 0 ],1.00,1.00,1.00,1.00,60.09,13.20,0.00,0.00,0.00,0.00,0.00,0.00,0.00,0.00,0.00,0.00,0.00,0.00,0.00,0.00,0.00,0
0.785155,62,13,408,0,DRIVE [ 10 ] [ 1 ] [ 1515 1881 1801 ] [    0    0    0 ] [      0      0      0 ] [ 0 ],drive [ 10 ] [ 0 ] [ 1528 1881 1806 ] [   54   14   33 ] [   3012   2563  12538 ] [ 0 ],1.00,1.00,1.00,1.00,62.12,13.24,0.00,0.00,0.00,0.00,0.00,0.00,0.00,0.00,0.00,0.00,0.00,0.00,0.00,0.00,0.00,0
0.798085,63,13,402,0,DRIVE [ 11 ] [ 1 ] [ 1505 1881 1797 ] [    0    0    0 ] [      0      0      0 ] [ 0 ],drive [ 10 ] [ 0 ] [ 1515 1881 1801 ] [   54   14   33 ] [   3012   2563  12538 ] [ 0 ],1.00,1.00,1.00,1.00,63.28,12.96,0.00,0.00,0.00,0.00,0.00,0.00,0.00,0.00,0.00,0.00,0.00,0.00,0.00,0.00,0.00,0
0.812409,64,13,399,0,DRIVE [ 11 ] [ 1 ] [ 1498 1881 1794 ] [    0    0    0 ] [      0      0      0 ] [ 0 ],drive [ 11 ] [ 0 ] [ 1505 1881 1797 ] [   54   14   33 ] [   3012   2563  12538 ] [ 0 ],1.00,1.00,1.00,1.00,64.32,12.67,0.00,0.00,0.00,0.00,0.00,0.00,0.00,0.00,0.00,0.00,0.00,0.00,0.00,0.00,0.00,0
0.825608,65,12,396,0,DRIVE [ 12 ] [ 1 ] [ 1493 1881 1791 ] [    0    0    0 ] [      0      0      0 ] [ 0 ],drive [ 11 ] [ 0 ] [ 1498 1881 1794 ] [   54   14   33 ] [   3256   2555  12532 ] [ 0 ],1.00,1.00,1.00,1.00,65.02,12.37,0.00,0.00,0.00,0.00,0.00,0.00,0.00,0.00,0.00,0.00,0.00,0.00,0.00,0.00,0.00,0
0.838438,66,12,394,0,DRIVE [ 12 ] [ 1 ] [ 1490 1881 1788 ] [    0    0    0 ] [      0      0      0 ] [ 0 ],drive [ 12 ] [ 0 ] [ 1493 1881 1791 ] [   46   19   34 ] [   3256   2555  12532 ] [ 0 ],1.00,1.00,1.00,1.00,65.57,11.95,0.00,0.00,0.00,0.00,0.00,0.00,0.00,0.00,0.00,0.00,0.00,0.00,0.00,0.00,0.00,0
0.85332,66,12,394,0,DRIVE [ 13 ] [ 1 ] [ 1488 1881 1785 ] [    0    0    0 ] [      0      0      0 ] [ 0 ],drive [ 12 ] [ 0 ] [ 1490 1881 1788 ] [   46   19   34 ] [   3256   2555  12532 ] [ 0 ],1.00,1.00,1.00,1.00,66.27,11.59,0.00,0.00,0.00,0.00,0.00,0.00,0.00,0.00,0.00,0.00,0.00,0.00,0.00,0.00,0.00,0
0.866508,66,11,389,0,DRIVE [ 13 ] [ 1 ] [ 1486 1881 1782 ] [    0    0    0 ] [      0      0      0 ] [ 0 ],drive [ 13 ] [ 0 ] [ 1488 1881 1785 ] [   46   19   34 ] [   3256   2555  12532 ] [ 0 ],1.00,1.00,1.00,1.00,66.22,10.89,0.00,0.00,0.00,0.00,0.00,0.00,0.00,0.00,0.00,0.00,0.00,0.00,0.00,0.00,0.00,0
0.88168,66,10,385,0,DRIVE [ 14 ] [ 1 ] [ 1484 1881 1778 ] [    0    0    0 ] [      0      0      0 ] [ 0 ],drive [ 13 ] [ 0 ] [ 1486 1881 1782 ] [   46   19   34 ] [   3496   2537  12520 ] [ 0 ],1.00,1.00,1.00,1.00,66.47,10.05,0.00,0.00,0.00,0.00,0.00,0.00,0.00,0.00,0.00,0.00,0.00,0.00,0.00,0.00,0.00,0
0.894827,67,9,382,0,DRIVE [ 14 ] [ 1 ] [ 1483 1881 1773 ] [    0    0    0 ] [      0      0      0 ] [ 0 ],drive [ 14 ] [ 0 ] [ 1484 1881 1778 ] [   63   24   24 ] [   3496   2537  12520 ] [ 0 ],1.00,1.00,1.00,1.00,67.05,9.05,0.00,0.00,0.00,0.00,0.00,0.00,0.00,0.00,0.00,0.00,0.00,0.00,0.00,0.00,0.00,0
0.908047,68,8,381,0,DRIVE [ 15 ] [ 1 ] [ 1482 1881 1766 ] [    0    0    0 ] [      0      0      0 ] [ 0 ],drive [ 14 ] [ 0 ] [ 1483 1881 1773 ] [   63   24   24 ] [   3496   2537  12520 ] [ 0 ],1.00,1.00,1.00,1.00,68.02,7.82,0.00,0.00,0.00,0.00,0.00,0.00,0.00,0.00,0.00,0.00,0.00,0.00,0.00,0.00,0.00,0
0.922058,69,6,378,0,DRIVE [ 15 ] [ 1 ] [ 1480 1881 1759 ] [    0    0    0 ] [      0      0      0 ] [ 0 ],drive [ 15 ] [ 0 ] [ 1482 1881 1766 ] [   63   24   24 ] [   3663   2480  12511 ] [ 0 ],1.00,1.00,1.00,1.00,68.87,6.47,0.00,0.00,0.00,0.00,0.00,0.00,0.00,0.00,0.00,0.00,0.00,0.00,0.00,0.00,0.00,0
0.9354,70,5,373,0,DRIVE [ 16 ] [ 1 ] [ 1477 1881 1749 ] [    0    0    0 ] [      0      0      0 ] [ 0 ],drive [ 15 ] [ 0 ] [ 1480 1881 1759 ] [   43    3   26 ] [   3663   2480  12511 ] [ 0 ],1.00,1.00,1.00,1.00,69.87,4.70,0.00,0.00,0.00,0.00,0.00,0.00,0.00,0.00,0.00,0.00,0.00,0.00,0.00,0.00,0.00,0
0.948095,71,3,368,0,DRIVE [ 16 ] [ 1 ] [ 1472 1881 1739 ] [    0    0    0 ] [      0      0      0 ] [ 0 ],drive [ 16 ] [ 0 ] [ 1477 1881 1749 ] [   43    3   26 ] [   3663   2480  12511 ] [ 0 ],1.00,1.00,1.00,1.00,70.81,2.94,0.00,0.00,0.00,0.00,0.00,0.00,0.00,0.00,0.00,0.00,0.00,0.00,0.00,0.00,0.00,0
0.96286,72,1,365,0,DRIVE [ 17 ] [ 1 ] [ 1467 1881 1729 ] [    0    0    0 ] [      0      0      0 ] [ 0 ],drive [ 16 ] [ 0 ] [ 1472 1881 1739 ] [   43    3   26 ] [   3663   2480  12511 ] [ 0 ],1.00,1.00,1.00,1.00,72.39,1.33,0.00,0.00,0.00,0.00,0.00,0.00,0.00,0.00,0.00,0.00,0.00,0.00,0.00,0.00,0.00,0
0.975564,74,0,362,0,DRIVE [ 17 ] [ 1 ] [ 1460 1881 1719 ] [    0    0    0 ] [      0      0      0 ] [ 0 ],drive [ 17 ] [ 0 ] [ 1467 1881 1729 ] [   43    3   26 ] [   3882   2480  12511 ] [ 0 ],1.00,1.00,1.00,1.00,73.81,-0.20,0.00,0.00,0.00,0.00,0.00,0.00,0.00,0.00,0.00,0.00,0.00,0.00,0.00,0.00,0.00,0
0.990009,76,-2,358,0,DRIVE [ 18 ] [ 1 ] [ 1452 1881 1705 ] [    0    0    0 ] [      0      0      0 ] [ 0 ],drive [ 17 ] [ 0 ] [ 1460 1881 1719 ] [   40    3   29 ] [   3882   2480  12511 ] [ 0 ],1.00,1.00,1.00,1.00,75.99,-2.19,0.00,0.00,0.00,0.00,0.00,0.00,0.00,0.00,0.00,0.00,0.00,0.00,0.00,0.00,0.00,0
1.0048,77,-4,353,0,DRIVE [ 18 ] [ 1 ] [ 1442 1881 1694 ] [    0    0    0 ] [      0      0      0 ] [ 0 ],drive [ 18 ] [ 0 ] [ 1452 1881 1705 ] [   40    3   29 ] [   3882   2480  12511 ] [ 0 ],1.00,1.00,1.00,1.00,77.43,-3.65,0.00,0.00,0.00,0.00,0.00,0.00,0.00,0.00,0.00,0.00,0.00,0.00,0.00,0.00,0.00,0
1.01815,79,-5,348,0,DRIVE [ 19 ] [ 1 ] [ 1434 1881 1683 ] [    0    0    0 ] [      0      0      0 ] [ 0 ],drive [ 18 ] [ 0 ] [ 1442 1881 1694 ] [   40    3   29 ] [   4183   2475  12504 ] [ 0 ],1.00,1.00,1.00,1.00,78.67,-4.96,0.00,0.00,0.00,0.00,0.00,0.00,0.00,0.00,0.00,0.00,0.00,0.00,0.00,0.00,0.00,0
1.03091,80,-6,344,0,DRIVE [ 19 ] [ 1 ] [ 1427 1881 1674 ] [    0    0    0 ] [      0      0      0 ] [ 0 ],drive [ 19 ] [ 0 ] [ 1434 1881 1683 ] [   40    3   29 ] [   4183   2475  12504 ] [ 0 ],1.00,1.00,1.00,1.00,79.53,-6.20,0.00,0.00,0.00,0.00,0.00,0.00,0.00,0.00,0.00,0.00,0.00,0.00,0.00,0.00,0.00,0
1.04361,80,-7,337,0,DRIVE [ 20 ] [ 1 ] [ 1421 1881 1665 ] [    0    0    0 ] [      0      0      0 ] [ 0 ],drive [ 19 ] [ 0 ] [ 1427 1881 1674 ] [   55    1   23 ] [   4183   2475  12504 ] [ 0 ],1.00,1.00,1.00,1.00,79.79,-7.23,0.00,0.00,0.00,0.00,0.00,0.00,0.00,0.00,0.00,0.00,0.00,0.00,0.00,0.00,0.00,0
1.0572,80,-8,331,0,DRIVE [ 20 ] [ 1 ] [ 1415 1881 1657 ] [    0    0    0 ] [      0      0      0 ] [ 0 ],drive [ 20 ] [ 0 ] [ 1421 1881 1665 ] [   55    1   23 ] [   4183   2475  12504 ] [ 0 ],1.00,1.00,1.00,1.00,79.86,-8.18,0.00,0.00,0.00,0.00,0.00,0.00,0.00,0.00,0.00,0.00,0.00,0.00,0.00,0.00,0.00,0
1.06962,80,-9,327,0,DRIVE [ 21 ] [ 1 ] [ 1410 1881 1650 ] [    0    0    0 ] [      0      0      0 ] [ 0 ],drive [ 20 ] [ 0 ] [ 1415 1881 1657 ] [   55    1   23 ] [   4497   2471  12486 ] [ 0 ],1.00,1.00,1.00,1.00,80.16,-8.88,0.00,0.00,0.00,0.00,0.00,0.00,0.00,0.00,0.00,0.00,0.00,0.00,0.00,0.00,0.00,0
1.08171,80,-9,322,0,DRIVE [ 21 ] [ 1 ] [ 1405 1881 1646 ] [    0    0    0 ] [      0      0      0 ] [ 0 ],drive [ 21 ] [ 0 ] [ 1410 1881 1650 ] [   55    1   23 ] [   4497   2471  12486 ] [ 0 ],1.00,1.00,1.00,1.00,79.89,-9.18,0.00,0.00,0.00,0.00,0.00,0.00,0.00,0.00,0.00,0.00,0.00,0.00,0.00,0.00,0.00,0
1.09449,80,-9,319,0,DRIVE [ 22 ] [ 1 ] [ 1399 1881 1643 ] [    0    0    0 ] [      0      0      0 ] [ 0 ],drive [ 21 ] [ 0 ] [ 1405 1881 1646 ] [   54    3   27 ] [   4497   2471  12486 ] [ 0 ],1.00,1.00,1.00,1.00,80.14,-9.21,0.00,0.00,0.00,0.00,0.00,0.00,0.00,0.00,0.00,0.00,0.00,0.00,0.00,0.00,0.00,0
1.10724,80,-9,316,0,DRIVE [ 22 ] [ 1 ] [ 1393 1881 1640 ] [    0    0    0 ] [      0      0      0 ] [ 0 ],drive [ 22 ] [ 0 ] [ 1399 1881 1643 ] [   54    3   27 ] [   4497   2471  12486 ] [ 0 ],1.00,1.00,1.00,1.00,80.46,-9.15,0.00,0.00,0.00,0.00,0.00,0.00,0.00,0.00,0.00,0.00,0.00,0.00,0.00,0.00,0.00,0
1.11958,81,-9,313,0,DRIVE [ 23 ] [ 1 ] [ 1385 1881 1638 ] [    0    0    0 ] [      0      0      0 ] [ 0 ],drive [ 22 ] [ 0 ] [ 1393 1881 1640 ] [   54    3   27 ] [   4547   2425  12480 ] [ 0 ],1.00,1.00,1.00,1.00,80.88,-8.93,0.00,0.00,0.00,0.00,0.00,0.00,0.00,0.00,0.00,0.00,0.00,0.00,0.00,0.00,0.00,0
1.13231,81,-9,311,0,DRIVE [ 23 ] [ 1 ] [ 1377 1881 1637 ] [    0    0    0 ] [      0      0      0 ] [ 0 ],drive [ 23 ] [ 0 ] [ 1385 1881 1638 ] [   68   29   35 ] [   4547   2425  12480 ] [ 0 ],1.00,1.00,1.00,1.00,81.47,-8.52,0.00,0.00,0.00,0.00,0.00,0.00,0.00,0.00,0.00,0.00,0.00,0.00,0.00,0.00,0.00,0
1.14477,82,-8,307,0,DRIVE [ 24 ] [ 1 ] [ 1362 1881 1636 ] [    0    0    0 ] [      0      0      0 ] [ 0 ],drive [ 23 ] [ 0 ] [ 1377 1881 1637 ] [   68   29   35 ] [   4547   2425  12480 ] [ 0 ],1.00,1.00,1.00,1.00,82.36,-7.68,0.00,0.00,0.00,0.00,0.00,0.00,0.00,0.00,0.00,0.00,0.00,0.00,0.00,0.00,0.00,0
1.15812,83,-7,304,0,DRIVE [ 24 ] [ 1 ] [ 1347 1881 1635 ] [    0    0    0 ] [      0      0      0 ] [ 0 ],drive [ 24 ] [ 0 ] [ 1362 1881 1636 ] [   68   29   35 ] [   4547   2425  12480 ] [ 0 ],1.00,1.00,1.00,1.00,83.40,-6.83,0.00,0.00,0.00,0.00,0.00,0.00,0.00,0.00,0.00,0.00,0.00,0.00,0.00,0.00,0.00,0
1.17006,84,-6,300,0,DRIVE [ 25 ] [ 1 ] [ 1332 1881 1633 ] [    0    0    0 ] [      0      0      0 ] [ 0 ],drive [ 24 ] [ 0 ] [ 1347 1881 1635 ] [   68   29   35 ] [   4735   2333  12454 ] [ 0 ],1.00,1.00,1.00,1.00,84.10,-6.03,0.00,0.00,0.00,0.00,0.00,0.00,0.00,0.00,0.00,0.00,0.00,0.00,0.00,0.00,0.00,0
1.18243,85,-5,296,0,DRIVE [ 25 ] [ 1 ] [ 1317 1881 1631 ] [    0    0    0 ] [      0      0      0 ] [ 0 ],drive [ 25 ] [ 0 ] [ 1332 1881 1633 ] [   62   15   42 ] [   4735   2333  12454 ] [ 0 ],1.00,1.00,1.00,1.00,85.01,-5.33,0.00,0.00,0.00,0.00,0.00,0.00,0.00,0.00,0.00,0.00,0.00,0.00,0.00,0.00,0.00,0
1.19481,86,-5,293,0,DRIVE [ 26 ] [ 1 ] [ 1303 1881 1629 ] [    0    0    0 ] [      0      0      0 ] [ 0 ],drive [ 25 ] [ 0 ] [ 1317 1881 1631 ] [   62   15   42 ] [   4735   2333  12454 ] [ 0 ],1.00,1.00,1.00,1.00,85.84,-4.77,0.00,0.00,0.00,0.00,0.00,0.00,0.00,0.00,0.00,0.00,0.00,0.00,0.00,0.00,0.00,0
1.20661,86,-4,290,0,DRIVE [ 26 ] [ 1 ] [ 1290 1881 1630 ] [    0    0    0 ] [      0      0      0 ] [ 0 ],drive [ 26 ] [ 0 ] [ 1303 1881 1629 ] [   62   15   42 ] [   4735   2333  12454 ] [ 0 ],1.00,1.00,1.00,1.00,86.28,-3.82,0.00,0.00,0.00,0.00,0.00,0.00,0.00,0.00,0.00,0.00,0.00,0.00,0.00,0.00,0.00,0
1.21893,86,-2,285,0,DRIVE [ 27 ] [ 1 ] [ 1274 1881 1635 ] [    0    0    0 ] [      0      0      0 ] [ 0 ],drive [ 26 ] [ 0 ] [ 1290 1881 1630 ] [   62   15   42 ] [   4793   2155  12458 ] [ 0 ],1.00,1.00,1.00,1.00,86.22,-1.94,0.00,0.00,0.00,0.00,0.00,0.00,0.00,0.00,0.00,0.00,0.00,0.00,0.00,0.00,0.00,0
1.23112,86,0,281,0,DRIVE [ 27 ] [ 1 ] [ 1257 1881 1640 ] [    0    0    0 ] [      0      0      0 ] [ 0 ],drive [ 27 ] [ 0 ] [ 1274 1881 1635 ] [   62   15   42 ] [   4793   2155  12458 ] [ 0 ],1.00,1.00,1.00,1.00,86.22,-0.04,0.00,0.00,0.00,0.00,0.00,0.00,0.00,0.00,0.00,0.00,0.00,0.00,0.00,0.00,0.00,0
1.24302,86,2,276,0,DRIVE [ 28 ] [ 1 ] [ 1240 1881 1646 ] [    0    0    0 ] [      0      0      0 ] [ 0 ],drive [ 27 ] [ 0 ] [ 1257 1881 1640 ] [   59   16   40 ] [   4793   2155  12458 ] [ 0 ],1.00,1.00,1.00,1.00,85.86,1.82,0.00,0.00,0.00,0.00,0.00,0.00,0.00,0.00,0.00,0.00,0.00,0.00,0.00,0.00,0.00,0
1.25453,85,4,272,0,DRIVE [ 28 ] [ 1 ] [ 1223 1881 1652 ] [    0    0    0 ] [      0      0      0 ] [ 0 ],drive [ 28 ] [ 0 ] [ 1240 1881 1646 ] [   59   16   40 ] [   4793   2155  12458 ] [ 0 ],1.00,1.00,1.00,1.00,85.49,3.68,0.00,0.00,0.00,0.00,0.00,0.00,0.00,0.00,0.00,0.00,0.00,0.00,0.00,0.00,0.00,0
1.26657,85,5,269,0,DRIVE [ 29 ] [ 1 ] [ 1207 1881 1658 ] [    0    0    0 ] [      0      0      0 ] [ 0 ],drive [ 28 ] [ 0 ] [ 1223 1881 1652 ] [   59   16   40 ] [   4793   2155  12458 ] [ 0 ],1.00,1.00,1.00,1.00,85.40,5.45,0.00,0.00,0.00,0.00,0.00,0.00,0.00,0.00,0.00,0.00,0.00,0.00,0.00,0.00,0.00,0
1.27834,85,7,264,0,DRIVE [ 29 ] [ 1 ] [ 1189 1881 1664 ] [    0    0    0 ] [      0      0      0 ] [ 0 ],drive [ 29 ] [ 0 ] [ 1207 1881 1658 ] [   59   16   40 ] [   4889   2037  12448 ] [ 0 ],1.00,1.00,1.00,1.00,84.92,7.27,0.00,0.00,0.00,0.00,0.00,0.00,0.00,0.00,0.00,0.00,0.00,0.00,0.00,0.00,0.00,0
1.29086,85,9,260,0,DRIVE [ 30 ] [ 1 ] [ 1170 1881 1670 ] [    0    0    0 ] [      0      0      0 ] [ 0 ],drive [ 29 ] [ 0 ] [ 1189 1881 1664 ] [   70    1   48 ] [   4889   2037  12448 ] [ 0 ],1.00,1.00,1.00,1.00,84.71,9.06,0.00,0.00,0.00,0.00,0.00,0.00,0.00,0.00,0.00,0.00,0.00,0.00,0.00,0.00,0.00,0
1.30205,84,11,255,0,DRIVE [ 30 ] [ 1 ] [ 1151 1881 1674 ] [    0    0    0 ] [      0      0      0 ] [ 0 ],drive [ 30 ] [ 0 ] [ 1170 1881 1670 ] [   70    1   48 ] [   4889   2037  12448 ] [ 0 ],1.00,1.00,1.00,1.00,84.43,10.59,0.00,0.00,0.00,0.00,0.00,0.00,0.00,0.00,0.00,0.00,0.00,0.00,0.00,0.00,0.00,0
1.31374,84,12,251,0,DRIVE [ 31 ] [ 1 ] [ 1132 1881 1678 ] [    0    0    0 ] [      0      0      0 ] [ 0 ],drive [ 30 ] [ 0 ] [ 1151 1881 1674 ] [   70    1   48 ] [   4889   2037  12448 ] [ 0 ],1.00,1.00,1.00,1.00,84.41,12.01,0.00,0.00,0.00,0.00,0.00,0.00,0.00,0.00,0.00,0.00,0.00,0.00,0.00,0.00,0.00,0
1.32535,84,13,247,0,DRIVE [ 31 ] [ 1 ] [ 1115 1881 1682 ] [    0    0    0 ] [      0      0      0 ] [ 0 ],drive [ 31 ] [ 0 ] [ 1132 1881 1678 ] [   70    1   48 ] [   5145   1928  12368 ] [ 0 ],1.00,1.00,1.00,1.00,83.98,13.22,0.00,0.00,0.00,0.00,0.00,0.00,0.00,0.00,0.00,0.00,0.00,0.00,0.00,0.00,0.00,0
1.33658,83,15,243,0,DRIVE [ 32 ] [ 1 ] [ 1099 1881 1687 ] [    0    0    0 ] [      0      0      0 ] [ 0 ],drive [ 31 ] [ 0 ] [ 1115 1881 1682 ] [   95   19   37 ] [   5145   1928  12368 ] [ 0 ],1.00,1.00,1.00,1.00,83.46,14.52,0.00,0.00,0.00,0.00,0.00,0.00,0.00,0.00,0.00,0.00,0.00,0.00,0.00,0.00,0.00,0
1.34838,83,16,240,0,DRIVE [ 32 ] [ 1 ] [ 1086 1881 1692 ] [    0    0    0 ] [      0      0      0 ] [ 0 ],drive [ 32 ] [ 0 ] [ 1099 1881 1687 ] [   95   19   37 ] [   5145   1928  12368 ] [ 0 ],1.00,1.00,1.00,1.00,82.99,15.74,0.00,0.00,0.00,0.00,0.00,0.00,0.00,0.00,0.00,0.00,0.00,0.00,0.00,0.00,0.00,0
1.35975,82,17,236,0,DRIVE [ 33 ] [ 1 ] [ 1074 1881 1696 ] [    0    0    0 ] [      0      0      0 ] [ 0 ],drive [ 32 ] [ 0 ] [ 1086 1881 1692 ] [   95   19   37 ] [   5145   1928  12368 ] [ 0 ],1.00,1.00,1.00,1.00,82.03,16.58,0.00,0.00,0.00,0.00,0.00,0.00,0.00,0.00,0.00,0.00,0.00,0.00,0.00,0.00,0.00,0
1.37073,81,17,232,0,DRIVE [ 33 ] [ 1 ] [ 1064 1881 1700 ] [    0    0    0 ] [      0      0      0 ] [ 0 ],drive [ 33 ] [ 0 ] [ 1074 1881 1696 ] [   95   19   37 ] [   5544   1881  12209 ] [ 0 ],1.00,1.00,1.00,1.00,81.21,17.24,0.00,0.00,0.00,0.00,0.00,0.00,0.00,0.00,0.00,0.00,0.00,0.00,0.00,0.00,0.00,0
1.38416,80,18,229,0,DRIVE [ 34 ] [ 1 ] [ 1057 1881 1702 ] [    0    0    0 ] [      0      0      0 ] [ 0 ],drive [ 33 ] [ 0 ] [ 1064 1881 1700 ] [   86    8   18 ] [   5544   1881  12209 ] [ 0 ],1.00,1.00,1.00,1.00,80.26,17.68,0.00,0.00,0.00,0.00,0.00,0.00,0.00,0.00,0.00,0.00,0.00,0.00,0.00,0.00,0.00,0
1.39564,79,18,226,0,DRIVE [ 34 ] [ 1 ] [ 1050 1881 1705 ] [    0    0    0 ] [      0      0      0 ] [ 0 ],drive [ 34 ] [ 0 ] [ 1057 1881 1702 ] [   86    8   18 ] [   5544   1881  12209 ] [ 0 ],1.00,1.00,1.00,1.00,79.30,18.10,0.00,0.00,0.00,0.00,0.00,0.00,0.00,0.00,0.00,0.00,0.00,0.00,0.00,0.00,0.00,0
1.40659,78,18,222,0,DRIVE [ 35 ] [ 1 ] [ 1047 1881 1708 ] [    0    0    0 ] [      0      0      0 ] [ 0 ],drive [ 34 ] [ 0 ] [ 1050 1881 1705 ] [   86    8   18 ] [   5544   1881  12209 ] [ 0 ],1.00,1.00,1.00,1.00,77.99,18.39,0.00,0.00,0.00,0.00,0.00,0.00,0.00,0.00,0.00,0.00,0.00,0.00,0.00,0.00,0.00,0
1.41815,77,19,220,0,DRIVE [ 35 ] [ 1 ] [ 1046 1881 1712 ] [    0    0    0 ] [      0      0      0 ] [ 0 ],drive [ 35 ] [ 0 ] [ 1047 1881 1708 ] [   86    8   18 ] [   6234   1710  12034 ] [ 0 ],1.00,1.00,1.00,1.00,76.94,18.67,0.00,0.00,0.00,0.00,0.00,0.00,0.00,0.00,0.00,0.00,0.00,0.00,0.00,0.00,0.00,0
1.42936,75,19,217,0,DRIVE [ 36 ] [ 1 ] [ 1049 1881 1716 ] [    0    0    0 ] [      0      0      0 ] [ 0 ],drive [ 35 ] [ 0 ] [ 1046 1881 1712 ] [   86    8   18 ] [   6234   1710  12034 ] [ 0 ],1.00,1.00,1.00,1.00,75.22,18.79,0.00,0.00,0.00,0.00,0.00,0.00,0.00,0.00,0.00,0.00,0.00,0.00,-0.00,-0.00,0.00,0
1.44049,73,19,215,0,DRIVE [ 36 ] [ 1 ] [ 1053 1881 1721 ] [    0    0    0 ] [      0      0      0 ] [ 0 ],drive [ 36 ] [ 0 ] [ 1049 1881 1716 ] [  101   19   41 ] [   6234   1710  12034 ] [ 0 ],1.00,1.00,1.00,1.00,73.46,18.89,0.00,0.00,0.00,0.00,0.00,0.00,0.00,0.00,0.00,0.00,0.00,0.00,-0.00,-0.00,0.00,0
1.45136,72,19,213,0,DRIVE [ 37 ] [ 1 ] [ 1060 1881 1725 ] [    0    0    0 ] [      0      0      0 ] [ 0 ],drive [ 36 ] [ 0 ] [ 1053 1881 1721 ] [  101   19   41 ] [   6234   1710  12034 ] [ 0 ],1.00,1.00,1.00,1.00,71.85,18.90,0.00,0.00,0.00,0.00,0.00,0.00,0.00,0.00,0.00,0.00,0.00,0.00,-0.00,-0.00,0.00,0
1.46255,70,19,210,0,DRIVE [ 37 ] [ 1 ] [ 1069 1881 1730 ] [    0    0    0 ] [      0      0      0 ] [ 0 ],drive [ 37 ] [ 0 ] [ 1060 1881 1725 ] [  101   19   41 ] [   6234   1710  12034 ] [ 0 ],1.00,1.00,1.00,1.00,69.59,18.78,0.00,0.00,0.00,0.00,0.00,0.00,0.00,0.00,0.00,0.00,0.00,0.00,-0.00,-0.00,0.00,0
1.47316,67,19,207,0,DRIVE [ 38 ] [ 1 ] [ 1079 1881 1734 ] [    0    0    0 ] [      0      0      0 ] [ 0 ],drive [ 37 ] [ 0 ] [ 1069 1881 1730 ] [  101   19   41 ] [   6570   1703  11802 ] [ 0 ],1.00,1.00,1.00,1.00,67.43,18.52,0.00,0.00,0.00,0.00,0.00,0.00,0.00,0.00,0.00,0.00,0.00,0.00,-0.00,-0.00,0.00,0
1.48425,66,18,205,0,DRIVE [ 38 ] [ 1 ] [ 1090 1881 1737 ] [    0    0    0 ] [      0      0      0 ] [ 0 ],drive [ 38 ] [ 0 ] [ 1079 1881 1734 ] [   96   18   15 ] [   6570   1703  11802 ] [ 0 ],1.00,1.00,1.00,1.00,65.75,18.06,0.00,0.00,0.00,0.00,0.00,0.00,0.00,0.00,0.00,0.00,0.00,0.00,-0.00,-0.00,0.00,0
1.49523,64,17,201,0,DRIVE [ 39 ] [ 1 ] [ 1101 1881 1737 ] [    0    0    0 ] [      0      0      0 ] [ 0 ],drive [ 38 ] [ 0 ] [ 1090 1881 1737 ] [   96   18   15 ] [   6570   1703  11802 ] [ 0 ],1.00,1.00,1.00,1.00,63.88,17.25,0.00,0.00,0.00,0.00,0.00,0.00,0.00,0.00,0.00,0.00,0.00,0.00,-0.00,-0.00,0.00,0
1.50614,62,16,199,0,DRIVE [ 39 ] [ 1 ] [ 1113 1881 1736 ] [    0    0    0 ] [      0      0      0 ] [ 0 ],drive [ 39 ] [ 0 ] [ 1101 1881 1737 ] [   96   18   15 ] [   6570   1703  11802 ] [ 0 ],1.00,1.00,1.00,1.00,62.42,16.45,0.00,0.00,0.00,0.00,0.00,0.00,0.00,0.00,0.00,0.00,0.00,0.00,-0.00,-0.00,0.00,0
1.51672,61,16,196,0,DRIVE [ 40 ] [ 1 ] [ 1126 1881 1734 ] [    0    0    0 ] [      0      0      0 ] [ 0 ],drive [ 39 ] [ 0 ] [ 1113 1881 1736 ] [   96   18   15 ] [   6620   1701  11576 ] [ 0 ],1.00,1.00,1.00,1.00,61.02,15.55,0.00,0.00,0.00,0.00,0.00,0.00,0.00,0.00,0.00,0.00,0.00,0.00,-0.00,-0.00,0.00,0
1.52783,60,15,194,0,DRIVE [ 40 ] [ 1 ] [ 1138 1881 1733 ] [    0    0    0 ] [      0      0      0 ] [ 0 ],drive [ 40 ] [ 0 ] [ 1126 1881 1734 ] [   96   18   15 ] [   6620   1701  11576 ] [ 0 ],1.00,1.00,1.00,1.00,59.70,14.73,0.00,0.00,0.00,0.00,0.00,0.00,0.00,0.00,0.00,0.00,0.00,0.00,-0.00,-0.00,0.00,0
1.53849,58,14,193,0,DRIVE [ 41 ] [ 1 ] [ 1151 1881 1732 ] [    0    0    0 ] [      0      0      0 ] [ 0 ],drive [ 40 ] [ 0 ] [ 1138 1881 1733 ] [   79   13   34 ] [   6620   1701  11576 ] [ 0 ],1.00,1.00,1.00,1.00,58.33,13.98,0.00,0.00,0.00,0.00,0.00,0.00,0.00,0.00,0.00,0.00,0.00,0.00,-0.00,-0.00,0.00,0
1.55091,56,13,190,0,DRIVE [ 41 ] [ 1 ] [ 1169 1881 1733 ] [    0    0    0 ] [      0      0      0 ] [ 0 ],drive [ 41 ] [ 0 ] [ 1151 1881 1732 ] [   79   13   34 ] [   6620   1701  11576 ] [ 0 ],1.00,1.00,1.00,1.00,56.47,13.18,0.00,0.00,0.00,0.00,0.00,0.00,0.00,0.00,0.00,0.00,0.00,0.00,-0.00,-0.00,0.00,0
1.56169,55,13,188,0,DRIVE [ 42 ] [ 1 ] [ 1185 1881 1735 ] [    0    0    0 ] [      0      0      0 ] [ 0 ],drive [ 41 ] [ 0 ] [ 1169 1881 1733 ] [   79   13   34 ] [   6620   1701  11576 ] [ 0 ],1.00,1.00,1.00,1.00,54.62,12.65,0.00,0.00,0.00,0.00,0.00,0.00,0.00,0.00,0.00,0.00,0.00,0.00,-0.00,-0.00,0.00,0
1.57222,53,12,186,0,DRIVE [ 42 ] [ 1 ] [ 1201 1881 1740 ] [    0    0    0 ] [      0      0      0 ] [ 0 ],drive [ 42 ] [ 0 ] [ 1185 1881 1735 ] [   79   13   34 ] [   6695   1670  11504 ] [ 0 ],1.00,1.00,1.00,1.00,52.64,12.31,0.00,0.00,0.00,0.00,0.00,0.00,0.00,0.00,0.00,0.00,0.00,0.00,-0.00,-0.00,0.00,0
1.58258,50,12,184,0,DRIVE [ 43 ] [ 1 ] [ 1218 1881 1746 ] [    0    0    0 ] [      0      0      0 ] [ 0 ],drive [ 42 ] [ 0 ] [ 1201 1881 1740 ] [   73   17   23 ] [   6695   1670  11504 ] [ 0 ],1.00,1.00,1.00,1.00,50.33,12.03,0.00,0.00,0.00,0.00,0.00,0.00,0.00,0.00,0.00,0.00,0.00,0.00,-0.00,-0.00,0.00,0
1.59324,48,12,182,0,DRIVE [ 43 ] [ 1 ] [ 1236 1881 1753 ] [    0    0    0 ] [      0      0      0 ] [ 0 ],drive [ 43 ] [ 0 ] [ 1218 1881 1746 ] [   73   17   23 ] [   6695   1670  11504 ] [ 0 ],1.00,1.00,1.00,1.00,48.09,11.84,0.00,0.00,0.00,0.00,0.00,0.00,0.00,0.00,0.00,0.00,0.00,0.00,-0.00,-0.00,0.00,0
1.6046,46,12,180,0,DRIVE [ 44 ] [ 1 ] [ 1256 1881 1761 ] [    0    0    0 ] [      0      0      0 ] [ 0 ],drive [ 43 ] [ 0 ] [ 1236 1881 1753 ] [   73   17   23 ] [   6695   1670  11504 ] [ 0 ],1.00,1.00,1.00,1.00,45.64,11.70,0.00,0.00,0.00,0.00,0.00,0.00,0.00,0.00,0.00,0.00,0.00,0.00,-0.00,-0.00,0.00,0
1.61559,43,11,177,0,DRIVE [ 44 ] [ 1 ] [ 1279 1881 1768 ] [    0    0    0 ] [      0      0      0 ] [ 0 ],drive [ 44 ] [ 0 ] [ 1256 1881 1761 ] [   73   17   23 ] [   6694   1622  11381 ] [ 0 ],1.00,1.00,1.00,1.00,43.07,11.43,0.00,0.00,0.00,0.00,0.00,0.00,0.00,0.00,0.00,0.00,0.00,0.00,-0.00,-0.00,0.00,0
1.62609,41,11,176,0,DRIVE [ 45 ] [ 1 ] [ 1305 1881 1775 ] [    0    0    0 ] [      0      0      0 ] [ 0 ],drive [ 44 ] [ 0 ] [ 1279 1881 1768 ] [   73   17   23 ] [   6694   1622  11381 ] [ 0 ],1.00,1.00,1.00,1.00,40.58,10.96,0.00,0.00,0.00,0.00,0.00,0.00,0.00,0.00,0.00,0.00,0.00,0.00,-0.00,-0.00,0.00,0
1.63617,38,10,174,0,DRIVE [ 45 ] [ 1 ] [ 1334 1881 1781 ] [    0    0    0 ] [      0      0      0 ] [ 0 ],drive [ 45 ] [ 0 ] [ 1305 1881 1775 ] [   65   26   32 ] [   6694   1622  11381 ] [ 0 ],1.00,1.00,1.00,1.00,38.22,10.34,0.00,0.00,0.00,0.00,0.00,0.00,0.00,0.00,0.00,0.00,0.00,0.00,-0.00,-0.00,0.00,0
1.64675,36,10,173,0,DRIVE [ 46 ] [ 1 ] [ 1364 1881 1786 ] [    0    0    0 ] [      0      0      0 ] [ 0 ],drive [ 45 ] [ 0 ] [ 1334 1881 1781 ] [   65   26   32 ] [   6694   1622  11381 ] [ 0 ],1.00,1.00,1.00,1.00,35.71,9.61,0.00,0.00,0.00,0.00,0.00,0.00,0.00,0.00,0.00,0.00,0.00,0.00,-0.00,-0.00,0.00,0
1.65713,33,9,171,0,DRIVE [ 46 ] [ 1 ] [ 1397 1881 1792 ] [    0    0    0 ] [      0      0      0 ] [ 0 ],drive [ 46 ] [ 0 ] [ 1364 1881 1786 ] [   65   26   32 ] [   6694   1622  11381 ] [ 0 ],1.00,1.00,1.00,1.00,33.13,8.94,0.00,0.00,0.00,0.00,0.00,0.00,0.00,0.00,0.00,0.00,0.00,0.00,-0.00,-0.00,0.00,0
1.66702,30,8,170,0,DRIVE [ 47 ] [ 1 ] [ 1431 1881 1800 ] [    0    0    0 ] [      0      0      0 ] [ 0 ],drive [ 46 ] [ 0 ] [ 1397 1881 1792 ] [   65   26   32 ] [   6686   1618  11274 ] [ 0 ],1.00,1.00,1.00,1.00,30.42,8.29,0.00,0.00,0.00,0.00,0.00,0.00,0.00,0.00,0.00,0.00,0.00,0.00,-0.00,-0.00,0.00,0
1.67739,28,8,168,0,DRIVE [ 47 ] [ 1 ] [ 1466 1881 1809 ] [    0    0    0 ] [      0      0      0 ] [ 0 ],drive [ 47 ] [ 0 ] [ 1431 1881 1800 ] [   65   26   32 ] [   6686   1618  11274 ] [ 0 ],1.00,1.00,1.00,1.00,27.55,7.77,0.00,0.00,0.00,0.00,0.00,0.00,0.00,0.00,0.00,0.00,0.00,0.00,-0.00,-0.00,0.00,0
1.68716,25,7,166,0,DRIVE [ 48 ] [ 1 ] [ 1503 1881 1819 ] [    0    0    0 ] [      0      0      0 ] [ 0 ],drive [ 47 ] [ 0 ] [ 1466 1881 1809 ] [   48   28   28 ] [   6686   1618  11274 ] [ 0 ],1.00,1.00,1.00,1.00,24.55,7.32,0.00,0.00,0.00,0.00,0.00,0.00,0.00,0.00,0.00,0.00,0.00,0.00,-0.00,-0.00,0.00,0
1.69762,22,7,164,0,DRIVE [ 48 ] [ 1 ] [ 1539 1881 1830 ] [    0    0    0 ] [      0      0      0 ] [ 0 ],drive [ 48 ] [ 0 ] [ 1503 1881 1819 ] [   48   28   28 ] [   6686   1618  11274 ] [ 0 ],1.00,1.00,1.00,1.00,21.53,6.92,0.00,0.00,0.00,0.00,0.00,0.00,0.00,0.00,0.00,0.00,0.00,0.00,-0.00,-0.00,0.00,0
1.70792,18,7,162,0,DRIVE [ 49 ] [ 1 ] [ 1576 1881 1841 ] [    0    0    0 ] [      0      0      0 ] [ 0 ],drive [ 48 ] [ 0 ] [ 1539 1881 1830 ] [   48   28   28 ] [   6686   1618  11274 ] [ 0 ],1.00,1.00,1.00,1.00,18.48,6.53,0.00,0.00,0.00,0.00,0.00,0.00,0.00,0.00,0.00,0.00,0.00,0.00,-0.00,-0.00,0.00,0
1.71788,15,6,160,0,DRIVE [ 49 ] [ 1 ] [ 1614 1881 1852 ] [    0    0    0 ] [      0      0      0 ] [ 0 ],drive [ 49 ] [ 0 ] [ 1576 1881 1841 ] [   48   28   28 ] [   6668   1589  11266 ] [ 0 ],1.00,1.00,1.00,1.00,15.47,6.15,0.00,0.00,0.00,0.00,0.00,0.00,0.00,0.00,0.00,0.00,0.00,0.00,-0.00,-0.00,0.00,0
1.72833,13,6,159,0,DRIVE [ 50 ] [ 1 ] [ 1652 1881 1863 ] [    0    0    0 ] [      0      0      0 ] [ 0 ],drive [ 49 ] [ 0 ] [ 1614 1881 1852 ] [   48   28   28 ] [   6668   1589  11266 ] [ 0 ],1.00,1.00,1.00,1.00,12.54,5.71,0.00,0.00,0.00,0.00,0.00,0.00,0.00,0.00,0.00,0.00,0.00,0.00,-0.00,-0.00,0.00,0
1.73817,10,5,156,0,DRIVE [ 50 ] [ 1 ] [ 1691 1881 1873 ] [    0    0    0 ] [      0      0      0 ] [ 0 ],drive [ 50 ] [ 0 ] [ 1652 1881 1863 ] [   46   22    6 ] [   6668   1589  11266 ] [ 0 ],1.00,1.00,1.00,1.00,9.72,5.14,0.00,0.00,0.00,0.00,0.00,0.00,0.00,0.00,0.00,0.00,0.00,0.00,-0.00,-0.00,0.00,0
1.74861,7,4,155,0,DRIVE [ 51 ] [ 1 ] [ 1731 1881 1881 ] [    0    0    0 ] [      0      0      0 ] [ 0 ],drive [ 50 ] [ 0 ] [ 1691 1881 1873 ] [   46   22    6 ] [   6668   1589  11266 ] [ 0 ],1.00,1.00,1.00,1.00,7.04,4.40,0.00,0.00,0.00,0.00,0.00,0.00,0.00,0.00,0.00,0.00,0.00,0.00,-0.00,-0.00,0.00,0
1.759,5,3,153,0,DRIVE [ 51 ] [ 1 ] [ 1778 1882 1881 ] [    0    0    0 ] [      0      0      0 ] [ 0 ],drive [ 51 ] [ 0 ] [ 1731 1881 1881 ] [   46   22    6 ] [   6668   1589  11266 ] [ 0 ],1.00,1.00,1.00,1.00,4.53,3.47,0.00,0.00,0.00,0.00,0.00,0.00,0.00,0.00,0.00,0.00,0.00,0.00,-0.00,-0.00,0.00,0
1.7708,2,2,151,0,DRIVE [ 52 ] [ 1 ] [ 1828 1877 1881 ] [    0    0    0 ] [      0      0      0 ] [ 0 ],drive [ 51 ] [ 0 ] [ 1778 1882 1881 ] [   46   22    6 ] [   6471   1589  11096 ] [ 0 ],1.00,1.00,1.00,1.00,2.20,2.44,0.00,0.00,0.00,0.00,0.00,0.00,0.00,0.00,0.00,0.00,0.00,0.00,-0.00,-0.00,0.00,0
1.78302,0,1,149,0,DRIVE [ 52 ] [ 1 ] [ 1870 1871 1881 ] [    0    0    0 ] [      0      0      0 ] [ 0 ],drive [ 52 ] [ 0 ] [ 1828 1877 1881 ] [   26   21   16 ] [   6471   1589  11096 ] [ 0 ],1.00,1.00,1.00,1.00,0.06,1.42,0.00,0.00,0.00,0.00,0.00,0.00,0.00,0.00,0.00,0.00,0.00,0.00,-0.00,-0.00,0.00,0
1.79488,-2,1,147,0,DRIVE [ 53 ] [ 1 ] [ 1870 1852 1879 ] [    0    0    0 ] [      0      0      0 ] [ 0 ],drive [ 52 ] [ 0 ] [ 1870 1871 1881 ] [   26   21   16 ] [   6471   1589  11096 ] [ 0 ],1.00,1.00,1.00,1.00,-1.86,0.52,0.00,0.00,0.00,0.00,0.00,0.00,0.00,0.00,0.00,0.00,0.00,0.00,0.00,0.00,0.00,0
1.80445,-4,0,146,0,DRIVE [ 53 ] [ 1 ] [ 1870 1834 1863 ] [    0    0    0 ] [      0      0      0 ] [ 0 ],drive [ 53 ] [ 0 ] [ 1870 1852 1879 ] [   26   21   16 ] [   6471   1589  11096 ] [ 0 ],1.00,1.00,1.00,1.00,-3.59,-0.15,0.00,0.00,0.00,0.00,0.00,0.00,0.00,0.00,0.00,0.00,0.00,0.00,0.00,0.00,0.00,0
1.81503,-5,-1,144,0,DRIVE [ 54 ] [ 1 ] [ 1870 1817 1849 ] [    0    0    0 ] [      0      0      0 ] [ 0 ],drive [ 53 ] [ 0 ] [ 1870 1834 1863 ] [   26   21   16 ] [   6471   1589  11096 ] [ 0 ],1.00,1.00,1.00,1.00,-5.05,-0.71,0.00,0.00,0.00,0.00,0.00,0.00,0.00,0.00,0.00,0.00,0.00,0.00,0.00,0.00,0.00,0
1.82688,-6,-1,142,0,DRIVE [ 54 ] [ 1 ] [ 1870 1799 1836 ] [    0    0    0 ] [      0      0      0 ] [ 0 ],drive [ 54 ] [ 0 ] [ 1870 1817 1849 ] [   26   21   16 ] [   5849   1589  11051 ] [ 0 ],1.00,1.00,1.00,1.00,-6.41,-1.19,0.00,0.00,0.00,0.00,0.00,0.00,0.00,0.00,0.00,0.00,0.00,0.00,0.00,0.00,0.00,0
1.83885,-8,-2,141,0,DRIVE [ 55 ] [ 1 ] [ 1870 1783 1824 ] [    0    0    0 ] [      0      0      0 ] [ 0 ],drive [ 54 ] [ 0 ] [ 1870 1799 1836 ] [    7   27   28 ] [   5849   1589  11051 ] [ 0 ],1.00,1.00,1.00,1.00,-7.64,-1.61,0.00,0.00,0.00,0.00,0.00,0.00,0.00,0.00,0.00,0.00,0.00,0.00,0.00,0.00,0.00,0
1.85083,-9,-2,139,0,DRIVE [ 55 ] [ 1 ] [ 1870 1766 1813 ] [    0    0    0 ] [      0      0      0 ] [ 0 ],drive [ 55 ] [ 0 ] [ 1870 1783 1824 ] [    7   27   28 ] [   5849   1589  11051 ] [ 0 ],1.00,1.00,1.00,1.00,-8.85,-1.89,0.00,0.00,0.00,0.00,0.00,0.00,0.00,0.00,0.00,0.00,0.00,0.00,0.00,0.00,0.00,0
1.8627,-10,-2,137,0,DRIVE [ 56 ] [ 1 ] [ 1870 1747 1803 ] [    0    0    0 ] [      0      0      0 ] [ 0 ],drive [ 55 ] [ 0 ] [ 1870 1766 1813 ] [    7   27   28 ] [   5849   1589  11051 ] [ 0 ],1.00,1.00,1.00,1.00,-10.11,-2.09,0.00,0.00,0.00,0.00,0.00,0.00,0.00,0.00,0.00,0.00,0.00,0.00,0.00,0.00,0.00,0
1.87224,-11,-2,136,0,DRIVE [ 56 ] [ 1 ] [ 1870 1726 1792 ] [    0    0    0 ] [      0      0      0 ] [ 0 ],drive [ 56 ] [ 0 ] [ 1870 1747 1803 ] [    7   27   28 ] [   5431   1589  11139 ] [ 0 ],1.00,1.00,1.00,1.00,-11.47,-2.24,0.00,0.00,0.00,0.00,0.00,0.00,0.00,0.00,0.00,0.00,0.00,0.00,0.00,0.00,0.00,0
1.88295,-13,-2,135,0,DRIVE [ 57 ] [ 1 ] [ 1870 1704 1781 ] [    0    0    0 ] [      0      0      0 ] [ 0 ],drive [ 56 ] [ 0 ] [ 1870 1726 1792 ] [    6   34   16 ] [   5431   1589  11139 ] [ 0 ],1.00,1.00,1.00,1.00,-12.88,-2.42,0.00,0.00,0.00,0.00,0.00,0.00,0.00,0.00,0.00,0.00,0.00,0.00,0.00,0.00,0.00,0
1.89476,-15,-3,133,0,DRIVE [ 57 ] [ 1 ] [ 1870 1679 1767 ] [    0    0    0 ] [      0      0      0 ] [ 0 ],drive [ 57 ] [ 0 ] [ 1870 1704 1781 ] [    6   34   16 ] [   5431   1589  11139 ] [ 0 ],1.00,1.00,1.00,1.00,-14.51,-2.68,0.00,0.00,0.00,0.00,0.00,0.00,0.00,0.00,0.00,0.00,0.00,0.00,0.00,0.00,0.00,0
1.90668,-16,-3,132,0,DRIVE [ 58 ] [ 1 ] [ 1870 1652 1753 ] [    0    0    0 ] [      0      0      0 ] [ 0 ],drive [ 57 ] [ 0 ] [ 1870 1679 1767 ] [    6   34   16 ] [   5431   1589  11139 ] [ 0 ],1.00,1.00,1.00,1.00,-16.24,-2.96,0.00,0.00,0.00,0.00,0.00,0.00,0.00,0.00,0.00,0.00,0.00,0.00,0.00,0.00,0.00,0
1.91853,-18,-3,131,0,DRIVE [ 58 ] [ 1 ] [ 1870 1624 1738 ] [    0    0    0 ] [      0      0      0 ] [ 0 ],drive [ 58 ] [ 0 ] [ 1870 1652 1753 ] [    6   34   16 ] [   5423   1603  11148 ] [ 0 ],1.00,1.00,1.00,1.00,-17.99,-3.22,0.00,0.00,0.00,0.00,0.00,0.00,0.00,0.00,0.00,0.00,0.00,0.00,0.00,0.00,0.00,0
1.92854,-20,-3,129,0,DRIVE [ 59 ] [ 1 ] [ 1870 1596 1722 ] [    0    0    0 ] [      0      0      0 ] [ 0 ],drive [ 58 ] [ 0 ] [ 1870 1624 1738 ] [    6   34   16 ] [   5423   1603  11148 ] [ 0 ],1.00,1.00,1.00,1.00,-19.71,-3.47,0.00,0.00,0.00,0.00,0.00,0.00,0.00,0.00,0.00,0.00,0.00,0.00,0.00,0.00,0.00,0
1.93851,-21,-4,128,0,DRIVE [ 59 ] [ 1 ] [ 1870 1569 1708 ] [    0    0    0 ] [      0      0      0 ] [ 0 ],drive [ 59 ] [ 0 ] [ 1870 1596 1722 ] [    6   39   23 ] [   5423   1603  11148 ] [ 0 ],1.00,1.00,1.00,1.00,-21.32,-3.68,0.00,0.00,0.00,0.00,0.00,0.00,0.00,0.00,0.00,0.00,0.00,0.00,0.00,0.00,0.00,0
1.95082,-23,-4,126,0,DRIVE [ 60 ] [ 1 ] [ 1870 1543 1696 ] [    0    0    0 ] [      0      0      0 ] [ 0 ],drive [ 59 ] [ 0 ] [ 1870 1569 1708 ] [    6   39   23 ] [   5423   1603  11148 ] [ 0 ],1.00,1.00,1.00,1.00,-22.74,-3.82,0.00,0.00,0.00,0.00,0.00,0.00,0.00,0.00,0.00,0.00,0.00,0.00,0.00,0.00,0.00,0
1.96291,-24,-4,125,0,DRIVE [ 60 ] [ 1 ] [ 1870 1519 1687 ] [    0    0    0 ] [      0      0      0 ] [ 0 ],drive [ 60 ] [ 0 ] [ 1870 1543 1696 ] [    6   39   23 ] [   5423   1603  11148 ] [ 0 ],1.00,1.00,1.00,1.00,-23.99,-3.77,0.00,0.00,0.00,0.00,0.00,0.00,0.00,0.00,0.00,0.00,0.00,0.00,0.00,0.00,0.00,0
1.97546,-25,-4,123,0,DRIVE [ 61 ] [ 1 ] [ 1870 1495 1680 ] [    0    0    0 ] [      0      0      0 ] [ 0 ],drive [ 60 ] [ 0 ] [ 1870 1519 1687 ] [    6   39   23 ] [   5418   1687  11222 ] [ 0 ],1.00,1.00,1.00,1.00,-25.10,-3.56,0.00,0.00,0.00,0.00,0.00,0.00,0.00,0.00,0.00,0.00,0.00,0.00,0.00,0.00,0.00,0
1.98632,-26,-3,122,0,DRIVE [ 61 ] [ 1 ] [ 1870 1474 1676 ] [    0    0    0 ] [      0      0      0 ] [ 0 ],drive [ 61 ] [ 0 ] [ 1870 1495 1680 ] [   13   59   39 ] [   5418   1687  11222 ] [ 0 ],1.00,1.00,1.00,1.00,-25.99,-3.24,0.00,0.00,0.00,0.00,0.00,0.00,0.00,0.00,0.00,0.00,0.00,0.00,0.00,0.00,0.00,0
1.9963,-27,-3,121,0,DRIVE [ 62 ] [ 1 ] [ 1870 1457 1673 ] [    0    0    0 ] [      0      0      0 ] [ 0 ],drive [ 61 ] [ 0 ] [ 1870 1474 1676 ] [   13   59   39 ] [   5418   1687  11222 ] [ 0 ],1.00,1.00,1.00,1.00,-26.59,-2.98,0.00,0.00,0.00,0.00,0.00,0.00,0.00,0.00,0.00,0.00,0.00,0.00,0.00,0.00,0.00,0
2.00652,-27,-3,120,0,DRIVE [ 62 ] [ 1 ] [ 1870 1446 1672 ] [    0    0    0 ] [      0      0      0 ] [ 0 ],drive [ 62 ] [ 0 ] [ 1870 1457 1673 ] [   13   59   39 ] [   5418   1687  11222 ] [ 0 ],1.00,1.00,1.00,1.00,-26.86,-2.79,0.00,0.00,0.00,0.00,0.00,0.00,0.00,0.00,0.00,0.00,0.00,0.00,0.00,0.00,0.00,0
2.01882,-27,-3,118,0,DRIVE [ 63 ] [ 1 ] [ 1870 1440 1673 ] [    0    0    0 ] [      0      0      0 ] [ 0 ],drive [ 62 ] [ 0 ] [ 1870 1446 1672 ] [   13   59   39 ] [   5257   2019  11281 ] [ 0 ],1.00,1.00,1.00,1.00,-26.83,-2.55,0.00,0.00,0.00,0.00,0.00,0.00,0.00,0.00,0.00,0.00,0.00,0.00,0.00,0.00,0.00,0
2.03075,-27,-2,117,0,DRIVE [ 63 ] [ 1 ] [ 1870 1437 1676 ] [    0    0    0 ] [      0      0      0 ] [ 0 ],drive [ 63 ] [ 0 ] [ 1870 1440 1673 ] [   13   59   39 ] [   5257   2019  11281 ] [ 0 ],1.00,1.00,1.00,1.00,-26.58,-2.25,0.00,0.00,0.00,0.00,0.00,0.00,0.00,0.00,0.00,0.00,0.00,0.00,0.00,0.00,0.00,0
2.04255,-26,-2,116,0,DRIVE [ 64 ] [ 1 ] [ 1870 1435 1681 ] [    0    0    0 ] [      0      0      0 ] [ 0 ],drive [ 63 ] [ 0 ] [ 1870 1437 1676 ] [   20   48   45 ] [   5257   2019  11281 ] [ 0 ],1.00,1.00,1.00,1.00,-26.19,-1.82,0.00,0.00,0.00,0.00,0.00,0.00,0.00,0.00,0.00,0.00,0.00,0.00,0.00,0.00,0.00,0
2.0544,-26,-1,115,0,DRIVE [ 64 ] [ 1 ] [ 1870 1432 1689 ] [    0    0    0 ] [      0      0      0 ] [ 0 ],drive [ 64 ] [ 0 ] [ 1870 1435 1681 ] [   20   48   45 ] [   5257   2019  11281 ] [ 0 ],1.00,1.00,1.00,1.00,-25.81,-1.25,0.00,0.00,0.00,0.00,0.00,0.00,0.00,0.00,0.00,0.00,0.00,0.00,0.00,0.00,0.00,0
2.06434,-25,-1,113,0,DRIVE [ 65 ] [ 1 ] [ 1870 1426 1697 ] [    0    0    0 ] [      0      0      0 ] [ 0 ],drive [ 64 ] [ 0 ] [ 1870 1432 1689 ] [   20   48   45 ] [   5257   2019  11281 ] [ 0 ],1.00,1.00,1.00,1.00,-25.42,-0.61,0.00,0.00,0.00,0.00,0.00,0.00,0.00,0.00,0.00,0.00,0.00,0.00,0.00,0.00,0.00,0
2.07486,-25,0,112,0,DRIVE [ 65 ] [ 1 ] [ 1870 1420 1704 ] [    0    0    0 ] [      0      0      0 ] [ 0 ],drive [ 65 ] [ 0 ] [ 1870 1426 1697 ] [   20   48   45 ] [   5082   2124  11366 ] [ 0 ],1.00,1.00,1.00,1.00,-25.08,0.03,0.00,0.00,0.00,0.00,0.00,0.00,0.00,0.00,0.00,0.00,0.00,0.00,0.00,0.00,0.00,0
2.08675,-25,1,111,0,DRIVE [ 66 ] [ 1 ] [ 1870 1413 1711 ] [    0    0    0 ] [      0      0      0 ] [ 0 ],drive [ 65 ] [ 0 ] [ 1870 1420 1704 ] [    5   47   19 ] [   5082   2124  11366 ] [ 0 ],1.00,1.00,1.00,1.00,-24.82,0.63,0.00,0.00,0.00,0.00,0.00,-0.00,0.00,0.00,0.00,0.00,0.00,0.00,0.00,0.00,0.00,0
2.09883,-25,1,110,0,DRIVE [ 66 ] [ 1 ] [ 1870 1405 1717 ] [    0    0    0 ] [      0      0      0 ] [ 0 ],drive [ 66 ] [ 0 ] [ 1870 1413 1711 ] [    5   47   19 ] [   5082   2124  11366 ] [ 0 ],1.00,1.00,1.00,1.00,-24.58,1.15,0.00,0.00,0.00,0.00,0.00,-0.00,0.00,0.00,0.00,0.00,0.00,0.00,0.00,0.00,0.00,0
2.11065,-24,2,108,0,DRIVE [ 67 ] [ 1 ] [ 1870 1397 1723 ] [    0    0    0 ] [      0      0      0 ] [ 0 ],drive [ 66 ] [ 0 ] [ 1870 1405 1717 ] [    5   47   19 ] [   5082   2124  11366 ] [ 0 ],1.00,1.00,1.00,1.00,-24.38,1.64,0.00,0.00,0.00,0.00,0.00,-0.00,0.00,0.00,0.00,0.00,0.00,0.00,0.00,0.00,0.00,0
2.12105,-24,2,107,0,DRIVE [ 67 ] [ 1 ] [ 1870 1390 1727 ] [    0    0    0 ] [      0      0      0 ] [ 0 ],drive [ 67 ] [ 0 ] [ 1870 1397 1723 ] [    5   47   19 ] [   5080   2143  11354 ] [ 0 ],1.00,1.00,1.00,1.00,-24.15,2.05,0.00,0.00,0.00,0.00,0.00,-0.00,0.00,0.00,0.00,0.00,0.00,0.00,0.00,0.00,0.00,0
2.13049,-24,2,106,0,DRIVE [ 68 ] [ 1 ] [ 1870 1384 1732 ] [    0    0    0 ] [      0      0      0 ] [ 0 ],drive [ 67 ] [ 0 ] [ 1870 1390 1727 ] [    4   65   20 ] [   5080   2143  11354 ] [ 0 ],1.00,1.00,1.00,1.00,-23.85,2.43,0.00,0.00,0.00,0.00,0.00,-0.00,0.00,0.00,0.00,0.00,0.00,0.00,0.00,0.00,0.00,0
2.14233,-23,3,104,0,DRIVE [ 68 ] [ 1 ] [ 1870 1380 1738 ] [    0    0    0 ] [      0      0      0 ] [ 0 ],drive [ 68 ] [ 0 ] [ 1870 1384 1732 ] [    4   65   20 ] [   5080   2143  11354 ] [ 0 ],1.00,1.00,1.00,1.00,-23.44,2.81,0.00,0.00,0.00,0.00,0.00,-0.00,0.00,0.00,0.00,0.00,0.00,0.00,0.00,0.00,0.00,0
2.15461,-23,3,103,0,DRIVE [ 69 ] [ 1 ] [ 1870 1378 1744 ] [    0    0    0 ] [      0      0      0 ] [ 0 ],drive [ 68 ] [ 0 ] [ 1870 1380 1738 ] [    4   65   20 ] [   5080   2143  11354 ] [ 0 ],1.00,1.00,1.00,1.00,-22.93,3.17,0.00,0.00,0.00,0.00,0.00,-0.00,0.00,0.00,0.00,0.00,0.00,0.00,0.00,0.00,0.00,0
2.16696,-22,3,102,0,DRIVE [ 69 ] [ 1 ] [ 1870 1380 1752 ] [    0    0    0 ] [      0      0      0 ] [ 0 ],drive [ 69 ] [ 0 ] [ 1870 1378 1744 ] [    4   65   20 ] [   5035   2294  11348 ] [ 0 ],1.00,1.00,1.00,1.00,-22.21,3.50,0.00,0.00,0.00,0.00,0.00,-0.00,0.00,0.00,0.00,0.00,0.00,0.00,0.00,0.00,0.00,0
2.17889,-21,4,100,0,DRIVE [ 70 ] [ 1 ] [ 1870 1385 1761 ] [    0    0    0 ] [      0      0      0 ] [ 0 ],drive [ 69 ] [ 0 ] [ 1870 1380 1752 ] [    4   65   20 ] [   5035   2294  11348 ] [ 0 ],1.00,1.00,1.00,1.00,-21.35,3.84,0.00,0.00,0.00,0.00,0.00,-0.00,0.00,0.00,0.00,0.00,0.00,0.00,0.00,0.00,0.00,0
2.18875,-20,4,99,0,DRIVE [ 70 ] [ 1 ] [ 1870 1393 1771 ] [    0    0    0 ] [      0      0      0 ] [ 0 ],drive [ 70 ] [ 0 ] [ 1870 1385 1761 ] [    8   53   20 ] [   5035   2294  11348 ] [ 0 ],1.00,1.00,1.00,1.00,-20.33,4.17,0.00,0.00,0.00,0.00,0.00,-0.00,0.00,0.00,0.00,0.00,0.00,0.00,0.00,0.00,0.00,0
2.19855,-19,4,98,0,DRIVE [ 71 ] [ 1 ] [ 1870 1403 1782 ] [    0    0    0 ] [      0      0      0 ] [ 0 ],drive [ 70 ] [ 0 ] [ 1870 1393 1771 ] [    8   53   20 ] [   5035   2294  11348 ] [ 0 ],1.00,1.00,1.00,1.00,-19.22,4.48,0.00,0.00,0.00,0.00,0.00,-0.00,0.00,0.00,0.00,0.00,0.00,0.00,0.00,0.00,0.00,0
2.2109,-18,5,96,0,DRIVE [ 71 ] [ 1 ] [ 1870 1414 1794 ] [    0    0    0 ] [      0      0      0 ] [ 0 ],drive [ 71 ] [ 0 ] [ 1870 1403 1782 ] [    8   53   20 ] [   5035   2294  11348 ] [ 0 ],1.00,1.00,1.00,1.00,-18.05,4.80,0.00,0.00,0.00,0.00,0.00,-0.00,0.00,0.00,0.00,0.00,0.00,0.00,0.00,0.00,0.00,0
2.22245,-17,5,95,0,DRIVE [ 72 ] [ 1 ] [ 1870 1425 1807 ] [    0    0    0 ] [      0      0      0 ] [ 0 ],drive [ 71 ] [ 0 ] [ 1870 1414 1794 ] [    8   53   20 ] [   4942   2374  11343 ] [ 0 ],1.00,1.00,1.00,1.00,-16.87,5.12,0.00,0.00,0.00,0.00,0.00,-0.00,0.00,0.00,0.00,0.00,0.00,0.00,0.00,0.00,0.00,0
2.23472,-16,5,94,0,DRIVE [ 72 ] [ 1 ] [ 1870 1435 1820 ] [    0    0    0 ] [      0      0      0 ] [ 0 ],drive [ 72 ] [ 0 ] [ 1870 1425 1807 ] [   18   56   20 ] [   4942   2374  11343 ] [ 0 ],1.00,1.00,1.00,1.00,-15.67,5.47,0.00,0.00,0.00,0.00,0.00,-0.00,0.00,0.00,0.00,0.00,0.00,0.00,0.00,0.00,0.00,0
2.2447,-14,6,92,0,DRIVE [ 73 ] [ 1 ] [ 1870 1445 1834 ] [    0    0    0 ] [      0      0      0 ] [ 0 ],drive [ 72 ] [ 0 ] [ 1870 1435 1820 ] [   18   56   20 ] [   4942   2374  11343 ] [ 0 ],1.00,1.00,1.00,1.00,-14.47,5.86,0.00,0.00,0.00,0.00,0.00,-0.00,0.00,0.00,0.00,0.00,0.00,0.00,0.00,0.00,0.00,0
2.25479,-13,6,91,0,DRIVE [ 73 ] [ 1 ] [ 1870 1453 1848 ] [    0    0    0 ] [      0      0      0 ] [ 0 ],drive [ 73 ] [ 0 ] [ 1870 1445 1834 ] [   18   56   20 ] [   4942   2374  11343 ] [ 0 ],1.00,1.00,1.00,1.00,-13.23,6.27,0.00,0.00,0.00,0.00,0.00,-0.00,0.00,0.00,0.00,0.00,0.00,0.00,0.00,-0.00,0.00,0
2.26652,-12,7,89,0,DRIVE [ 74 ] [ 1 ] [ 1870 1460 1863 ] [    0    0    0 ] [      0      0      0 ] [ 0 ],drive [ 73 ] [ 0 ] [ 1870 1453 1848 ] [   18   56   20 ] [   4931   2374  11339 ] [ 0 ],1.00,1.00,1.00,1.00,-11.98,6.65,0.00,0.00,0.00,0.00,0.00,-0.00,0.00,0.00,0.00,0.00,0.00,0.00,0.00,-0.00,0.00,0
2.27878,-11,7,88,0,DRIVE [ 74 ] [ 1 ] [ 1870 1469 1878 ] [    0    0    0 ] [      0      0      0 ] [ 0 ],drive [ 74 ] [ 0 ] [ 1870 1460 1863 ] [   18   56   20 ] [   4931   2374  11339 ] [ 0 ],1.00,1.00,1.00,1.00,-10.72,6.97,0.00,0.00,0.00,0.00,0.00,-0.00,0.00,0.00,0.00,0.00,0.00,0.00,0.00,-0.00,0.00,0
2.29077,-9,7,87,0,DRIVE [ 75 ] [ 1 ] [ 1876 1495 1878 ] [    0    0    0 ] [      0      0      0 ] [ 0 ],drive [ 74 ] [ 0 ] [ 1870 1469 1878 ] [   28   52   25 ] [   4931   2374  11339 ] [ 0 ],1.00,1.00,1.00,1.00,-9.42,7.21,0.00,0.00,0.00,0.00,0.00,-0.00,0.00,0.00,0.00,0.00,0.00,0.00,0.00,-0.00,0.00,0
2.30237,-8,7,85,0,DRIVE [ 75 ] [ 1 ] [ 1860 1537 1878 ] [    0    0    0 ] [      0      0      0 ] [ 0 ],drive [ 75 ] [ 0 ] [ 1876 1495 1878 ] [   28   52   25 ] [   4931   2374  11339 ] [ 0 ],1.00,1.00,1.00,1.00,-8.06,7.35,0.00,0.00,0.00,0.00,0.00,-0.00,0.00,0.00,0.00,0.00,0.00,0.00,0.00,-0.00,0.00,0
2.31232,-7,7,84,0,DRIVE [ 76 ] [ 1 ] [ 1844 1580 1878 ] [    0    0    0 ] [      0      0      0 ] [ 0 ],drive [ 75 ] [ 0 ] [ 1860 1537 1878 ] [   28   52   25 ] [   4931   2374  11339 ] [ 0 ],1.00,1.00,1.00,1.00,-6.66,7.42,0.00,0.00,0.00,0.00,0.00,-0.00,0.00,0.00,0.00,0.00,0.00,0.00,0.00,-0.00,0.00,0
2.32266,-5,8,83,0,DRIVE [ 76 ] [ 1 ] [ 1826 1619 1878 ] [    0    0    0 ] [      0      0      0 ] [ 0 ],drive [ 76 ] [ 0 ] [ 1844 1580 1878 ] [   28   52   25 ] [   4885   2374  11266 ] [ 0 ],1.00,1.00,1.00,1.00,-5.29,7.50,0.00,0.00,0.00,0.00,0.00,-0.00,0.00,0.00,0.00,0.00,0.00,0.00,0.00,-0.00,0.00,0
2.33438,-4,8,81,0,DRIVE [ 77 ] [ 1 ] [ 1809 1655 1878 ] [    0    0    0 ] [      0      0      0 ] [ 0 ],drive [ 76 ] [ 0 ] [ 1826 1619 1878 ] [   18   39   12 ] [   4885   2374  11266 ] [ 0 ],1.00,1.00,1.00,1.00,-3.95,7.55,0.00,0.00,0.00,0.00,0.00,-0.00,0.00,0.00,0.00,0.00,0.00,0.00,0.00,-0.00,0.00,0
2.3473,-3,8,80,0,DRIVE [ 77 ] [ 1 ] [ 1789 1688 1878 ] [    0    0    0 ] [      0      0      0 ] [ 0 ],drive [ 77 ] [ 0 ] [ 1809 1655 1878 ] [   18   39   12 ] [   4885   2374  11266 ] [ 0 ],1.00,1.00,1.00,1.00,-2.62,7.58,0.00,0.00,0.00,0.00,0.00,-0.00,0.00,0.00,0.00,0.00,0.00,0.00,0.00,-0.00,0.00,0
2.35871,-1,8,79,0,DRIVE [ 78 ] [ 1 ] [ 1768 1717 1878 ] [    0    0    0 ] [      0      0      0 ] [ 0 ],drive [ 77 ] [ 0 ] [ 1789 1688 1878 ] [   18   39   12 ] [   4885   2374  11266 ] [ 0 ],1.00,1.00,1.00,1.00,-1.30,7.58,0.00,0.00,0.00,0.00,0.00,-0.00,0.00,0.00,0.00,0.00,0.00,0.00,0.00,0.00,0.00,0
2.37051,0,8,78,0,DRIVE [ 78 ] [ 1 ] [ 1742 1743 1878 ] [    0    0    0 ] [      0      0      0 ] [ 0 ],drive [ 78 ] [ 0 ] [ 1768 1717 1878 ] [   18   39   12 ] [   4888   2359  11266 ] [ 0 ],1.00,1.00,1.00,1.00,0.02,7.56,0.00,0.00,0.00,0.00,0.00,-0.00,0.00,0.00,0.00,0.00,0.00,0.00,0.00,0.00,0.00,0
2.38055,1,8,76,0,DRIVE [ 79 ] [ 1 ] [ 1713 1764 1878 ] [    0    0    0 ] [      0      0      0 ] [ 0 ],drive [ 78 ] [ 0 ] [ 1742 1743 1878 ] [   30   21   11 ] [   4888   2359  11266 ] [ 0 ],1.00,1.00,1.00,1.00,1.29,7.55,0.00,0.00,0.00,0.00,0.00,-0.00,0.00,0.00,0.00,0.00,0.00,0.00,0.00,0.00,0.00,0
2.39069,3,8,75,0,DRIVE [ 79 ] [ 1 ] [ 1678 1781 1878 ] [    0    0    0 ] [      0      0      0 ] [ 0 ],drive [ 79 ] [ 0 ] [ 1713 1764 1878 ] [   30   21   11 ] [   4888   2359  11266 ] [ 0 ],1.00,1.00,1.00,1.00,2.51,7.57,0.00,0.00,0.00,0.00,0.00,-0.00,0.00,0.00,0.00,0.00,0.00,0.00,0.00,0.00,0.00,0
2.40271,4,8,74,0,DRIVE [ 80 ] [ 1 ] [ 1641 1796 1878 ] [    0    0    0 ] [      0      0      0 ] [ 0 ],drive [ 79 ] [ 0 ] [ 1678 1781 1878 ] [   30   21   11 ] [   4888   2359  11266 ] [ 0 ],1.00,1.00,1.00,1.00,3.67,7.59,0.00,0.00,0.00,0.00,0.00,-0.00,0.00,0.00,0.00,0.00,0.00,0.00,0.00,0.00,0.00,0
2.41471,5,8,73,0,DRIVE [ 80 ] [ 1 ] [ 1599 1810 1878 ] [    0    0    0 ] [      0      0      0 ] [ 0 ],drive [ 80 ] [ 0 ] [ 1641 1796 1878 ] [   30   21   11 ] [   4888   2359  11266 ] [ 0 ],1.00,1.00,1.00,1.00,4.79,7.62,0.00,0.00,0.00,0.00,0.00,-0.00,0.00,0.00,0.00,0.00,0.00,0.00,0.00,0.00,0.00,0
2.4267,6,8,72,0,DRIVE [ 81 ] [ 1 ] [ 1555 1823 1878 ] [    0    0    0 ] [      0      0      0 ] [ 0 ],drive [ 80 ] [ 0 ] [ 1599 1810 1878 ] [   30   21   11 ] [   4923   2331  11267 ] [ 0 ],1.00,1.00,1.00,1.00,5.88,7.65,0.00,0.00,0.00,0.00,0.00,-0.00,0.00,0.00,0.00,0.00,0.00,0.00,0.00,0.00,0.00,0
2.43619,7,8,71,0,DRIVE [ 81 ] [ 1 ] [ 1508 1835 1878 ] [    0    0    0 ] [      0      0      0 ] [ 0 ],drive [ 81 ] [ 0 ] [ 1555 1823 1878 ] [   49   29   13 ] [   4923   2331  11267 ] [ 0 ],1.00,1.00,1.00,1.00,6.94,7.65,0.00,0.00,0.00,0.00,0.00,-0.00,0.00,0.00,0.00,0.00,0.00,0.00,0.00,0.00,0.00,0
2.44677,8,8,70,0,DRIVE [ 82 ] [ 1 ] [ 1463 1847 1878 ] [    0    0    0 ] [      0      0      0 ] [ 0 ],drive [ 81 ] [ 0 ] [ 1508 1835 1878 ] [   49   29   13 ] [   4923   2331  11267 ] [ 0 ],1.00,1.00,1.00,1.00,7.90,7.66,0.00,0.00,0.00,0.00,0.00,-0.00,0.00,0.00,0.00,0.00,0.00,0.00,0.00,0.00,0.00,0
2.45864,9,8,68,0,DRIVE [ 82 ] [ 1 ] [ 1416 1858 1878 ] [    0    0    0 ] [      0      0      0 ] [ 0 ],drive [ 82 ] [ 0 ] [ 1463 1847 1878 ] [   49   29   13 ] [   4923   2331  11267 ] [ 0 ],1.00,1.00,1.00,1.00,8.82,7.63,0.00,0.00,0.00,0.00,0.00,-0.00,0.00,0.00,0.00,0.00,0.00,0.00,0.00,0.00,0.00,0
2.47063,10,8,67,0,DRIVE [ 83 ] [ 1 ] [ 1374 1869 1878 ] [    0    0    0 ] [      0      0      0 ] [ 0 ],drive [ 82 ] [ 0 ] [ 1416 1858 1878 ] [   49   29   13 ] [   5213   2195  11253 ] [ 0 ],1.00,1.00,1.00,1.00,9.61,7.57,0.00,0.00,0.00,0.00,0.00,-0.00,0.00,0.00,0.00,0.00,0.00,0.00,0.00,0.00,0.00,0
2.48312,10,8,66,0,DRIVE [ 83 ] [ 1 ] [ 1338 1878 1878 ] [    0    0    0 ] [      0      0      0 ] [ 0 ],drive [ 83 ] [ 0 ] [ 1374 1869 1878 ] [   63   29   10 ] [   5213   2195  11253 ] [ 0 ],1.00,1.00,1.00,1.00,10.22,7.50,0.00,0.00,0.00,0.00,0.00,-0.00,0.00,0.00,0.00,0.00,0.00,0.00,0.00,0.00,0.00,0
2.49471,11,7,65,0,DRIVE [ 84 ] [ 1 ] [ 1313 1878 1884 ] [    0    0    0 ] [      0      0      0 ] [ 0 ],drive [ 83 ] [ 0 ] [ 1338 1878 1878 ] [   63   29   10 ] [   5213   2195  11253 ] [ 0 ],1.00,1.00,1.00,1.00,10.65,7.39,0.00,0.00,0.00,0.00,0.00,-0.00,0.00,0.00,0.00,0.00,0.00,0.00,0.00,0.00,0.00,0
2.50614,11,7,65,0,DRIVE [ 84 ] [ 1 ] [ 1306 1878 1876 ] [    0    0    0 ] [      0      0      0 ] [ 0 ],drive [ 84 ] [ 0 ] [ 1313 1878 1884 ] [   63   29   10 ] [   5213   2195  11253 ] [ 0 ],1.00,1.00,1.00,1.00,10.96,7.18,0.00,0.00,0.00,0.00,0.00,-0.00,0.00,0.00,0.00,0.00,0.00,0.00,0.00,0.00,0.00,0
2.51572,11,7,64,0,DRIVE [ 85 ] [ 1 ] [ 1310 1878 1867 ] [    0    0    0 ] [      0      0      0 ] [ 0 ],drive [ 84 ] [ 0 ] [ 1306 1878 1876 ] [   63   29   10 ] [   5861   1912  11133 ] [ 0 ],1.00,1.00,1.00,1.00,11.17,6.80,0.00,0.00,0.00,0.00,0.00,-0.00,0.00,0.00,0.00,0.00,0.00,0.00,0.00,0.00,0.00,0
2.52668,11,6,63,0,DRIVE [ 85 ] [ 1 ] [ 1323 1878 1858 ] [    0    0    0 ] [      0      0      0 ] [ 0 ],drive [ 85 ] [ 0 ] [ 1310 1878 1867 ] [   63   29   10 ] [   5861   1912  11133 ] [ 0 ],1.00,1.00,1.00,1.00,11.22,6.28,0.00,0.00,0.00,0.00,0.00,-0.00,0.00,0.00,0.00,0.00,0.00,0.00,0.00,0.00,0.00,0
2.53982,11,6,63,0,DRIVE [ 86 ] [ 1 ] [ 1344 1878 1846 ] [    0    0    0 ] [      0      0      0 ] [ 0 ],drive [ 85 ] [ 0 ] [ 1323 1878 1858 ] [   59    8   20 ] [   5861   1912  11133 ] [ 0 ],1.00,1.00,1.00,1.00,11.19,5.62,0.00,0.00,0.00,0.00,0.00,-0.00,0.00,0.00,0.00,0.00,0.00,0.00,0.00,0.00,0.00,0
2.55077,11,5,62,0,DRIVE [ 86 ] [ 1 ] [ 1371 1878 1834 ] [    0    0    0 ] [      0      0      0 ] [ 0 ],drive [ 86 ] [ 0 ] [ 1344 1878 1846 ] [   59    8   20 ] [   5861   1912  11133 ] [ 0 ],1.00,1.00,1.00,1.00,11.05,4.86,0.00,0.00,0.00,0.00,0.00,-0.00,0.00,0.00,0.00,0.00,0.00,0.00,0.00,0.00,0.00,0
2.56264,11,4,61,0,DRIVE [ 87 ] [ 1 ] [ 1402 1878 1820 ] [    0    0    0 ] [      0      0      0 ] [ 0 ],drive [ 86 ] [ 0 ] [ 1371 1878 1834 ] [   59    8   20 ] [   5861   1912  11133 ] [ 0 ],1.00,1.00,1.00,1.00,10.87,4.01,0.00,0.00,0.00,0.00,0.00,-0.00,0.00,0.00,0.00,0.00,0.00,0.00,0.00,0.00,0.00,0
2.57243,11,3,61,0,DRIVE [ 87 ] [ 1 ] [ 1432 1878 1806 ] [    0    0    0 ] [      0      0      0 ] [ 0 ],drive [ 87 ] [ 0 ] [ 1402 1878 1820 ] [   59    8   20 ] [   6360   1853  10935 ] [ 0 ],1.00,1.00,1.00,1.00,10.68,3.16,0.00,0.00,0.00,0.00,0.00,-0.00,0.00,0.00,0.00,0.00,0.00,0.00,0.00,0.00,0.00,0
2.58242,11,2,60,0,DRIVE [ 88 ] [ 1 ] [ 1458 1878 1792 ] [    0    0    0 ] [      0      0      0 ] [ 0 ],drive [ 87 ] [ 0 ] [ 1432 1878 1806 ] [   63   20   18 ] [   6360   1853  10935 ] [ 0 ],1.00,1.00,1.00,1.00,10.53,2.36,0.00,0.00,0.00,0.00,0.00,-0.00,0.00,0.00,0.00,0.00,0.00,0.00,0.00,0.00,0.00,0
2.59485,11,2,60,0,DRIVE [ 88 ] [ 1 ] [ 1477 1878 1776 ] [    0    0    0 ] [      0      0      0 ] [ 0 ],drive [ 88 ] [ 0 ] [ 1458 1878 1792 ] [   63   20   18 ] [   6360   1853  10935 ] [ 0 ],1.00,1.00,1.00,1.00,10.50,1.61,0.00,0.00,0.00,0.00,0.00,-0.00,0.00,0.00,0.00,0.00,0.00,0.00,0.00,0.00,0.00,0
2.60662,11,1,59,0,DRIVE [ 89 ] [ 1 ] [ 1490 1878 1759 ] [    0    0    0 ] [      0      0      0 ] [ 0 ],drive [ 88 ] [ 0 ] [ 1477 1878 1776 ] [   63   20   18 ] [   6360   1853  10935 ] [ 0 ],1.00,1.00,1.00,1.00,10.57,0.87,0.00,0.00,0.00,0.00,0.00,-0.00,0.00,0.00,0.00,0.00,0.00,0.00,0.00,0.00,0.00,0
2.62017,11,0,59,0,DRIVE [ 89 ] [ 1 ] [ 1500 1878 1741 ] [    0    0    0 ] [      0      0      0 ] [ 0 ],drive [ 89 ] [ 0 ] [ 1490 1878 1759 ] [   63   20   18 ] [   6351   1836  10929 ] [ 0 ],1.00,1.00,1.00,1.00,10.68,0.17,0.00,0.00,0.00,0.00,0.00,-0.00,0.00,0.00,0.00,0.00,0.00,0.00,0.00,0.00,0.00,0
2.63036,11,0,58,0,DRIVE [ 90 ] [ 1 ] [ 1509 1878 1723 ] [    0    0    0 ] [      0      0      0 ] [ 0 ],drive [ 89 ] [ 0 ] [ 1500 1878 1741 ] [   47   23   25 ] [   6351   1836  10929 ] [ 0 ],1.00,1.00,1.00,1.00,10.76,-0.50,0.00,0.00,0.00,0.00,0.00,-0.00,0.00,0.00,0.00,0.00,0.00,0.00,0.00,0.00,0.00,0
2.64017,11,-1,58,0,DRIVE [ 90 ] [ 1 ] [ 1518 1878 1706 ] [    0    0    0 ] [      0      0      0 ] [ 0 ],drive [ 90 ] [ 0 ] [ 1509 1878 1723 ] [   47   23   25 ] [   6351   1836  10929 ] [ 0 ],1.00,1.00,1.00,1.00,10.77,-1.13,0.00,0.00,0.00,0.00,0.00,-0.00,0.00,0.00,0.00,0.00,0.00,0.00,0.00,0.00,0.00,0
2.65064,11,-2,57,0,DRIVE [ 91 ] [ 1 ] [ 1530 1878 1690 ] [    0    0    0 ] [      0      0      0 ] [ 0 ],drive [ 90 ] [ 0 ] [ 1518 1878 1706 ] [   47   23   25 ] [   6351   1836  10929 ] [ 0 ],1.00,1.00,1.00,1.00,10.68,-1.75,0.00,0.00,0.00,0.00,0.00,-0.00,0.00,0.00,0.00,0.00,0.00,0.00,0.00,0.00,0.00,0
2.66267,10,-2,57,0,DRIVE [ 91 ] [ 1 ] [ 1544 1878 1673 ] [    0    0    0 ] [      0      0      0 ] [ 0 ],drive [ 91 ] [ 0 ] [ 1530 1878 1690 ] [   47   23   25 ] [   6351   1836  10929 ] [ 0 ],1.00,1.00,1.00,1.00,10.50,-2.39,0.00,0.00,0.00,0.00,0.00,-0.00,0.00,0.00,0.00,0.00,0.00,0.00,0.00,0.00,0.00,0
2.67431,10,-3,56,0,DRIVE [ 92 ] [ 1 ] [ 1562 1878 1658 ] [    0    0    0 ] [      0      0      0 ] [ 0 ],drive [ 91 ] [ 0 ] [ 1544 1878 1673 ] [   47   23   25 ] [   6352   1819  10926 ] [ 0 ],1.00,1.00,1.00,1.00,10.18,-3.04,0.00,0.00,0.00,0.00,0.00,-0.00,0.00,0.00,0.00,0.00,0.00,0.00,0.00,0.00,0.00,0
2.68681,10,-4,55,0,DRIVE [ 92 ] [ 1 ] [ 1582 1878 1643 ] [    0    0    0 ] [      0      0      0 ] [ 0 ],drive [ 92 ] [ 0 ] [ 1562 1878 1658 ] [   43   20   31 ] [   6352   1819  10926 ] [ 0 ],1.00,1.00,1.00,1.00,9.76,-3.64,0.00,0.00,0.00,0.00,0.00,-0.00,0.00,0.00,0.00,0.00,0.00,0.00,0.00,0.00,0.00,0
2.69667,9,-4,55,0,DRIVE [ 93 ] [ 1 ] [ 1603 1878 1629 ] [    0    0    0 ] [      0      0      0 ] [ 0 ],drive [ 92 ] [ 0 ] [ 1582 1878 1643 ] [   43   20   31 ] [   6352   1819  10926 ] [ 0 ],1.00,1.00,1.00,1.00,9.29,-4.22,0.00,0.00,0.00,0.00,0.00,-0.00,0.00,0.00,0.00,0.00,0.00,0.00,0.00,0.00,0.00,0
2.70676,9,-5,55,0,DRIVE [ 93 ] [ 1 ] [ 1623 1878 1614 ] [    0    0    0 ] [      0      0      0 ] [ 0 ],drive [ 93 ] [ 0 ] [ 1603 1878 1629 ] [   43   20   31 ] [   6352   1819  10926 ] [ 0 ],1.00,1.00,1.00,1.00,8.80,-4.78,0.00,0.00,0.00,0.00,0.00,-0.00,0.00,0.00,0.00,0.00,0.00,0.00,0.00,0.00,0.00,0
2.71847,8,-5,54,0,DRIVE [ 94 ] [ 1 ] [ 1643 1878 1598 ] [    0    0    0 ] [      0      0      0 ] [ 0 ],drive [ 93 ] [ 0 ] [ 1623 1878 1614 ] [   43   20   31 ] [   6350   1817  10928 ] [ 0 ],1.00,1.00,1.00,1.00,8.29,-5.34,0.00,0.00,0.00,0.00,0.00,-0.00,0.00,0.00,0.00,0.00,0.00,0.00,0.00,0.00,0.00,0
2.73061,8,-6,54,0,DRIVE [ 94 ] [ 1 ] [ 1664 1878 1581 ] [    0    0    0 ] [      0      0      0 ] [ 0 ],drive [ 94 ] [ 0 ] [ 1643 1878 1598 ] [   43   20   31 ] [   6350   1817  10928 ] [ 0 ],1.00,1.00,1.00,1.00,7.72,-5.89,0.00,0.00,0.00,0.00,0.00,-0.00,0.00,0.00,0.00,0.00,0.00,0.00,0.00,0.00,0.00,0
2.74257,7,-6,53,0,DRIVE [ 95 ] [ 1 ] [ 1684 1878 1563 ] [    0    0    0 ] [      0      0      0 ] [ 0 ],drive [ 94 ] [ 0 ] [ 1664 1878 1581 ] [   34   19   39 ] [   6350   1817  10928 ] [ 0 ],1.00,1.00,1.00,1.00,7.13,-6.41,0.00,0.00,0.00,0.00,0.00,-0.00,0.00,0.00,0.00,0.00,0.00,0.00,0.00,0.00,0.00,0
2.7548,6,-7,53,0,DRIVE [ 95 ] [ 1 ] [ 1705 1878 1546 ] [    0    0    0 ] [      0      0      0 ] [ 0 ],drive [ 95 ] [ 0 ] [ 1684 1878 1563 ] [   34   19   39 ] [   6350   1817  10928 ] [ 0 ],1.00,1.00,1.00,1.00,6.49,-6.88,0.00,0.00,0.00,0.00,0.00,-0.00,0.00,0.00,0.00,0.00,0.00,0.00,0.00,0.00,0.00,0
2.7647,6,-7,52,0,DRIVE [ 96 ] [ 1 ] [ 1725 1878 1527 ] [    0    0    0 ] [      0      0      0 ] [ 0 ],drive [ 95 ] [ 0 ] [ 1705 1878 1546 ] [   34   19   39 ] [   6344   1794  10949 ] [ 0 ],1.00,1.00,1.00,1.00,5.84,-7.30,0.00,0.00,0.00,0.00,0.00,-0.00,0.00,0.00,0.00,0.00,0.00,0.00,0.00,0.00,0.00,0
2.77468,5,-8,52,0,DRIVE [ 96 ] [ 1 ] [ 1745 1878 1509 ] [    0    0    0 ] [      0      0      0 ] [ 0 ],drive [ 96 ] [ 0 ] [ 1725 1878 1527 ] [   34   19   39 ] [   6344   1794  10949 ] [ 0 ],1.00,1.00,1.00,1.00,5.17,-7.68,0.00,0.00,0.00,0.00,0.00,-0.00,0.00,0.00,0.00,0.00,0.00,0.00,0.00,0.00,0.00,0
2.78648,4,-8,52,0,DRIVE [ 97 ] [ 1 ] [ 1765 1878 1489 ] [    0    0    0 ] [      0      0      0 ] [ 0 ],drive [ 96 ] [ 0 ] [ 1745 1878 1509 ] [   23   27   50 ] [   6344   1794  10949 ] [ 0 ],1.00,1.00,1.00,1.00,4.46,-8.02,0.00,0.00,0.00,0.00,0.00,-0.00,0.00,0.00,0.00,0.00,0.00,0.00,0.00,0.00,0.00,0
2.79871,4,-8,51,0,DRIVE [ 97 ] [ 1 ] [ 1786 1878 1468 ] [    0    0    0 ] [      0      0      0 ] [ 0 ],drive [ 97 ] [ 0 ] [ 1765 1878 1489 ] [   23   27   50 ] [   6344   1794  10949 ] [ 0 ],1.00,1.00,1.00,1.00,3.70,-8.31,0.00,0.00,0.00,0.00,0.00,-0.00,0.00,0.00,0.00,0.00,0.00,0.00,0.00,0.00,0.00,0
2.8107,3,-9,51,0,DRIVE [ 98 ] [ 1 ] [ 1807 1878 1443 ] [    0    0    0 ] [      0      0      0 ] [ 0 ],drive [ 97 ] [ 0 ] [ 1786 1878 1468 ] [   23   27   50 ] [   6344   1794  10949 ] [ 0 ],1.00,1.00,1.00,1.00,2.92,-8.64,0.00,0.00,0.00,0.00,0.00,-0.00,0.00,0.00,0.00,0.00,0.00,0.00,0.00,0.00,0.00,0
2.82137,2,-9,50,0,DRIVE [ 98 ] [ 1 ] [ 1827 1878 1412 ] [    0    0    0 ] [      0      0      0 ] [ 0 ],drive [ 98 ] [ 0 ] [ 1807 1878 1443 ] [   23   27   50 ] [   6330   1634  11011 ] [ 0 ],1.00,1.00,1.00,1.00,2.16,-8.97,0.00,0.00,0.00,0.00,0.00,-0.00,0.00,0.00,0.00,0.00,0.00,0.00,0.00,0.00,0.00,0
2.83328,1,-9,50,0,DRIVE [ 99 ] [ 1 ] [ 1847 1878 1379 ] [    0    0    0 ] [      0      0      0 ] [ 0 ],drive [ 98 ] [ 0 ] [ 1827 1878 1412 ] [   22   22   43 ] [   6330   1634  11011 ] [ 0 ],1.00,1.00,1.00,1.00,1.42,-9.29,0.00,0.00,0.00,0.00,0.00,-0.00,0.00,0.00,0.00,0.00,0.00,0.00,0.00,0.00,0.00,0
2.84366,1,-10,50,0,DRIVE [ 99 ] [ 1 ] [ 1866 1878 1344 ] [    0    0    0 ] [      0      0      0 ] [ 0 ],drive [ 99 ] [ 0 ] [ 1847 1878 1379 ] [   22   22   43 ] [   6330   1634  11011 ] [ 0 ],1.00,1.00,1.00,1.00,0.71,-9.58,0.00,0.00,0.00,0.00,0.00,-0.00,0.00,0.00,0.00,0.00,0.00,0.00,0.00,0.00,0.00,0
2.85575,0,-10,49,0,DRIVE [ 00 ] [ 1 ] [ 1883 1878 1310 ] [    0    0    0 ] [      0      0      0 ] [ 0 ],drive [ 99 ] [ 0 ] [ 1866 1878 1344 ] [   22   22   43 ] [   6330   1634  11011 ] [ 0 ],1.00,1.00,1.00,1.00,0.05,-9.83,0.00,0.00,0.00,0.00,0.00,-0.00,0.00,0.00,0.00,0.00,0.00,0.00,0.00,0.00,0.00,0
2.86706,-1,-10,49,0,DRIVE [ 00 ] [ 1 ] [ 1883 1869 1308 ] [    0    0    0 ] [      0      0      0 ] [ 0 ],drive [ 00 ] [ 0 ] [ 1883 1878 1310 ] [   22   22   43 ] [   6207   1633  11144 ] [ 0 ],1.00,1.00,1.00,1.00,-0.56,-10.00,0.00,0.00,0.00,0.00,0.00,-0.00,0.00,0.00,0.00,0.00,0.00,0.00,0.00,0.00,0.00,0
2.87936,-1,-10,49,0,DRIVE [ 01 ] [ 1 ] [ 1883 1856 1313 ] [    0    0    0 ] [      0      0      0 ] [ 0 ],drive [ 00 ] [ 0 ] [ 1883 1869 1308 ] [   22   22   43 ] [   6207   1633  11144 ] [ 0 ],1.00,1.00,1.00,1.00,-1.07,-10.05,0.00,0.00,0.00,0.00,0.00,-0.00,0.00,0.00,0.00,0.00,0.00,0.00,0.00,0.00,0.00,0
2.88942,-1,-10,48,0,DRIVE [ 01 ] [ 1 ] [ 1883 1844 1320 ] [    0    0    0 ] [      0      0      0 ] [ 0 ],drive [ 01 ] [ 0 ] [ 1883 1856 1313 ] [   10   23   58 ] [   6207   1633  11144 ] [ 0 ],1.00,1.00,1.00,1.00,-1.47,-9.98,0.00,0.00,0.00,0.00,0.00,-0.00,0.00,0.00,0.00,0.00,0.00,0.00,0.00,0.00,0.00,0
2.89921,-2,-10,48,0,DRIVE [ 02 ] [ 1 ] [ 1883 1836 1329 ] [    0    0    0 ] [      0      0      0 ] [ 0 ],drive [ 01 ] [ 0 ] [ 1883 1844 1320 ] [   10   23   58 ] [   6207   1633  11144 ] [ 0 ],1.00,1.00,1.00,1.00,-1.74,-9.82,0.00,0.00,0.00,0.00,0.00,-0.00,0.00,0.00,0.00,0.00,0.00,0.00,0.00,0.00,0.00,0
2.91204,-2,-10,47,0,DRIVE [ 02 ] [ 1 ] [ 1883 1831 1341 ] [    0    0    0 ] [      0      0      0 ] [ 0 ],drive [ 02 ] [ 0 ] [ 1883 1836 1329 ] [   10   23   58 ] [   6207   1633  11144 ] [ 0 ],1.00,1.00,1.00,1.00,-1.91,-9.59,0.00,0.00,0.00,0.00,0.00,-0.00,0.00,0.00,0.00,0.00,0.00,0.00,0.00,0.00,0.00,0
2.92295,-2,-9,47,0,DRIVE [ 03 ] [ 1 ] [ 1883 1827 1351 ] [    0    0    0 ] [      0      0      0 ] [ 0 ],drive [ 02 ] [ 0 ] [ 1883 1831 1341 ] [   10   23   58 ] [   5988   1632  11375 ] [ 0 ],1.00,1.00,1.00,1.00,-2.01,-9.36,0.00,0.00,0.00,0.00,0.00,-0.00,0.00,0.00,0.00,0.00,0.00,0.00,0.00,0.00,0.00,0
2.9347,-2,-9,46,0,DRIVE [ 03 ] [ 1 ] [ 1883 1824 1357 ] [    0    0    0 ] [      0      0      0 ] [ 0 ],drive [ 03 ] [ 0 ] [ 1883 1827 1351 ] [   18   28   56 ] [   5988   1632  11375 ] [ 0 ],1.00,1.00,1.00,1.00,-2.09,-9.19,0.00,0.00,0.00,0.00,0.00,-0.00,0.00,0.00,0.00,0.00,0.00,0.00,0.00,0.00,0.00,0
2.94685,-2,-9,46,0,DRIVE [ 04 ] [ 1 ] [ 1883 1822 1362 ] [    0    0    0 ] [      0      0      0 ] [ 0 ],drive [ 03 ] [ 0 ] [ 1883 1824 1357 ] [   18   28   56 ] [   5988   1632  11375 ] [ 0 ],1.00,1.00,1.00,1.00,-2.14,-9.04,0.00,0.00,0.00,0.00,0.00,-0.00,0.00,0.00,0.00,0.00,0.00,0.00,0.00,0.00,0.00,0
2.95668,-2,-9,45,0,DRIVE [ 04 ] [ 1 ] [ 1883 1821 1363 ] [    0    0    0 ] [      0      0      0 ] [ 0 ],drive [ 04 ] [ 0 ] [ 1883 1822 1362 ] [   18   28   56 ] [   5988   1632  11375 ] [ 0 ],1.00,1.00,1.00,1.00,-2.15,-8.92,0.00,0.00,0.00,0.00,0.00,-0.00,0.00,0.00,0.00,0.00,0.00,0.00,0.00,0.00,0.00,0
2.9668,-2,-9,45,0,DRIVE [ 05 ] [ 1 ] [ 1883 1823 1363 ] [    0    0    0 ] [      0      0      0 ] [ 0 ],drive [ 04 ] [ 0 ] [ 1883 1821 1363 ] [   18   28   56 ] [   5954   1632  11369 ] [ 0 ],1.00,1.00,1.00,1.00,-2.08,-8.83,0.00,0.00,0.00,0.00,0.00,-0.00,0.00,0.00,0.00,0.00,0.00,0.00,0.00,0.00,0.00,0
2.97897,-2,-9,44,0,DRIVE [ 05 ] [ 1 ] [ 1883 1826 1361 ] [    0    0    0 ] [      0      0      0 ] [ 0 ],drive [ 05 ] [ 0 ] [ 1883 1823 1363 ] [   18   28   56 ] [   5954   1632  11369 ] [ 0 ],1.00,1.00,1.00,1.00,-1.94,-8.72,0.00,0.00,0.00,0.00,0.00,-0.00,0.00,0.00,0.00,0.00,0.00,0.00,0.00,0.00,0.00,0
2.99093,-2,-9,44,0,DRIVE [ 06 ] [ 1 ] [ 1883 1832 1357 ] [    0    0    0 ] [      0      0      0 ] [ 0 ],drive [ 05 ] [ 0 ] [ 1883 1826 1361 ] [   24   29   52 ] [   5954   1632  11369 ] [ 0 ],1.00,1.00,1.00,1.00,-1.71,-8.62,0.00,0.00,0.00,0.00,0.00,-0.00,0.00,0.00,0.00,0.00,0.00,0.00,0.00,0.00,0.00,0
3.00263,-1,-8,43,0,DRIVE [ 06 ] [ 1 ] [ 1883 1839 1354 ] [    0    0    0 ] [      0      0      0 ] [ 0 ],drive [ 06 ] [ 0 ] [ 1883 1832 1357 ] [   24   29   52 ] [   5954   1632  11369 ] [ 0 ],1.00,1.00,1.00,1.00,-1.47,-8.50,0.00,0.00,0.00,0.00,0.00,-0.00,0.00,0.00,0.00,0.00,0.00,0.00,0.00,0.00,0.00,0
3.01273,-1,-8,43,0,DRIVE [ 07 ] [ 1 ] [ 1883 1846 1352 ] [    0    0    0 ] [      0      0      0 ] [ 0 ],drive [ 06 ] [ 0 ] [ 1883 1839 1354 ] [   24   29   52 ] [   5954   1632  11369 ] [ 0 ],1.00,1.00,1.00,1.00,-1.25,-8.35,0.00,0.00,0.00,0.00,0.00,-0.00,0.00,0.00,0.00,0.00,0.00,0.00,0.00,0.00,0.00,0
3.02284,-1,-8,42,0,DRIVE [ 07 ] [ 1 ] [ 1883 1851 1353 ] [    0    0    0 ] [      0      0      0 ] [ 0 ],drive [ 07 ] [ 0 ] [ 1883 1846 1352 ] [   24   29   52 ] [   5907   1632  11382 ] [ 0 ],1.00,1.00,1.00,1.00,-1.08,-8.19,0.00,0.00,0.00,0.00,0.00,-0.00,0.00,0.00,0.00,0.00,0.00,0.00,0.00,0.00,0.00,0
3.03484,-1,-8,42,1,DRIVE [ 08 ] [ 1 ] [ 1883 1855 1358 ] [    0    0    0 ] [      0      0      0 ] [ 0 ],drive [ 07 ] [ 0 ] [ 1883 1851 1353 ] [   22   27   59 ] [   5907   1632  11382 ] [ 0 ],1.00,1.00,1.00,1.00,-0.94,-7.98,0.00,0.00,0.00,0.00,0.00,-0.00,0.00,0.00,0.00,0.00,0.00,0.00,0.00,0.00,0.00,0
