timestamp,Xmm,Ymm,Zmm,TouchDetected,OutgoingPacket,IncomingPacket,GainPropAb, GainPropAd, GainPropFl, GainPropEx,PropA, PropB, PropC,GainIntegAb, GainIntegAd, GainIntegFl, GainIntegEx,IntegA, IntegB, IntegC,GainDerivAb, GainDerivAd, GainDerivFl, GainDerivEx,DerivA, DerivB, DerivC,Heading5
0.12362,51,51,494,0,DRIVE [ 39 ] [ 1 ] [ 1880 1884 1885 ] [    0    0    0 ] [      0      0      0 ] [ 0 ],drive [ 38 ] [ 0 ] [ 1885 1709 1885 ] [   12   40    8 ] [  13486   6949   9404 ] [ 0 ],1.00,1.00,1.00,1.00,50.63,50.60,0.00,0.00,0.00,0.00,0.00,0.00,0.00,0.00,0.00,0.00,0.00,0.00,0.00,0.00,0.00,0
0.136348,51,50,484,0,DRIVE [ 39 ] [ 1 ] [ 1874 1884 1885 ] [    0    0    0 ] [      0      0      0 ] [ 0 ],drive [ 39 ] [ 0 ] [ 1880 1884 1885 ] [   12   40    8 ] [  13486   6949   9404 ] [ 0 ],1.00,1.00,1.00,1.00,50.61,50.44,0.00,0.00,0.00,0.00,0.00,0.00,0.00,0.00,0.00,0.00,0.00,0.00,-0.00,-0.00,0.00,0
0.149601,51,51,488,0,DRIVE [ 40 ] [ 1 ] [ 1869 1883 1885 ] [    0    0    0 ] [      0      0      0 ] [ 0 ],drive [ 39 ] [ 0 ] [ 1874 1884 1885 ] [   12   40    8 ] [  13474   6945   9447 ] [ 0 ],1.00,1.00,1.00,1.00,51.42,51.39,0.00,0.00,0.00,0.00,0.00,0.00,0.00,0.00,0.00,0.00,0.00,0.00,0.00,0.00,0.00,0
0.163018,53,53,492,0,DRIVE [ 40 ] [ 1 ] [ 1864 1883 1885 ] [    0    0    0 ] [      0      0      0 ] [ 0 ],drive [ 40 ] [ 0 ] [ 1869 1883 1885 ] [   19   19   25 ] [  13474   6945   9447 ] [ 0 ],1.00,1.00,1.00,1.00,52.67,52.71,0.00,0.00,0.00,0.00,0.00,0.00,0.00,0.00,0.00,0.00,0.00,0.00,0.00,0.00,0.00,0
0.176442,53,54,490,0,DRIVE [ 41 ] [ 1 ] [ 1858 1882 1885 ] [    0    0    0 ] [      0      0      0 ] [ 0 ],drive [ 40 ] [ 0 ] [ 1864 1883 1885 ] [   19   19   25 ] [  13474   6945   9447 ] [ 0 ],1.00,1.00,1.00,1.00,53.17,53.56,0.00,0.00,0.00,0.00,0.00,0.00,0.00,0.00,0.00,0.00,0.00,0.00,0.00,0.00,0.00,0
0.190039,54,55,488,0,DRIVE [ 41 ] [ 1 ] [ 1852 1881 1885 ] [    0    0    0 ] [      0      0      0 ] [ 0 ],drive [ 41 ] [ 0 ] [ 1858 1882 1885 ] [   19   19   25 ] [  13474   6945   9447 ] [ 0 ],1.00,1.00,1.00,1.00,53.56,54.77,0.00,0.00,0.00,0.00,0.00,0.00,0.00,0.00,0.00,0.00,0.00,0.00,0.00,0.00,0.00,0
0.202617,54,57,490,0,DRIVE [ 42 ] [ 1 ] [ 1846 1880 1885 ] [    0    0    0 ] [      0      0      0 ] [ 0 ],drive [ 41 ] [ 0 ] [ 1852 1881 1885 ] [   19   19   25 ] [  13350   6653   9606 ] [ 0 ],1.00,1.00,1.00,1.00,54.35,57.11,0.00,0.00,0.00,0.00,0.00,0.00,0.00,0.00,0.00,0.00,0.00,0.00,0.00,0.00,0.00,0
0.215871,55,60,488,0,DRIVE [ 42 ] [ 1 ] [ 1839 1879 1885 ] [    0    0    0 ] [      0      0      0 ] [ 0 ],drive [ 42 ] [ 0 ] [ 1846 1880 1885 ] [   26   23   15 ] [  13350   6653   9606 ] [ 0 ],1.00,1.00,1.00,1.00,54.87,59.53,0.00,0.00,0.00,0.00,0.00,0.00,0.00,0.00,0.00,0.00,0.00,0.00,0.00,0.00,0.00,0
0.229168,56,62,487,0,DRIVE [ 43 ] [ 1 ] [ 1832 1878 1885 ] [    0    0    0 ] [      0      0      0 ] [ 0 ],drive [ 42 ] [ 0 ] [ 1839 1879 1885 ] [   26   23   15 ] [  13350   6653   9606 ] [ 0 ],1.00,1.00,1.00,1.00,55.63,62.30,0.00,0.00,0.00,0.00,0.00,0.00,0.00,0.00,0.00,0.00,0.00,0.00,0.00,0.00,0.00,0
0.242512,56,64,483,0,DRIVE [ 43 ] [ 1 ] [ 1825 1876 1885 ] [    0    0    0 ] [      0      0      0 ] [ 0 ],drive [ 43 ] [ 0 ] [ 1832 1878 1885 ] [   26   23   15 ] [  13350   6653   9606 ] [ 0 ],1.00,1.00,1.00,1.00,56.21,64.30,0.00,0.00,0.00,0.00,0.00,0.00,0.00,0.00,0.00,0.00,0.00,0.00,0.00,0.00,0.00,0
0.255769,57,66,482,0,DRIVE [ 44 ] [ 1 ] [ 1817 1875 1885 ] [    0    0    0 ] [      0      0      0 ] [ 0 ],drive [ 43 ] [ 0 ] [ 1825 1876 1885 ] [   26   23   15 ] [  13335   6639   9615 ] [ 0 ],1.00,1.00,1.00,1.00,57.38,66.47,0.00,0.00,0.00,0.00,0.00,0.00,0.00,0.00,0.00,0.00,0.00,0.00,0.00,0.00,0.00,0
0.268267,58,68,478,0,DRIVE [ 44 ] [ 1 ] [ 1809 1873 1885 ] [    0    0    0 ] [      0      0      0 ] [ 0 ],drive [ 44 ] [ 0 ] [ 1817 1875 1885 ] [   28   24   18 ] [  13335   6639   9615 ] [ 0 ],1.00,1.00,1.00,1.00,58.36,68.06,0.00,0.00,0.00,0.00,0.00,0.00,0.00,0.00,0.00,0.00,0.00,0.00,0.00,0.00,0.00,0
0.281568,60,70,475,0,DRIVE [ 45 ] [ 1 ] [ 1801 1872 1885 ] [    0    0    0 ] [      0      0      0 ] [ 0 ],drive [ 44 ] [ 0 ] [ 1809 1873 1885 ] [   28   24   18 ] [  13335   6639   9615 ] [ 0 ],1.00,1.00,1.00,1.00,59.53,69.65,0.00,0.00,0.00,0.00,0.00,0.00,0.00,0.00,0.00,0.00,0.00,0.00,0.00,0.00,0.00,0
0.2947,62,72,472,0,DRIVE [ 45 ] [ 1 ] [ 1791 1870 1885 ] [    0    0    0 ] [      0      0      0 ] [ 0 ],drive [ 45 ] [ 0 ] [ 1801 1872 1885 ] [   28   24   18 ] [  13335   6639   9615 ] [ 0 ],1.00,1.00,1.00,1.00,61.50,72.25,0.00,0.00,0.00,0.00,0.00,0.00,0.00,0.00,0.00,0.00,0.00,0.00,0.00,0.00,0.00,0
0.307825,64,75,469,0,DRIVE [ 46 ] [ 1 ] [ 1780 1869 1885 ] [    0    0    0 ] [      0      0      0 ] [ 0 ],drive [ 45 ] [ 0 ] [ 1791 1870 1885 ] [   28   24   18 ] [  13334   6599   9617 ] [ 0 ],1.00,1.00,1.00,1.00,63.56,74.90,0.00,0.00,0.00,0.00,0.00,0.00,0.00,0.00,0.00,0.00,0.00,0.00,0.00,0.00,0.00,0
0.32114,65,77,461,0,DRIVE [ 46 ] [ 1 ] [ 1768 1867 1885 ] [    0    0    0 ] [      0      0      0 ] [ 0 ],drive [ 46 ] [ 0 ] [ 1780 1869 1885 ] [   30    6   14 ] [  13334   6599   9617 ] [ 0 ],1.00,1.00,1.00,1.00,65.08,76.73,0.00,0.00,0.00,0.00,0.00,0.00,0.00,0.00,0.00,0.00,0.00,0.00,0.00,0.00,0.00,0
0.334034,67,80,459,0,DRIVE [ 47 ] [ 1 ] [ 1756 1865 1885 ] [    0    0    0 ] [      0      0      0 ] [ 0 ],drive [ 46 ] [ 0 ] [ 1768 1867 1885 ] [   30    6   14 ] [  13334   6599   9617 ] [ 0 ],1.00,1.00,1.00,1.00,67.43,79.62,0.00,0.00,0.00,0.00,0.00,0.00,0.00,0.00,0.00,0.00,0.00,0.00,0.00,0.00,0.00,0
0.347014,70,83,457,0,DRIVE [ 47 ] [ 1 ] [ 1742 1863 1885 ] [    0    0    0 ] [      0      0      0 ] [ 0 ],drive [ 47 ] [ 0 ] [ 1756 1865 1885 ] [   30    6   14 ] [  13341   6516   9615 ] [ 0 ],1.00,1.00,1.00,1.00,70.16,82.67,0.00,0.00,0.00,0.00,0.00,0.00,0.00,0.00,0.00,0.00,0.00,0.00,0.00,0.00,0.00,0
0.360074,72,85,453,0,DRIVE [ 48 ] [ 1 ] [ 1728 1861 1885 ] [    0    0    0 ] [      0      0      0 ] [ 0 ],drive [ 47 ] [ 0 ] [ 1742 1863 1885 ] [   30    6   14 ] [  13341   6516   9615 ] [ 0 ],1.00,1.00,1.00,1.00,72.42,85.11,0.00,0.00,0.00,0.00,0.00,0.00,0.00,0.00,0.00,0.00,0.00,0.00,0.00,0.00,0.00,0
0.373172,74,87,447,0,DRIVE [ 48 ] [ 1 ] [ 1714 1859 1885 ] [    0    0    0 ] [      0      0      0 ] [ 0 ],drive [ 48 ] [ 0 ] [ 1728 1861 1885 ] [   30   27   18 ] [  13341   6516   9615 ] [ 0 ],1.00,1.00,1.00,1.00,74.25,87.05,0.00,0.00,0.00,0.00,0.00,0.00,0.00,0.00,0.00,0.00,0.00,0.00,0.00,0.00,0.00,0
0.385802,78,90,444,0,DRIVE [ 49 ] [ 1 ] [ 1696 1857 1885 ] [    0    0    0 ] [      0      0      0 ] [ 0 ],drive [ 48 ] [ 0 ] [ 1714 1859 1885 ] [   30   27   18 ] [  13341   6516   9615 ] [ 0 ],1.00,1.00,1.00,1.00,77.95,90.06,0.00,0.00,0.00,0.00,0.00,0.00,0.00,0.00,0.00,0.00,0.00,0.00,0.00,0.00,0.00,0
0.398878,81,92,439,0,DRIVE [ 49 ] [ 1 ] [ 1678 1855 1885 ] [    0    0    0 ] [      0      0      0 ] [ 0 ],drive [ 49 ] [ 0 ] [ 1696 1857 1885 ] [   30   27   18 ] [  13355   6501   9616 ] [ 0 ],1.00,1.00,1.00,1.00,81.24,92.47,0.00,0.00,0.00,0.00,0.00,0.00,0.00,0.00,0.00,0.00,0.00,0.00,0.00,0.00,0.00,0
0.41179,84,95,434,0,DRIVE [ 50 ] [ 1 ] [ 1658 1854 1885 ] [    0    0    0 ] [      0      0      0 ] [ 0 ],drive [ 49 ] [ 0 ] [ 1678 1855 1885 ] [   29    9   14 ] [  13355   6501   9616 ] [ 0 ],1.00,1.00,1.00,1.00,84.46,94.72,0.00,0.00,0.00,0.00,0.00,0.00,0.00,0.00,0.00,0.00,0.00,0.00,0.00,0.00,0.00,0
0.424774,87,97,428,0,DRIVE [ 50 ] [ 1 ] [ 1638 1852 1885 ] [    0    0    0 ] [      0      0      0 ] [ 0 ],drive [ 50 ] [ 0 ] [ 1658 1854 1885 ] [   29    9   14 ] [  13355   6501   9616 ] [ 0 ],1.00,1.00,1.00,1.00,87.27,96.51,0.00,0.00,0.00,0.00,0.00,0.00,0.00,0.00,0.00,0.00,0.00,0.00,0.00,0.00,0.00,0
0.43768,90,99,424,0,DRIVE [ 51 ] [ 1 ] [ 1617 1850 1885 ] [    0    0    0 ] [      0      0      0 ] [ 0 ],drive [ 50 ] [ 0 ] [ 1638 1852 1885 ] [   29    9   14 ] [  13355   6501   9616 ] [ 0 ],1.00,1.00,1.00,1.00,90.30,98.85,0.00,0.00,0.00,0.00,0.00,0.00,0.00,0.00,0.00,0.00,0.00,0.00,0.00,0.00,0.00,0
0.450056,94,103,420,0,DRIVE [ 51 ] [ 1 ] [ 1593 1847 1885 ] [    0    0    0 ] [      0      0      0 ] [ 0 ],drive [ 51 ] [ 0 ] [ 1617 1850 1885 ] [   29    9   14 ] [  13372   6144   9720 ] [ 0 ],1.00,1.00,1.00,1.00,94.10,102.65,0.00,0.00,0.00,0.00,0.00,0.00,0.00,0.00,0.00,0.00,0.00,0.00,0.00,0.00,0.00,0
0.462908,97,107,416,0,DRIVE [ 52 ] [ 1 ] [ 1569 1844 1885 ] [    0    0    0 ] [      0      0      0 ] [ 0 ],drive [ 51 ] [ 0 ] [ 1593 1847 1885 ] [   30   29    5 ] [  13372   6144   9720 ] [ 0 ],1.00,1.00,1.00,1.00,97.11,106.69,0.00,0.00,0.00,0.00,0.00,0.00,0.00,0.00,0.00,0.00,0.00,0.00,0.00,0.00,0.00,0
0.475918,100,111,412,0,DRIVE [ 52 ] [ 1 ] [ 1545 1839 1885 ] [    0    0    0 ] [      0      0      0 ] [ 0 ],drive [ 52 ] [ 0 ] [ 1569 1844 1885 ] [   30   29    5 ] [  13372   6144   9720 ] [ 0 ],1.00,1.00,1.00,1.00,99.56,110.93,0.00,0.00,0.00,0.00,0.00,0.00,0.00,0.00,0.00,0.00,0.00,0.00,0.00,0.00,0.00,0
0.488664,101,115,407,0,DRIVE [ 53 ] [ 1 ] [ 1521 1833 1885 ] [    0    0    0 ] [      0      0      0 ] [ 0 ],drive [ 52 ] [ 0 ] [ 1545 1839 1885 ] [   30   29    5 ] [  13372   6144   9720 ] [ 0 ],1.00,1.00,1.00,1.00,101.33,114.97,0.00,0.00,0.00,0.00,0.00,0.00,0.00,0.00,0.00,0.00,0.00,0.00,0.00,0.00,0.00,0
0.501189,103,118,401,0,DRIVE [ 53 ] [ 1 ] [ 1497 1828 1885 ] [    0    0    0 ] [      0      0      0 ] [ 0 ],drive [ 53 ] [ 0 ] [ 1521 1833 1885 ] [   30   29    5 ] [  13435   6046   9769 ] [ 0 ],1.00,1.00,1.00,1.00,102.56,118.17,0.00,0.00,0.00,0.00,0.00,0.00,0.00,0.00,0.00,0.00,0.00,0.00,0.00,0.00,0.00,0
0.514099,104,121,394,0,DRIVE [ 54 ] [ 1 ] [ 1473 1823 1885 ] [    0    0    0 ] [      0      0      0 ] [ 0 ],drive [ 53 ] [ 0 ] [ 1497 1828 1885 ] [   52   31    3 ] [  13435   6046   9769 ] [ 0 ],1.00,1.00,1.00,1.00,103.61,120.51,0.00,0.00,0.00,0.00,0.00,0.00,0.00,0.00,0.00,0.00,0.00,0.00,0.00,0.00,0.00,0
0.526636,105,122,388,0,DRIVE [ 54 ] [ 1 ] [ 1448 1819 1885 ] [    0    0    0 ] [      0      0      0 ] [ 0 ],drive [ 54 ] [ 0 ] [ 1473 1823 1885 ] [   52   31    3 ] [  13435   6046   9769 ] [ 0 ],1.00,1.00,1.00,1.00,104.74,122.43,0.00,0.00,0.00,0.00,0.00,0.00,0.00,0.00,0.00,0.00,0.00,0.00,0.00,0.00,0.00,0
0.538642,106,124,382,0,DRIVE [ 55 ] [ 1 ] [ 1423 1814 1885 ] [    0    0    0 ] [      0      0      0 ] [ 0 ],drive [ 54 ] [ 0 ] [ 1448 1819 1885 ] [   52   31    3 ] [  13435   6046   9769 ] [ 0 ],1.00,1.00,1.00,1.00,106.01,124.26,0.00,0.00,0.00,0.00,0.00,0.00,0.00,0.00,0.00,0.00,0.00,0.00,0.00,0.00,0.00,0
0.551463,107,126,377,0,DRIVE [ 55 ] [ 1 ] [ 1398 1810 1885 ] [    0    0    0 ] [      0      0      0 ] [ 0 ],drive [ 55 ] [ 0 ] [ 1423 1814 1885 ] [   52   31    3 ] [  13722   6045   9741 ] [ 0 ],1.00,1.00,1.00,1.00,107.08,125.92,0.00,0.00,0.00,0.00,0.00,0.00,0.00,0.00,0.00,0.00,0.00,0.00,0.00,0.00,0.00,0
0.564404,108,128,370,0,DRIVE [ 56 ] [ 1 ] [ 1370 1805 1885 ] [    0    0    0 ] [      0      0      0 ] [ 0 ],drive [ 55 ] [ 0 ] [ 1398 1810 1885 ] [   50   32   15 ] [  13722   6045   9741 ] [ 0 ],1.00,1.00,1.00,1.00,108.16,127.98,0.00,0.00,0.00,0.00,0.00,0.00,0.00,0.00,0.00,0.00,0.00,0.00,0.00,0.00,0.00,0
0.577169,109,130,364,0,DRIVE [ 56 ] [ 1 ] [ 1341 1799 1885 ] [    0    0    0 ] [      0      0      0 ] [ 0 ],drive [ 56 ] [ 0 ] [ 1370 1805 1885 ] [   50   32   15 ] [  13722   6045   9741 ] [ 0 ],1.00,1.00,1.00,1.00,109.23,130.13,0.00,0.00,0.00,0.00,0.00,0.00,0.00,0.00,0.00,0.00,0.00,0.00,0.00,0.00,0.00,0
0.589873,110,132,358,0,DRIVE [ 57 ] [ 1 ] [ 1312 1793 1885 ] [    0    0    0 ] [      0      0      0 ] [ 0 ],drive [ 56 ] [ 0 ] [ 1341 1799 1885 ] [   50   32   15 ] [  13722   6045   9741 ] [ 0 ],1.00,1.00,1.00,1.00,110.06,132.36,0.00,0.00,0.00,0.00,0.00,0.00,0.00,0.00,0.00,0.00,0.00,0.00,0.00,0.00,0.00,0
0.601781,111,134,353,0,DRIVE [ 57 ] [ 1 ] [ 1284 1786 1885 ] [    0    0    0 ] [      0      0      0 ] [ 0 ],drive [ 57 ] [ 0 ] [ 1312 1793 1885 ] [   50   32   15 ] [  14066   6046   9631 ] [ 0 ],1.00,1.00,1.00,1.00,110.64,134.26,0.00,0.00,0.00,0.00,0.00,0.00,0.00,0.00,0.00,0.00,0.00,0.00,0.00,0.00,0.00,0
0.614826,111,136,348,0,DRIVE [ 58 ] [ 1 ] [ 1258 1780 1885 ] [    0    0    0 ] [      0      0      0 ] [ 0 ],drive [ 57 ] [ 0 ] [ 1284 1786 1885 ] [   61   34   28 ] [  14066   6046   9631 ] [ 0 ],1.00,1.00,1.00,1.00,111.31,136.07,0.00,0.00,0.00,0.00,0.00,0.00,0.00,0.00,0.00,0.00,0.00,0.00,0.00,0.00,0.00,0
0.627845,112,138,344,0,DRIVE [ 58 ] [ 1 ] [ 1230 1774 1885 ] [    0    0    0 ] [      0      0      0 ] [ 0 ],drive [ 58 ] [ 0 ] [ 1258 1780 1885 ] [   61   34   28 ] [  14066   6046   9631 ] [ 0 ],1.00,1.00,1.00,1.00,112.25,137.88,0.00,0.00,0.00,0.00,0.00,0.00,0.00,0.00,0.00,0.00,0.00,0.00,0.00,0.00,0.00,0
0.640593,113,140,339,0,DRIVE [ 59 ] [ 1 ] [ 1198 1767 1885 ] [    0    0    0 ] [      0      0      0 ] [ 0 ],drive [ 58 ] [ 0 ] [ 1230 1774 1885 ] [   61   34   28 ] [  14066   6046   9631 ] [ 0 ],1.00,1.00,1.00,1.00,112.86,139.61,0.00,0.00,0.00,0.00,0.00,0.00,0.00,0.00,0.00,0.00,0.00,0.00,0.00,0.00,0.00,0
0.653729,113,141,333,0,DRIVE [ 59 ] [ 1 ] [ 1167 1760 1885 ] [    0    0    0 ] [      0      0      0 ] [ 0 ],drive [ 59 ] [ 0 ] [ 1198 1767 1885 ] [   61   34   28 ] [  14453   6041   9558 ] [ 0 ],1.00,1.00,1.00,1.00,113.33,141.30,0.00,0.00,0.00,0.00,0.00,0.00,0.00,0.00,0.00,0.00,0.00,0.00,0.00,0.00,0.00,0
0.665896,113,142,327,0,DRIVE [ 60 ] [ 1 ] [ 1137 1752 1885 ] [    0    0    0 ] [      0      0      0 ] [ 0 ],drive [ 59 ] [ 0 ] [ 1167 1760 1885 ] [   77   32   17 ] [  14453   6041   9558 ] [ 0 ],1.00,1.00,1.00,1.00,113.05,142.32,0.00,0.00,0.00,0.00,0.00,0.00,0.00,0.00,0.00,0.00,0.00,0.00,0.00,0.00,0.00,0
0.679641,113,144,322,0,DRIVE [ 60 ] [ 1 ] [ 1109 1744 1885 ] [    0    0    0 ] [      0      0      0 ] [ 0 ],drive [ 60 ] [ 0 ] [ 1137 1752 1885 ] [   77   32   17 ] [  14453   6041   9558 ] [ 0 ],1.00,1.00,1.00,1.00,112.94,143.82,0.00,0.00,0.00,0.00,0.00,0.00,0.00,0.00,0.00,0.00,0.00,0.00,0.00,0.00,0.00,0
0.692044,113,146,318,0,DRIVE [ 61 ] [ 1 ] [ 1079 1735 1885 ] [    0    0    0 ] [      0      0      0 ] [ 0 ],drive [ 60 ] [ 0 ] [ 1109 1744 1885 ] [   77   32   17 ] [  14453   6041   9558 ] [ 0 ],1.00,1.00,1.00,1.00,112.96,145.66,0.00,0.00,0.00,0.00,0.00,0.00,0.00,0.00,0.00,0.00,0.00,0.00,0.00,0.00,0.00,0
0.706676,112,147,313,0,DRIVE [ 61 ] [ 1 ] [ 1052 1726 1885 ] [    0    0    0 ] [      0      0      0 ] [ 0 ],drive [ 61 ] [ 0 ] [ 1079 1735 1885 ] [   77   32   17 ] [  14743   6013   9510 ] [ 0 ],1.00,1.00,1.00,1.00,112.48,146.90,0.00,0.00,0.00,0.00,0.00,0.00,0.00,0.00,0.00,0.00,0.00,0.00,0.00,0.00,0.00,0
0.719785,112,148,308,0,DRIVE [ 62 ] [ 1 ] [ 1025 1717 1885 ] [    0    0    0 ] [      0      0      0 ] [ 0 ],drive [ 61 ] [ 0 ] [ 1052 1726 1885 ] [   93   23    8 ] [  14743   6013   9510 ] [ 0 ],1.00,1.00,1.00,1.00,111.66,147.70,0.00,0.00,0.00,0.00,0.00,0.00,0.00,0.00,0.00,0.00,0.00,0.00,0.00,0.00,0.00,0
0.73166,111,148,304,0,DRIVE [ 62 ] [ 1 ] [ 1025 1708 1885 ] [    0    0    0 ] [      0      0      0 ] [ 0 ],drive [ 62 ] [ 0 ] [ 1025 1717 1885 ] [   93   23    8 ] [  14743   6013   9510 ] [ 0 ],1.00,1.00,1.00,1.00,110.79,148.22,0.00,0.00,0.00,0.00,0.00,0.00,0.00,0.00,0.00,0.00,0.00,0.00,0.00,0.00,0.00,0
0.743921,110,149,300,0,DRIVE [ 63 ] [ 1 ] [ 1025 1701 1885 ] [    0    0    0 ] [      0      0      0 ] [ 0 ],drive [ 62 ] [ 0 ] [ 1025 1708 1885 ] [   93   23    8 ] [  14743   6013   9510 ] [ 0 ],1.00,1.00,1.00,1.00,109.97,148.60,0.00,0.00,0.00,0.00,0.00,0.00,0.00,0.00,0.00,0.00,0.00,0.00,0.00,0.00,0.00,0
0.756488,109,148,297,0,DRIVE [ 63 ] [ 1 ] [ 1025 1694 1885 ] [    0    0    0 ] [      0      0      0 ] [ 0 ],drive [ 63 ] [ 0 ] [ 1025 1701 1885 ] [   93   23    8 ] [  15159   6015   9179 ] [ 0 ],1.00,1.00,1.00,1.00,108.91,148.41,0.00,0.00,0.00,0.00,0.00,0.00,0.00,0.00,0.00,0.00,0.00,0.00,0.00,0.00,0.00,0
0.76948,107,147,294,0,DRIVE [ 64 ] [ 1 ] [ 1025 1689 1885 ] [    0    0    0 ] [      0      0      0 ] [ 0 ],drive [ 63 ] [ 0 ] [ 1025 1694 1885 ] [  103   28    7 ] [  15159   6015   9179 ] [ 0 ],1.00,1.00,1.00,1.00,107.08,147.05,0.00,0.00,0.00,0.00,0.00,0.00,0.00,0.00,0.00,0.00,0.00,0.00,0.00,0.00,0.00,0
0.781598,105,146,292,0,DRIVE [ 64 ] [ 1 ] [ 1025 1684 1885 ] [    0    0    0 ] [      0      0      0 ] [ 0 ],drive [ 64 ] [ 0 ] [ 1025 1689 1885 ] [  103   28    7 ] [  15159   6015   9179 ] [ 0 ],1.00,1.00,1.00,1.00,105.08,145.54,0.00,0.00,0.00,0.00,0.00,0.00,0.00,0.00,0.00,0.00,0.00,0.00,0.00,0.00,0.00,0
0.793805,102,143,289,0,DRIVE [ 65 ] [ 1 ] [ 1025 1679 1885 ] [    0    0    0 ] [      0      0      0 ] [ 0 ],drive [ 64 ] [ 0 ] [ 1025 1684 1885 ] [  103   28    7 ] [  15159   6015   9179 ] [ 0 ],1.00,1.00,1.00,1.00,102.32,143.45,0.00,0.00,0.00,0.00,0.00,0.00,0.00,0.00,0.00,0.00,0.00,0.00,0.00,0.00,0.00,0
0.80701,99,141,287,0,DRIVE [ 65 ] [ 1 ] [ 1025 1674 1885 ] [    0    0    0 ] [      0      0      0 ] [ 0 ],drive [ 65 ] [ 0 ] [ 1025 1679 1885 ] [  103   28    7 ] [  15663   6015   8908 ] [ 0 ],1.00,1.00,1.00,1.00,99.20,141.27,0.00,0.00,0.00,0.00,0.00,0.00,0.00,0.00,0.00,0.00,0.00,0.00,0.00,0.00,0.00,0
0.82012,95,138,285,0,DRIVE [ 66 ] [ 1 ] [ 1025 1668 1885 ] [    0    0    0 ] [      0      0      0 ] [ 0 ],drive [ 65 ] [ 0 ] [ 1025 1674 1885 ] [   96   30    7 ] [  15663   6015   8908 ] [ 0 ],1.00,1.00,1.00,1.00,94.84,138.48,0.00,0.00,0.00,0.00,0.00,0.00,0.00,0.00,0.00,0.00,0.00,0.00,0.00,0.00,0.00,0
0.831913,91,136,285,0,DRIVE [ 66 ] [ 1 ] [ 1025 1661 1885 ] [    0    0    0 ] [      0      0      0 ] [ 0 ],drive [ 66 ] [ 0 ] [ 1025 1668 1885 ] [   96   30    7 ] [  15663   6015   8908 ] [ 0 ],1.00,1.00,1.00,1.00,90.74,136.02,0.00,0.00,0.00,0.00,0.00,0.00,0.00,0.00,0.00,0.00,0.00,0.00,0.00,0.00,0.00,0
0.844091,87,133,283,0,DRIVE [ 67 ] [ 1 ] [ 1025 1655 1885 ] [    0    0    0 ] [      0      0      0 ] [ 0 ],drive [ 66 ] [ 0 ] [ 1025 1661 1885 ] [   96   30    7 ] [  15663   6015   8908 ] [ 0 ],1.00,1.00,1.00,1.00,86.51,133.37,0.00,0.00,0.00,0.00,0.00,0.00,0.00,0.00,0.00,0.00,0.00,0.00,-0.00,-0.00,0.00,0
0.856375,82,131,282,0,DRIVE [ 67 ] [ 1 ] [ 1025 1648 1885 ] [    0    0    0 ] [      0      0      0 ] [ 0 ],drive [ 67 ] [ 0 ] [ 1025 1655 1885 ] [   96   30    7 ] [  15930   6013   8720 ] [ 0 ],1.00,1.00,1.00,1.00,82.29,130.84,0.00,0.00,0.00,0.00,0.00,0.00,0.00,0.00,0.00,0.00,0.00,0.00,-0.00,-0.00,0.00,0
0.868011,78,128,282,0,DRIVE [ 68 ] [ 1 ] [ 1025 1641 1885 ] [    0    0    0 ] [      0      0      0 ] [ 0 ],drive [ 67 ] [ 0 ] [ 1025 1648 1885 ] [   83   29   18 ] [  15930   6013   8720 ] [ 0 ],1.00,1.00,1.00,1.00,78.15,128.50,0.00,0.00,0.00,0.00,0.00,0.00,0.00,0.00,0.00,0.00,0.00,0.00,-0.00,-0.00,0.00,0
0.880777,74,126,281,0,DRIVE [ 68 ] [ 1 ] [ 1025 1635 1885 ] [    0    0    0 ] [      0      0      0 ] [ 0 ],drive [ 68 ] [ 0 ] [ 1025 1641 1885 ] [   83   29   18 ] [  15930   6013   8720 ] [ 0 ],1.00,1.00,1.00,1.00,73.95,125.79,0.00,0.00,0.00,0.00,0.00,0.00,0.00,0.00,0.00,0.00,0.00,0.00,-0.00,-0.00,0.00,0
0.892999,70,122,279,0,DRIVE [ 69 ] [ 1 ] [ 1037 1630 1885 ] [    0    0    0 ] [      0      0      0 ] [ 0 ],drive [ 68 ] [ 0 ] [ 1025 1635 1885 ] [   83   29   18 ] [  15930   6013   8720 ] [ 0 ],1.00,1.00,1.00,1.00,69.56,122.48,0.00,0.00,0.00,0.00,0.00,0.00,0.00,0.00,0.00,0.00,0.00,0.00,-0.00,-0.00,0.00,0
0.905174,65,119,278,0,DRIVE [ 69 ] [ 1 ] [ 1059 1626 1885 ] [    0    0    0 ] [      0      0      0 ] [ 0 ],drive [ 69 ] [ 0 ] [ 1037 1630 1885 ] [   83   29   18 ] [  16161   6013   8518 ] [ 0 ],1.00,1.00,1.00,1.00,65.29,118.88,0.00,0.00,0.00,0.00,0.00,0.00,0.00,0.00,0.00,0.00,0.00,0.00,-0.00,-0.00,0.00,0
0.916835,61,115,277,0,DRIVE [ 70 ] [ 1 ] [ 1083 1623 1885 ] [    0    0    0 ] [      0      0      0 ] [ 0 ],drive [ 69 ] [ 0 ] [ 1059 1626 1885 ] [   84   33    3 ] [  16161   6013   8518 ] [ 0 ],1.00,1.00,1.00,1.00,60.99,115.11,0.00,0.00,0.00,0.00,0.00,0.00,0.00,0.00,0.00,0.00,0.00,0.00,-0.00,-0.00,0.00,0
0.929088,57,111,276,0,DRIVE [ 70 ] [ 1 ] [ 1111 1621 1885 ] [    0    0    0 ] [      0      0      0 ] [ 0 ],drive [ 70 ] [ 0 ] [ 1083 1623 1885 ] [   84   33    3 ] [  16161   6013   8518 ] [ 0 ],1.00,1.00,1.00,1.00,56.51,110.73,0.00,0.00,0.00,0.00,0.00,0.00,0.00,0.00,0.00,0.00,0.00,0.00,-0.00,-0.00,0.00,0
0.941162,52,107,275,0,DRIVE [ 71 ] [ 1 ] [ 1139 1617 1885 ] [    0    0    0 ] [      0      0      0 ] [ 0 ],drive [ 70 ] [ 0 ] [ 1111 1621 1885 ] [   84   33    3 ] [  16161   6013   8518 ] [ 0 ],1.00,1.00,1.00,1.00,52.06,106.80,0.00,0.00,0.00,0.00,0.00,0.00,0.00,0.00,0.00,0.00,0.00,0.00,-0.00,-0.00,0.00,0
0.953101,47,103,274,0,DRIVE [ 71 ] [ 1 ] [ 1170 1613 1885 ] [    0    0    0 ] [      0      0      0 ] [ 0 ],drive [ 71 ] [ 0 ] [ 1139 1617 1885 ] [   84   33    3 ] [  16366   6013   8452 ] [ 0 ],1.00,1.00,1.00,1.00,47.43,103.02,0.00,0.00,0.00,0.00,0.00,0.00,0.00,0.00,0.00,0.00,0.00,0.00,-0.00,-0.00,0.00,0
0.964456,43,99,273,0,DRIVE [ 72 ] [ 1 ] [ 1205 1609 1885 ] [    0    0    0 ] [      0      0      0 ] [ 0 ],drive [ 71 ] [ 0 ] [ 1170 1613 1885 ] [   75   34   10 ] [  16366   6013   8452 ] [ 0 ],1.00,1.00,1.00,1.00,42.69,99.14,0.00,0.00,0.00,0.00,0.00,0.00,0.00,0.00,0.00,0.00,0.00,0.00,-0.00,-0.00,0.00,0
0.976305,38,95,273,0,DRIVE [ 72 ] [ 1 ] [ 1243 1605 1885 ] [    0    0    0 ] [      0      0      0 ] [ 0 ],drive [ 72 ] [ 0 ] [ 1205 1609 1885 ] [   75   34   10 ] [  16366   6013   8452 ] [ 0 ],1.00,1.00,1.00,1.00,37.63,95.01,0.00,0.00,0.00,0.00,0.00,0.00,0.00,0.00,0.00,0.00,0.00,0.00,-0.00,-0.00,0.00,0
0.987976,32,91,272,0,DRIVE [ 73 ] [ 1 ] [ 1284 1601 1885 ] [    0    0    0 ] [      0      0      0 ] [ 0 ],drive [ 72 ] [ 0 ] [ 1243 1605 1885 ] [   75   34   10 ] [  16366   6013   8452 ] [ 0 ],1.00,1.00,1.00,1.00,32.44,90.64,0.00,0.00,0.00,0.00,0.00,0.00,0.00,0.00,0.00,0.00,0.00,0.00,-0.00,-0.00,0.00,0
0.999146,27,86,272,0,DRIVE [ 73 ] [ 1 ] [ 1326 1596 1885 ] [    0    0    0 ] [      0      0      0 ] [ 0 ],drive [ 73 ] [ 0 ] [ 1284 1601 1885 ] [   75   34   10 ] [  16366   6017   8354 ] [ 0 ],1.00,1.00,1.00,1.00,27.31,86.43,0.00,0.00,0.00,0.00,0.00,0.00,0.00,0.00,0.00,0.00,0.00,0.00,-0.00,-0.00,0.00,0
1.01105,21,81,269,0,DRIVE [ 74 ] [ 1 ] [ 1382 1589 1885 ] [    0    0    0 ] [      0      0      0 ] [ 0 ],drive [ 73 ] [ 0 ] [ 1326 1596 1885 ] [   59   41   15 ] [  16366   6017   8354 ] [ 0 ],1.00,1.00,1.00,1.00,20.54,80.78,0.00,0.00,0.00,0.00,0.00,0.00,0.00,0.00,0.00,0.00,0.00,0.00,-0.00,-0.00,0.00,0
1.02277,14,75,267,0,DRIVE [ 74 ] [ 1 ] [ 1435 1580 1885 ] [    0    0    0 ] [      0      0      0 ] [ 0 ],drive [ 74 ] [ 0 ] [ 1382 1589 1885 ] [   59   41   15 ] [  16366   6017   8354 ] [ 0 ],1.00,1.00,1.00,1.00,14.13,75.46,0.00,0.00,0.00,0.00,0.00,0.00,0.00,0.00,0.00,0.00,0.00,0.00,-0.00,-0.00,0.00,0
1.03411,8,70,264,0,DRIVE [ 75 ] [ 1 ] [ 1486 1570 1885 ] [    0    0    0 ] [      0      0      0 ] [ 0 ],drive [ 74 ] [ 0 ] [ 1435 1580 1885 ] [   59   41   15 ] [  16366   6017   8354 ] [ 0 ],1.00,1.00,1.00,1.00,7.93,70.45,0.00,0.00,0.00,0.00,0.00,0.00,0.00,0.00,0.00,0.00,0.00,0.00,-0.00,-0.00,0.00,0
1.04601,2,66,263,0,DRIVE [ 75 ] [ 1 ] [ 1536 1556 1885 ] [    0    0    0 ] [      0      0      0 ] [ 0 ],drive [ 75 ] [ 0 ] [ 1486 1570 1885 ] [   59   41   15 ] [  16349   6022   8294 ] [ 0 ],1.00,1.00,1.00,1.00,1.87,65.91,0.00,0.00,0.00,0.00,0.00,0.00,0.00,0.00,0.00,0.00,0.00,0.00,-0.00,-0.00,0.00,0
1.05754,-4,62,260,0,DRIVE [ 76 ] [ 1 ] [ 1582 1538 1885 ] [    0    0    0 ] [      0      0      0 ] [ 0 ],drive [ 75 ] [ 0 ] [ 1536 1556 1885 ] [   59   41   15 ] [  16349   6022   8294 ] [ 0 ],1.00,1.00,1.00,1.00,-3.99,61.61,0.00,0.00,0.00,0.00,0.00,0.00,0.00,0.00,0.00,0.00,0.00,0.00,0.00,-0.00,0.00,0
1.06888,-10,58,257,0,DRIVE [ 76 ] [ 1 ] [ 1625 1515 1885 ] [    0    0    0 ] [      0      0      0 ] [ 0 ],drive [ 76 ] [ 0 ] [ 1582 1538 1885 ] [   46   49    3 ] [  16349   6022   8294 ] [ 0 ],1.00,1.00,1.00,1.00,-9.73,57.56,0.00,0.00,0.00,0.00,0.00,0.00,0.00,0.00,0.00,0.00,0.00,0.00,0.00,-0.00,0.00,0
1.08082,-15,54,255,0,DRIVE [ 77 ] [ 1 ] [ 1667 1488 1885 ] [    0    0    0 ] [      0      0      0 ] [ 0 ],drive [ 76 ] [ 0 ] [ 1625 1515 1885 ] [   46   49    3 ] [  16349   6022   8294 ] [ 0 ],1.00,1.00,1.00,1.00,-15.36,53.69,0.00,0.00,0.00,0.00,0.00,0.00,0.00,0.00,0.00,0.00,0.00,0.00,0.00,-0.00,0.00,0
1.09222,-21,50,253,0,DRIVE [ 77 ] [ 1 ] [ 1705 1455 1885 ] [    0    0    0 ] [      0      0      0 ] [ 0 ],drive [ 77 ] [ 0 ] [ 1667 1488 1885 ] [   46   49    3 ] [  16349   6022   8294 ] [ 0 ],1.00,1.00,1.00,1.00,-20.81,49.98,0.00,0.00,0.00,0.00,0.00,0.00,0.00,0.00,0.00,0.00,0.00,0.00,0.00,-0.00,0.00,0
1.1036,-26,46,251,0,DRIVE [ 78 ] [ 1 ] [ 1743 1417 1885 ] [    0    0    0 ] [      0      0      0 ] [ 0 ],drive [ 77 ] [ 0 ] [ 1705 1455 1885 ] [   46   49    3 ] [  16258   6138   8182 ] [ 0 ],1.00,1.00,1.00,1.00,-26.08,46.35,0.00,0.00,0.00,0.00,0.00,0.00,0.00,0.00,0.00,0.00,0.00,0.00,0.00,-0.00,0.00,0
1.11478,-31,43,248,0,DRIVE [ 78 ] [ 1 ] [ 1778 1376 1885 ] [    0    0    0 ] [      0      0      0 ] [ 0 ],drive [ 78 ] [ 0 ] [ 1743 1417 1885 ] [   38   55    4 ] [  16258   6138   8182 ] [ 0 ],1.00,1.00,1.00,1.00,-30.98,42.71,0.00,0.00,0.00,0.00,0.00,0.00,0.00,0.00,0.00,0.00,0.00,0.00,0.00,0.00,0.00,0
1.1264,-36,39,246,0,DRIVE [ 79 ] [ 1 ] [ 1813 1336 1885 ] [    0    0    0 ] [      0      0      0 ] [ 0 ],drive [ 78 ] [ 0 ] [ 1778 1376 1885 ] [   38   55    4 ] [  16258   6138   8182 ] [ 0 ],1.00,1.00,1.00,1.00,-35.55,39.20,0.00,0.00,0.00,0.00,0.00,0.00,0.00,0.00,0.00,0.00,0.00,0.00,0.00,0.00,0.00,0
1.13754,-39,36,243,0,DRIVE [ 79 ] [ 1 ] [ 1844 1293 1885 ] [    0    0    0 ] [      0      0      0 ] [ 0 ],drive [ 79 ] [ 0 ] [ 1813 1336 1885 ] [   38   55    4 ] [  16258   6138   8182 ] [ 0 ],1.00,1.00,1.00,1.00,-39.46,35.69,0.00,0.00,0.00,0.00,0.00,0.00,0.00,0.00,0.00,0.00,0.00,0.00,0.00,0.00,0.00,0
1.14922,-43,32,240,0,DRIVE [ 80 ] [ 1 ] [ 1873 1250 1885 ] [    0    0    0 ] [      0      0      0 ] [ 0 ],drive [ 79 ] [ 0 ] [ 1844 1293 1885 ] [   38   55    4 ] [  15856   6554   8150 ] [ 0 ],1.00,1.00,1.00,1.00,-42.88,32.36,0.00,0.00,0.00,0.00,0.00,0.00,0.00,0.00,0.00,0.00,0.00,0.00,0.00,0.00,0.00,0
1.16087,-46,29,237,0,DRIVE [ 80 ] [ 1 ] [ 1873 1236 1871 ] [    0    0    0 ] [      0      0      0 ] [ 0 ],drive [ 80 ] [ 0 ] [ 1873 1250 1885 ] [   16   71    7 ] [  15856   6554   8150 ] [ 0 ],1.00,1.00,1.00,1.00,-45.89,29.24,0.00,0.00,0.00,0.00,0.00,0.00,0.00,0.00,0.00,0.00,0.00,0.00,0.00,0.00,0.00,0
1.17225,-48,26,235,0,DRIVE [ 81 ] [ 1 ] [ 1873 1243 1850 ] [    0    0    0 ] [      0      0      0 ] [ 0 ],drive [ 80 ] [ 0 ] [ 1873 1236 1871 ] [   16   71    7 ] [  15856   6554   8150 ] [ 0 ],1.00,1.00,1.00,1.00,-48.40,26.41,0.00,0.00,0.00,0.00,0.00,0.00,0.00,0.00,0.00,0.00,0.00,0.00,0.00,0.00,0.00,0
1.18324,-50,24,231,0,DRIVE [ 81 ] [ 1 ] [ 1873 1248 1831 ] [    0    0    0 ] [      0      0      0 ] [ 0 ],drive [ 81 ] [ 0 ] [ 1873 1243 1850 ] [   16   71    7 ] [  15856   6554   8150 ] [ 0 ],1.00,1.00,1.00,1.00,-50.15,23.71,0.00,0.00,0.00,0.00,0.00,0.00,0.00,0.00,0.00,0.00,0.00,0.00,0.00,0.00,0.00,0
1.19464,-51,21,229,0,DRIVE [ 82 ] [ 1 ] [ 1873 1255 1815 ] [    0    0    0 ] [      0      0      0 ] [ 0 ],drive [ 81 ] [ 0 ] [ 1873 1248 1831 ] [   16   71    7 ] [  15856   6554   8150 ] [ 0 ],1.00,1.00,1.00,1.00,-51.31,21.36,0.00,0.00,0.00,0.00,0.00,0.00,0.00,0.00,0.00,0.00,0.00,0.00,0.00,0.00,0.00,0
1.20608,-52,19,226,0,DRIVE [ 82 ] [ 1 ] [ 1873 1264 1802 ] [    0    0    0 ] [      0      0      0 ] [ 0 ],drive [ 82 ] [ 0 ] [ 1873 1255 1815 ] [   16   71    7 ] [  14956   7281   8161 ] [ 0 ],1.00,1.00,1.00,1.00,-51.86,19.27,0.00,0.00,0.00,0.00,0.00,0.00,0.00,0.00,0.00,0.00,0.00,0.00,0.00,0.00,0.00,0
1.21708,-52,17,224,0,DRIVE [ 83 ] [ 1 ] [ 1873 1274 1792 ] [    0    0    0 ] [      0      0      0 ] [ 0 ],drive [ 82 ] [ 0 ] [ 1873 1264 1802 ] [   20   68   17 ] [  14956   7281   8161 ] [ 0 ],1.00,1.00,1.00,1.00,-51.93,17.39,0.00,0.00,0.00,0.00,0.00,0.00,0.00,0.00,0.00,0.00,0.00,0.00,0.00,0.00,0.00,0
1.23004,-52,16,221,0,DRIVE [ 83 ] [ 1 ] [ 1873 1286 1783 ] [    0    0    0 ] [      0      0      0 ] [ 0 ],drive [ 83 ] [ 0 ] [ 1873 1274 1792 ] [   20   68   17 ] [  14956   7281   8161 ] [ 0 ],1.00,1.00,1.00,1.00,-51.53,15.69,0.00,0.00,0.00,0.00,0.00,0.00,0.00,0.00,0.00,0.00,0.00,0.00,0.00,0.00,0.00,0
1.24143,-51,14,219,0,DRIVE [ 84 ] [ 1 ] [ 1873 1297 1775 ] [    0    0    0 ] [      0      0      0 ] [ 0 ],drive [ 83 ] [ 0 ] [ 1873 1286 1783 ] [   20   68   17 ] [  14956   7281   8161 ] [ 0 ],1.00,1.00,1.00,1.00,-51.06,14.07,0.00,0.00,0.00,0.00,0.00,-0.00,0.00,0.00,0.00,0.00,0.00,0.00,0.00,0.00,0.00,0
1.25309,-51,13,217,0,DRIVE [ 84 ] [ 1 ] [ 1873 1307 1767 ] [    0    0    0 ] [      0      0      0 ] [ 0 ],drive [ 84 ] [ 0 ] [ 1873 1297 1775 ] [   20   68   17 ] [  14612   7716   8214 ] [ 0 ],1.00,1.00,1.00,1.00,-50.79,12.57,0.00,0.00,0.00,0.00,0.00,-0.00,0.00,0.00,0.00,0.00,0.00,0.00,0.00,0.00,0.00,0
1.26519,-51,11,215,0,DRIVE [ 85 ] [ 1 ] [ 1873 1316 1758 ] [    0    0    0 ] [      0      0      0 ] [ 0 ],drive [ 84 ] [ 0 ] [ 1873 1307 1767 ] [   18   60   33 ] [  14612   7716   8214 ] [ 0 ],1.00,1.00,1.00,1.00,-50.78,10.97,0.00,0.00,0.00,0.00,0.00,-0.00,0.00,0.00,0.00,0.00,0.00,0.00,0.00,0.00,0.00,0
1.27793,-51,9,213,0,DRIVE [ 85 ] [ 1 ] [ 1873 1321 1746 ] [    0    0    0 ] [      0      0      0 ] [ 0 ],drive [ 85 ] [ 0 ] [ 1873 1316 1758 ] [   18   60   33 ] [  14612   7716   8214 ] [ 0 ],1.00,1.00,1.00,1.00,-51.03,9.37,0.00,0.00,0.00,0.00,0.00,-0.00,0.00,0.00,0.00,0.00,0.00,0.00,0.00,0.00,0.00,0
1.28946,-52,8,211,0,DRIVE [ 86 ] [ 1 ] [ 1873 1324 1733 ] [    0    0    0 ] [      0      0      0 ] [ 0 ],drive [ 85 ] [ 0 ] [ 1873 1321 1746 ] [   18   60   33 ] [  14612   7716   8214 ] [ 0 ],1.00,1.00,1.00,1.00,-51.65,7.70,0.00,0.00,0.00,0.00,0.00,-0.00,0.00,0.00,0.00,0.00,0.00,0.00,0.00,0.00,0.00,0
1.30038,-52,6,209,0,DRIVE [ 86 ] [ 1 ] [ 1873 1324 1720 ] [    0    0    0 ] [      0      0      0 ] [ 0 ],drive [ 86 ] [ 0 ] [ 1873 1324 1733 ] [   18   60   33 ] [  14560   7717   8266 ] [ 0 ],1.00,1.00,1.00,1.00,-52.37,6.11,0.00,0.00,0.00,0.00,0.00,-0.00,0.00,0.00,0.00,0.00,0.00,0.00,0.00,0.00,0.00,0
1.31179,-53,5,206,0,DRIVE [ 87 ] [ 1 ] [ 1873 1322 1707 ] [    0    0    0 ] [      0      0      0 ] [ 0 ],drive [ 86 ] [ 0 ] [ 1873 1324 1720 ] [   18   59   38 ] [  14560   7717   8266 ] [ 0 ],1.00,1.00,1.00,1.00,-53.00,4.62,0.00,0.00,0.00,0.00,0.00,-0.00,0.00,0.00,0.00,0.00,0.00,0.00,0.00,0.00,0.00,0
1.32326,-54,3,203,0,DRIVE [ 87 ] [ 1 ] [ 1873 1319 1695 ] [    0    0    0 ] [      0      0      0 ] [ 0 ],drive [ 87 ] [ 0 ] [ 1873 1322 1707 ] [   18   59   38 ] [  14560   7717   8266 ] [ 0 ],1.00,1.00,1.00,1.00,-53.51,3.38,0.00,0.00,0.00,0.00,0.00,-0.00,0.00,0.00,0.00,0.00,0.00,0.00,0.00,0.00,0.00,0
1.334,-54,2,200,0,DRIVE [ 88 ] [ 1 ] [ 1873 1316 1685 ] [    0    0    0 ] [      0      0      0 ] [ 0 ],drive [ 87 ] [ 0 ] [ 1873 1319 1695 ] [   18   59   38 ] [  14560   7717   8266 ] [ 0 ],1.00,1.00,1.00,1.00,-53.60,2.38,0.00,0.00,0.00,0.00,0.00,-0.00,0.00,0.00,0.00,0.00,0.00,0.00,0.00,0.00,0.00,0
1.34539,-53,2,197,0,DRIVE [ 88 ] [ 1 ] [ 1873 1314 1679 ] [    0    0    0 ] [      0      0      0 ] [ 0 ],drive [ 88 ] [ 0 ] [ 1873 1316 1685 ] [   18   59   38 ] [  14205   7791   8482 ] [ 0 ],1.00,1.00,1.00,1.00,-53.24,1.80,0.00,0.00,0.00,0.00,0.00,-0.00,0.00,0.00,0.00,0.00,0.00,0.00,0.00,0.00,0.00,0
1.35649,-52,2,193,0,DRIVE [ 89 ] [ 1 ] [ 1873 1314 1678 ] [    0    0    0 ] [      0      0      0 ] [ 0 ],drive [ 88 ] [ 0 ] [ 1873 1314 1679 ] [   18   59   38 ] [  14205   7791   8482 ] [ 0 ],1.00,1.00,1.00,1.00,-52.48,1.69,0.00,0.00,0.00,0.00,0.00,-0.00,0.00,0.00,0.00,0.00,0.00,0.00,0.00,0.00,0.00,0
1.36841,-51,2,191,0,DRIVE [ 89 ] [ 1 ] [ 1873 1316 1682 ] [    0    0    0 ] [      0      0      0 ] [ 0 ],drive [ 89 ] [ 0 ] [ 1873 1314 1678 ] [   14   75   41 ] [  14205   7791   8482 ] [ 0 ],1.00,1.00,1.00,1.00,-51.30,1.94,0.00,0.00,0.00,0.00,0.00,-0.00,0.00,0.00,0.00,0.00,0.00,0.00,0.00,0.00,0.00,0
1.37899,-50,2,188,0,DRIVE [ 90 ] [ 1 ] [ 1873 1321 1689 ] [    0    0    0 ] [      0      0      0 ] [ 0 ],drive [ 89 ] [ 0 ] [ 1873 1316 1682 ] [   14   75   41 ] [  14205   7791   8482 ] [ 0 ],1.00,1.00,1.00,1.00,-49.67,2.44,0.00,0.00,0.00,0.00,0.00,-0.00,0.00,0.00,0.00,0.00,0.00,0.00,0.00,0.00,0.00,0
1.38985,-48,3,185,0,DRIVE [ 90 ] [ 1 ] [ 1873 1327 1699 ] [    0    0    0 ] [      0      0      0 ] [ 0 ],drive [ 90 ] [ 0 ] [ 1873 1321 1689 ] [   14   75   41 ] [  14205   7791   8482 ] [ 0 ],1.00,1.00,1.00,1.00,-47.88,3.13,0.00,0.00,0.00,0.00,0.00,-0.00,0.00,0.00,0.00,0.00,0.00,0.00,0.00,0.00,0.00,0
1.40014,-46,4,183,0,DRIVE [ 91 ] [ 1 ] [ 1873 1336 1711 ] [    0    0    0 ] [      0      0      0 ] [ 0 ],drive [ 90 ] [ 0 ] [ 1873 1327 1699 ] [   14   75   41 ] [  13872   7977   8631 ] [ 0 ],1.00,1.00,1.00,1.00,-45.76,3.97,0.00,0.00,0.00,0.00,0.00,-0.00,0.00,0.00,0.00,0.00,0.00,0.00,0.00,0.00,0.00,0
1.41089,-43,5,180,0,DRIVE [ 91 ] [ 1 ] [ 1873 1346 1726 ] [    0    0    0 ] [      0      0      0 ] [ 0 ],drive [ 91 ] [ 0 ] [ 1873 1336 1711 ] [    8   71   37 ] [  13872   7977   8631 ] [ 0 ],1.00,1.00,1.00,1.00,-43.33,5.01,0.00,0.00,0.00,0.00,0.00,-0.00,0.00,0.00,0.00,0.00,0.00,0.00,0.00,0.00,0.00,0
1.42151,-41,6,177,0,DRIVE [ 92 ] [ 1 ] [ 1873 1355 1744 ] [    0    0    0 ] [      0      0      0 ] [ 0 ],drive [ 91 ] [ 0 ] [ 1873 1346 1726 ] [    8   71   37 ] [  13872   7977   8631 ] [ 0 ],1.00,1.00,1.00,1.00,-40.75,6.26,0.00,0.00,0.00,0.00,0.00,-0.00,0.00,0.00,0.00,0.00,0.00,0.00,0.00,0.00,0.00,0
1.43175,-38,8,175,0,DRIVE [ 92 ] [ 1 ] [ 1873 1366 1762 ] [    0    0    0 ] [      0      0      0 ] [ 0 ],drive [ 92 ] [ 0 ] [ 1873 1355 1744 ] [    8   71   37 ] [  13872   7977   8631 ] [ 0 ],1.00,1.00,1.00,1.00,-38.09,7.53,0.00,0.00,0.00,0.00,0.00,-0.00,0.00,0.00,0.00,0.00,0.00,0.00,0.00,0.00,0.00,0
1.44232,-35,9,172,0,DRIVE [ 93 ] [ 1 ] [ 1873 1377 1782 ] [    0    0    0 ] [      0      0      0 ] [ 0 ],drive [ 92 ] [ 0 ] [ 1873 1366 1762 ] [    8   71   37 ] [  13872   7977   8631 ] [ 0 ],1.00,1.00,1.00,1.00,-35.33,8.77,0.00,0.00,0.00,0.00,0.00,-0.00,0.00,0.00,0.00,0.00,0.00,0.00,0.00,-0.00,0.00,0
1.4527,-33,10,169,0,DRIVE [ 93 ] [ 1 ] [ 1873 1385 1801 ] [    0    0    0 ] [      0      0      0 ] [ 0 ],drive [ 93 ] [ 0 ] [ 1873 1377 1782 ] [    8   71   37 ] [  13842   8045   8647 ] [ 0 ],1.00,1.00,1.00,1.00,-32.64,10.09,0.00,0.00,0.00,0.00,0.00,-0.00,0.00,0.00,0.00,0.00,0.00,0.00,0.00,-0.00,0.00,0
1.46268,-30,11,167,0,DRIVE [ 94 ] [ 1 ] [ 1873 1390 1822 ] [    0    0    0 ] [      0      0      0 ] [ 0 ],drive [ 93 ] [ 0 ] [ 1873 1385 1801 ] [    7   53   30 ] [  13842   8045   8647 ] [ 0 ],1.00,1.00,1.00,1.00,-29.98,11.48,0.00,0.00,0.00,0.00,0.00,-0.00,0.00,0.00,0.00,0.00,0.00,0.00,0.00,-0.00,0.00,0
1.47335,-27,13,164,0,DRIVE [ 94 ] [ 1 ] [ 1873 1392 1844 ] [    0    0    0 ] [      0      0      0 ] [ 0 ],drive [ 94 ] [ 0 ] [ 1873 1390 1822 ] [    7   53   30 ] [  13842   8045   8647 ] [ 0 ],1.00,1.00,1.00,1.00,-27.30,13.00,0.00,0.00,0.00,0.00,0.00,-0.00,0.00,0.00,0.00,0.00,0.00,0.00,0.00,-0.00,0.00,0
1.48455,-25,15,162,0,DRIVE [ 95 ] [ 1 ] [ 1873 1389 1867 ] [    0    0    0 ] [      0      0      0 ] [ 0 ],drive [ 94 ] [ 0 ] [ 1873 1392 1844 ] [    7   53   30 ] [  13842   8045   8647 ] [ 0 ],1.00,1.00,1.00,1.00,-24.59,14.66,0.00,0.00,0.00,0.00,0.00,-0.00,0.00,0.00,0.00,0.00,0.00,0.00,0.00,-0.00,0.00,0
1.49467,-22,16,160,0,DRIVE [ 95 ] [ 1 ] [ 1876 1396 1867 ] [    0    0    0 ] [      0      0      0 ] [ 0 ],drive [ 95 ] [ 0 ] [ 1873 1389 1867 ] [    7   53   30 ] [  13840   8044   8644 ] [ 0 ],1.00,1.00,1.00,1.00,-21.83,16.41,0.00,0.00,0.00,0.00,0.00,-0.00,0.00,0.00,0.00,0.00,0.00,0.00,0.00,-0.00,0.00,0
1.50493,-19,18,157,0,DRIVE [ 96 ] [ 1 ] [ 1845 1437 1867 ] [    0    0    0 ] [      0      0      0 ] [ 0 ],drive [ 95 ] [ 0 ] [ 1876 1396 1867 ] [    7   53   30 ] [  13840   8044   8644 ] [ 0 ],1.00,1.00,1.00,1.00,-18.96,18.25,0.00,0.00,0.00,0.00,0.00,-0.00,0.00,0.00,0.00,0.00,0.00,0.00,0.00,-0.00,0.00,0
1.5146,-16,20,154,0,DRIVE [ 96 ] [ 1 ] [ 1812 1473 1867 ] [    0    0    0 ] [      0      0      0 ] [ 0 ],drive [ 96 ] [ 0 ] [ 1845 1437 1867 ] [    8   51   11 ] [  13840   8044   8644 ] [ 0 ],1.00,1.00,1.00,1.00,-16.01,20.08,0.00,0.00,0.00,0.00,0.00,-0.00,0.00,0.00,0.00,0.00,0.00,0.00,0.00,-0.00,0.00,0
1.52477,-13,22,152,0,DRIVE [ 97 ] [ 1 ] [ 1777 1504 1867 ] [    0    0    0 ] [      0      0      0 ] [ 0 ],drive [ 96 ] [ 0 ] [ 1812 1473 1867 ] [    8   51   11 ] [  13840   8044   8644 ] [ 0 ],1.00,1.00,1.00,1.00,-13.02,21.92,0.00,0.00,0.00,0.00,0.00,-0.00,0.00,0.00,0.00,0.00,0.00,0.00,0.00,-0.00,0.00,0
1.53427,-10,24,149,0,DRIVE [ 97 ] [ 1 ] [ 1738 1531 1867 ] [    0    0    0 ] [      0      0      0 ] [ 0 ],drive [ 97 ] [ 0 ] [ 1777 1504 1867 ] [    8   51   11 ] [  13840   8044   8644 ] [ 0 ],1.00,1.00,1.00,1.00,-9.93,23.65,0.00,0.00,0.00,0.00,0.00,-0.00,0.00,0.00,0.00,0.00,0.00,0.00,0.00,-0.00,0.00,0
1.54445,-7,25,146,0,DRIVE [ 98 ] [ 1 ] [ 1697 1553 1867 ] [    0    0    0 ] [      0      0      0 ] [ 0 ],drive [ 97 ] [ 0 ] [ 1738 1531 1867 ] [    8   51   11 ] [  13840   8039   8597 ] [ 0 ],1.00,1.00,1.00,1.00,-6.84,25.22,0.00,0.00,0.00,0.00,0.00,-0.00,0.00,0.00,0.00,0.00,0.00,0.00,0.00,-0.00,0.00,0
1.55443,-4,27,143,0,DRIVE [ 98 ] [ 1 ] [ 1651 1573 1867 ] [    0    0    0 ] [      0      0      0 ] [ 0 ],drive [ 98 ] [ 0 ] [ 1697 1553 1867 ] [    8   51   11 ] [  13840   8039   8597 ] [ 0 ],1.00,1.00,1.00,1.00,-3.69,26.70,0.00,0.00,0.00,0.00,0.00,-0.00,0.00,0.00,0.00,0.00,0.00,0.00,0.00,0.00,0.00,0
1.56425,-1,28,141,0,DRIVE [ 99 ] [ 1 ] [ 1602 1590 1867 ] [    0    0    0 ] [      0      0      0 ] [ 0 ],drive [ 98 ] [ 0 ] [ 1651 1573 1867 ] [   19   43   16 ] [  13840   8039   8597 ] [ 0 ],1.00,1.00,1.00,1.00,-0.53,28.02,0.00,0.00,0.00,0.00,0.00,-0.00,0.00,0.00,0.00,0.00,0.00,0.00,0.00,0.00,0.00,0
1.57459,3,29,138,0,DRIVE [ 99 ] [ 1 ] [ 1549 1606 1867 ] [    0    0    0 ] [      0      0      0 ] [ 0 ],drive [ 99 ] [ 0 ] [ 1602 1590 1867 ] [   19   43   16 ] [  13840   8039   8597 ] [ 0 ],1.00,1.00,1.00,1.00,2.63,29.23,0.00,0.00,0.00,0.00,0.00,-0.00,0.00,0.00,0.00,0.00,0.00,0.00,0.00,0.00,0.00,0
1.58634,6,30,135,0,DRIVE [ 00 ] [ 1 ] [ 1492 1621 1867 ] [    0    0    0 ] [      0      0      0 ] [ 0 ],drive [ 99 ] [ 0 ] [ 1549 1606 1867 ] [   19   43   16 ] [  13840   8039   8597 ] [ 0 ],1.00,1.00,1.00,1.00,5.80,30.26,0.00,0.00,0.00,0.00,0.00,-0.00,0.00,0.00,0.00,0.00,0.00,0.00,0.00,0.00,0.00,0
1.59583,9,31,133,0,DRIVE [ 00 ] [ 1 ] [ 1431 1636 1867 ] [    0    0    0 ] [      0      0      0 ] [ 0 ],drive [ 00 ] [ 0 ] [ 1492 1621 1867 ] [   19   43   16 ] [  13922   8021   8588 ] [ 0 ],1.00,1.00,1.00,1.00,8.98,31.11,0.00,0.00,0.00,0.00,0.00,-0.00,0.00,0.00,0.00,0.00,0.00,0.00,0.00,0.00,0.00,0
1.60628,12,32,130,0,DRIVE [ 01 ] [ 1 ] [ 1370 1652 1867 ] [    0    0    0 ] [      0      0      0 ] [ 0 ],drive [ 00 ] [ 0 ] [ 1431 1636 1867 ] [   19   43   16 ] [  13922   8021   8588 ] [ 0 ],1.00,1.00,1.00,1.00,12.02,31.70,0.00,0.00,0.00,0.00,0.00,-0.00,0.00,0.00,0.00,0.00,0.00,0.00,0.00,0.00,0.00,0
1.61836,15,32,127,0,DRIVE [ 01 ] [ 1 ] [ 1306 1668 1867 ] [    0    0    0 ] [      0      0      0 ] [ 0 ],drive [ 01 ] [ 0 ] [ 1370 1652 1867 ] [   49   47   16 ] [  13922   8021   8588 ] [ 0 ],1.00,1.00,1.00,1.00,14.99,32.08,0.00,0.00,0.00,0.00,0.00,-0.00,0.00,0.00,0.00,0.00,0.00,0.00,0.00,0.00,0.00,0
1.6307,18,32,125,0,DRIVE [ 02 ] [ 1 ] [ 1245 1684 1867 ] [    0    0    0 ] [      0      0      0 ] [ 0 ],drive [ 01 ] [ 0 ] [ 1306 1668 1867 ] [   49   47   16 ] [  13922   8021   8588 ] [ 0 ],1.00,1.00,1.00,1.00,17.68,32.22,0.00,0.00,0.00,0.00,0.00,-0.00,0.00,0.00,0.00,0.00,0.00,0.00,0.00,0.00,0.00,0
1.64278,20,32,122,0,DRIVE [ 02 ] [ 1 ] [ 1189 1700 1867 ] [    0    0    0 ] [      0      0      0 ] [ 0 ],drive [ 02 ] [ 0 ] [ 1245 1684 1867 ] [   49   47   16 ] [  13922   8021   8588 ] [ 0 ],1.00,1.00,1.00,1.00,20.00,32.10,0.00,0.00,0.00,0.00,0.00,-0.00,0.00,0.00,0.00,0.00,0.00,0.00,0.00,0.00,0.00,0
1.65447,22,32,120,0,DRIVE [ 03 ] [ 1 ] [ 1142 1716 1867 ] [    0    0    0 ] [      0      0      0 ] [ 0 ],drive [ 02 ] [ 0 ] [ 1189 1700 1867 ] [   49   47   16 ] [  14484   7837   8552 ] [ 0 ],1.00,1.00,1.00,1.00,21.86,31.67,0.00,0.00,0.00,0.00,0.00,-0.00,0.00,0.00,0.00,0.00,0.00,0.00,0.00,0.00,0.00,0
1.66381,23,31,117,0,DRIVE [ 03 ] [ 1 ] [ 1103 1731 1867 ] [    0    0    0 ] [      0      0      0 ] [ 0 ],drive [ 03 ] [ 0 ] [ 1142 1716 1867 ] [   89   35    4 ] [  14484   7837   8552 ] [ 0 ],1.00,1.00,1.00,1.00,23.31,31.04,0.00,0.00,0.00,0.00,0.00,-0.00,0.00,0.00,0.00,0.00,0.00,0.00,0.00,0.00,0.00,0
1.67436,24,30,115,0,DRIVE [ 04 ] [ 1 ] [ 1073 1745 1867 ] [    0    0    0 ] [      0      0      0 ] [ 0 ],drive [ 03 ] [ 0 ] [ 1103 1731 1867 ] [   89   35    4 ] [  14484   7837   8552 ] [ 0 ],1.00,1.00,1.00,1.00,24.33,30.21,0.00,0.00,0.00,0.00,0.00,-0.00,0.00,0.00,0.00,0.00,0.00,0.00,0.00,0.00,0.00,0
1.68611,25,29,113,0,DRIVE [ 04 ] [ 1 ] [ 1045 1761 1867 ] [    0    0    0 ] [      0      0      0 ] [ 0 ],drive [ 04 ] [ 0 ] [ 1073 1745 1867 ] [   89   35    4 ] [  14484   7837   8552 ] [ 0 ],1.00,1.00,1.00,1.00,25.29,29.21,0.00,0.00,0.00,0.00,0.00,-0.00,0.00,0.00,0.00,0.00,0.00,0.00,0.00,0.00,0.00,0
1.69828,26,28,111,0,DRIVE [ 05 ] [ 1 ] [ 1025 1779 1867 ] [    0    0    0 ] [      0      0      0 ] [ 0 ],drive [ 04 ] [ 0 ] [ 1045 1761 1867 ] [   89   35    4 ] [  15177   7468   8383 ] [ 0 ],1.00,1.00,1.00,1.00,26.17,28.05,0.00,0.00,0.00,0.00,0.00,-0.00,0.00,0.00,0.00,0.00,0.00,0.00,0.00,0.00,0.00,0
1.71037,27,27,109,0,DRIVE [ 05 ] [ 1 ] [ 1025 1798 1867 ] [    0    0    0 ] [      0      0      0 ] [ 0 ],drive [ 05 ] [ 0 ] [ 1025 1779 1867 ] [   89   35    4 ] [  15177   7468   8383 ] [ 0 ],1.00,1.00,1.00,1.00,26.99,26.69,0.00,0.00,0.00,0.00,0.00,-0.00,0.00,0.00,0.00,0.00,0.00,0.00,0.00,0.00,0.00,0
1.72256,28,25,107,0,DRIVE [ 06 ] [ 1 ] [ 1025 1819 1867 ] [    0    0    0 ] [      0      0      0 ] [ 0 ],drive [ 05 ] [ 0 ] [ 1025 1798 1867 ] [  100   31   29 ] [  15177   7468   8383 ] [ 0 ],1.00,1.00,1.00,1.00,27.74,25.22,0.00,0.00,0.00,0.00,0.00,-0.00,0.00,0.00,0.00,0.00,0.00,0.00,0.00,0.00,0.00,0
1.73211,28,24,105,0,DRIVE [ 06 ] [ 1 ] [ 1025 1841 1867 ] [    0    0    0 ] [      0      0      0 ] [ 0 ],drive [ 06 ] [ 0 ] [ 1025 1819 1867 ] [  100   31   29 ] [  15177   7468   8383 ] [ 0 ],1.00,1.00,1.00,1.00,28.37,23.68,0.00,0.00,0.00,0.00,0.00,-0.00,0.00,0.00,0.00,0.00,0.00,0.00,0.00,0.00,0.00,0
1.74262,29,22,104,0,DRIVE [ 07 ] [ 1 ] [ 1025 1862 1867 ] [    0    0    0 ] [      0      0      0 ] [ 0 ],drive [ 06 ] [ 0 ] [ 1025 1841 1867 ] [  100   31   29 ] [  15177   7468   8383 ] [ 0 ],1.00,1.00,1.00,1.00,28.77,22.12,0.00,0.00,0.00,0.00,0.00,-0.00,0.00,0.00,0.00,0.00,0.00,0.00,0.00,0.00,0.00,0
1.75431,29,21,102,0,DRIVE [ 07 ] [ 1 ] [ 1025 1882 1867 ] [    0    0    0 ] [      0      0      0 ] [ 0 ],drive [ 07 ] [ 0 ] [ 1025 1862 1867 ] [  100   31   29 ] [  15716   7218   8299 ] [ 0 ],1.00,1.00,1.00,1.00,29.06,20.57,0.00,0.00,0.00,0.00,0.00,-0.00,0.00,0.00,0.00,0.00,0.00,0.00,0.00,0.00,0.00,0
1.76615,29,19,100,0,DRIVE [ 08 ] [ 1 ] [ 1025 1882 1869 ] [    0    0    0 ] [      0      0      0 ] [ 0 ],drive [ 07 ] [ 0 ] [ 1025 1882 1867 ] [   93   25    5 ] [  15716   7218   8299 ] [ 0 ],1.00,1.00,1.00,1.00,29.14,18.96,0.00,0.00,0.00,0.00,0.00,-0.00,0.00,0.00,0.00,0.00,0.00,0.00,0.00,0.00,0.00,0
1.77846,29,17,98,0,DRIVE [ 08 ] [ 1 ] [ 1025 1882 1852 ] [    0    0    0 ] [      0      0      0 ] [ 0 ],drive [ 08 ] [ 0 ] [ 1025 1882 1869 ] [   93   25    5 ] [  15716   7218   8299 ] [ 0 ],1.00,1.00,1.00,1.00,29.01,17.27,0.00,0.00,0.00,0.00,0.00,-0.00,0.00,0.00,0.00,0.00,0.00,0.00,0.00,0.00,0.00,0
1.78832,29,15,96,0,DRIVE [ 09 ] [ 1 ] [ 1025 1882 1834 ] [    0    0    0 ] [      0      0      0 ] [ 0 ],drive [ 08 ] [ 0 ] [ 1025 1882 1852 ] [   93   25    5 ] [  15716   7218   8299 ] [ 0 ],1.00,1.00,1.00,1.00,28.62,15.44,0.00,0.00,0.00,0.00,0.00,-0.00,0.00,0.00,0.00,0.00,0.00,0.00,0.00,0.00,0.00,0
1.798,28,13,95,0,DRIVE [ 09 ] [ 1 ] [ 1028 1882 1816 ] [    0    0    0 ] [      0      0      0 ] [ 0 ],drive [ 09 ] [ 0 ] [ 1025 1882 1834 ] [   93   25    5 ] [  16305   6733   8096 ] [ 0 ],1.00,1.00,1.00,1.00,27.93,13.43,0.00,0.00,0.00,0.00,0.00,-0.00,0.00,0.00,0.00,0.00,0.00,0.00,0.00,0.00,0.00,0
1.8105,27,11,93,0,DRIVE [ 10 ] [ 1 ] [ 1081 1882 1798 ] [    0    0    0 ] [      0      0      0 ] [ 0 ],drive [ 09 ] [ 0 ] [ 1028 1882 1816 ] [   93   25    5 ] [  16305   6733   8096 ] [ 0 ],1.00,1.00,1.00,1.00,26.97,11.33,0.00,0.00,0.00,0.00,0.00,-0.00,0.00,0.00,0.00,0.00,0.00,0.00,0.00,0.00,0.00,0
1.82229,26,9,92,0,DRIVE [ 10 ] [ 1 ] [ 1139 1882 1779 ] [    0    0    0 ] [      0      0      0 ] [ 0 ],drive [ 10 ] [ 0 ] [ 1081 1882 1798 ] [   97   28   30 ] [  16305   6733   8096 ] [ 0 ],1.00,1.00,1.00,1.00,25.84,9.16,0.00,0.00,0.00,0.00,0.00,-0.00,0.00,0.00,0.00,0.00,0.00,0.00,0.00,0.00,0.00,0
1.83407,25,7,90,0,DRIVE [ 11 ] [ 1 ] [ 1199 1882 1762 ] [    0    0    0 ] [      0      0      0 ] [ 0 ],drive [ 10 ] [ 0 ] [ 1139 1882 1779 ] [   97   28   30 ] [  16305   6733   8096 ] [ 0 ],1.00,1.00,1.00,1.00,24.55,7.02,0.00,0.00,0.00,0.00,0.00,-0.00,0.00,0.00,0.00,0.00,0.00,0.00,0.00,0.00,0.00,0
1.84659,23,5,89,0,DRIVE [ 11 ] [ 1 ] [ 1258 1882 1744 ] [    0    0    0 ] [      0      0      0 ] [ 0 ],drive [ 11 ] [ 0 ] [ 1199 1882 1762 ] [   97   28   30 ] [  16829   6460   7956 ] [ 0 ],1.00,1.00,1.00,1.00,23.20,4.99,0.00,0.00,0.00,0.00,0.00,-0.00,0.00,0.00,0.00,0.00,0.00,0.00,0.00,0.00,0.00,0
1.85665,22,3,87,0,DRIVE [ 12 ] [ 1 ] [ 1312 1882 1728 ] [    0    0    0 ] [      0      0      0 ] [ 0 ],drive [ 11 ] [ 0 ] [ 1258 1882 1744 ] [   97   28   30 ] [  16829   6460   7956 ] [ 0 ],1.00,1.00,1.00,1.00,21.88,3.11,0.00,0.00,0.00,0.00,0.00,-0.00,0.00,0.00,0.00,0.00,0.00,0.00,0.00,0.00,0.00,0
1.86611,21,1,85,0,DRIVE [ 12 ] [ 1 ] [ 1361 1882 1710 ] [    0    0    0 ] [      0      0      0 ] [ 0 ],drive [ 12 ] [ 0 ] [ 1312 1882 1728 ] [   66   11   26 ] [  16829   6460   7956 ] [ 0 ],1.00,1.00,1.00,1.00,20.64,1.33,0.00,0.00,0.00,0.00,0.00,-0.00,0.00,0.00,0.00,0.00,0.00,0.00,0.00,0.00,0.00,0
1.87844,19,0,84,0,DRIVE [ 13 ] [ 1 ] [ 1406 1882 1691 ] [    0    0    0 ] [      0      0      0 ] [ 0 ],drive [ 12 ] [ 0 ] [ 1361 1882 1710 ] [   66   11   26 ] [  16829   6460   7956 ] [ 0 ],1.00,1.00,1.00,1.00,19.49,-0.35,0.00,0.00,0.00,0.00,0.00,-0.00,0.00,0.00,0.00,0.00,0.00,0.00,0.00,0.00,0.00,0
1.89031,18,-2,82,0,DRIVE [ 13 ] [ 1 ] [ 1448 1882 1669 ] [    0    0    0 ] [      0      0      0 ] [ 0 ],drive [ 13 ] [ 0 ] [ 1406 1882 1691 ] [   66   11   26 ] [  16829   6460   7956 ] [ 0 ],1.00,1.00,1.00,1.00,18.37,-2.03,0.00,0.00,0.00,0.00,0.00,-0.00,0.00,0.00,0.00,0.00,0.00,0.00,0.00,0.00,0.00,0
1.90235,17,-4,80,0,DRIVE [ 14 ] [ 1 ] [ 1490 1882 1646 ] [    0    0    0 ] [      0      0      0 ] [ 0 ],drive [ 13 ] [ 0 ] [ 1448 1882 1669 ] [   66   11   26 ] [  16810   6317   7969 ] [ 0 ],1.00,1.00,1.00,1.00,17.16,-3.67,0.00,0.00,0.00,0.00,0.00,-0.00,0.00,0.00,0.00,0.00,0.00,0.00,0.00,0.00,0.00,0
1.91425,16,-5,78,0,DRIVE [ 14 ] [ 1 ] [ 1531 1882 1622 ] [    0    0    0 ] [      0      0      0 ] [ 0 ],drive [ 14 ] [ 0 ] [ 1490 1882 1646 ] [   43    5   38 ] [  16810   6317   7969 ] [ 0 ],1.00,1.00,1.00,1.00,15.84,-5.25,0.00,0.00,0.00,0.00,0.00,-0.00,0.00,0.00,0.00,0.00,0.00,0.00,0.00,0.00,0.00,0
1.92426,14,-7,77,0,DRIVE [ 15 ] [ 1 ] [ 1574 1882 1595 ] [    0    0    0 ] [      0      0      0 ] [ 0 ],drive [ 14 ] [ 0 ] [ 1531 1882 1622 ] [   43    5   38 ] [  16810   6317   7969 ] [ 0 ],1.00,1.00,1.00,1.00,14.39,-6.81,0.00,0.00,0.00,0.00,0.00,-0.00,0.00,0.00,0.00,0.00,0.00,0.00,0.00,0.00,0.00,0
1.93417,13,-8,75,0,DRIVE [ 15 ] [ 1 ] [ 1615 1882 1564 ] [    0    0    0 ] [      0      0      0 ] [ 0 ],drive [ 15 ] [ 0 ] [ 1574 1882 1595 ] [   43    5   38 ] [  16810   6317   7969 ] [ 0 ],1.00,1.00,1.00,1.00,12.85,-8.29,0.00,0.00,0.00,0.00,0.00,-0.00,0.00,0.00,0.00,0.00,0.00,0.00,0.00,0.00,0.00,0
1.9464,11,-10,73,0,DRIVE [ 16 ] [ 1 ] [ 1653 1882 1528 ] [    0    0    0 ] [      0      0      0 ] [ 0 ],drive [ 15 ] [ 0 ] [ 1615 1882 1564 ] [   43    5   38 ] [  16799   6153   7986 ] [ 0 ],1.00,1.00,1.00,1.00,11.30,-9.71,0.00,0.00,0.00,0.00,0.00,-0.00,0.00,0.00,0.00,0.00,0.00,0.00,0.00,0.00,0.00,0
1.95836,10,-11,72,0,DRIVE [ 16 ] [ 1 ] [ 1687 1882 1486 ] [    0    0    0 ] [      0      0      0 ] [ 0 ],drive [ 16 ] [ 0 ] [ 1653 1882 1528 ] [   43    5   38 ] [  16799   6153   7986 ] [ 0 ],1.00,1.00,1.00,1.00,9.79,-11.06,0.00,0.00,0.00,0.00,0.00,-0.00,0.00,0.00,0.00,0.00,0.00,0.00,0.00,0.00,0.00,0
1.97025,8,-12,70,0,DRIVE [ 17 ] [ 1 ] [ 1718 1882 1442 ] [    0    0    0 ] [      0      0      0 ] [ 0 ],drive [ 16 ] [ 0 ] [ 1687 1882 1486 ] [   39   27   39 ] [  16799   6153   7986 ] [ 0 ],1.00,1.00,1.00,1.00,8.30,-12.21,0.00,0.00,0.00,0.00,0.00,-0.00,0.00,0.00,0.00,0.00,0.00,0.00,0.00,0.00,0.00,0
1.9798,7,-13,68,0,DRIVE [ 17 ] [ 1 ] [ 1747 1882 1396 ] [    0    0    0 ] [      0      0      0 ] [ 0 ],drive [ 17 ] [ 0 ] [ 1718 1882 1442 ] [   39   27   39 ] [  16799   6153   7986 ] [ 0 ],1.00,1.00,1.00,1.00,6.85,-13.15,0.00,0.00,0.00,0.00,0.00,0.00,0.00,0.00,0.00,0.00,0.00,0.00,0.00,0.00,0.00,0
1.9903,5,-14,67,0,DRIVE [ 18 ] [ 1 ] [ 1774 1882 1355 ] [    0    0    0 ] [      0      0      0 ] [ 0 ],drive [ 17 ] [ 0 ] [ 1747 1882 1396 ] [   39   27   39 ] [  16799   6153   7986 ] [ 0 ],1.00,1.00,1.00,1.00,5.45,-13.78,0.00,0.00,0.00,0.00,0.00,0.00,0.00,0.00,0.00,0.00,0.00,0.00,0.00,0.00,0.00,0
2.00206,4,-14,65,0,DRIVE [ 18 ] [ 1 ] [ 1801 1882 1317 ] [    0    0    0 ] [      0      0      0 ] [ 0 ],drive [ 18 ] [ 0 ] [ 1774 1882 1355 ] [   39   27   39 ] [  16561   6152   8322 ] [ 0 ],1.00,1.00,1.00,1.00,4.10,-14.17,0.00,0.00,0.00,0.00,0.00,0.00,0.00,0.00,0.00,0.00,0.00,0.00,0.00,0.00,0.00,0
2.01445,3,-14,64,0,DRIVE [ 19 ] [ 1 ] [ 1825 1882 1285 ] [    0    0    0 ] [      0      0      0 ] [ 0 ],drive [ 18 ] [ 0 ] [ 1801 1882 1317 ] [   22   28   71 ] [  16561   6152   8322 ] [ 0 ],1.00,1.00,1.00,1.00,2.85,-14.28,0.00,0.00,0.00,0.00,0.00,0.00,0.00,0.00,0.00,0.00,0.00,0.00,0.00,0.00,0.00,0
2.02631,2,-14,62,0,DRIVE [ 19 ] [ 1 ] [ 1848 1882 1256 ] [    0    0    0 ] [      0      0      0 ] [ 0 ],drive [ 19 ] [ 0 ] [ 1825 1882 1285 ] [   22   28   71 ] [  16561   6152   8322 ] [ 0 ],1.00,1.00,1.00,1.00,1.72,-14.23,0.00,0.00,0.00,0.00,0.00,0.00,0.00,0.00,0.00,0.00,0.00,0.00,0.00,0.00,0.00,0
2.03845,1,-14,61,0,DRIVE [ 20 ] [ 1 ] [ 1869 1882 1228 ] [    0    0    0 ] [      0      0      0 ] [ 0 ],drive [ 19 ] [ 0 ] [ 1848 1882 1256 ] [   22   28   71 ] [  16561   6152   8322 ] [ 0 ],1.00,1.00,1.00,1.00,0.74,-14.14,0.00,0.00,0.00,0.00,0.00,0.00,0.00,0.00,0.00,0.00,0.00,0.00,0.00,0.00,0.00,0
2.04822,0,-14,59,0,DRIVE [ 20 ] [ 1 ] [ 1869 1881 1204 ] [    0    0    0 ] [      0      0      0 ] [ 0 ],drive [ 20 ] [ 0 ] [ 1869 1882 1228 ] [   22   28   71 ] [  15917   6156   8741 ] [ 0 ],1.00,1.00,1.00,1.00,-0.16,-14.08,0.00,0.00,0.00,0.00,0.00,0.00,0.00,0.00,0.00,0.00,0.00,0.00,0.00,0.00,0.00,0
2.05846,-1,-14,58,0,DRIVE [ 21 ] [ 1 ] [ 1869 1862 1204 ] [    0    0    0 ] [      0      0      0 ] [ 0 ],drive [ 20 ] [ 0 ] [ 1869 1881 1204 ] [   22   28   71 ] [  15917   6156   8741 ] [ 0 ],1.00,1.00,1.00,1.00,-1.00,-14.13,0.00,0.00,0.00,0.00,0.00,0.00,0.00,0.00,0.00,0.00,0.00,0.00,0.00,0.00,0.00,0
2.07024,-2,-14,57,0,DRIVE [ 21 ] [ 1 ] [ 1869 1842 1199 ] [    0    0    0 ] [      0      0      0 ] [ 0 ],drive [ 21 ] [ 0 ] [ 1869 1862 1204 ] [   13   27   64 ] [  15917   6156   8741 ] [ 0 ],1.00,1.00,1.00,1.00,-1.82,-14.25,0.00,0.00,0.00,0.00,0.00,0.00,0.00,0.00,0.00,0.00,0.00,0.00,0.00,0.00,0.00,0
2.0825,-3,-14,55,0,DRIVE [ 22 ] [ 1 ] [ 1869 1822 1191 ] [    0    0    0 ] [      0      0      0 ] [ 0 ],drive [ 21 ] [ 0 ] [ 1869 1842 1199 ] [   13   27   64 ] [  15917   6156   8741 ] [ 0 ],1.00,1.00,1.00,1.00,-2.63,-14.39,0.00,0.00,0.00,0.00,0.00,0.00,0.00,0.00,0.00,0.00,0.00,0.00,0.00,0.00,0.00,0
2.09453,-3,-14,54,0,DRIVE [ 22 ] [ 1 ] [ 1869 1802 1186 ] [    0    0    0 ] [      0      0      0 ] [ 0 ],drive [ 22 ] [ 0 ] [ 1869 1822 1191 ] [   13   27   64 ] [  15917   6156   8741 ] [ 0 ],1.00,1.00,1.00,1.00,-3.40,-14.46,0.00,0.00,0.00,0.00,0.00,0.00,0.00,0.00,0.00,0.00,0.00,0.00,0.00,0.00,0.00,0
2.1062,-4,-14,53,0,DRIVE [ 23 ] [ 1 ] [ 1869 1783 1184 ] [    0    0    0 ] [      0      0      0 ] [ 0 ],drive [ 22 ] [ 0 ] [ 1869 1802 1186 ] [   13   27   64 ] [  15658   6182   8846 ] [ 0 ],1.00,1.00,1.00,1.00,-4.09,-14.41,0.00,0.00,0.00,0.00,0.00,0.00,0.00,0.00,0.00,0.00,0.00,0.00,0.00,0.00,0.00,0
2.11547,-5,-14,52,0,DRIVE [ 23 ] [ 1 ] [ 1869 1765 1190 ] [    0    0    0 ] [      0      0      0 ] [ 0 ],drive [ 23 ] [ 0 ] [ 1869 1783 1184 ] [   10   22   80 ] [  15658   6182   8846 ] [ 0 ],1.00,1.00,1.00,1.00,-4.71,-14.16,0.00,0.00,0.00,0.00,0.00,-0.00,0.00,0.00,0.00,0.00,0.00,0.00,0.00,0.00,0.00,0
2.12655,-5,-14,51,0,DRIVE [ 24 ] [ 1 ] [ 1869 1747 1209 ] [    0    0    0 ] [      0      0      0 ] [ 0 ],drive [ 23 ] [ 0 ] [ 1869 1765 1190 ] [   10   22   80 ] [  15658   6182   8846 ] [ 0 ],1.00,1.00,1.00,1.00,-5.27,-13.66,0.00,0.00,0.00,0.00,0.00,-0.00,0.00,0.00,0.00,0.00,0.00,0.00,0.00,0.00,0.00,0
2.13846,-6,-13,50,0,DRIVE [ 24 ] [ 1 ] [ 1869 1729 1240 ] [    0    0    0 ] [      0      0      0 ] [ 0 ],drive [ 24 ] [ 0 ] [ 1869 1747 1209 ] [   10   22   80 ] [  15658   6182   8846 ] [ 0 ],1.00,1.00,1.00,1.00,-5.82,-12.86,0.00,0.00,0.00,0.00,0.00,-0.00,0.00,0.00,0.00,0.00,0.00,0.00,0.00,0.00,0.00,0
2.14998,-6,-12,49,0,DRIVE [ 25 ] [ 1 ] [ 1869 1710 1288 ] [    0    0    0 ] [      0      0      0 ] [ 0 ],drive [ 24 ] [ 0 ] [ 1869 1729 1240 ] [   10   22   80 ] [  15316   6192   9456 ] [ 0 ],1.00,1.00,1.00,1.00,-6.29,-11.70,0.00,0.00,0.00,0.00,0.00,-0.00,0.00,0.00,0.00,0.00,0.00,0.00,0.00,0.00,0.00,0
2.16246,-7,-10,48,0,DRIVE [ 25 ] [ 1 ] [ 1869 1693 1347 ] [    0    0    0 ] [      0      0      0 ] [ 0 ],drive [ 25 ] [ 0 ] [ 1869 1710 1288 ] [   22   28   87 ] [  15316   6192   9456 ] [ 0 ],1.00,1.00,1.00,1.00,-6.63,-10.30,0.00,0.00,0.00,0.00,0.00,-0.00,0.00,0.00,0.00,0.00,0.00,0.00,0.00,0.00,0.00,0
2.1724,-7,-9,47,0,DRIVE [ 26 ] [ 1 ] [ 1869 1681 1404 ] [    0    0    0 ] [      0      0      0 ] [ 0 ],drive [ 25 ] [ 0 ] [ 1869 1693 1347 ] [   22   28   87 ] [  15316   6192   9456 ] [ 0 ],1.00,1.00,1.00,1.00,-6.75,-8.91,0.00,0.00,0.00,0.00,0.00,-0.00,0.00,0.00,0.00,0.00,0.00,0.00,0.00,0.00,0.00,0
2.18226,-7,-8,46,0,DRIVE [ 26 ] [ 1 ] [ 1869 1676 1454 ] [    0    0    0 ] [      0      0      0 ] [ 0 ],drive [ 26 ] [ 0 ] [ 1869 1681 1404 ] [   22   28   87 ] [  15316   6192   9456 ] [ 0 ],1.00,1.00,1.00,1.00,-6.65,-7.73,0.00,0.00,0.00,0.00,0.00,-0.00,0.00,0.00,0.00,0.00,0.00,0.00,0.00,0.00,0.00,0
2.19435,-6,-7,45,0,DRIVE [ 27 ] [ 1 ] [ 1869 1679 1493 ] [    0    0    0 ] [      0      0      0 ] [ 0 ],drive [ 26 ] [ 0 ] [ 1869 1676 1454 ] [   22   28   87 ] [  15316   6192   9456 ] [ 0 ],1.00,1.00,1.00,1.00,-6.35,-6.82,0.00,0.00,0.00,0.00,0.00,-0.00,0.00,0.00,0.00,0.00,0.00,0.00,0.00,0.00,0.00,0
2.20638,-6,-6,44,0,DRIVE [ 27 ] [ 1 ] [ 1869 1687 1526 ] [    0    0    0 ] [      0      0      0 ] [ 0 ],drive [ 27 ] [ 0 ] [ 1869 1679 1493 ] [   22   28   87 ] [  14776   6285   9740 ] [ 0 ],1.00,1.00,1.00,1.00,-5.94,-6.07,0.00,0.00,0.00,0.00,0.00,-0.00,0.00,0.00,0.00,0.00,0.00,0.00,0.00,0.00,0.00,0
2.21829,-5,-5,44,0,DRIVE [ 28 ] [ 1 ] [ 1869 1698 1557 ] [    0    0    0 ] [      0      0      0 ] [ 0 ],drive [ 27 ] [ 0 ] [ 1869 1687 1526 ] [   15   42   66 ] [  14776   6285   9740 ] [ 0 ],1.00,1.00,1.00,1.00,-5.49,-5.43,0.00,0.00,0.00,0.00,0.00,-0.00,0.00,0.00,0.00,0.00,0.00,0.00,0.00,0.00,0.00,0
2.23052,-5,-5,43,0,DRIVE [ 28 ] [ 1 ] [ 1869 1709 1587 ] [    0    0    0 ] [      0      0      0 ] [ 0 ],drive [ 28 ] [ 0 ] [ 1869 1698 1557 ] [   15   42   66 ] [  14776   6285   9740 ] [ 0 ],1.00,1.00,1.00,1.00,-5.05,-4.81,0.00,0.00,0.00,0.00,0.00,-0.00,0.00,0.00,0.00,0.00,0.00,0.00,0.00,0.00,0.00,0
2.2406,-5,-4,42,1,DRIVE [ 29 ] [ 1 ] [ 1869 1719 1616 ] [    0    0    0 ] [      0      0      0 ] [ 0 ],drive [ 28 ] [ 0 ] [ 1869 1709 1587 ] [   15   42   66 ] [  14776   6285   9740 ] [ 0 ],1.00,1.00,1.00,1.00,-4.66,-4.24,0.00,0.00,0.00,0.00,0.00,-0.00,0.00,0.00,0.00,0.00,0.00,0.00,0.00,0.00,0.00,0
