timestamp,Xmm,Ymm,Zmm,TouchDetected,OutgoingPacket,IncomingPacket,GainPropAb, GainPropAd, GainPropFl, GainPropEx,PropA, PropB, PropC,GainIntegAb, GainIntegAd, GainIntegFl, GainIntegEx,IntegA, IntegB, IntegC,GainDerivAb, GainDerivAd, GainDerivFl, GainDerivEx,DerivA, DerivB, DerivC,Heading5
0.903503,-110,-52,655,0,DRIVE [ 21 ] [ 1 ] [ 1905 1881 1901 ] [    0    0    0 ] [      0      0      0 ] [ 0 ],drive [ 21 ] [ 0 ] [ 1905 1875 1905 ] [   22   28    1 ] [  12722   6607   7483 ] [ 0 ],1.10,1.30,1.30,1.10,-120.55,-67.31,0.00,0.00,0.00,0.00,0.00,0.00,0.00,0.00,0.00,0.00,0.00,0.00,0.00,0.00,0.00,0
0.916634,-110,-52,655,0,DRIVE [ 22 ] [ 1 ] [ 1905 1881 1901 ] [    0    0    0 ] [      0      0      0 ] [ 0 ],drive [ 21 ] [ 0 ] [ 1905 1881 1901 ] [   22   28    1 ] [  12722   6607   7483 ] [ 0 ],1.10,1.30,1.30,1.10,-108.49,-60.58,0.00,0.00,0.00,0.00,0.00,0.00,0.00,0.00,0.00,0.00,0.00,0.00,0.00,0.00,0.00,0
0.929959,-110,-52,655,0,DRIVE [ 22 ] [ 1 ] [ 1905 1882 1902 ] [    0    0    0 ] [      0      0      0 ] [ 0 ],drive [ 22 ] [ 0 ] [ 1905 1881 1901 ] [   22   28    1 ] [  12594   6575   7527 ] [ 0 ],1.10,1.30,1.30,1.10,-97.64,-54.52,0.00,0.00,0.00,0.00,0.00,0.00,0.00,0.00,0.00,0.00,0.00,0.00,0.00,0.00,0.00,0
0.943097,-110,-52,655,0,DRIVE [ 23 ] [ 1 ] [ 1905 1882 1902 ] [    0    0    0 ] [      0      0      0 ] [ 0 ],drive [ 22 ] [ 0 ] [ 1905 1882 1902 ] [   22   28    1 ] [  12594   6575   7527 ] [ 0 ],1.10,1.30,1.30,1.10,-87.88,-49.07,0.00,0.00,0.00,0.00,0.00,0.00,0.00,0.00,0.00,0.00,0.00,0.00,0.00,0.00,0.00,0
0.956245,-110,-52,655,0,DRIVE [ 23 ] [ 1 ] [ 1905 1882 1903 ] [    0    0    0 ] [      0      0      0 ] [ 0 ],drive [ 23 ] [ 0 ] [ 1905 1882 1902 ] [    1   10    1 ] [  12594   6575   7527 ] [ 0 ],1.10,1.30,1.30,1.10,-79.09,-44.16,0.00,0.00,0.00,0.00,0.00,0.00,0.00,0.00,0.00,0.00,0.00,0.00,0.00,0.00,0.00,0
0.969147,-110,-52,655,0,DRIVE [ 24 ] [ 1 ] [ 1905 1882 1903 ] [    0    0    0 ] [      0      0      0 ] [ 0 ],drive [ 23 ] [ 0 ] [ 1905 1882 1903 ] [    1   10    1 ] [  12594   6575   7527 ] [ 0 ],1.10,1.30,1.30,1.10,-71.18,-39.75,0.00,0.00,0.00,0.00,0.00,0.00,0.00,0.00,0.00,0.00,0.00,0.00,0.00,0.00,0.00,0
0.981532,-110,-52,655,0,DRIVE [ 24 ] [ 1 ] [ 1905 1883 1903 ] [    0    0    0 ] [      0      0      0 ] [ 0 ],drive [ 24 ] [ 0 ] [ 1905 1882 1903 ] [    1   10    1 ] [  12594   6516   7618 ] [ 0 ],1.10,1.30,1.30,1.10,-64.06,-35.77,0.00,0.00,0.00,0.00,0.00,0.00,0.00,0.00,0.00,0.00,0.00,0.00,0.00,0.00,0.00,0
0.994575,-110,-52,655,0,DRIVE [ 25 ] [ 1 ] [ 1905 1883 1903 ] [    0    0    0 ] [      0      0      0 ] [ 0 ],drive [ 24 ] [ 0 ] [ 1905 1883 1903 ] [    0   26    5 ] [  12594   6516   7618 ] [ 0 ],1.10,1.30,1.30,1.10,-57.66,-32.19,0.00,0.00,0.00,0.00,0.00,0.00,0.00,0.00,0.00,0.00,0.00,0.00,0.00,0.00,0.00,0
1.00779,-33,12,595,0,DRIVE [ 25 ] [ 1 ] [ 1905 1865 1902 ] [    0    0    0 ] [      0      0      0 ] [ 0 ],drive [ 25 ] [ 0 ] [ 1905 1883 1903 ] [    0   26    5 ] [  12594   6516   7618 ] [ 0 ],1.10,1.30,1.30,1.10,-36.18,12.71,0.00,0.00,0.00,0.00,0.00,-0.00,0.00,0.00,0.00,0.00,0.00,0.00,0.00,-0.00,0.00,0
1.02079,-18,24,591,0,DRIVE [ 26 ] [ 1 ] [ 1902 1867 1902 ] [    0    0    0 ] [      0      0      0 ] [ 0 ],drive [ 25 ] [ 0 ] [ 1905 1865 1902 ] [    0   26    5 ] [  12594   6516   7618 ] [ 0 ],1.10,1.30,1.30,1.10,-19.80,25.93,0.00,0.00,0.00,0.00,0.00,0.00,0.00,0.00,0.00,0.00,0.00,0.00,0.00,0.00,0.00,0
1.03335,-12,27,586,0,DRIVE [ 26 ] [ 1 ] [ 1898 1868 1902 ] [    0    0    0 ] [      0      0      0 ] [ 0 ],drive [ 26 ] [ 0 ] [ 1902 1867 1902 ] [    0   26    5 ] [  12602   6508   7634 ] [ 0 ],1.10,1.30,1.30,1.10,-13.30,30.25,0.00,0.00,0.00,0.00,0.00,-0.00,0.00,0.00,0.00,0.00,0.00,0.00,0.00,0.00,0.00,0
1.04641,-12,27,586,0,DRIVE [ 27 ] [ 1 ] [ 1899 1869 1902 ] [    0    0    0 ] [      0      0      0 ] [ 0 ],drive [ 26 ] [ 0 ] [ 1898 1868 1902 ] [   -1   28   24 ] [  12602   6508   7634 ] [ 0 ],1.10,1.30,1.30,1.10,-11.97,27.22,0.00,0.00,0.00,0.00,0.00,-0.00,0.00,0.00,0.00,0.00,0.00,0.00,0.00,0.00,0.00,0
1.05949,-2,33,571,0,DRIVE [ 27 ] [ 1 ] [ 1891 1868 1902 ] [    0    0    0 ] [      0      0      0 ] [ 0 ],drive [ 27 ] [ 0 ] [ 1899 1869 1902 ] [   -1   28   24 ] [  12602   6508   7634 ] [ 0 ],1.10,1.30,1.30,1.10,-2.42,35.84,0.00,0.00,0.00,0.00,0.00,-0.00,0.00,0.00,0.00,0.00,0.00,0.00,0.00,0.00,0.00,0
1.07244,-2,33,571,0,DRIVE [ 28 ] [ 1 ] [ 1892 1870 1902 ] [    0    0    0 ] [      0      0      0 ] [ 0 ],drive [ 27 ] [ 0 ] [ 1891 1868 1902 ] [   -1   28   24 ] [  12602   6508   7634 ] [ 0 ],1.10,1.30,1.30,1.10,-2.18,32.26,0.00,0.00,0.00,0.00,0.00,-0.00,0.00,0.00,0.00,0.00,0.00,0.00,0.00,0.00,0.00,0
1.08526,-2,33,571,0,DRIVE [ 28 ] [ 1 ] [ 1893 1871 1902 ] [    0    0    0 ] [      0      0      0 ] [ 0 ],drive [ 28 ] [ 0 ] [ 1892 1870 1902 ] [   -1   28   24 ] [  12606   6497   7700 ] [ 0 ],1.10,1.30,1.30,1.10,-1.96,29.03,0.00,0.00,0.00,0.00,0.00,-0.00,0.00,0.00,0.00,0.00,0.00,0.00,0.00,0.00,0.00,0
1.09782,8,39,564,0,DRIVE [ 29 ] [ 1 ] [ 1876 1867 1902 ] [    0    0    0 ] [      0      0      0 ] [ 0 ],drive [ 28 ] [ 0 ] [ 1893 1871 1902 ] [    0   31    5 ] [  12606   6497   7700 ] [ 0 ],1.10,1.30,1.30,1.10,9.81,42.55,0.00,0.00,0.00,0.00,0.00,0.00,0.00,0.00,0.00,0.00,0.00,0.00,0.00,0.00,0.00,0
1.11098,15,43,561,0,DRIVE [ 29 ] [ 1 ] [ 1864 1867 1902 ] [    0    0    0 ] [      0      0      0 ] [ 0 ],drive [ 29 ] [ 0 ] [ 1876 1867 1902 ] [    0   31    5 ] [  12606   6497   7700 ] [ 0 ],1.10,1.30,1.30,1.10,19.01,47.44,0.00,0.00,0.00,0.00,0.00,0.00,0.00,0.00,0.00,0.00,0.00,0.00,0.00,0.00,0.00,0
1.12407,21,46,555,0,DRIVE [ 30 ] [ 1 ] [ 1852 1867 1902 ] [    0    0    0 ] [      0      0      0 ] [ 0 ],drive [ 29 ] [ 0 ] [ 1864 1867 1902 ] [    0   31    5 ] [  12606   6497   7700 ] [ 0 ],1.10,1.30,1.30,1.10,26.79,51.09,0.00,0.00,0.00,0.00,0.00,0.00,0.00,0.00,0.00,0.00,0.00,0.00,0.00,0.00,0.00,0
1.13717,26,49,550,0,DRIVE [ 30 ] [ 1 ] [ 1838 1867 1902 ] [    0    0    0 ] [      0      0      0 ] [ 0 ],drive [ 30 ] [ 0 ] [ 1852 1867 1902 ] [    0   31    5 ] [  12612   6467   7738 ] [ 0 ],1.10,1.30,1.30,1.10,34.12,54.38,0.00,0.00,0.00,0.00,0.00,0.00,0.00,0.00,0.00,0.00,0.00,0.00,0.00,0.00,0.00,0
1.14985,33,52,541,0,DRIVE [ 31 ] [ 1 ] [ 1821 1868 1902 ] [    0    0    0 ] [      0      0      0 ] [ 0 ],drive [ 30 ] [ 0 ] [ 1838 1867 1902 ] [   10    9   27 ] [  12612   6467   7738 ] [ 0 ],1.10,1.30,1.30,1.10,42.53,57.56,0.00,0.00,0.00,0.00,0.00,0.00,0.00,0.00,0.00,0.00,0.00,0.00,0.00,0.00,0.00,0
1.16307,39,55,534,0,DRIVE [ 31 ] [ 1 ] [ 1804 1868 1902 ] [    0    0    0 ] [      0      0      0 ] [ 0 ],drive [ 31 ] [ 0 ] [ 1821 1868 1902 ] [   10    9   27 ] [  12612   6467   7738 ] [ 0 ],1.10,1.30,1.30,1.10,50.27,60.51,0.00,0.00,0.00,0.00,0.00,0.00,0.00,0.00,0.00,0.00,0.00,0.00,0.00,0.00,0.00,0
1.17606,44,57,528,0,DRIVE [ 32 ] [ 1 ] [ 1785 1869 1902 ] [    0    0    0 ] [      0      0      0 ] [ 0 ],drive [ 31 ] [ 0 ] [ 1804 1868 1902 ] [   10    9   27 ] [  12612   6467   7738 ] [ 0 ],1.10,1.30,1.30,1.10,57.50,63.25,0.00,0.00,0.00,0.00,0.00,0.00,0.00,0.00,0.00,0.00,0.00,0.00,0.00,0.00,0.00,0
1.18955,49,59,521,0,DRIVE [ 32 ] [ 1 ] [ 1766 1870 1902 ] [    0    0    0 ] [      0      0      0 ] [ 0 ],drive [ 32 ] [ 0 ] [ 1785 1869 1902 ] [   10    9   27 ] [  12634   6455   7819 ] [ 0 ],1.10,1.30,1.30,1.10,63.93,65.35,0.00,0.00,0.00,0.00,0.00,0.00,0.00,0.00,0.00,0.00,0.00,0.00,0.00,0.00,0.00,0
1.20324,54,61,513,0,DRIVE [ 33 ] [ 1 ] [ 1747 1871 1902 ] [    0    0    0 ] [      0      0      0 ] [ 0 ],drive [ 32 ] [ 0 ] [ 1766 1870 1902 ] [   10    9    4 ] [  12634   6455   7819 ] [ 0 ],1.10,1.30,1.30,1.10,69.77,67.00,0.00,0.00,0.00,0.00,0.00,0.00,0.00,0.00,0.00,0.00,0.00,0.00,0.00,0.00,0.00,0
1.21616,58,62,504,0,DRIVE [ 33 ] [ 1 ] [ 1725 1872 1902 ] [    0    0    0 ] [      0      0      0 ] [ 0 ],drive [ 33 ] [ 0 ] [ 1747 1871 1902 ] [   10    9    4 ] [  12634   6455   7819 ] [ 0 ],1.10,1.30,1.30,1.10,75.71,68.21,0.00,0.00,0.00,0.00,0.00,0.00,0.00,0.00,0.00,0.00,0.00,0.00,0.00,0.00,0.00,0
1.22962,62,63,499,0,DRIVE [ 34 ] [ 1 ] [ 1704 1874 1902 ] [    0    0    0 ] [      0      0      0 ] [ 0 ],drive [ 33 ] [ 0 ] [ 1725 1872 1902 ] [   10    9    4 ] [  12950   6309   7817 ] [ 0 ],1.10,1.30,1.30,1.10,81.18,69.62,0.00,0.00,0.00,0.00,0.00,0.00,0.00,0.00,0.00,0.00,0.00,0.00,0.00,0.00,0.00,0
1.24289,65,63,492,0,DRIVE [ 34 ] [ 1 ] [ 1684 1876 1902 ] [    0    0    0 ] [      0      0      0 ] [ 0 ],drive [ 34 ] [ 0 ] [ 1704 1874 1902 ] [   10    9    4 ] [  12950   6309   7817 ] [ 0 ],1.10,1.30,1.30,1.10,84.92,69.72,0.00,0.00,0.00,0.00,0.00,0.00,0.00,0.00,0.00,0.00,0.00,0.00,0.00,0.00,0.00,0
1.25676,69,65,495,0,DRIVE [ 35 ] [ 1 ] [ 1666 1877 1902 ] [    0    0    0 ] [      0      0      0 ] [ 0 ],drive [ 34 ] [ 0 ] [ 1684 1876 1902 ] [   42   22    5 ] [  12950   6309   7817 ] [ 0 ],1.10,1.30,1.30,1.10,89.60,71.16,0.00,0.00,0.00,0.00,0.00,0.00,0.00,0.00,0.00,0.00,0.00,0.00,0.00,0.00,0.00,0
1.26995,70,64,487,0,DRIVE [ 35 ] [ 1 ] [ 1649 1878 1902 ] [    0    0    0 ] [      0      0      0 ] [ 0 ],drive [ 35 ] [ 0 ] [ 1666 1877 1902 ] [   42   22    5 ] [  12950   6309   7817 ] [ 0 ],1.10,1.30,1.30,1.10,90.94,70.81,0.00,0.00,0.00,0.00,0.00,0.00,0.00,0.00,0.00,0.00,0.00,0.00,0.00,0.00,0.00,0
1.28234,71,64,482,0,DRIVE [ 36 ] [ 1 ] [ 1635 1879 1902 ] [    0    0    0 ] [      0      0      0 ] [ 0 ],drive [ 35 ] [ 0 ] [ 1649 1878 1902 ] [   42   22    5 ] [  13107   6236   7801 ] [ 0 ],1.10,1.30,1.30,1.10,91.86,70.43,0.00,0.00,0.00,0.00,0.00,0.00,0.00,0.00,0.00,0.00,0.00,0.00,0.00,0.00,0.00,0
1.29578,71,63,474,0,DRIVE [ 36 ] [ 1 ] [ 1624 1879 1902 ] [    0    0    0 ] [      0      0      0 ] [ 0 ],drive [ 36 ] [ 0 ] [ 1635 1879 1902 ] [   50   13   13 ] [  13107   6236   7801 ] [ 0 ],1.10,1.30,1.30,1.10,91.69,69.17,0.00,0.00,0.00,0.00,0.00,0.00,0.00,0.00,0.00,0.00,0.00,0.00,0.00,0.00,0.00,0
1.30889,70,61,465,0,DRIVE [ 37 ] [ 1 ] [ 1612 1881 1902 ] [    0    0    0 ] [      0      0      0 ] [ 0 ],drive [ 36 ] [ 0 ] [ 1624 1879 1902 ] [   50   13   13 ] [  13107   6236   7801 ] [ 0 ],1.10,1.30,1.30,1.10,90.89,67.23,0.00,0.00,0.00,0.00,0.00,0.00,0.00,0.00,0.00,0.00,0.00,0.00,0.00,0.00,0.00,0
1.32274,69,60,458,0,DRIVE [ 37 ] [ 1 ] [ 1602 1882 1902 ] [    0    0    0 ] [      0      0      0 ] [ 0 ],drive [ 37 ] [ 0 ] [ 1612 1881 1902 ] [   50   13   13 ] [  13107   6236   7801 ] [ 0 ],1.10,1.30,1.30,1.10,89.90,65.65,0.00,0.00,0.00,0.00,0.00,0.00,0.00,0.00,0.00,0.00,0.00,0.00,0.00,0.00,0.00,0
1.33666,68,58,453,0,DRIVE [ 38 ] [ 1 ] [ 1594 1882 1902 ] [    0    0    0 ] [      0      0      0 ] [ 0 ],drive [ 37 ] [ 0 ] [ 1602 1882 1902 ] [   50   13   13 ] [  13323   6003   7805 ] [ 0 ],1.10,1.30,1.30,1.10,88.36,64.08,0.00,0.00,0.00,0.00,0.00,0.00,0.00,0.00,0.00,0.00,0.00,0.00,0.00,0.00,0.00,0
1.34923,66,57,448,0,DRIVE [ 38 ] [ 1 ] [ 1588 1882 1902 ] [    0    0    0 ] [      0      0      0 ] [ 0 ],drive [ 38 ] [ 0 ] [ 1594 1882 1902 ] [   49   13   12 ] [  13323   6003   7805 ] [ 0 ],1.10,1.30,1.30,1.10,86.40,62.81,0.00,0.00,0.00,0.00,0.00,0.00,0.00,0.00,0.00,0.00,0.00,0.00,0.00,0.00,0.00,0
1.36246,65,56,444,0,DRIVE [ 39 ] [ 1 ] [ 1585 1881 1902 ] [    0    0    0 ] [      0      0      0 ] [ 0 ],drive [ 38 ] [ 0 ] [ 1588 1882 1902 ] [   49   13   12 ] [  13323   6003   7805 ] [ 0 ],1.10,1.30,1.30,1.10,84.05,61.94,0.00,0.00,0.00,0.00,0.00,0.00,0.00,0.00,0.00,0.00,0.00,0.00,0.00,0.00,0.00,0
1.37548,62,56,438,0,DRIVE [ 39 ] [ 1 ] [ 1585 1878 1902 ] [    0    0    0 ] [      0      0      0 ] [ 0 ],drive [ 39 ] [ 0 ] [ 1585 1881 1902 ] [   49   13   12 ] [  13323   6003   7805 ] [ 0 ],1.10,1.30,1.30,1.10,80.56,61.08,0.00,0.00,0.00,0.00,0.00,0.00,0.00,0.00,0.00,0.00,0.00,0.00,0.00,0.00,0.00,0
1.38799,60,55,433,0,DRIVE [ 40 ] [ 1 ] [ 1584 1876 1902 ] [    0    0    0 ] [      0      0      0 ] [ 0 ],drive [ 39 ] [ 0 ] [ 1585 1878 1902 ] [   49   13   12 ] [  13392   5911   7801 ] [ 0 ],1.10,1.30,1.30,1.10,77.53,60.05,0.00,0.00,0.00,0.00,0.00,0.00,0.00,0.00,0.00,0.00,0.00,0.00,0.00,0.00,0.00,0
1.40128,58,54,430,0,DRIVE [ 40 ] [ 1 ] [ 1584 1875 1902 ] [    0    0    0 ] [      0      0      0 ] [ 0 ],drive [ 40 ] [ 0 ] [ 1584 1876 1902 ] [   31   19   17 ] [  13392   5911   7801 ] [ 0 ],1.10,1.30,1.30,1.10,75.07,59.07,0.00,0.00,0.00,0.00,0.00,0.00,0.00,0.00,0.00,0.00,0.00,0.00,0.00,0.00,0.00,0
1.41438,56,52,426,0,DRIVE [ 41 ] [ 1 ] [ 1582 1875 1902 ] [    0    0    0 ] [      0      0      0 ] [ 0 ],drive [ 40 ] [ 0 ] [ 1584 1875 1902 ] [   31   19   17 ] [  13392   5911   7801 ] [ 0 ],1.10,1.30,1.30,1.10,72.84,57.55,0.00,0.00,0.00,0.00,0.00,0.00,0.00,0.00,0.00,0.00,0.00,0.00,-0.00,-0.00,0.00,0
1.42752,55,51,421,0,DRIVE [ 41 ] [ 1 ] [ 1579 1875 1902 ] [    0    0    0 ] [      0      0      0 ] [ 0 ],drive [ 41 ] [ 0 ] [ 1582 1875 1902 ] [   31   19   17 ] [  13392   5911   7801 ] [ 0 ],1.10,1.30,1.30,1.10,70.98,56.04,0.00,0.00,0.00,0.00,0.00,0.00,0.00,0.00,0.00,0.00,0.00,0.00,-0.00,-0.00,0.00,0
1.44053,53,50,417,0,DRIVE [ 42 ] [ 1 ] [ 1575 1875 1902 ] [    0    0    0 ] [      0      0      0 ] [ 0 ],drive [ 41 ] [ 0 ] [ 1579 1875 1902 ] [   31   19   17 ] [  13393   5860   7793 ] [ 0 ],1.10,1.30,1.30,1.10,69.42,54.55,0.00,0.00,0.00,0.00,0.00,0.00,0.00,0.00,0.00,0.00,0.00,0.00,-0.00,-0.00,0.00,0
1.45323,52,48,412,0,DRIVE [ 42 ] [ 1 ] [ 1572 1875 1902 ] [    0    0    0 ] [      0      0      0 ] [ 0 ],drive [ 42 ] [ 0 ] [ 1575 1875 1902 ] [   32   26   15 ] [  13393   5860   7793 ] [ 0 ],1.10,1.30,1.30,1.10,67.75,52.87,0.00,0.00,0.00,0.00,0.00,0.00,0.00,0.00,0.00,0.00,0.00,0.00,-0.00,-0.00,0.00,0
1.46633,50,47,406,0,DRIVE [ 43 ] [ 1 ] [ 1570 1875 1902 ] [    0    0    0 ] [      0      0      0 ] [ 0 ],drive [ 42 ] [ 0 ] [ 1572 1875 1902 ] [   32   26   15 ] [  13393   5860   7793 ] [ 0 ],1.10,1.30,1.30,1.10,65.58,51.50,0.00,0.00,0.00,0.00,0.00,0.00,0.00,0.00,0.00,0.00,0.00,0.00,-0.00,-0.00,0.00,0
1.47935,49,46,404,0,DRIVE [ 43 ] [ 1 ] [ 1570 1873 1902 ] [    0    0    0 ] [      0      0      0 ] [ 0 ],drive [ 43 ] [ 0 ] [ 1570 1875 1902 ] [   32   26   15 ] [  13408   5484   7801 ] [ 0 ],1.10,1.30,1.30,1.10,63.59,50.97,0.00,0.00,0.00,0.00,0.00,0.00,0.00,0.00,0.00,0.00,0.00,0.00,-0.00,-0.00,0.00,0
1.49244,47,46,399,0,DRIVE [ 44 ] [ 1 ] [ 1572 1870 1902 ] [    0    0    0 ] [      0      0      0 ] [ 0 ],drive [ 43 ] [ 0 ] [ 1570 1873 1902 ] [   32   26   15 ] [  13408   5484   7801 ] [ 0 ],1.10,1.30,1.30,1.10,60.71,50.53,0.00,0.00,0.00,0.00,0.00,0.00,0.00,0.00,0.00,0.00,0.00,0.00,-0.00,-0.00,0.00,0
1.50526,44,46,393,0,DRIVE [ 44 ] [ 1 ] [ 1576 1865 1902 ] [    0    0    0 ] [      0      0      0 ] [ 0 ],drive [ 44 ] [ 0 ] [ 1572 1870 1902 ] [   46   20   12 ] [  13408   5484   7801 ] [ 0 ],1.10,1.30,1.30,1.10,57.40,50.24,0.00,0.00,0.00,0.00,0.00,0.00,0.00,0.00,0.00,0.00,0.00,0.00,-0.00,-0.00,0.00,0
1.51787,42,46,389,0,DRIVE [ 45 ] [ 1 ] [ 1581 1860 1902 ] [    0    0    0 ] [      0      0      0 ] [ 0 ],drive [ 44 ] [ 0 ] [ 1576 1865 1902 ] [   46   20   12 ] [  13408   5484   7801 ] [ 0 ],1.10,1.30,1.30,1.10,54.40,50.18,0.00,0.00,0.00,0.00,0.00,0.00,0.00,0.00,0.00,0.00,0.00,0.00,-0.00,-0.00,0.00,0
1.53072,39,45,382,0,DRIVE [ 45 ] [ 1 ] [ 1586 1855 1902 ] [    0    0    0 ] [      0      0      0 ] [ 0 ],drive [ 45 ] [ 0 ] [ 1581 1860 1902 ] [   46   20   12 ] [  13422   5461   7801 ] [ 0 ],1.10,1.30,1.30,1.10,51.03,49.79,0.00,0.00,0.00,0.00,0.00,0.00,0.00,0.00,0.00,0.00,0.00,0.00,-0.00,-0.00,0.00,0
1.5442,37,45,375,0,DRIVE [ 46 ] [ 1 ] [ 1589 1851 1902 ] [    0    0    0 ] [      0      0      0 ] [ 0 ],drive [ 45 ] [ 0 ] [ 1586 1855 1902 ] [   46   20   12 ] [  13422   5461   7801 ] [ 0 ],1.10,1.30,1.30,1.10,48.27,49.13,0.00,0.00,0.00,0.00,0.00,0.00,0.00,0.00,0.00,0.00,0.00,0.00,-0.00,-0.00,0.00,0
1.55713,36,44,372,0,DRIVE [ 46 ] [ 1 ] [ 1589 1848 1902 ] [    0    0    0 ] [      0      0      0 ] [ 0 ],drive [ 46 ] [ 0 ] [ 1589 1851 1902 ] [   46   22   14 ] [  13422   5461   7801 ] [ 0 ],1.10,1.30,1.30,1.10,46.42,48.93,0.00,0.00,0.00,0.00,0.00,0.00,0.00,0.00,0.00,0.00,0.00,0.00,-0.00,-0.00,0.00,0
1.57003,34,44,367,0,DRIVE [ 47 ] [ 1 ] [ 1588 1845 1902 ] [    0    0    0 ] [      0      0      0 ] [ 0 ],drive [ 46 ] [ 0 ] [ 1589 1848 1902 ] [   46   22   14 ] [  13422   5461   7801 ] [ 0 ],1.10,1.30,1.30,1.10,44.76,48.41,0.00,0.00,0.00,0.00,0.00,0.00,0.00,0.00,0.00,0.00,0.00,0.00,-0.00,-0.00,0.00,0
1.58214,34,44,364,0,DRIVE [ 47 ] [ 1 ] [ 1587 1843 1902 ] [    0    0    0 ] [      0      0      0 ] [ 0 ],drive [ 47 ] [ 0 ] [ 1588 1845 1902 ] [   46   22   14 ] [  13559   5461   7790 ] [ 0 ],1.10,1.30,1.30,1.10,43.56,48.01,0.00,0.00,0.00,0.00,0.00,0.00,0.00,0.00,0.00,0.00,0.00,0.00,-0.00,-0.00,0.00,0
1.59499,33,43,360,0,DRIVE [ 48 ] [ 1 ] [ 1586 1841 1902 ] [    0    0    0 ] [      0      0      0 ] [ 0 ],drive [ 47 ] [ 0 ] [ 1587 1843 1902 ] [   45   23   27 ] [  13559   5461   7790 ] [ 0 ],1.10,1.30,1.30,1.10,42.34,47.58,0.00,0.00,0.00,0.00,0.00,0.00,0.00,0.00,0.00,0.00,0.00,0.00,-0.00,-0.00,0.00,0
1.60772,31,43,356,0,DRIVE [ 48 ] [ 1 ] [ 1586 1838 1902 ] [    0    0    0 ] [      0      0      0 ] [ 0 ],drive [ 48 ] [ 0 ] [ 1586 1841 1902 ] [   45   23   27 ] [  13559   5461   7790 ] [ 0 ],1.10,1.30,1.30,1.10,40.88,46.93,0.00,0.00,0.00,0.00,0.00,0.00,0.00,0.00,0.00,0.00,0.00,0.00,-0.00,-0.00,0.00,0
1.62031,30,42,351,0,DRIVE [ 49 ] [ 1 ] [ 1591 1835 1902 ] [    0    0    0 ] [      0      0      0 ] [ 0 ],drive [ 48 ] [ 0 ] [ 1586 1838 1902 ] [   45   23   27 ] [  13559   5461   7790 ] [ 0 ],1.10,1.30,1.30,1.10,38.55,45.93,0.00,0.00,0.00,0.00,0.00,0.00,0.00,0.00,0.00,0.00,0.00,0.00,-0.00,-0.00,0.00,0
1.63254,28,41,345,0,DRIVE [ 49 ] [ 1 ] [ 1597 1832 1902 ] [    0    0    0 ] [      0      0      0 ] [ 0 ],drive [ 49 ] [ 0 ] [ 1591 1835 1902 ] [   45   23   27 ] [  13651   5461   7738 ] [ 0 ],1.10,1.30,1.30,1.10,36.07,44.69,0.00,0.00,0.00,0.00,0.00,0.00,0.00,0.00,0.00,0.00,0.00,0.00,-0.00,-0.00,0.00,0
1.64532,26,40,341,0,DRIVE [ 50 ] [ 1 ] [ 1604 1828 1902 ] [    0    0    0 ] [      0      0      0 ] [ 0 ],drive [ 49 ] [ 0 ] [ 1597 1832 1902 ] [   50   24   11 ] [  13651   5461   7738 ] [ 0 ],1.10,1.30,1.30,1.10,33.80,43.88,0.00,0.00,0.00,0.00,0.00,0.00,0.00,0.00,0.00,0.00,0.00,0.00,-0.00,-0.00,0.00,0
1.65814,24,39,335,0,DRIVE [ 50 ] [ 1 ] [ 1608 1824 1902 ] [    0    0    0 ] [      0      0      0 ] [ 0 ],drive [ 50 ] [ 0 ] [ 1604 1828 1902 ] [   50   24   11 ] [  13651   5461   7738 ] [ 0 ],1.10,1.30,1.30,1.10,31.68,43.02,0.00,0.00,0.00,0.00,0.00,0.00,0.00,0.00,0.00,0.00,0.00,0.00,-0.00,-0.00,0.00,0
1.67096,23,39,331,0,DRIVE [ 51 ] [ 1 ] [ 1612 1820 1902 ] [    0    0    0 ] [      0      0      0 ] [ 0 ],drive [ 50 ] [ 0 ] [ 1608 1824 1902 ] [   50   24   11 ] [  13651   5461   7738 ] [ 0 ],1.10,1.30,1.30,1.10,29.99,42.58,0.00,0.00,0.00,0.00,0.00,0.00,0.00,0.00,0.00,0.00,0.00,0.00,-0.00,-0.00,0.00,0
1.68309,22,39,329,0,DRIVE [ 51 ] [ 1 ] [ 1614 1815 1902 ] [    0    0    0 ] [      0      0      0 ] [ 0 ],drive [ 51 ] [ 0 ] [ 1612 1820 1902 ] [   50   24   11 ] [  13650   5461   7736 ] [ 0 ],1.10,1.30,1.30,1.10,28.57,42.54,0.00,0.00,0.00,0.00,0.00,0.00,0.00,0.00,0.00,0.00,0.00,0.00,-0.00,-0.00,0.00,0
1.69594,21,39,326,0,DRIVE [ 52 ] [ 1 ] [ 1614 1811 1902 ] [    0    0    0 ] [      0      0      0 ] [ 0 ],drive [ 51 ] [ 0 ] [ 1614 1815 1902 ] [   48   25   11 ] [  13650   5461   7736 ] [ 0 ],1.10,1.30,1.30,1.10,27.33,42.62,0.00,0.00,0.00,0.00,0.00,0.00,0.00,0.00,0.00,0.00,0.00,0.00,-0.00,-0.00,0.00,0
1.70856,20,39,323,0,DRIVE [ 52 ] [ 1 ] [ 1614 1806 1902 ] [    0    0    0 ] [      0      0      0 ] [ 0 ],drive [ 52 ] [ 0 ] [ 1614 1811 1902 ] [   48   25   11 ] [  13650   5461   7736 ] [ 0 ],1.10,1.30,1.30,1.10,26.22,42.71,0.00,0.00,0.00,0.00,0.00,0.00,0.00,0.00,0.00,0.00,0.00,0.00,-0.00,-0.00,0.00,0
1.72056,19,39,318,0,DRIVE [ 53 ] [ 1 ] [ 1612 1799 1902 ] [    0    0    0 ] [      0      0      0 ] [ 0 ],drive [ 52 ] [ 0 ] [ 1614 1806 1902 ] [   48   25   11 ] [  13650   5461   7736 ] [ 0 ],1.10,1.30,1.30,1.10,24.90,42.91,0.00,0.00,0.00,0.00,0.00,0.00,0.00,0.00,0.00,0.00,0.00,0.00,-0.00,-0.00,0.00,0
1.73335,18,39,312,0,DRIVE [ 53 ] [ 1 ] [ 1610 1792 1902 ] [    0    0    0 ] [      0      0      0 ] [ 0 ],drive [ 53 ] [ 0 ] [ 1612 1799 1902 ] [   48   25   11 ] [  13651   5461   7721 ] [ 0 ],1.10,1.30,1.30,1.10,23.70,43.11,0.00,0.00,0.00,0.00,0.00,0.00,0.00,0.00,0.00,0.00,0.00,0.00,-0.00,-0.00,0.00,0
1.74597,17,39,308,0,DRIVE [ 54 ] [ 1 ] [ 1607 1786 1902 ] [    0    0    0 ] [      0      0      0 ] [ 0 ],drive [ 53 ] [ 0 ] [ 1610 1792 1902 ] [   51   27   13 ] [  13651   5461   7721 ] [ 0 ],1.10,1.30,1.30,1.10,22.74,43.27,0.00,0.00,0.00,0.00,0.00,0.00,0.00,0.00,0.00,0.00,0.00,0.00,-0.00,-0.00,0.00,0
1.76008,17,40,304,0,DRIVE [ 54 ] [ 1 ] [ 1604 1780 1902 ] [    0    0    0 ] [      0      0      0 ] [ 0 ],drive [ 54 ] [ 0 ] [ 1607 1786 1902 ] [   51   27   13 ] [  13651   5461   7721 ] [ 0 ],1.10,1.30,1.30,1.10,21.92,43.54,0.00,0.00,0.00,0.00,0.00,0.00,0.00,0.00,0.00,0.00,0.00,0.00,-0.00,-0.00,0.00,0
1.77405,16,40,300,0,DRIVE [ 55 ] [ 1 ] [ 1599 1774 1902 ] [    0    0    0 ] [      0      0      0 ] [ 0 ],drive [ 54 ] [ 0 ] [ 1604 1780 1902 ] [   51   27   13 ] [  13651   5461   7721 ] [ 0 ],1.10,1.30,1.30,1.10,21.14,43.82,0.00,0.00,0.00,0.00,0.00,0.00,0.00,0.00,0.00,0.00,0.00,0.00,-0.00,-0.00,0.00,0
1.78594,16,40,297,0,DRIVE [ 55 ] [ 1 ] [ 1595 1767 1902 ] [    0    0    0 ] [      0      0      0 ] [ 0 ],drive [ 55 ] [ 0 ] [ 1599 1774 1902 ] [   51   27   13 ] [  13707   5461   7688 ] [ 0 ],1.10,1.30,1.30,1.10,20.37,44.14,0.00,0.00,0.00,0.00,0.00,0.00,0.00,0.00,0.00,0.00,0.00,0.00,-0.00,-0.00,0.00,0
1.7985,15,40,293,0,DRIVE [ 56 ] [ 1 ] [ 1592 1760 1902 ] [    0    0    0 ] [      0      0      0 ] [ 0 ],drive [ 55 ] [ 0 ] [ 1595 1767 1902 ] [   36   29   14 ] [  13707   5461   7688 ] [ 0 ],1.10,1.30,1.30,1.10,19.47,44.53,0.00,0.00,0.00,0.00,0.00,0.00,0.00,0.00,0.00,0.00,0.00,0.00,-0.00,-0.00,0.00,0
1.81094,14,41,289,0,DRIVE [ 56 ] [ 1 ] [ 1588 1752 1902 ] [    0    0    0 ] [      0      0      0 ] [ 0 ],drive [ 56 ] [ 0 ] [ 1592 1760 1902 ] [   36   29   14 ] [  13707   5461   7688 ] [ 0 ],1.10,1.30,1.30,1.10,18.56,44.84,0.00,0.00,0.00,0.00,0.00,0.00,0.00,0.00,0.00,0.00,0.00,0.00,-0.00,-0.00,0.00,0
1.82319,14,41,284,0,DRIVE [ 57 ] [ 1 ] [ 1583 1743 1902 ] [    0    0    0 ] [      0      0      0 ] [ 0 ],drive [ 56 ] [ 0 ] [ 1588 1752 1902 ] [   36   29   14 ] [  13707   5461   7688 ] [ 0 ],1.10,1.30,1.30,1.10,17.71,45.07,0.00,0.00,0.00,0.00,0.00,0.00,0.00,0.00,0.00,0.00,0.00,0.00,-0.00,-0.00,0.00,0
1.83544,13,42,280,0,DRIVE [ 57 ] [ 1 ] [ 1576 1734 1902 ] [    0    0    0 ] [      0      0      0 ] [ 0 ],drive [ 57 ] [ 0 ] [ 1583 1743 1902 ] [   36   29   14 ] [  13717   5461   7688 ] [ 0 ],1.10,1.30,1.30,1.10,17.13,45.94,0.00,0.00,0.00,0.00,0.00,0.00,0.00,0.00,0.00,0.00,0.00,0.00,-0.00,-0.00,0.00,0
1.84684,13,43,277,0,DRIVE [ 58 ] [ 1 ] [ 1565 1725 1902 ] [    0    0    0 ] [      0      0      0 ] [ 0 ],drive [ 57 ] [ 0 ] [ 1576 1734 1902 ] [   35   32   15 ] [  13717   5461   7688 ] [ 0 ],1.10,1.30,1.30,1.10,16.86,46.83,0.00,0.00,0.00,0.00,0.00,0.00,0.00,0.00,0.00,0.00,0.00,0.00,-0.00,-0.00,0.00,0
1.85903,13,43,273,0,DRIVE [ 58 ] [ 1 ] [ 1552 1717 1902 ] [    0    0    0 ] [      0      0      0 ] [ 0 ],drive [ 58 ] [ 0 ] [ 1565 1725 1902 ] [   35   32   15 ] [  13717   5461   7688 ] [ 0 ],1.10,1.30,1.30,1.10,16.87,47.59,0.00,0.00,0.00,0.00,0.00,0.00,0.00,0.00,0.00,0.00,0.00,0.00,-0.00,-0.00,0.00,0
1.87108,13,44,268,0,DRIVE [ 59 ] [ 1 ] [ 1537 1709 1902 ] [    0    0    0 ] [      0      0      0 ] [ 0 ],drive [ 58 ] [ 0 ] [ 1552 1717 1902 ] [   35   32   15 ] [  13717   5461   7688 ] [ 0 ],1.10,1.30,1.30,1.10,17.04,48.37,0.00,0.00,0.00,0.00,0.00,0.00,0.00,0.00,0.00,0.00,0.00,0.00,-0.00,-0.00,0.00,0
1.88419,13,45,264,0,DRIVE [ 59 ] [ 1 ] [ 1521 1701 1902 ] [    0    0    0 ] [      0      0      0 ] [ 0 ],drive [ 59 ] [ 0 ] [ 1537 1709 1902 ] [   35   32   15 ] [  13720   5461   7666 ] [ 0 ],1.10,1.30,1.30,1.10,17.38,49.11,0.00,0.00,0.00,0.00,0.00,0.00,0.00,0.00,0.00,0.00,0.00,0.00,-0.00,-0.00,0.00,0
1.89613,14,45,260,0,DRIVE [ 60 ] [ 1 ] [ 1504 1696 1902 ] [    0    0    0 ] [      0      0      0 ] [ 0 ],drive [ 59 ] [ 0 ] [ 1521 1701 1902 ] [   37   35   24 ] [  13720   5461   7666 ] [ 0 ],1.10,1.30,1.30,1.10,17.96,49.96,0.00,0.00,0.00,0.00,0.00,0.00,0.00,0.00,0.00,0.00,0.00,0.00,-0.00,-0.00,0.00,0
1.9101,14,46,257,0,DRIVE [ 60 ] [ 1 ] [ 1487 1692 1902 ] [    0    0    0 ] [      0      0      0 ] [ 0 ],drive [ 60 ] [ 0 ] [ 1504 1696 1902 ] [   37   35   24 ] [  13720   5461   7666 ] [ 0 ],1.10,1.30,1.30,1.10,18.79,50.98,0.00,0.00,0.00,0.00,0.00,0.00,0.00,0.00,0.00,0.00,0.00,0.00,0.00,0.00,0.00,0
1.92327,15,47,254,0,DRIVE [ 61 ] [ 1 ] [ 1469 1688 1902 ] [    0    0    0 ] [      0      0      0 ] [ 0 ],drive [ 60 ] [ 0 ] [ 1487 1692 1902 ] [   37   35   24 ] [  13720   5461   7666 ] [ 0 ],1.10,1.30,1.30,1.10,19.75,52.11,0.00,0.00,0.00,0.00,0.00,0.00,0.00,0.00,0.00,0.00,0.00,0.00,0.00,0.00,0.00,0
1.9356,16,48,252,0,DRIVE [ 61 ] [ 1 ] [ 1450 1684 1902 ] [    0    0    0 ] [      0      0      0 ] [ 0 ],drive [ 61 ] [ 0 ] [ 1469 1688 1902 ] [   37   35   24 ] [  13751   5461   7666 ] [ 0 ],1.10,1.30,1.30,1.10,20.88,53.28,0.00,0.00,0.00,0.00,0.00,0.00,0.00,0.00,0.00,0.00,0.00,0.00,0.00,0.00,0.00,0
1.94696,17,50,249,0,DRIVE [ 62 ] [ 1 ] [ 1429 1681 1902 ] [    0    0    0 ] [      0      0      0 ] [ 0 ],drive [ 61 ] [ 0 ] [ 1450 1684 1902 ] [   64   37   23 ] [  13751   5461   7666 ] [ 0 ],1.10,1.30,1.30,1.10,22.01,54.47,0.00,0.00,0.00,0.00,0.00,0.00,0.00,0.00,0.00,0.00,0.00,0.00,0.00,0.00,0.00,0
1.95978,18,50,245,0,DRIVE [ 62 ] [ 1 ] [ 1409 1677 1902 ] [    0    0    0 ] [      0      0      0 ] [ 0 ],drive [ 62 ] [ 0 ] [ 1429 1681 1902 ] [   64   37   23 ] [  13751   5461   7666 ] [ 0 ],1.10,1.30,1.30,1.10,23.07,55.43,0.00,0.00,0.00,0.00,0.00,0.00,0.00,0.00,0.00,0.00,0.00,0.00,0.00,0.00,0.00,0
1.97142,19,52,242,0,DRIVE [ 63 ] [ 1 ] [ 1377 1675 1902 ] [    0    0    0 ] [      0      0      0 ] [ 0 ],drive [ 62 ] [ 0 ] [ 1409 1677 1902 ] [   64   37   23 ] [  13751   5461   7666 ] [ 0 ],1.10,1.30,1.30,1.10,25.04,56.79,0.00,0.00,0.00,0.00,0.00,0.00,0.00,0.00,0.00,0.00,0.00,0.00,0.00,0.00,0.00,0
1.98248,21,53,237,0,DRIVE [ 63 ] [ 1 ] [ 1345 1674 1902 ] [    0    0    0 ] [      0      0      0 ] [ 0 ],drive [ 63 ] [ 0 ] [ 1377 1675 1902 ] [   64   37   23 ] [  13998   5461   7628 ] [ 0 ],1.10,1.30,1.30,1.10,26.96,57.88,0.00,0.00,0.00,0.00,0.00,0.00,0.00,0.00,0.00,0.00,0.00,0.00,0.00,0.00,0.00,0
1.99561,22,53,233,0,DRIVE [ 64 ] [ 1 ] [ 1310 1676 1902 ] [    0    0    0 ] [      0      0      0 ] [ 0 ],drive [ 63 ] [ 0 ] [ 1345 1674 1902 ] [   76   39    8 ] [  13998   5461   7628 ] [ 0 ],1.10,1.30,1.30,1.10,29.19,58.82,0.00,0.00,0.00,0.00,0.00,0.00,0.00,0.00,0.00,0.00,0.00,0.00,0.00,0.00,0.00,0
2.00892,24,54,229,0,DRIVE [ 64 ] [ 1 ] [ 1276 1678 1902 ] [    0    0    0 ] [      0      0      0 ] [ 0 ],drive [ 64 ] [ 0 ] [ 1310 1676 1902 ] [   76   39    8 ] [  13998   5461   7628 ] [ 0 ],1.10,1.30,1.30,1.10,31.36,59.43,0.00,0.00,0.00,0.00,0.00,0.00,0.00,0.00,0.00,0.00,0.00,0.00,0.00,0.00,0.00,0
2.02067,26,55,226,0,DRIVE [ 65 ] [ 1 ] [ 1242 1683 1902 ] [    0    0    0 ] [      0      0      0 ] [ 0 ],drive [ 64 ] [ 0 ] [ 1276 1678 1902 ] [   76   39    8 ] [  13998   5461   7628 ] [ 0 ],1.10,1.30,1.30,1.10,33.75,59.97,0.00,0.00,0.00,0.00,0.00,0.00,0.00,0.00,0.00,0.00,0.00,0.00,0.00,0.00,0.00,0
2.03178,28,55,223,0,DRIVE [ 65 ] [ 1 ] [ 1207 1689 1902 ] [    0    0    0 ] [      0      0      0 ] [ 0 ],drive [ 65 ] [ 0 ] [ 1242 1683 1902 ] [   76   39    8 ] [  14325   5461   7530 ] [ 0 ],1.10,1.30,1.30,1.10,36.08,60.31,0.00,0.00,0.00,0.00,0.00,0.00,0.00,0.00,0.00,0.00,0.00,0.00,0.00,0.00,0.00,0
2.04323,30,55,221,0,DRIVE [ 66 ] [ 1 ] [ 1171 1695 1902 ] [    0    0    0 ] [      0      0      0 ] [ 0 ],drive [ 65 ] [ 0 ] [ 1207 1689 1902 ] [   72   38   23 ] [  14325   5461   7530 ] [ 0 ],1.10,1.30,1.30,1.10,38.58,60.82,0.00,0.00,0.00,0.00,0.00,0.00,0.00,0.00,0.00,0.00,0.00,0.00,0.00,0.00,0.00,0
2.05421,32,56,217,0,DRIVE [ 66 ] [ 1 ] [ 1133 1700 1902 ] [    0    0    0 ] [      0      0      0 ] [ 0 ],drive [ 66 ] [ 0 ] [ 1171 1695 1902 ] [   72   38   23 ] [  14325   5461   7530 ] [ 0 ],1.10,1.30,1.30,1.10,40.96,61.14,0.00,0.00,0.00,0.00,0.00,0.00,0.00,0.00,0.00,0.00,0.00,0.00,0.00,0.00,0.00,0
2.06582,34,56,214,0,DRIVE [ 67 ] [ 1 ] [ 1076 1709 1902 ] [    0    0    0 ] [      0      0      0 ] [ 0 ],drive [ 66 ] [ 0 ] [ 1133 1700 1902 ] [   72   38   23 ] [  14325   5461   7530 ] [ 0 ],1.10,1.30,1.30,1.10,44.59,61.79,0.00,0.00,0.00,0.00,0.00,0.00,0.00,0.00,0.00,0.00,0.00,0.00,0.00,0.00,0.00,0
2.08252,37,57,210,0,DRIVE [ 67 ] [ 1 ] [ 1025 1720 1902 ] [    0    0    0 ] [      0      0      0 ] [ 0 ],drive [ 67 ] [ 0 ] [ 1076 1709 1902 ] [   72   38   23 ] [  14325   5461   7530 ] [ 0 ],1.10,1.30,1.30,1.10,48.31,62.23,0.00,0.00,0.00,0.00,0.00,0.00,0.00,0.00,0.00,0.00,0.00,0.00,0.00,0.00,0.00,0
2.09365,40,57,206,0,DRIVE [ 68 ] [ 1 ] [ 1025 1733 1902 ] [    0    0    0 ] [      0      0      0 ] [ 0 ],drive [ 67 ] [ 0 ] [ 1025 1720 1902 ] [   80   35    3 ] [  14656   5461   7522 ] [ 0 ],1.10,1.30,1.30,1.10,52.12,62.46,0.00,0.00,0.00,0.00,0.00,0.00,0.00,0.00,0.00,0.00,0.00,0.00,0.00,0.00,0.00,0
2.1048,43,57,203,0,DRIVE [ 68 ] [ 1 ] [ 1025 1748 1902 ] [    0    0    0 ] [      0      0      0 ] [ 0 ],drive [ 68 ] [ 0 ] [ 1025 1733 1902 ] [   80   35    3 ] [  14656   5461   7522 ] [ 0 ],1.10,1.30,1.30,1.10,56.20,62.62,0.00,0.00,0.00,0.00,0.00,0.00,0.00,0.00,0.00,0.00,0.00,0.00,0.00,0.00,0.00,0
2.11558,46,57,200,0,DRIVE [ 69 ] [ 1 ] [ 1025 1764 1902 ] [    0    0    0 ] [      0      0      0 ] [ 0 ],drive [ 68 ] [ 0 ] [ 1025 1748 1902 ] [   80   35    3 ] [  14656   5461   7522 ] [ 0 ],1.10,1.30,1.30,1.10,60.03,62.34,0.00,0.00,0.00,0.00,0.00,0.00,0.00,0.00,0.00,0.00,0.00,0.00,0.00,0.00,0.00,0
2.12695,49,56,197,0,DRIVE [ 69 ] [ 1 ] [ 1025 1783 1902 ] [    0    0    0 ] [      0      0      0 ] [ 0 ],drive [ 69 ] [ 0 ] [ 1025 1764 1902 ] [   80   35    3 ] [  14656   5461   7522 ] [ 0 ],1.10,1.30,1.30,1.10,63.85,61.72,0.00,0.00,0.00,0.00,0.00,0.00,0.00,0.00,0.00,0.00,0.00,0.00,0.00,0.00,0.00,0
2.13781,52,55,194,0,DRIVE [ 70 ] [ 1 ] [ 1025 1802 1902 ] [    0    0    0 ] [      0      0      0 ] [ 0 ],drive [ 69 ] [ 0 ] [ 1025 1783 1902 ] [   80   35    3 ] [  15235   5461   7363 ] [ 0 ],1.10,1.30,1.30,1.10,67.39,60.77,0.00,0.00,0.00,0.00,0.00,0.00,0.00,0.00,0.00,0.00,0.00,0.00,0.00,0.00,0.00,0
2.15084,54,54,191,0,DRIVE [ 70 ] [ 1 ] [ 1025 1822 1902 ] [    0    0    0 ] [      0      0      0 ] [ 0 ],drive [ 70 ] [ 0 ] [ 1025 1802 1902 ] [  102   31   26 ] [  15235   5461   7363 ] [ 0 ],1.10,1.30,1.30,1.10,70.68,59.66,0.00,0.00,0.00,0.00,0.00,0.00,0.00,0.00,0.00,0.00,0.00,0.00,0.00,0.00,0.00,0
2.16153,57,53,188,0,DRIVE [ 71 ] [ 1 ] [ 1025 1842 1902 ] [    0    0    0 ] [      0      0      0 ] [ 0 ],drive [ 70 ] [ 0 ] [ 1025 1822 1902 ] [  102   31   26 ] [  15235   5461   7363 ] [ 0 ],1.10,1.30,1.30,1.10,73.62,58.41,0.00,0.00,0.00,0.00,0.00,0.00,0.00,0.00,0.00,0.00,0.00,0.00,0.00,0.00,0.00,0
2.17301,59,52,185,0,DRIVE [ 71 ] [ 1 ] [ 1025 1861 1902 ] [    0    0    0 ] [      0      0      0 ] [ 0 ],drive [ 71 ] [ 0 ] [ 1025 1842 1902 ] [  102   31   26 ] [  15235   5461   7363 ] [ 0 ],1.10,1.30,1.30,1.10,76.36,57.24,0.00,0.00,0.00,0.00,0.00,0.00,0.00,0.00,0.00,0.00,0.00,0.00,0.00,0.00,0.00,0
2.1835,61,51,182,0,DRIVE [ 72 ] [ 1 ] [ 1025 1879 1902 ] [    0    0    0 ] [      0      0      0 ] [ 0 ],drive [ 71 ] [ 0 ] [ 1025 1861 1902 ] [  102   31   26 ] [  15570   5451   7236 ] [ 0 ],1.10,1.30,1.30,1.10,78.91,56.12,0.00,0.00,0.00,0.00,0.00,0.00,0.00,0.00,0.00,0.00,0.00,0.00,0.00,0.00,0.00,0
2.19451,63,50,180,0,DRIVE [ 72 ] [ 1 ] [ 1025 1879 1894 ] [    0    0    0 ] [      0      0      0 ] [ 0 ],drive [ 72 ] [ 0 ] [ 1025 1879 1902 ] [   88   19   14 ] [  15570   5451   7236 ] [ 0 ],1.10,1.30,1.30,1.10,81.28,54.89,0.00,0.00,0.00,0.00,0.00,0.00,0.00,0.00,0.00,0.00,0.00,0.00,0.00,0.00,0.00,0
2.20522,64,49,177,0,DRIVE [ 73 ] [ 1 ] [ 1025 1879 1877 ] [    0    0    0 ] [      0      0      0 ] [ 0 ],drive [ 72 ] [ 0 ] [ 1025 1879 1894 ] [   88   19   14 ] [  15570   5451   7236 ] [ 0 ],1.10,1.30,1.30,1.10,83.64,53.54,0.00,0.00,0.00,0.00,0.00,0.00,0.00,0.00,0.00,0.00,0.00,0.00,0.00,0.00,0.00,0
2.21639,66,47,175,0,DRIVE [ 73 ] [ 1 ] [ 1025 1879 1858 ] [    0    0    0 ] [      0      0      0 ] [ 0 ],drive [ 73 ] [ 0 ] [ 1025 1879 1877 ] [   88   19   14 ] [  15570   5451   7236 ] [ 0 ],1.10,1.30,1.30,1.10,86.09,52.03,0.00,0.00,0.00,0.00,0.00,0.00,0.00,0.00,0.00,0.00,0.00,0.00,0.00,0.00,0.00,0
2.22679,68,46,173,0,DRIVE [ 74 ] [ 1 ] [ 1025 1879 1839 ] [    0    0    0 ] [      0      0      0 ] [ 0 ],drive [ 73 ] [ 0 ] [ 1025 1879 1858 ] [   88   19   14 ] [  15812   5448   7101 ] [ 0 ],1.10,1.30,1.30,1.10,88.44,50.46,0.00,0.00,0.00,0.00,0.00,0.00,0.00,0.00,0.00,0.00,0.00,0.00,0.00,0.00,0.00,0
2.23777,70,44,171,0,DRIVE [ 74 ] [ 1 ] [ 1025 1879 1821 ] [    0    0    0 ] [      0      0      0 ] [ 0 ],drive [ 74 ] [ 0 ] [ 1025 1879 1839 ] [   88   19   14 ] [  15812   5448   7101 ] [ 0 ],1.10,1.30,1.30,1.10,90.49,48.86,0.00,0.00,0.00,0.00,0.00,0.00,0.00,0.00,0.00,0.00,0.00,0.00,0.00,0.00,0.00,0
2.24798,71,43,168,0,DRIVE [ 75 ] [ 1 ] [ 1025 1879 1803 ] [    0    0    0 ] [      0      0      0 ] [ 0 ],drive [ 74 ] [ 0 ] [ 1025 1879 1821 ] [  100   14   26 ] [  15812   5448   7101 ] [ 0 ],1.10,1.30,1.30,1.10,92.23,47.26,0.00,0.00,0.00,0.00,0.00,0.00,0.00,0.00,0.00,0.00,0.00,0.00,0.00,0.00,0.00,0
2.25909,72,42,166,0,DRIVE [ 75 ] [ 1 ] [ 1025 1879 1787 ] [    0    0    0 ] [      0      0      0 ] [ 0 ],drive [ 75 ] [ 0 ] [ 1025 1879 1803 ] [  100   14   26 ] [  15812   5448   7101 ] [ 0 ],1.10,1.30,1.30,1.10,93.87,45.88,0.00,0.00,0.00,0.00,0.00,0.00,0.00,0.00,0.00,0.00,0.00,0.00,0.00,0.00,0.00,0
2.26984,73,41,164,0,DRIVE [ 76 ] [ 1 ] [ 1025 1879 1773 ] [    0    0    0 ] [      0      0      0 ] [ 0 ],drive [ 75 ] [ 0 ] [ 1025 1879 1787 ] [  100   14   26 ] [  15812   5448   7101 ] [ 0 ],1.10,1.30,1.30,1.10,95.21,44.58,0.00,0.00,0.00,0.00,0.00,0.00,0.00,0.00,0.00,0.00,0.00,0.00,0.00,0.00,0.00,0
2.27993,74,39,161,0,DRIVE [ 76 ] [ 1 ] [ 1025 1879 1759 ] [    0    0    0 ] [      0      0      0 ] [ 0 ],drive [ 76 ] [ 0 ] [ 1025 1879 1773 ] [  100   14   26 ] [  15970   5327   7110 ] [ 0 ],1.10,1.30,1.30,1.10,96.33,43.33,0.00,0.00,0.00,0.00,0.00,0.00,0.00,0.00,0.00,0.00,0.00,0.00,0.00,0.00,0.00,0
2.29167,75,38,159,0,DRIVE [ 77 ] [ 1 ] [ 1025 1879 1745 ] [    0    0    0 ] [      0      0      0 ] [ 0 ],drive [ 76 ] [ 0 ] [ 1025 1879 1759 ] [  100   14   26 ] [  15970   5327   7110 ] [ 0 ],1.10,1.30,1.30,1.10,97.24,42.12,0.00,0.00,0.00,0.00,0.00,0.00,0.00,0.00,0.00,0.00,0.00,0.00,0.00,0.00,0.00,0
2.30225,75,37,156,0,DRIVE [ 77 ] [ 1 ] [ 1025 1879 1735 ] [    0    0    0 ] [      0      0      0 ] [ 0 ],drive [ 77 ] [ 0 ] [ 1025 1879 1745 ] [   91   27   23 ] [  15970   5327   7110 ] [ 0 ],1.10,1.30,1.30,1.10,97.70,41.10,0.00,0.00,0.00,0.00,0.00,0.00,0.00,0.00,0.00,0.00,0.00,0.00,0.00,0.00,0.00,0
2.31204,75,37,154,0,DRIVE [ 78 ] [ 1 ] [ 1025 1879 1727 ] [    0    0    0 ] [      0      0      0 ] [ 0 ],drive [ 77 ] [ 0 ] [ 1025 1879 1735 ] [   91   27   23 ] [  15970   5327   7110 ] [ 0 ],1.10,1.30,1.30,1.10,97.68,40.21,0.00,0.00,0.00,0.00,0.00,0.00,0.00,0.00,0.00,0.00,0.00,0.00,0.00,0.00,0.00,0
2.32241,75,36,151,0,DRIVE [ 78 ] [ 1 ] [ 1025 1879 1722 ] [    0    0    0 ] [      0      0      0 ] [ 0 ],drive [ 78 ] [ 0 ] [ 1025 1879 1727 ] [   91   27   23 ] [  15970   5327   7110 ] [ 0 ],1.10,1.30,1.30,1.10,97.38,39.59,0.00,0.00,0.00,0.00,0.00,0.00,0.00,0.00,0.00,0.00,0.00,0.00,0.00,0.00,0.00,0
2.33367,74,35,149,0,DRIVE [ 79 ] [ 1 ] [ 1025 1879 1718 ] [    0    0    0 ] [      0      0      0 ] [ 0 ],drive [ 78 ] [ 0 ] [ 1025 1879 1722 ] [   91   27   23 ] [  16047   5223   7133 ] [ 0 ],1.10,1.30,1.30,1.10,96.80,39.01,0.00,0.00,0.00,0.00,0.00,0.00,0.00,0.00,0.00,0.00,0.00,0.00,0.00,0.00,0.00,0
2.34373,74,35,147,0,DRIVE [ 79 ] [ 1 ] [ 1025 1879 1714 ] [    0    0    0 ] [      0      0      0 ] [ 0 ],drive [ 79 ] [ 0 ] [ 1025 1879 1718 ] [   92   13   19 ] [  16047   5223   7133 ] [ 0 ],1.10,1.30,1.30,1.10,96.16,38.35,0.00,0.00,0.00,0.00,0.00,0.00,0.00,0.00,0.00,0.00,0.00,0.00,0.00,0.00,0.00,0
2.35409,73,34,144,0,DRIVE [ 80 ] [ 1 ] [ 1025 1879 1710 ] [    0    0    0 ] [      0      0      0 ] [ 0 ],drive [ 79 ] [ 0 ] [ 1025 1879 1714 ] [   92   13   19 ] [  16047   5223   7133 ] [ 0 ],1.10,1.30,1.30,1.10,95.37,37.59,0.00,0.00,0.00,0.00,0.00,0.00,0.00,0.00,0.00,0.00,0.00,0.00,0.00,0.00,0.00,0
2.36388,73,33,142,0,DRIVE [ 80 ] [ 1 ] [ 1025 1879 1705 ] [    0    0    0 ] [      0      0      0 ] [ 0 ],drive [ 80 ] [ 0 ] [ 1025 1879 1710 ] [   92   13   19 ] [  16047   5223   7133 ] [ 0 ],1.10,1.30,1.30,1.10,94.61,36.79,0.00,0.00,0.00,0.00,0.00,0.00,0.00,0.00,0.00,0.00,0.00,0.00,0.00,0.00,0.00,0
2.37414,72,33,140,0,DRIVE [ 81 ] [ 1 ] [ 1025 1879 1700 ] [    0    0    0 ] [      0      0      0 ] [ 0 ],drive [ 80 ] [ 0 ] [ 1025 1879 1705 ] [   92   13   19 ] [  16047   5223   7133 ] [ 0 ],1.10,1.30,1.30,1.10,93.63,35.88,0.00,0.00,0.00,0.00,0.00,0.00,0.00,0.00,0.00,0.00,0.00,0.00,0.00,0.00,0.00,0
2.38385,71,32,138,0,DRIVE [ 81 ] [ 1 ] [ 1025 1879 1696 ] [    0    0    0 ] [      0      0      0 ] [ 0 ],drive [ 81 ] [ 0 ] [ 1025 1879 1700 ] [   92   13   19 ] [  16130   5223   7135 ] [ 0 ],1.10,1.30,1.30,1.10,92.48,34.87,0.00,0.00,0.00,0.00,0.00,0.00,0.00,0.00,0.00,0.00,0.00,0.00,0.00,0.00,0.00,0
2.39429,70,31,136,0,DRIVE [ 82 ] [ 1 ] [ 1025 1879 1692 ] [    0    0    0 ] [      0      0      0 ] [ 0 ],drive [ 81 ] [ 0 ] [ 1025 1879 1696 ] [  103   12   21 ] [  16130   5223   7135 ] [ 0 ],1.10,1.30,1.30,1.10,90.97,33.73,0.00,0.00,0.00,0.00,0.00,0.00,0.00,0.00,0.00,0.00,0.00,0.00,0.00,0.00,0.00,0
2.40467,69,30,134,0,DRIVE [ 82 ] [ 1 ] [ 1025 1879 1689 ] [    0    0    0 ] [      0      0      0 ] [ 0 ],drive [ 82 ] [ 0 ] [ 1025 1879 1692 ] [  103   12   21 ] [  16130   5223   7135 ] [ 0 ],1.10,1.30,1.30,1.10,89.11,32.47,0.00,0.00,0.00,0.00,0.00,0.00,0.00,0.00,0.00,0.00,0.00,0.00,0.00,0.00,0.00,0
2.4157,67,28,132,0,DRIVE [ 83 ] [ 1 ] [ 1025 1879 1687 ] [    0    0    0 ] [      0      0      0 ] [ 0 ],drive [ 82 ] [ 0 ] [ 1025 1879 1689 ] [  103   12   21 ] [  16130   5223   7135 ] [ 0 ],1.10,1.30,1.30,1.10,86.82,31.11,0.00,0.00,0.00,0.00,0.00,0.00,0.00,0.00,0.00,0.00,0.00,0.00,-0.00,-0.00,0.00,0
2.42562,65,27,131,0,DRIVE [ 83 ] [ 1 ] [ 1025 1879 1686 ] [    0    0    0 ] [      0      0      0 ] [ 0 ],drive [ 83 ] [ 0 ] [ 1025 1879 1687 ] [  103   12   21 ] [  16130   5223   7135 ] [ 0 ],1.10,1.30,1.30,1.10,84.25,29.65,0.00,0.00,0.00,0.00,0.00,0.00,0.00,0.00,0.00,0.00,0.00,0.00,-0.00,-0.00,0.00,0
2.43573,63,26,129,0,DRIVE [ 84 ] [ 1 ] [ 1025 1879 1687 ] [    0    0    0 ] [      0      0      0 ] [ 0 ],drive [ 83 ] [ 0 ] [ 1025 1879 1686 ] [  103   12   21 ] [  16339   5218   7133 ] [ 0 ],1.10,1.30,1.30,1.10,81.31,28.18,0.00,0.00,0.00,0.00,0.00,0.00,0.00,0.00,0.00,0.00,0.00,0.00,-0.00,-0.00,0.00,0
2.44527,60,24,128,0,DRIVE [ 84 ] [ 1 ] [ 1025 1879 1688 ] [    0    0    0 ] [      0      0      0 ] [ 0 ],drive [ 84 ] [ 0 ] [ 1025 1879 1687 ] [   83    4   24 ] [  16339   5218   7133 ] [ 0 ],1.10,1.30,1.30,1.10,78.10,26.65,0.00,0.00,0.00,0.00,0.00,0.00,0.00,0.00,0.00,0.00,0.00,0.00,-0.00,-0.00,0.00,0
2.45536,57,23,126,0,DRIVE [ 85 ] [ 1 ] [ 1025 1879 1691 ] [    0    0    0 ] [      0      0      0 ] [ 0 ],drive [ 84 ] [ 0 ] [ 1025 1879 1688 ] [   83    4   24 ] [  16339   5218   7133 ] [ 0 ],1.10,1.30,1.30,1.10,74.60,25.11,0.00,0.00,0.00,0.00,0.00,0.00,0.00,0.00,0.00,0.00,0.00,0.00,-0.00,-0.00,0.00,0
2.46511,55,21,125,0,DRIVE [ 85 ] [ 1 ] [ 1025 1879 1693 ] [    0    0    0 ] [      0      0      0 ] [ 0 ],drive [ 85 ] [ 0 ] [ 1025 1879 1691 ] [   83    4   24 ] [  16339   5218   7133 ] [ 0 ],1.10,1.30,1.30,1.10,71.08,23.45,0.00,0.00,0.00,0.00,0.00,0.00,0.00,0.00,0.00,0.00,0.00,0.00,-0.00,-0.00,0.00,0
2.47534,52,20,124,0,DRIVE [ 86 ] [ 1 ] [ 1025 1879 1696 ] [    0    0    0 ] [      0      0      0 ] [ 0 ],drive [ 85 ] [ 0 ] [ 1025 1879 1693 ] [   83    4   24 ] [  16339   5218   7133 ] [ 0 ],1.10,1.30,1.30,1.10,67.54,21.79,0.00,0.00,0.00,0.00,0.00,0.00,0.00,0.00,0.00,0.00,0.00,0.00,-0.00,-0.00,0.00,0
2.48651,49,18,122,0,DRIVE [ 86 ] [ 1 ] [ 1025 1879 1699 ] [    0    0    0 ] [      0      0      0 ] [ 0 ],drive [ 86 ] [ 0 ] [ 1025 1879 1696 ] [   83    4   24 ] [  16379   5130   7131 ] [ 0 ],1.10,1.30,1.30,1.10,63.88,20.08,0.00,0.00,0.00,0.00,0.00,0.00,0.00,0.00,0.00,0.00,0.00,0.00,-0.00,-0.00,0.00,0
2.49638,46,17,121,0,DRIVE [ 87 ] [ 1 ] [ 1025 1879 1703 ] [    0    0    0 ] [      0      0      0 ] [ 0 ],drive [ 86 ] [ 0 ] [ 1025 1879 1699 ] [   92   28   25 ] [  16379   5130   7131 ] [ 0 ],1.10,1.30,1.30,1.10,60.02,18.33,0.00,0.00,0.00,0.00,0.00,0.00,0.00,0.00,0.00,0.00,0.00,0.00,-0.00,-0.00,0.00,0
2.50688,43,15,119,0,DRIVE [ 87 ] [ 1 ] [ 1025 1879 1707 ] [    0    0    0 ] [      0      0      0 ] [ 0 ],drive [ 87 ] [ 0 ] [ 1025 1879 1703 ] [   92   28   25 ] [  16379   5130   7131 ] [ 0 ],1.10,1.30,1.30,1.10,56.21,16.67,0.00,0.00,0.00,0.00,0.00,0.00,0.00,0.00,0.00,0.00,0.00,0.00,-0.00,-0.00,0.00,0
2.51831,40,14,118,0,DRIVE [ 88 ] [ 1 ] [ 1025 1879 1713 ] [    0    0    0 ] [      0      0      0 ] [ 0 ],drive [ 87 ] [ 0 ] [ 1025 1879 1707 ] [   92   28   25 ] [  16379   5130   7131 ] [ 0 ],1.10,1.30,1.30,1.10,52.38,15.05,0.00,0.00,0.00,0.00,0.00,0.00,0.00,0.00,0.00,0.00,0.00,0.00,-0.00,-0.00,0.00,0
2.53047,37,12,117,0,DRIVE [ 88 ] [ 1 ] [ 1025 1879 1719 ] [    0    0    0 ] [      0      0      0 ] [ 0 ],drive [ 88 ] [ 0 ] [ 1025 1879 1713 ] [   92   28   25 ] [  16384   5129   7130 ] [ 0 ],1.10,1.30,1.30,1.10,48.53,13.50,0.00,0.00,0.00,0.00,0.00,0.00,0.00,0.00,0.00,0.00,0.00,0.00,-0.00,-0.00,0.00,0
2.54252,34,11,115,0,DRIVE [ 89 ] [ 1 ] [ 1025 1879 1726 ] [    0    0    0 ] [      0      0      0 ] [ 0 ],drive [ 88 ] [ 0 ] [ 1025 1879 1719 ] [   92   28   25 ] [  16384   5129   7130 ] [ 0 ],1.10,1.30,1.30,1.10,44.70,11.96,0.00,0.00,0.00,0.00,0.00,0.00,0.00,0.00,0.00,0.00,0.00,0.00,-0.00,-0.00,0.00,0
2.55456,31,10,114,0,DRIVE [ 89 ] [ 1 ] [ 1038 1879 1734 ] [    0    0    0 ] [      0      0      0 ] [ 0 ],drive [ 89 ] [ 0 ] [ 1025 1879 1726 ] [   92   28   24 ] [  16384   5129   7130 ] [ 0 ],1.10,1.30,1.30,1.10,40.88,10.50,0.00,0.00,0.00,0.00,0.00,0.00,0.00,0.00,0.00,0.00,0.00,0.00,-0.00,-0.00,0.00,0
2.56593,28,8,113,0,DRIVE [ 90 ] [ 1 ] [ 1112 1879 1743 ] [    0    0    0 ] [      0      0      0 ] [ 0 ],drive [ 89 ] [ 0 ] [ 1038 1879 1734 ] [   92   28   24 ] [  16384   5129   7130 ] [ 0 ],1.10,1.30,1.30,1.10,37.04,9.12,0.00,0.00,0.00,0.00,0.00,0.00,0.00,0.00,0.00,0.00,0.00,0.00,-0.00,-0.00,0.00,0
2.57557,26,7,112,0,DRIVE [ 90 ] [ 1 ] [ 1187 1879 1754 ] [    0    0    0 ] [      0      0      0 ] [ 0 ],drive [ 90 ] [ 0 ] [ 1112 1879 1743 ] [   92   28   24 ] [  16384   5124   7130 ] [ 0 ],1.10,1.30,1.30,1.10,33.19,7.83,0.00,0.00,0.00,0.00,0.00,0.00,0.00,0.00,0.00,0.00,0.00,0.00,-0.00,-0.00,0.00,0
2.5869,23,6,110,0,DRIVE [ 91 ] [ 1 ] [ 1262 1879 1766 ] [    0    0    0 ] [      0      0      0 ] [ 0 ],drive [ 90 ] [ 0 ] [ 1187 1879 1754 ] [   92   28   24 ] [  16384   5124   7130 ] [ 0 ],1.10,1.30,1.30,1.10,29.41,6.67,0.00,0.00,0.00,0.00,0.00,0.00,0.00,0.00,0.00,0.00,0.00,0.00,-0.00,-0.00,0.00,0
2.59845,20,5,109,0,DRIVE [ 91 ] [ 1 ] [ 1338 1879 1778 ] [    0    0    0 ] [      0      0      0 ] [ 0 ],drive [ 91 ] [ 0 ] [ 1262 1879 1766 ] [   78   22   22 ] [  16384   5124   7130 ] [ 0 ],1.10,1.30,1.30,1.10,25.70,5.53,0.00,0.00,0.00,0.00,0.00,0.00,0.00,0.00,0.00,0.00,0.00,0.00,-0.00,-0.00,0.00,0
2.6106,17,4,108,0,DRIVE [ 92 ] [ 1 ] [ 1413 1879 1791 ] [    0    0    0 ] [      0      0      0 ] [ 0 ],drive [ 91 ] [ 0 ] [ 1338 1879 1778 ] [   78   22   22 ] [  16384   5124   7130 ] [ 0 ],1.10,1.30,1.30,1.10,22.17,4.46,0.00,0.00,0.00,0.00,0.00,0.00,0.00,0.00,0.00,0.00,0.00,0.00,-0.00,-0.00,0.00,0
2.62064,14,3,106,0,DRIVE [ 92 ] [ 1 ] [ 1486 1879 1803 ] [    0    0    0 ] [      0      0      0 ] [ 0 ],drive [ 92 ] [ 0 ] [ 1413 1879 1791 ] [   78   22   22 ] [  16384   5124   7130 ] [ 0 ],1.10,1.30,1.30,1.10,18.82,3.50,0.00,0.00,0.00,0.00,0.00,0.00,0.00,0.00,0.00,0.00,0.00,0.00,-0.00,-0.00,0.00,0
2.63055,12,2,105,0,DRIVE [ 93 ] [ 1 ] [ 1555 1879 1816 ] [    0    0    0 ] [      0      0      0 ] [ 0 ],drive [ 92 ] [ 0 ] [ 1486 1879 1803 ] [   78   22   22 ] [  16361   5118   7128 ] [ 0 ],1.10,1.30,1.30,1.10,15.64,2.65,0.00,0.00,0.00,0.00,0.00,0.00,0.00,0.00,0.00,0.00,0.00,0.00,-0.00,-0.00,0.00,0
2.64253,10,2,104,0,DRIVE [ 93 ] [ 1 ] [ 1622 1879 1830 ] [    0    0    0 ] [      0      0      0 ] [ 0 ],drive [ 93 ] [ 0 ] [ 1555 1879 1816 ] [   78   22   22 ] [  16361   5118   7128 ] [ 0 ],1.10,1.30,1.30,1.10,12.60,1.96,0.00,0.00,0.00,0.00,0.00,0.00,0.00,0.00,0.00,0.00,0.00,0.00,-0.00,-0.00,0.00,0
2.65454,7,1,103,0,DRIVE [ 94 ] [ 1 ] [ 1685 1879 1845 ] [    0    0    0 ] [      0      0      0 ] [ 0 ],drive [ 93 ] [ 0 ] [ 1622 1879 1830 ] [   53   22   17 ] [  16361   5118   7128 ] [ 0 ],1.10,1.30,1.30,1.10,9.73,1.38,0.00,0.00,0.00,0.00,0.00,0.00,0.00,0.00,0.00,0.00,0.00,0.00,-0.00,-0.00,0.00,0
2.66599,5,1,101,0,DRIVE [ 94 ] [ 1 ] [ 1745 1879 1860 ] [    0    0    0 ] [      0      0      0 ] [ 0 ],drive [ 94 ] [ 0 ] [ 1685 1879 1845 ] [   53   22   17 ] [  16361   5118   7128 ] [ 0 ],1.10,1.30,1.30,1.10,7.04,0.94,0.00,0.00,0.00,0.00,0.00,0.00,0.00,0.00,0.00,0.00,0.00,0.00,-0.00,-0.00,0.00,0
2.67836,3,1,100,0,DRIVE [ 95 ] [ 1 ] [ 1801 1879 1877 ] [    0    0    0 ] [      0      0      0 ] [ 0 ],drive [ 94 ] [ 0 ] [ 1745 1879 1860 ] [   53   22   17 ] [  16023   5118   7128 ] [ 0 ],1.10,1.30,1.30,1.10,4.47,0.65,0.00,0.00,0.00,0.00,0.00,0.00,0.00,0.00,0.00,0.00,0.00,0.00,-0.00,-0.00,0.00,0
2.68892,2,0,98,0,DRIVE [ 95 ] [ 1 ] [ 1854 1879 1895 ] [    0    0    0 ] [      0      0      0 ] [ 0 ],drive [ 95 ] [ 0 ] [ 1801 1879 1877 ] [   53   22   17 ] [  16023   5118   7128 ] [ 0 ],1.10,1.30,1.30,1.10,1.99,0.51,0.00,0.00,0.00,0.00,0.00,0.00,0.00,0.00,0.00,0.00,0.00,0.00,-0.00,-0.00,0.00,0
2.6991,0,1,97,0,DRIVE [ 96 ] [ 1 ] [ 1901 1869 1895 ] [    0    0    0 ] [      0      0      0 ] [ 0 ],drive [ 95 ] [ 0 ] [ 1854 1879 1895 ] [   33   19    8 ] [  16023   5118   7128 ] [ 0 ],1.10,1.30,1.30,1.10,-0.35,0.56,0.00,0.00,0.00,0.00,0.00,0.00,0.00,0.00,0.00,0.00,0.00,0.00,0.00,0.00,0.00,0
2.71018,-2,1,96,0,DRIVE [ 96 ] [ 1 ] [ 1901 1820 1895 ] [    0    0    0 ] [      0      0      0 ] [ 0 ],drive [ 96 ] [ 0 ] [ 1901 1869 1895 ] [   33   19    8 ] [  16023   5118   7128 ] [ 0 ],1.10,1.30,1.30,1.10,-2.33,0.74,0.00,0.00,0.00,0.00,0.00,0.00,0.00,0.00,0.00,0.00,0.00,0.00,0.00,0.00,0.00,0
2.72238,-4,1,95,0,DRIVE [ 97 ] [ 1 ] [ 1901 1771 1882 ] [    0    0    0 ] [      0      0      0 ] [ 0 ],drive [ 96 ] [ 0 ] [ 1901 1820 1895 ] [   33   19    8 ] [  16023   5118   7128 ] [ 0 ],1.10,1.30,1.30,1.10,-4.27,1.06,0.00,0.00,0.00,0.00,0.00,0.00,0.00,0.00,0.00,0.00,0.00,0.00,0.00,0.00,0.00,0
2.73439,-6,1,93,0,DRIVE [ 97 ] [ 1 ] [ 1901 1718 1871 ] [    0    0    0 ] [      0      0      0 ] [ 0 ],drive [ 97 ] [ 0 ] [ 1901 1771 1882 ] [   33   19    8 ] [  15132   5030   7136 ] [ 0 ],1.10,1.30,1.30,1.10,-6.22,1.51,0.00,0.00,0.00,0.00,0.00,0.00,0.00,0.00,0.00,0.00,0.00,0.00,0.00,0.00,0.00,0
2.74598,-7,2,92,0,DRIVE [ 98 ] [ 1 ] [ 1901 1661 1861 ] [    0    0    0 ] [      0      0      0 ] [ 0 ],drive [ 97 ] [ 0 ] [ 1901 1718 1871 ] [    4   28   -1 ] [  15132   5030   7136 ] [ 0 ],1.10,1.30,1.30,1.10,-8.15,2.10,0.00,0.00,0.00,0.00,0.00,0.00,0.00,0.00,0.00,0.00,0.00,0.00,0.00,0.00,0.00,0
2.7561,-9,2,91,0,DRIVE [ 98 ] [ 1 ] [ 1901 1603 1852 ] [    0    0    0 ] [      0      0      0 ] [ 0 ],drive [ 98 ] [ 0 ] [ 1901 1661 1861 ] [    4   28   -1 ] [  15132   5030   7136 ] [ 0 ],1.10,1.30,1.30,1.10,-10.06,2.70,0.00,0.00,0.00,0.00,0.00,0.00,0.00,0.00,0.00,0.00,0.00,0.00,0.00,0.00,0.00,0
2.76636,-11,3,90,0,DRIVE [ 99 ] [ 1 ] [ 1901 1544 1842 ] [    0    0    0 ] [      0      0      0 ] [ 0 ],drive [ 98 ] [ 0 ] [ 1901 1603 1852 ] [    4   28   -1 ] [  15132   5030   7136 ] [ 0 ],1.10,1.30,1.30,1.10,-11.99,3.30,0.00,0.00,0.00,0.00,0.00,0.00,0.00,0.00,0.00,0.00,0.00,0.00,0.00,0.00,0.00,0
2.77837,-13,4,89,0,DRIVE [ 99 ] [ 1 ] [ 1901 1482 1831 ] [    0    0    0 ] [      0      0      0 ] [ 0 ],drive [ 99 ] [ 0 ] [ 1901 1544 1842 ] [    4   28   -1 ] [  14427   5009   7185 ] [ 0 ],1.10,1.30,1.30,1.10,-14.01,3.91,0.00,0.00,0.00,0.00,0.00,0.00,0.00,0.00,0.00,0.00,0.00,0.00,0.00,0.00,0.00,0
2.79044,-15,4,88,0,DRIVE [ 00 ] [ 1 ] [ 1901 1417 1820 ] [    0    0    0 ] [      0      0      0 ] [ 0 ],drive [ 99 ] [ 0 ] [ 1901 1482 1831 ] [    4   28   -1 ] [  14427   5009   7185 ] [ 0 ],1.10,1.30,1.30,1.10,-16.10,4.54,0.00,0.00,0.00,0.00,0.00,0.00,0.00,0.00,0.00,0.00,0.00,0.00,0.00,0.00,0.00,0
2.80241,-17,5,87,0,DRIVE [ 00 ] [ 1 ] [ 1901 1346 1808 ] [    0    0    0 ] [      0      0      0 ] [ 0 ],drive [ 00 ] [ 0 ] [ 1901 1417 1820 ] [    9   56    8 ] [  14427   5009   7185 ] [ 0 ],1.10,1.30,1.30,1.10,-18.35,5.22,0.00,0.00,0.00,0.00,0.00,0.00,0.00,0.00,0.00,0.00,0.00,0.00,0.00,0.00,0.00,0
2.81224,-19,5,85,0,DRIVE [ 01 ] [ 1 ] [ 1901 1275 1793 ] [    0    0    0 ] [      0      0      0 ] [ 0 ],drive [ 00 ] [ 0 ] [ 1901 1346 1808 ] [    9   56    8 ] [  14427   5009   7185 ] [ 0 ],1.10,1.30,1.30,1.10,-20.66,5.79,0.00,0.00,0.00,0.00,0.00,0.00,0.00,0.00,0.00,0.00,0.00,0.00,0.00,0.00,0.00,0
2.8222,-21,6,85,0,DRIVE [ 01 ] [ 1 ] [ 1901 1207 1778 ] [    0    0    0 ] [      0      0      0 ] [ 0 ],drive [ 01 ] [ 0 ] [ 1901 1275 1793 ] [    9   56    8 ] [  14427   5009   7185 ] [ 0 ],1.10,1.30,1.30,1.10,-23.00,6.27,0.00,0.00,0.00,0.00,0.00,0.00,0.00,0.00,0.00,0.00,0.00,0.00,0.00,0.00,0.00,0
2.83428,-23,6,84,0,DRIVE [ 02 ] [ 1 ] [ 1901 1139 1760 ] [    0    0    0 ] [      0      0      0 ] [ 0 ],drive [ 01 ] [ 0 ] [ 1901 1207 1778 ] [    9   56    8 ] [  14365   5126   7308 ] [ 0 ],1.10,1.30,1.30,1.10,-25.37,6.62,0.00,0.00,0.00,0.00,0.00,0.00,0.00,0.00,0.00,0.00,0.00,0.00,0.00,0.00,0.00,0
2.84598,-25,6,83,0,DRIVE [ 02 ] [ 1 ] [ 1901 1074 1742 ] [    0    0    0 ] [      0      0      0 ] [ 0 ],drive [ 02 ] [ 0 ] [ 1901 1139 1760 ] [   27   87   28 ] [  14365   5126   7308 ] [ 0 ],1.10,1.30,1.30,1.10,-27.65,6.96,0.00,0.00,0.00,0.00,0.00,0.00,0.00,0.00,0.00,0.00,0.00,0.00,0.00,0.00,0.00,0
2.85809,-27,7,82,0,DRIVE [ 03 ] [ 1 ] [ 1901 1025 1726 ] [    0    0    0 ] [      0      0      0 ] [ 0 ],drive [ 02 ] [ 0 ] [ 1901 1074 1742 ] [   27   87   28 ] [  14365   5126   7308 ] [ 0 ],1.10,1.30,1.30,1.10,-29.74,7.29,0.00,0.00,0.00,0.00,0.00,0.00,0.00,0.00,0.00,0.00,0.00,0.00,0.00,0.00,0.00,0
2.87022,-29,7,81,0,DRIVE [ 03 ] [ 1 ] [ 1901 1025 1712 ] [    0    0    0 ] [      0      0      0 ] [ 0 ],drive [ 03 ] [ 0 ] [ 1901 1025 1726 ] [   27   87   28 ] [  14365   5126   7308 ] [ 0 ],1.10,1.30,1.30,1.10,-31.53,7.54,0.00,0.00,0.00,0.00,0.00,0.00,0.00,0.00,0.00,0.00,0.00,0.00,0.00,0.00,0.00,0
2.87991,-30,7,80,0,DRIVE [ 04 ] [ 1 ] [ 1901 1025 1700 ] [    0    0    0 ] [      0      0      0 ] [ 0 ],drive [ 03 ] [ 0 ] [ 1901 1025 1712 ] [   27   87   28 ] [  14213   5723   7383 ] [ 0 ],1.10,1.30,1.30,1.10,-32.92,7.68,0.00,0.00,0.00,0.00,0.00,0.00,0.00,0.00,0.00,0.00,0.00,0.00,0.00,0.00,0.00,0
2.89027,-31,7,79,0,DRIVE [ 04 ] [ 1 ] [ 1901 1025 1692 ] [    0    0    0 ] [      0      0      0 ] [ 0 ],drive [ 04 ] [ 0 ] [ 1901 1025 1700 ] [   27   87   28 ] [  14213   5723   7383 ] [ 0 ],1.10,1.30,1.30,1.10,-33.82,7.81,0.00,0.00,0.00,0.00,0.00,0.00,0.00,0.00,0.00,0.00,0.00,0.00,0.00,0.00,0.00,0
2.90207,-31,7,79,0,DRIVE [ 05 ] [ 1 ] [ 1901 1025 1687 ] [    0    0    0 ] [      0      0      0 ] [ 0 ],drive [ 04 ] [ 0 ] [ 1901 1025 1692 ] [    8   99   18 ] [  14213   5723   7383 ] [ 0 ],1.10,1.30,1.30,1.10,-34.38,7.88,0.00,0.00,0.00,0.00,0.00,0.00,0.00,0.00,0.00,0.00,0.00,0.00,0.00,0.00,0.00,0
2.91414,-31,7,78,0,DRIVE [ 05 ] [ 1 ] [ 1901 1025 1685 ] [    0    0    0 ] [      0      0      0 ] [ 0 ],drive [ 05 ] [ 0 ] [ 1901 1025 1687 ] [    8   99   18 ] [  14213   5723   7383 ] [ 0 ],1.10,1.30,1.30,1.10,-34.57,8.01,0.00,0.00,0.00,0.00,0.00,0.00,0.00,0.00,0.00,0.00,0.00,0.00,0.00,0.00,0.00,0
2.92627,-31,7,77,0,DRIVE [ 06 ] [ 1 ] [ 1901 1025 1686 ] [    0    0    0 ] [      0      0      0 ] [ 0 ],drive [ 05 ] [ 0 ] [ 1901 1025 1685 ] [    8   99   18 ] [  14213   5723   7383 ] [ 0 ],1.10,1.30,1.30,1.10,-34.58,8.19,0.00,0.00,0.00,0.00,0.00,0.00,0.00,0.00,0.00,0.00,0.00,0.00,0.00,0.00,0.00,0
2.93597,-31,8,77,0,DRIVE [ 06 ] [ 1 ] [ 1901 1025 1687 ] [    0    0    0 ] [      0      0      0 ] [ 0 ],drive [ 06 ] [ 0 ] [ 1901 1025 1686 ] [    8   99   18 ] [  13851   6451   7388 ] [ 0 ],1.10,1.30,1.30,1.10,-34.63,8.39,0.00,0.00,0.00,0.00,0.00,0.00,0.00,0.00,0.00,0.00,0.00,0.00,0.00,0.00,0.00,0
2.94633,-32,8,76,0,DRIVE [ 07 ] [ 1 ] [ 1901 1025 1687 ] [    0    0    0 ] [      0      0      0 ] [ 0 ],drive [ 06 ] [ 0 ] [ 1901 1025 1687 ] [   17   97   23 ] [  13851   6451   7388 ] [ 0 ],1.10,1.30,1.30,1.10,-34.81,8.65,0.00,0.00,0.00,0.00,0.00,0.00,0.00,0.00,0.00,0.00,0.00,0.00,0.00,0.00,0.00,0
2.95839,-32,8,75,0,DRIVE [ 07 ] [ 1 ] [ 1901 1025 1687 ] [    0    0    0 ] [      0      0      0 ] [ 0 ],drive [ 07 ] [ 0 ] [ 1901 1025 1687 ] [   17   97   23 ] [  13851   6451   7388 ] [ 0 ],1.10,1.30,1.30,1.10,-35.16,8.96,0.00,0.00,0.00,0.00,0.00,-0.00,0.00,0.00,0.00,0.00,0.00,0.00,0.00,0.00,0.00,0
2.97014,-32,8,74,0,DRIVE [ 08 ] [ 1 ] [ 1901 1025 1686 ] [    0    0    0 ] [      0      0      0 ] [ 0 ],drive [ 07 ] [ 0 ] [ 1901 1025 1687 ] [   17   97   23 ] [  13851   6451   7388 ] [ 0 ],1.10,1.30,1.30,1.10,-35.56,9.31,0.00,0.00,0.00,0.00,0.00,-0.00,0.00,0.00,0.00,0.00,0.00,0.00,0.00,0.00,0.00,0
2.98207,-33,9,73,0,DRIVE [ 08 ] [ 1 ] [ 1901 1025 1687 ] [    0    0    0 ] [      0      0      0 ] [ 0 ],drive [ 08 ] [ 0 ] [ 1901 1025 1686 ] [   17   97   23 ] [  13736   6562   7505 ] [ 0 ],1.10,1.30,1.30,1.10,-35.96,9.79,0.00,0.00,0.00,0.00,0.00,-0.00,0.00,0.00,0.00,0.00,0.00,0.00,0.00,0.00,0.00,0
2.9944,-33,9,72,0,DRIVE [ 09 ] [ 1 ] [ 1901 1025 1688 ] [    0    0    0 ] [      0      0      0 ] [ 0 ],drive [ 08 ] [ 0 ] [ 1901 1025 1687 ] [    2   83   41 ] [  13736   6562   7505 ] [ 0 ],1.10,1.30,1.30,1.10,-36.27,10.24,0.00,0.00,0.00,0.00,0.00,-0.00,0.00,0.00,0.00,0.00,0.00,0.00,0.00,0.00,0.00,0
3.00432,-33,10,72,0,DRIVE [ 09 ] [ 1 ] [ 1901 1025 1690 ] [    0    0    0 ] [      0      0      0 ] [ 0 ],drive [ 09 ] [ 0 ] [ 1901 1025 1688 ] [    2   83   41 ] [  13736   6562   7505 ] [ 0 ],1.10,1.30,1.30,1.10,-36.44,10.63,0.00,0.00,0.00,0.00,0.00,-0.00,0.00,0.00,0.00,0.00,0.00,0.00,0.00,0.00,0.00,0
3.01515,-33,10,71,0,DRIVE [ 10 ] [ 1 ] [ 1901 1025 1693 ] [    0    0    0 ] [      0      0      0 ] [ 0 ],drive [ 09 ] [ 0 ] [ 1901 1025 1690 ] [    2   83   41 ] [  13736   6562   7505 ] [ 0 ],1.10,1.30,1.30,1.10,-36.36,10.94,0.00,0.00,0.00,0.00,0.00,-0.00,0.00,0.00,0.00,0.00,0.00,0.00,0.00,0.00,0.00,0
3.02601,-33,10,70,0,DRIVE [ 10 ] [ 1 ] [ 1901 1025 1697 ] [    0    0    0 ] [      0      0      0 ] [ 0 ],drive [ 10 ] [ 0 ] [ 1901 1025 1693 ] [    2   83   41 ] [  13736   6562   7505 ] [ 0 ],1.10,1.30,1.30,1.10,-36.00,11.05,0.00,0.00,0.00,0.00,0.00,-0.00,0.00,0.00,0.00,0.00,0.00,0.00,0.00,0.00,0.00,0
3.03817,-32,10,69,0,DRIVE [ 11 ] [ 1 ] [ 1901 1025 1701 ] [    0    0    0 ] [      0      0      0 ] [ 0 ],drive [ 10 ] [ 0 ] [ 1901 1025 1697 ] [    2   83   41 ] [  13728   6716   7606 ] [ 0 ],1.10,1.30,1.30,1.10,-35.37,11.08,0.00,0.00,0.00,0.00,0.00,-0.00,0.00,0.00,0.00,0.00,0.00,0.00,0.00,0.00,0.00,0
3.04984,-31,10,68,0,DRIVE [ 11 ] [ 1 ] [ 1901 1025 1707 ] [    0    0    0 ] [      0      0      0 ] [ 0 ],drive [ 11 ] [ 0 ] [ 1901 1025 1701 ] [   28   83   19 ] [  13728   6716   7606 ] [ 0 ],1.10,1.30,1.30,1.10,-34.42,10.98,0.00,0.00,0.00,0.00,0.00,-0.00,0.00,0.00,0.00,0.00,0.00,0.00,0.00,0.00,0.00,0
3.06232,-30,10,67,0,DRIVE [ 12 ] [ 1 ] [ 1901 1025 1716 ] [    0    0    0 ] [      0      0      0 ] [ 0 ],drive [ 11 ] [ 0 ] [ 1901 1025 1707 ] [   28   83   19 ] [  13728   6716   7606 ] [ 0 ],1.10,1.30,1.30,1.10,-33.20,10.88,0.00,0.00,0.00,0.00,0.00,-0.00,0.00,0.00,0.00,0.00,0.00,0.00,0.00,0.00,0.00,0
3.07219,-29,10,67,0,DRIVE [ 12 ] [ 1 ] [ 1901 1025 1728 ] [    0    0    0 ] [      0      0      0 ] [ 0 ],drive [ 12 ] [ 0 ] [ 1901 1025 1716 ] [   28   83   19 ] [  13728   6716   7606 ] [ 0 ],1.10,1.30,1.30,1.10,-31.73,10.83,0.00,0.00,0.00,0.00,0.00,-0.00,0.00,0.00,0.00,0.00,0.00,0.00,0.00,0.00,0.00,0
3.08218,-27,10,66,0,DRIVE [ 13 ] [ 1 ] [ 1901 1025 1744 ] [    0    0    0 ] [      0      0      0 ] [ 0 ],drive [ 12 ] [ 0 ] [ 1901 1025 1728 ] [   28   83   19 ] [  13510   6925   7631 ] [ 0 ],1.10,1.30,1.30,1.10,-29.95,10.78,0.00,0.00,0.00,0.00,0.00,-0.00,0.00,0.00,0.00,0.00,0.00,0.00,0.00,0.00,0.00,0
3.09399,-25,10,65,0,DRIVE [ 13 ] [ 1 ] [ 1901 1025 1764 ] [    0    0    0 ] [      0      0      0 ] [ 0 ],drive [ 13 ] [ 0 ] [ 1901 1025 1744 ] [   15   90   20 ] [  13510   6925   7631 ] [ 0 ],1.10,1.30,1.30,1.10,-28.04,10.86,0.00,0.00,0.00,0.00,0.00,-0.00,0.00,0.00,0.00,0.00,0.00,0.00,0.00,0.00,0.00,0
3.10608,-24,10,64,0,DRIVE [ 14 ] [ 1 ] [ 1901 1025 1788 ] [    0    0    0 ] [      0      0      0 ] [ 0 ],drive [ 13 ] [ 0 ] [ 1901 1025 1764 ] [   15   90   20 ] [  13510   6925   7631 ] [ 0 ],1.10,1.30,1.30,1.10,-26.03,11.03,0.00,0.00,0.00,0.00,0.00,-0.00,0.00,0.00,0.00,0.00,0.00,0.00,0.00,0.00,0.00,0
3.11814,-22,10,63,0,DRIVE [ 14 ] [ 1 ] [ 1901 1025 1812 ] [    0    0    0 ] [      0      0      0 ] [ 0 ],drive [ 14 ] [ 0 ] [ 1901 1025 1788 ] [   15   90   20 ] [  13510   6925   7631 ] [ 0 ],1.10,1.30,1.30,1.10,-23.96,11.18,0.00,0.00,0.00,0.00,0.00,-0.00,0.00,0.00,0.00,0.00,0.00,0.00,0.00,0.00,0.00,0
3.12813,-20,10,63,0,DRIVE [ 15 ] [ 1 ] [ 1901 1025 1836 ] [    0    0    0 ] [      0      0      0 ] [ 0 ],drive [ 14 ] [ 0 ] [ 1901 1025 1812 ] [   15   90   20 ] [  13467   6943   7764 ] [ 0 ],1.10,1.30,1.30,1.10,-21.86,11.23,0.00,0.00,0.00,0.00,0.00,-0.00,0.00,0.00,0.00,0.00,0.00,0.00,0.00,-0.00,0.00,0
3.13816,-18,10,62,0,DRIVE [ 15 ] [ 1 ] [ 1901 1025 1860 ] [    0    0    0 ] [      0      0      0 ] [ 0 ],drive [ 15 ] [ 0 ] [ 1901 1025 1836 ] [   15   90   20 ] [  13467   6943   7764 ] [ 0 ],1.10,1.30,1.30,1.10,-19.73,11.18,0.00,0.00,0.00,0.00,0.00,-0.00,0.00,0.00,0.00,0.00,0.00,0.00,0.00,-0.00,0.00,0
3.15047,-16,10,61,0,DRIVE [ 16 ] [ 1 ] [ 1901 1025 1884 ] [    0    0    0 ] [      0      0      0 ] [ 0 ],drive [ 15 ] [ 0 ] [ 1901 1025 1860 ] [   16  103   36 ] [  13467   6943   7764 ] [ 0 ],1.10,1.30,1.30,1.10,-17.51,11.07,0.00,0.00,0.00,0.00,0.00,-0.00,0.00,0.00,0.00,0.00,0.00,0.00,0.00,-0.00,0.00,0
3.16217,-14,10,60,0,DRIVE [ 16 ] [ 1 ] [ 1900 1025 1884 ] [    0    0    0 ] [      0      0      0 ] [ 0 ],drive [ 16 ] [ 0 ] [ 1901 1025 1884 ] [   16  103   36 ] [  13467   6943   7764 ] [ 0 ],1.10,1.30,1.30,1.10,-15.18,10.91,0.00,0.00,0.00,0.00,0.00,-0.00,0.00,0.00,0.00,0.00,0.00,0.00,0.00,-0.00,0.00,0
3.17416,-12,10,59,0,DRIVE [ 17 ] [ 1 ] [ 1869 1115 1884 ] [    0    0    0 ] [      0      0      0 ] [ 0 ],drive [ 16 ] [ 0 ] [ 1900 1025 1884 ] [   16  103   36 ] [  13467   6943   7764 ] [ 0 ],1.10,1.30,1.30,1.10,-12.79,10.72,0.00,0.00,0.00,0.00,0.00,-0.00,0.00,0.00,0.00,0.00,0.00,0.00,0.00,-0.00,0.00,0
3.18595,-9,10,58,0,DRIVE [ 17 ] [ 1 ] [ 1837 1223 1884 ] [    0    0    0 ] [      0      0      0 ] [ 0 ],drive [ 17 ] [ 0 ] [ 1869 1115 1884 ] [   16  103   36 ] [  13474   7029   7716 ] [ 0 ],1.10,1.30,1.30,1.10,-10.43,10.52,0.00,0.00,0.00,0.00,0.00,-0.00,0.00,0.00,0.00,0.00,0.00,0.00,0.00,-0.00,0.00,0
3.1959,-7,9,57,0,DRIVE [ 18 ] [ 1 ] [ 1804 1326 1884 ] [    0    0    0 ] [      0      0      0 ] [ 0 ],drive [ 17 ] [ 0 ] [ 1837 1223 1884 ] [   16   75   23 ] [  13474   7029   7716 ] [ 0 ],1.10,1.30,1.30,1.10,-8.12,10.35,0.00,0.00,0.00,0.00,0.00,-0.00,0.00,0.00,0.00,0.00,0.00,0.00,0.00,-0.00,0.00,0
3.20616,-5,9,57,0,DRIVE [ 18 ] [ 1 ] [ 1767 1418 1884 ] [    0    0    0 ] [      0      0      0 ] [ 0 ],drive [ 18 ] [ 0 ] [ 1804 1326 1884 ] [   16   75   23 ] [  13474   7029   7716 ] [ 0 ],1.10,1.30,1.30,1.10,-5.88,10.25,0.00,0.00,0.00,0.00,0.00,-0.00,0.00,0.00,0.00,0.00,0.00,0.00,0.00,-0.00,0.00,0
3.21817,-3,9,56,0,DRIVE [ 19 ] [ 1 ] [ 1723 1502 1884 ] [    0    0    0 ] [      0      0      0 ] [ 0 ],drive [ 18 ] [ 0 ] [ 1767 1418 1884 ] [   16   75   23 ] [  13474   7029   7716 ] [ 0 ],1.10,1.30,1.30,1.10,-3.62,10.23,0.00,0.00,0.00,0.00,0.00,-0.00,0.00,0.00,0.00,0.00,0.00,0.00,0.00,-0.00,0.00,0
3.23021,-1,9,55,0,DRIVE [ 19 ] [ 1 ] [ 1668 1572 1884 ] [    0    0    0 ] [      0      0      0 ] [ 0 ],drive [ 19 ] [ 0 ] [ 1723 1502 1884 ] [   16   75   23 ] [  13500   6996   7674 ] [ 0 ],1.10,1.30,1.30,1.10,-1.36,10.30,0.00,0.00,0.00,0.00,0.00,-0.00,0.00,0.00,0.00,0.00,0.00,0.00,0.00,-0.00,0.00,0
3.24218,1,9,54,0,DRIVE [ 20 ] [ 1 ] [ 1594 1632 1884 ] [    0    0    0 ] [      0      0      0 ] [ 0 ],drive [ 19 ] [ 0 ] [ 1668 1572 1884 ] [   16   75   23 ] [  13500   6996   7674 ] [ 0 ],1.10,1.30,1.30,1.10,1.04,10.39,0.00,0.00,0.00,0.00,0.00,-0.00,0.00,0.00,0.00,0.00,0.00,0.00,0.00,0.00,0.00,0
3.25394,3,10,53,0,DRIVE [ 20 ] [ 1 ] [ 1498 1682 1884 ] [    0    0    0 ] [      0      0      0 ] [ 0 ],drive [ 20 ] [ 0 ] [ 1594 1632 1884 ] [   33   42   23 ] [  13500   6996   7674 ] [ 0 ],1.10,1.30,1.30,1.10,3.52,10.53,0.00,0.00,0.00,0.00,0.00,-0.00,0.00,0.00,0.00,0.00,0.00,0.00,0.00,0.00,0.00,0
3.26409,4,10,52,1,DRIVE [ 21 ] [ 1 ] [ 1406 1716 1884 ] [    0    0    0 ] [      0      0      0 ] [ 0 ],drive [ 20 ] [ 0 ] [ 1498 1682 1884 ] [   33   42   23 ] [  13500   6996   7674 ] [ 0 ],1.10,1.30,1.30,1.10,5.48,10.66,0.00,0.00,0.00,0.00,0.00,-0.00,0.00,0.00,0.00,0.00,0.00,0.00,0.00,0.00,0.00,0
