timestamp,Xmm,Ymm,Zmm,TouchDetected,OutgoingPacket,IncomingPacket,GainPropAb, GainPropAd, GainPropFl, GainPropEx,PropA, PropB, PropC,GainIntegAb, GainIntegAd, GainIntegFl, GainIntegEx,IntegA, IntegB, IntegC,GainDerivAb, GainDerivAd, GainDerivFl, GainDerivEx,DerivA, DerivB, DerivC,Heading5
0.00579401,30,81,448,0,DRIVE [ 45 ] [ 1 ] [ 1455 1707 1902 ] [    0    0    0 ] [      0      0      0 ] [ 0 ],drive [ 45 ] [ 0 ] [ 1449 1707 1902 ] [   48   45    1 ] [  18524   6496   8839 ] [ 0 ],1.10,1.30,1.30,1.10,39.44,88.98,0.00,0.00,0.00,0.00,0.00,0.00,0.00,0.00,0.00,0.00,0.00,0.00,0.00,0.00,0.00,0
0.0201493,30,81,446,0,DRIVE [ 46 ] [ 1 ] [ 1455 1706 1902 ] [    0    0    0 ] [      0      0      0 ] [ 0 ],drive [ 45 ] [ 0 ] [ 1455 1707 1902 ] [   48   45    1 ] [  18524   6496   8839 ] [ 0 ],1.10,1.30,1.30,1.10,39.13,88.95,0.00,0.00,0.00,0.00,0.00,0.00,0.00,0.00,0.00,0.00,0.00,0.00,-0.00,-0.00,0.00,0
0.0355993,30,81,446,0,DRIVE [ 46 ] [ 1 ] [ 1455 1706 1902 ] [    0    0    0 ] [      0      0      0 ] [ 0 ],drive [ 46 ] [ 0 ] [ 1455 1706 1902 ] [   48   45    1 ] [  18524   6496   8839 ] [ 0 ],1.10,1.30,1.30,1.10,39.18,88.91,0.00,0.00,0.00,0.00,0.00,0.00,0.00,0.00,0.00,0.00,0.00,0.00,-0.00,-0.00,0.00,0
0.048959,30,81,446,0,DRIVE [ 47 ] [ 1 ] [ 1455 1706 1902 ] [    0    0    0 ] [      0      0      0 ] [ 0 ],drive [ 46 ] [ 0 ] [ 1455 1706 1902 ] [   48   45    1 ] [  18525   6496   8835 ] [ 0 ],1.10,1.30,1.30,1.10,39.11,88.98,0.00,0.00,0.00,0.00,0.00,0.00,0.00,0.00,0.00,0.00,0.00,0.00,0.00,0.00,0.00,0
0.0645986,30,81,447,0,DRIVE [ 47 ] [ 1 ] [ 1456 1706 1902 ] [    0    0    0 ] [      0      0      0 ] [ 0 ],drive [ 47 ] [ 0 ] [ 1455 1706 1902 ] [   48   46    3 ] [  18525   6496   8835 ] [ 0 ],1.10,1.30,1.30,1.10,39.11,88.91,0.00,0.00,0.00,0.00,0.00,0.00,0.00,0.00,0.00,0.00,0.00,0.00,-0.00,-0.00,0.00,0
0.0778989,30,81,446,0,DRIVE [ 48 ] [ 1 ] [ 1458 1706 1902 ] [    0    0    0 ] [      0      0      0 ] [ 0 ],drive [ 47 ] [ 0 ] [ 1456 1706 1902 ] [   48   46    3 ] [  18525   6496   8835 ] [ 0 ],1.10,1.30,1.30,1.10,38.82,88.65,0.00,0.00,0.00,0.00,0.00,0.00,0.00,0.00,0.00,0.00,0.00,0.00,-0.00,-0.00,0.00,0
0.0911695,30,80,446,0,DRIVE [ 48 ] [ 1 ] [ 1459 1707 1902 ] [    0    0    0 ] [      0      0      0 ] [ 0 ],drive [ 48 ] [ 0 ] [ 1458 1706 1902 ] [   48   46    3 ] [  18525   6496   8835 ] [ 0 ],1.10,1.30,1.30,1.10,38.72,88.44,0.00,0.00,0.00,0.00,0.00,0.00,0.00,0.00,0.00,0.00,0.00,0.00,-0.00,-0.00,0.00,0
0.104349,30,80,446,0,DRIVE [ 49 ] [ 1 ] [ 1460 1706 1902 ] [    0    0    0 ] [      0      0      0 ] [ 0 ],drive [ 48 ] [ 0 ] [ 1459 1707 1902 ] [   47   45    4 ] [  18525   6496   8835 ] [ 0 ],1.10,1.30,1.30,1.10,38.41,88.31,0.00,0.00,0.00,0.00,0.00,0.00,0.00,0.00,0.00,0.00,0.00,0.00,-0.00,-0.00,0.00,0
0.117296,30,80,446,0,DRIVE [ 49 ] [ 1 ] [ 1504 1724 1902 ] [    0    0    0 ] [      0      0      0 ] [ 0 ],drive [ 49 ] [ 0 ] [ 1460 1706 1902 ] [   47   45    4 ] [  18525   6496   8835 ] [ 0 ],1.10,1.30,1.30,1.10,34.57,79.48,0.00,0.00,0.00,0.00,0.00,0.00,0.00,0.00,0.00,0.00,0.00,0.00,-0.00,-0.00,0.00,0
0.130154,34,56,441,0,DRIVE [ 50 ] [ 1 ] [ 1496 1796 1902 ] [    0    0    0 ] [      0      0      0 ] [ 0 ],drive [ 49 ] [ 0 ] [ 1504 1724 1902 ] [   47   45    4 ] [  18525   6496   8835 ] [ 0 ],1.10,1.30,1.30,1.10,43.86,61.63,0.00,0.00,0.00,0.00,0.00,0.00,0.00,0.00,0.00,0.00,0.00,0.00,-0.00,-0.00,0.00,0
0.143426,37,38,442,0,DRIVE [ 50 ] [ 1 ] [ 1507 1861 1902 ] [    0    0    0 ] [      0      0      0 ] [ 0 ],drive [ 50 ] [ 0 ] [ 1496 1796 1902 ] [   47   45    4 ] [  18525   6496   8835 ] [ 0 ],1.10,1.30,1.30,1.10,48.21,42.01,0.00,0.00,0.00,0.00,0.00,0.00,0.00,0.00,0.00,0.00,0.00,0.00,-0.00,-0.00,0.00,0
0.156773,40,25,442,0,DRIVE [ 51 ] [ 1 ] [ 1540 1861 1885 ] [    0    0    0 ] [      0      0      0 ] [ 0 ],drive [ 50 ] [ 0 ] [ 1507 1861 1902 ] [   42   32    4 ] [  18525   6496   8835 ] [ 0 ],1.10,1.30,1.30,1.10,51.50,27.72,0.00,0.00,0.00,0.00,0.00,0.00,0.00,0.00,0.00,0.00,0.00,0.00,-0.00,-0.00,0.00,0
0.169836,41,16,441,0,DRIVE [ 51 ] [ 1 ] [ 1584 1861 1854 ] [    0    0    0 ] [      0      0      0 ] [ 0 ],drive [ 51 ] [ 0 ] [ 1540 1861 1885 ] [   42   32    4 ] [  18525   6496   8835 ] [ 0 ],1.10,1.30,1.30,1.10,53.66,17.22,0.00,0.00,0.00,0.00,0.00,0.00,0.00,0.00,0.00,0.00,0.00,0.00,-0.00,-0.00,0.00,0
0.182982,43,9,444,0,DRIVE [ 52 ] [ 1 ] [ 1610 1861 1831 ] [    0    0    0 ] [      0      0      0 ] [ 0 ],drive [ 51 ] [ 0 ] [ 1584 1861 1854 ] [   42   32    4 ] [  18525   6496   8835 ] [ 0 ],1.10,1.30,1.30,1.10,55.39,9.53,0.00,0.00,0.00,0.00,0.00,0.00,0.00,0.00,0.00,0.00,0.00,0.00,-0.00,-0.00,0.00,0
0.19566,43,4,442,0,DRIVE [ 52 ] [ 1 ] [ 1627 1861 1813 ] [    0    0    0 ] [      0      0      0 ] [ 0 ],drive [ 52 ] [ 0 ] [ 1610 1861 1831 ] [   42   32    4 ] [  18523   6277   8836 ] [ 0 ],1.10,1.30,1.30,1.10,55.96,3.92,0.00,0.00,0.00,0.00,0.00,0.00,0.00,0.00,0.00,0.00,0.00,0.00,0.00,0.00,0.00,0
0.211008,43,0,443,0,DRIVE [ 53 ] [ 1 ] [ 1640 1861 1800 ] [    0    0    0 ] [      0      0      0 ] [ 0 ],drive [ 52 ] [ 0 ] [ 1627 1861 1813 ] [   33   29    6 ] [  18523   6277   8836 ] [ 0 ],1.10,1.30,1.30,1.10,56.33,-0.46,0.00,0.00,0.00,0.00,0.00,0.00,0.00,0.00,0.00,0.00,0.00,0.00,0.00,0.00,0.00,0
0.22418,43,-3,444,0,DRIVE [ 53 ] [ 1 ] [ 1651 1861 1791 ] [    0    0    0 ] [      0      0      0 ] [ 0 ],drive [ 53 ] [ 0 ] [ 1640 1861 1800 ] [   33   29    6 ] [  18523   6277   8836 ] [ 0 ],1.10,1.30,1.30,1.10,55.99,-3.76,0.00,0.00,0.00,0.00,0.00,0.00,0.00,0.00,0.00,0.00,0.00,0.00,0.00,0.00,0.00,0
0.237296,42,-5,443,0,DRIVE [ 54 ] [ 1 ] [ 1661 1861 1785 ] [    0    0    0 ] [      0      0      0 ] [ 0 ],drive [ 53 ] [ 0 ] [ 1651 1861 1791 ] [   33   29    6 ] [  18523   6277   8836 ] [ 0 ],1.10,1.30,1.30,1.10,55.01,-5.93,0.00,0.00,0.00,0.00,0.00,0.00,0.00,0.00,0.00,0.00,0.00,0.00,0.00,0.00,0.00,0
0.250627,41,-5,441,0,DRIVE [ 54 ] [ 1 ] [ 1668 1861 1783 ] [    0    0    0 ] [      0      0      0 ] [ 0 ],drive [ 54 ] [ 0 ] [ 1661 1861 1785 ] [   33   29    6 ] [  18520   6123   8851 ] [ 0 ],1.10,1.30,1.30,1.10,53.80,-7.11,0.00,0.00,0.00,0.00,0.00,0.00,0.00,0.00,0.00,0.00,0.00,0.00,0.00,0.00,0.00,0
0.26311,41,-6,442,0,DRIVE [ 55 ] [ 1 ] [ 1675 1861 1783 ] [    0    0    0 ] [      0      0      0 ] [ 0 ],drive [ 54 ] [ 0 ] [ 1668 1861 1783 ] [   27    7   16 ] [  18520   6123   8851 ] [ 0 ],1.10,1.30,1.30,1.10,52.78,-7.73,0.00,0.00,0.00,0.00,0.00,0.00,0.00,0.00,0.00,0.00,0.00,0.00,0.00,0.00,0.00,0
0.276327,40,-6,441,0,DRIVE [ 55 ] [ 1 ] [ 1681 1861 1783 ] [    0    0    0 ] [      0      0      0 ] [ 0 ],drive [ 55 ] [ 0 ] [ 1675 1861 1783 ] [   27    7   16 ] [  18520   6123   8851 ] [ 0 ],1.10,1.30,1.30,1.10,51.71,-8.25,0.00,0.00,0.00,0.00,0.00,0.00,0.00,0.00,0.00,0.00,0.00,0.00,0.00,0.00,0.00,0
0.28962,39,-7,439,0,DRIVE [ 56 ] [ 1 ] [ 1686 1861 1784 ] [    0    0    0 ] [      0      0      0 ] [ 0 ],drive [ 55 ] [ 0 ] [ 1681 1861 1783 ] [   27    7   16 ] [  18515   6122   8882 ] [ 0 ],1.10,1.30,1.30,1.10,50.48,-8.50,0.00,0.00,0.00,0.00,0.00,0.00,0.00,0.00,0.00,0.00,0.00,0.00,0.00,0.00,0.00,0
0.302863,38,-7,442,0,DRIVE [ 56 ] [ 1 ] [ 1690 1861 1786 ] [    0    0    0 ] [      0      0      0 ] [ 0 ],drive [ 56 ] [ 0 ] [ 1686 1861 1784 ] [   27    7   16 ] [  18515   6122   8882 ] [ 0 ],1.10,1.30,1.30,1.10,49.92,-8.51,0.00,0.00,0.00,0.00,0.00,0.00,0.00,0.00,0.00,0.00,0.00,0.00,0.00,0.00,0.00,0
0.315918,38,-6,442,0,DRIVE [ 57 ] [ 1 ] [ 1692 1861 1787 ] [    0    0    0 ] [      0      0      0 ] [ 0 ],drive [ 56 ] [ 0 ] [ 1690 1861 1786 ] [   23    5   29 ] [  18515   6122   8882 ] [ 0 ],1.10,1.30,1.30,1.10,49.43,-8.26,0.00,0.00,0.00,0.00,0.00,0.00,0.00,0.00,0.00,0.00,0.00,0.00,0.00,0.00,0.00,0
0.328616,38,-6,441,0,DRIVE [ 57 ] [ 1 ] [ 1693 1861 1789 ] [    0    0    0 ] [      0      0      0 ] [ 0 ],drive [ 57 ] [ 0 ] [ 1692 1861 1787 ] [   23    5   29 ] [  18515   6122   8882 ] [ 0 ],1.10,1.30,1.30,1.10,48.85,-7.89,0.00,0.00,0.00,0.00,0.00,0.00,0.00,0.00,0.00,0.00,0.00,0.00,0.00,0.00,0.00,0
0.341777,37,-6,442,0,DRIVE [ 58 ] [ 1 ] [ 1697 1861 1792 ] [    0    0    0 ] [      0      0      0 ] [ 0 ],drive [ 57 ] [ 0 ] [ 1693 1861 1789 ] [   23    5   29 ] [  18511   6083   8882 ] [ 0 ],1.10,1.30,1.30,1.10,47.99,-7.60,0.00,0.00,0.00,0.00,0.00,0.00,0.00,0.00,0.00,0.00,0.00,0.00,0.00,0.00,0.00,0
0.354904,36,-6,442,0,DRIVE [ 58 ] [ 1 ] [ 1699 1861 1794 ] [    0    0    0 ] [      0      0      0 ] [ 0 ],drive [ 58 ] [ 0 ] [ 1697 1861 1792 ] [   21   27   33 ] [  18511   6083   8882 ] [ 0 ],1.10,1.30,1.30,1.10,47.36,-7.27,0.00,0.00,0.00,0.00,0.00,0.00,0.00,0.00,0.00,0.00,0.00,0.00,0.00,0.00,0.00,0
0.367931,36,-5,442,0,DRIVE [ 59 ] [ 1 ] [ 1701 1861 1798 ] [    0    0    0 ] [      0      0      0 ] [ 0 ],drive [ 58 ] [ 0 ] [ 1699 1861 1794 ] [   21   27   33 ] [  18511   6083   8882 ] [ 0 ],1.10,1.30,1.30,1.10,46.64,-6.72,0.00,0.00,0.00,0.00,0.00,0.00,0.00,0.00,0.00,0.00,0.00,0.00,0.00,0.00,0.00,0
0.380934,35,-5,442,0,DRIVE [ 59 ] [ 1 ] [ 1704 1861 1801 ] [    0    0    0 ] [      0      0      0 ] [ 0 ],drive [ 59 ] [ 0 ] [ 1701 1861 1798 ] [   21   27   33 ] [  18511   6083   8882 ] [ 0 ],1.10,1.30,1.30,1.10,45.83,-6.24,0.00,0.00,0.00,0.00,0.00,0.00,0.00,0.00,0.00,0.00,0.00,0.00,0.00,0.00,0.00,0
0.393625,35,-4,441,0,DRIVE [ 60 ] [ 1 ] [ 1706 1861 1804 ] [    0    0    0 ] [      0      0      0 ] [ 0 ],drive [ 59 ] [ 0 ] [ 1704 1861 1801 ] [   21   27   33 ] [  18504   6023   8928 ] [ 0 ],1.10,1.30,1.30,1.10,44.85,-5.56,0.00,0.00,0.00,0.00,0.00,0.00,0.00,0.00,0.00,0.00,0.00,0.00,-0.00,0.00,0.00,0
0.406721,33,-3,440,0,DRIVE [ 60 ] [ 1 ] [ 1710 1861 1811 ] [    0    0    0 ] [      0      0      0 ] [ 0 ],drive [ 60 ] [ 0 ] [ 1706 1861 1804 ] [   20   21   19 ] [  18504   6023   8928 ] [ 0 ],1.10,1.30,1.30,1.10,43.42,-4.18,0.00,0.00,0.00,0.00,0.00,0.00,0.00,0.00,0.00,0.00,0.00,0.00,-0.00,0.00,0.00,0
0.420052,32,-2,439,0,DRIVE [ 61 ] [ 1 ] [ 1712 1861 1817 ] [    0    0    0 ] [      0      0      0 ] [ 0 ],drive [ 60 ] [ 0 ] [ 1710 1861 1811 ] [   20   21   19 ] [  18504   6023   8928 ] [ 0 ],1.10,1.30,1.30,1.10,42.06,-2.97,0.00,0.00,0.00,0.00,0.00,0.00,0.00,0.00,0.00,0.00,0.00,0.00,-0.00,0.00,0.00,0
0.433136,31,-2,438,0,DRIVE [ 61 ] [ 1 ] [ 1715 1861 1823 ] [    0    0    0 ] [      0      0      0 ] [ 0 ],drive [ 61 ] [ 0 ] [ 1712 1861 1817 ] [   20   21   19 ] [  18504   6023   8928 ] [ 0 ],1.10,1.30,1.30,1.10,40.81,-2.02,0.00,0.00,0.00,0.00,0.00,0.00,0.00,0.00,0.00,0.00,0.00,0.00,-0.00,0.00,0.00,0
0.446458,30,-1,437,0,DRIVE [ 62 ] [ 1 ] [ 1719 1861 1828 ] [    0    0    0 ] [      0      0      0 ] [ 0 ],drive [ 61 ] [ 0 ] [ 1715 1861 1823 ] [   20   21   19 ] [  18499   6023   8928 ] [ 0 ],1.10,1.30,1.30,1.10,39.41,-1.15,0.00,0.00,0.00,0.00,0.00,0.00,0.00,0.00,0.00,0.00,0.00,0.00,-0.00,0.00,0.00,0
0.459068,29,0,438,0,DRIVE [ 62 ] [ 1 ] [ 1722 1861 1833 ] [    0    0    0 ] [      0      0      0 ] [ 0 ],drive [ 62 ] [ 0 ] [ 1719 1861 1828 ] [   21   21   19 ] [  18499   6023   8928 ] [ 0 ],1.10,1.30,1.30,1.10,38.20,-0.14,0.00,0.00,0.00,0.00,0.00,0.00,0.00,0.00,0.00,0.00,0.00,0.00,-0.00,0.00,0.00,0
0.472712,28,1,438,0,DRIVE [ 63 ] [ 1 ] [ 1727 1861 1839 ] [    0    0    0 ] [      0      0      0 ] [ 0 ],drive [ 62 ] [ 0 ] [ 1722 1861 1833 ] [   21   21   19 ] [  18499   6023   8928 ] [ 0 ],1.10,1.30,1.30,1.10,36.71,0.64,0.00,0.00,0.00,0.00,0.00,0.00,0.00,0.00,0.00,0.00,0.00,0.00,-0.00,-0.00,0.00,0
0.485836,27,1,437,0,DRIVE [ 63 ] [ 1 ] [ 1731 1861 1843 ] [    0    0    0 ] [      0      0      0 ] [ 0 ],drive [ 63 ] [ 0 ] [ 1727 1861 1839 ] [   21   21   19 ] [  18499   6023   8928 ] [ 0 ],1.10,1.30,1.30,1.10,35.14,1.37,0.00,0.00,0.00,0.00,0.00,0.00,0.00,0.00,0.00,0.00,0.00,0.00,-0.00,-0.00,0.00,0
0.49883,26,2,435,0,DRIVE [ 64 ] [ 1 ] [ 1737 1861 1848 ] [    0    0    0 ] [      0      0      0 ] [ 0 ],drive [ 63 ] [ 0 ] [ 1731 1861 1843 ] [   21   21   19 ] [  18485   6012   8927 ] [ 0 ],1.10,1.30,1.30,1.10,33.47,2.02,0.00,0.00,0.00,0.00,0.00,0.00,0.00,0.00,0.00,0.00,0.00,0.00,-0.00,-0.00,0.00,0
0.511857,24,3,435,0,DRIVE [ 64 ] [ 1 ] [ 1746 1861 1855 ] [    0    0    0 ] [      0      0      0 ] [ 0 ],drive [ 64 ] [ 0 ] [ 1737 1861 1848 ] [   30   15   16 ] [  18485   6012   8927 ] [ 0 ],1.10,1.30,1.30,1.10,31.07,2.77,0.00,0.00,0.00,0.00,0.00,0.00,0.00,0.00,0.00,0.00,0.00,0.00,-0.00,-0.00,0.00,0
0.524162,22,3,435,0,DRIVE [ 65 ] [ 1 ] [ 1754 1861 1862 ] [    0    0    0 ] [      0      0      0 ] [ 0 ],drive [ 64 ] [ 0 ] [ 1746 1861 1855 ] [   30   15   16 ] [  18485   6012   8927 ] [ 0 ],1.10,1.30,1.30,1.10,28.77,3.55,0.00,0.00,0.00,0.00,0.00,0.00,0.00,0.00,0.00,0.00,0.00,0.00,-0.00,-0.00,0.00,0
0.53725,22,3,435,0,DRIVE [ 65 ] [ 1 ] [ 1769 1861 1866 ] [    0    0    0 ] [      0      0      0 ] [ 0 ],drive [ 65 ] [ 0 ] [ 1754 1861 1862 ] [   30   15   16 ] [  18485   6012   8927 ] [ 0 ],1.10,1.30,1.30,1.10,25.89,3.20,0.00,0.00,0.00,0.00,0.00,0.00,0.00,0.00,0.00,0.00,0.00,0.00,-0.00,-0.00,0.00,0
0.550396,20,4,437,0,DRIVE [ 66 ] [ 1 ] [ 1764 1861 1871 ] [    0    0    0 ] [      0      0      0 ] [ 0 ],drive [ 65 ] [ 0 ] [ 1769 1861 1866 ] [   30   15   16 ] [  18466   5881   8927 ] [ 0 ],1.10,1.30,1.30,1.10,25.79,4.71,0.00,0.00,0.00,0.00,0.00,0.00,0.00,0.00,0.00,0.00,0.00,0.00,-0.00,-0.00,0.00,0
0.563267,17,5,438,0,DRIVE [ 66 ] [ 1 ] [ 1774 1861 1879 ] [    0    0    0 ] [      0      0      0 ] [ 0 ],drive [ 66 ] [ 0 ] [ 1764 1861 1871 ] [   37   16   15 ] [  18466   5881   8927 ] [ 0 ],1.10,1.30,1.30,1.10,22.72,5.89,0.00,0.00,0.00,0.00,0.00,0.00,0.00,0.00,0.00,0.00,0.00,0.00,-0.00,-0.00,0.00,0
0.575829,15,6,432,0,DRIVE [ 67 ] [ 1 ] [ 1783 1861 1888 ] [    0    0    0 ] [      0      0      0 ] [ 0 ],drive [ 66 ] [ 0 ] [ 1774 1861 1879 ] [   37   16   15 ] [  18466   5881   8927 ] [ 0 ],1.10,1.30,1.30,1.10,19.38,6.86,0.00,0.00,0.00,0.00,0.00,0.00,0.00,0.00,0.00,0.00,0.00,0.00,-0.00,-0.00,0.00,0
0.588762,13,7,430,0,DRIVE [ 67 ] [ 1 ] [ 1791 1861 1896 ] [    0    0    0 ] [      0      0      0 ] [ 0 ],drive [ 67 ] [ 0 ] [ 1783 1861 1888 ] [   37   16   15 ] [  18440   5824   8926 ] [ 0 ],1.10,1.30,1.30,1.10,16.31,7.85,0.00,0.00,0.00,0.00,0.00,0.00,0.00,0.00,0.00,0.00,0.00,0.00,-0.00,-0.00,0.00,0
0.60174,10,8,425,0,DRIVE [ 68 ] [ 1 ] [ 1800 1884 1896 ] [    0    0    0 ] [      0      0      0 ] [ 0 ],drive [ 67 ] [ 0 ] [ 1791 1861 1896 ] [   37   16   15 ] [  18440   5824   8926 ] [ 0 ],1.10,1.30,1.30,1.10,12.44,8.92,0.00,0.00,0.00,0.00,0.00,0.00,0.00,0.00,0.00,0.00,0.00,0.00,-0.00,-0.00,0.00,0
0.614625,7,9,422,0,DRIVE [ 68 ] [ 1 ] [ 1825 1874 1896 ] [    0    0    0 ] [      0      0      0 ] [ 0 ],drive [ 68 ] [ 0 ] [ 1800 1884 1896 ] [   35   28   14 ] [  18440   5824   8926 ] [ 0 ],1.10,1.30,1.30,1.10,8.79,9.86,0.00,0.00,0.00,0.00,0.00,0.00,0.00,0.00,0.00,0.00,0.00,0.00,-0.00,-0.00,0.00,0
0.628367,4,10,421,0,DRIVE [ 69 ] [ 1 ] [ 1843 1863 1896 ] [    0    0    0 ] [      0      0      0 ] [ 0 ],drive [ 68 ] [ 0 ] [ 1825 1874 1896 ] [   35   28   14 ] [  18440   5824   8926 ] [ 0 ],1.10,1.30,1.30,1.10,5.31,10.82,0.00,0.00,0.00,0.00,0.00,0.00,0.00,0.00,0.00,0.00,0.00,0.00,-0.00,-0.00,0.00,0
0.640876,2,11,421,0,DRIVE [ 69 ] [ 1 ] [ 1855 1852 1896 ] [    0    0    0 ] [      0      0      0 ] [ 0 ],drive [ 69 ] [ 0 ] [ 1843 1863 1896 ] [   35   28   14 ] [  18424   5813   8921 ] [ 0 ],1.10,1.30,1.30,1.10,2.42,11.73,0.00,0.00,0.00,0.00,0.00,0.00,0.00,0.00,0.00,0.00,0.00,0.00,-0.00,-0.00,0.00,0
0.655852,0,11,420,0,DRIVE [ 70 ] [ 1 ] [ 1863 1839 1896 ] [    0    0    0 ] [      0      0      0 ] [ 0 ],drive [ 69 ] [ 0 ] [ 1855 1852 1896 ] [   25   25   15 ] [  18424   5813   8921 ] [ 0 ],1.10,1.30,1.30,1.10,-0.49,12.49,0.00,0.00,0.00,0.00,0.00,0.00,0.00,0.00,0.00,0.00,0.00,0.00,0.00,0.00,0.00,0
0.668823,-3,12,418,0,DRIVE [ 70 ] [ 1 ] [ 1868 1822 1896 ] [    0    0    0 ] [      0      0      0 ] [ 0 ],drive [ 70 ] [ 0 ] [ 1863 1839 1896 ] [   25   25   15 ] [  18424   5813   8921 ] [ 0 ],1.10,1.30,1.30,1.10,-3.44,13.74,0.00,0.00,0.00,0.00,0.00,0.00,0.00,0.00,0.00,0.00,0.00,0.00,0.00,0.00,0.00,0
0.681811,-6,14,418,0,DRIVE [ 71 ] [ 1 ] [ 1872 1805 1896 ] [    0    0    0 ] [      0      0      0 ] [ 0 ],drive [ 70 ] [ 0 ] [ 1868 1822 1896 ] [   25   25   15 ] [  18424   5813   8921 ] [ 0 ],1.10,1.30,1.30,1.10,-6.17,14.88,0.00,0.00,0.00,0.00,0.00,0.00,0.00,0.00,0.00,0.00,0.00,0.00,0.00,0.00,0.00,0
0.694705,-8,14,416,0,DRIVE [ 71 ] [ 1 ] [ 1875 1787 1896 ] [    0    0    0 ] [      0      0      0 ] [ 0 ],drive [ 71 ] [ 0 ] [ 1872 1805 1896 ] [   25   25   15 ] [  18281   5806   8921 ] [ 0 ],1.10,1.30,1.30,1.10,-8.77,15.90,0.00,0.00,0.00,0.00,0.00,0.00,0.00,0.00,0.00,0.00,0.00,0.00,0.00,0.00,0.00,0
0.707124,-10,15,415,0,DRIVE [ 72 ] [ 1 ] [ 1878 1771 1896 ] [    0    0    0 ] [      0      0      0 ] [ 0 ],drive [ 71 ] [ 0 ] [ 1875 1787 1896 ] [   32   30   15 ] [  18281   5806   8921 ] [ 0 ],1.10,1.30,1.30,1.10,-11.07,16.75,0.00,0.00,0.00,0.00,0.00,0.00,0.00,0.00,0.00,0.00,0.00,0.00,0.00,0.00,0.00,0
0.72023,-12,16,415,0,DRIVE [ 72 ] [ 1 ] [ 1879 1754 1896 ] [    0    0    0 ] [      0      0      0 ] [ 0 ],drive [ 72 ] [ 0 ] [ 1878 1771 1896 ] [   32   30   15 ] [  18281   5806   8921 ] [ 0 ],1.10,1.30,1.30,1.10,-13.35,17.76,0.00,0.00,0.00,0.00,0.00,0.00,0.00,0.00,0.00,0.00,0.00,0.00,0.00,0.00,0.00,0
0.733913,-14,17,413,0,DRIVE [ 73 ] [ 1 ] [ 1881 1737 1896 ] [    0    0    0 ] [      0      0      0 ] [ 0 ],drive [ 72 ] [ 0 ] [ 1879 1754 1896 ] [   32   30   15 ] [  18281   5806   8921 ] [ 0 ],1.10,1.30,1.30,1.10,-15.40,18.65,0.00,0.00,0.00,0.00,0.00,0.00,0.00,0.00,0.00,0.00,0.00,0.00,0.00,0.00,0.00,0
0.74728,-16,18,409,0,DRIVE [ 73 ] [ 1 ] [ 1883 1718 1896 ] [    0    0    0 ] [      0      0      0 ] [ 0 ],drive [ 73 ] [ 0 ] [ 1881 1737 1896 ] [   32   30   15 ] [  18182   5806   8920 ] [ 0 ],1.10,1.30,1.30,1.10,-17.61,19.68,0.00,0.00,0.00,0.00,0.00,0.00,0.00,0.00,0.00,0.00,0.00,0.00,0.00,0.00,0.00,0
0.759688,-18,19,407,0,DRIVE [ 74 ] [ 1 ] [ 1884 1700 1896 ] [    0    0    0 ] [      0      0      0 ] [ 0 ],drive [ 73 ] [ 0 ] [ 1883 1718 1896 ] [    3   36   19 ] [  18182   5806   8920 ] [ 0 ],1.10,1.30,1.30,1.10,-19.78,20.68,0.00,0.00,0.00,0.00,0.00,0.00,0.00,0.00,0.00,0.00,0.00,0.00,0.00,0.00,0.00,0
0.772651,-20,20,405,0,DRIVE [ 74 ] [ 1 ] [ 1886 1683 1896 ] [    0    0    0 ] [      0      0      0 ] [ 0 ],drive [ 74 ] [ 0 ] [ 1884 1700 1896 ] [    3   36   19 ] [  18182   5806   8920 ] [ 0 ],1.10,1.30,1.30,1.10,-21.69,21.54,0.00,0.00,0.00,0.00,0.00,0.00,0.00,0.00,0.00,0.00,0.00,0.00,0.00,0.00,0.00,0
0.785437,-21,20,404,0,DRIVE [ 75 ] [ 1 ] [ 1887 1669 1896 ] [    0    0    0 ] [      0      0      0 ] [ 0 ],drive [ 74 ] [ 0 ] [ 1886 1683 1896 ] [    3   36   19 ] [  18182   5806   8920 ] [ 0 ],1.10,1.30,1.30,1.10,-23.49,22.24,0.00,0.00,0.00,0.00,0.00,0.00,0.00,0.00,0.00,0.00,0.00,0.00,0.00,0.00,0.00,0
0.797849,-23,21,404,0,DRIVE [ 75 ] [ 1 ] [ 1889 1655 1896 ] [    0    0    0 ] [      0      0      0 ] [ 0 ],drive [ 75 ] [ 0 ] [ 1887 1669 1896 ] [    3   36   19 ] [  18100   5813   8909 ] [ 0 ],1.10,1.30,1.30,1.10,-25.11,22.69,0.00,0.00,0.00,0.00,0.00,0.00,0.00,0.00,0.00,0.00,0.00,0.00,0.00,0.00,0.00,0
0.810988,-24,21,403,0,DRIVE [ 76 ] [ 1 ] [ 1890 1645 1896 ] [    0    0    0 ] [      0      0      0 ] [ 0 ],drive [ 75 ] [ 0 ] [ 1889 1655 1896 ] [    6   45   21 ] [  18100   5813   8909 ] [ 0 ],1.10,1.30,1.30,1.10,-26.31,23.19,0.00,0.00,0.00,0.00,0.00,0.00,0.00,0.00,0.00,0.00,0.00,0.00,0.00,0.00,0.00,0
0.823944,-24,21,401,0,DRIVE [ 76 ] [ 1 ] [ 1890 1638 1896 ] [    0    0    0 ] [      0      0      0 ] [ 0 ],drive [ 76 ] [ 0 ] [ 1890 1645 1896 ] [    6   45   21 ] [  18100   5813   8909 ] [ 0 ],1.10,1.30,1.30,1.10,-26.95,23.65,0.00,0.00,0.00,0.00,0.00,0.00,0.00,0.00,0.00,0.00,0.00,0.00,0.00,0.00,0.00,0
0.836725,-25,22,399,0,DRIVE [ 77 ] [ 1 ] [ 1890 1633 1896 ] [    0    0    0 ] [      0      0      0 ] [ 0 ],drive [ 76 ] [ 0 ] [ 1890 1638 1896 ] [    6   45   21 ] [  18100   5813   8909 ] [ 0 ],1.10,1.30,1.30,1.10,-27.40,24.06,0.00,0.00,0.00,0.00,0.00,0.00,0.00,0.00,0.00,0.00,0.00,0.00,0.00,0.00,0.00,0
0.849516,-25,22,397,0,DRIVE [ 77 ] [ 1 ] [ 1890 1629 1896 ] [    0    0    0 ] [      0      0      0 ] [ 0 ],drive [ 77 ] [ 0 ] [ 1890 1633 1896 ] [    6   45   21 ] [  17949   5819   8910 ] [ 0 ],1.10,1.30,1.30,1.10,-27.64,24.33,0.00,0.00,0.00,0.00,0.00,0.00,0.00,0.00,0.00,0.00,0.00,0.00,0.00,0.00,0.00,0
0.861859,-25,22,394,0,DRIVE [ 78 ] [ 1 ] [ 1890 1629 1896 ] [    0    0    0 ] [      0      0      0 ] [ 0 ],drive [ 77 ] [ 0 ] [ 1890 1629 1896 ] [    9   49   21 ] [  17949   5819   8910 ] [ 0 ],1.10,1.30,1.30,1.10,-27.45,24.17,0.00,0.00,0.00,0.00,0.00,0.00,0.00,0.00,0.00,0.00,0.00,0.00,0.00,0.00,0.00,0
0.874806,-25,22,391,0,DRIVE [ 78 ] [ 1 ] [ 1890 1628 1896 ] [    0    0    0 ] [      0      0      0 ] [ 0 ],drive [ 78 ] [ 0 ] [ 1890 1629 1896 ] [    9   49   21 ] [  17949   5819   8910 ] [ 0 ],1.10,1.30,1.30,1.10,-27.44,23.86,0.00,0.00,0.00,0.00,0.00,0.00,0.00,0.00,0.00,0.00,0.00,0.00,0.00,0.00,0.00,0
0.887706,-25,21,389,0,DRIVE [ 79 ] [ 1 ] [ 1891 1627 1896 ] [    0    0    0 ] [      0      0      0 ] [ 0 ],drive [ 78 ] [ 0 ] [ 1890 1628 1896 ] [    9   49   21 ] [  17949   5819   8910 ] [ 0 ],1.10,1.30,1.30,1.10,-27.41,23.50,0.00,0.00,0.00,0.00,0.00,0.00,0.00,0.00,0.00,0.00,0.00,0.00,0.00,0.00,0.00,0
0.900533,-25,21,385,0,DRIVE [ 79 ] [ 1 ] [ 1893 1625 1896 ] [    0    0    0 ] [      0      0      0 ] [ 0 ],drive [ 79 ] [ 0 ] [ 1891 1627 1896 ] [    9   49   21 ] [  17950   5823   8910 ] [ 0 ],1.10,1.30,1.30,1.10,-27.41,22.95,0.00,0.00,0.00,0.00,0.00,0.00,0.00,0.00,0.00,0.00,0.00,0.00,0.00,0.00,0.00,0
0.913552,-25,20,381,0,DRIVE [ 80 ] [ 1 ] [ 1895 1623 1896 ] [    0    0    0 ] [      0      0      0 ] [ 0 ],drive [ 79 ] [ 0 ] [ 1893 1625 1896 ] [    7   49   22 ] [  17950   5823   8910 ] [ 0 ],1.10,1.30,1.30,1.10,-27.46,22.39,0.00,0.00,0.00,0.00,0.00,0.00,0.00,0.00,0.00,0.00,0.00,0.00,0.00,0.00,0.00,0
0.925752,-25,20,379,0,DRIVE [ 80 ] [ 1 ] [ 1896 1622 1896 ] [    0    0    0 ] [      0      0      0 ] [ 0 ],drive [ 80 ] [ 0 ] [ 1895 1623 1896 ] [    7   49   22 ] [  17950   5823   8910 ] [ 0 ],1.10,1.30,1.30,1.10,-27.46,22.14,0.00,0.00,0.00,0.00,0.00,0.00,0.00,0.00,0.00,0.00,0.00,0.00,0.00,0.00,0.00,0
0.938642,-25,20,377,0,DRIVE [ 81 ] [ 1 ] [ 1896 1621 1896 ] [    0    0    0 ] [      0      0      0 ] [ 0 ],drive [ 80 ] [ 0 ] [ 1896 1622 1896 ] [    7   49   22 ] [  17892   5823   8910 ] [ 0 ],1.10,1.30,1.30,1.10,-27.36,22.04,0.00,0.00,0.00,0.00,0.00,0.00,0.00,0.00,0.00,0.00,0.00,0.00,0.00,0.00,0.00,0
0.951383,-25,20,375,0,DRIVE [ 81 ] [ 1 ] [ 1895 1623 1896 ] [    0    0    0 ] [      0      0      0 ] [ 0 ],drive [ 81 ] [ 0 ] [ 1896 1621 1896 ] [    7   49   22 ] [  17892   5823   8910 ] [ 0 ],1.10,1.30,1.30,1.10,-27.01,22.03,0.00,0.00,0.00,0.00,0.00,0.00,0.00,0.00,0.00,0.00,0.00,0.00,0.00,0.00,0.00,0
0.964097,-24,20,371,0,DRIVE [ 82 ] [ 1 ] [ 1893 1627 1896 ] [    0    0    0 ] [      0      0      0 ] [ 0 ],drive [ 81 ] [ 0 ] [ 1895 1623 1896 ] [   24   50   22 ] [  17892   5823   8910 ] [ 0 ],1.10,1.30,1.30,1.10,-26.16,22.05,0.00,0.00,0.00,0.00,0.00,0.00,0.00,0.00,0.00,0.00,0.00,0.00,0.00,0.00,0.00,0
0.976476,-23,20,368,0,DRIVE [ 82 ] [ 1 ] [ 1889 1634 1896 ] [    0    0    0 ] [      0      0      0 ] [ 0 ],drive [ 82 ] [ 0 ] [ 1893 1627 1896 ] [   24   50   22 ] [  17892   5823   8910 ] [ 0 ],1.10,1.30,1.30,1.10,-25.12,22.32,0.00,0.00,0.00,0.00,0.00,0.00,0.00,0.00,0.00,0.00,0.00,0.00,0.00,0.00,0.00,0
0.989354,-22,20,365,0,DRIVE [ 83 ] [ 1 ] [ 1885 1642 1896 ] [    0    0    0 ] [      0      0      0 ] [ 0 ],drive [ 82 ] [ 0 ] [ 1889 1634 1896 ] [   24   50   22 ] [  17866   5831   8909 ] [ 0 ],1.10,1.30,1.30,1.10,-23.84,22.48,0.00,0.00,0.00,0.00,0.00,0.00,0.00,0.00,0.00,0.00,0.00,0.00,0.00,0.00,0.00,0
1.00218,-20,21,363,0,DRIVE [ 83 ] [ 1 ] [ 1881 1652 1896 ] [    0    0    0 ] [      0      0      0 ] [ 0 ],drive [ 83 ] [ 0 ] [ 1885 1642 1896 ] [   24   50   22 ] [  17866   5831   8909 ] [ 0 ],1.10,1.30,1.30,1.10,-22.37,22.61,0.00,0.00,0.00,0.00,0.00,0.00,0.00,0.00,0.00,0.00,0.00,0.00,0.00,0.00,0.00,0
1.01494,-19,21,360,0,DRIVE [ 84 ] [ 1 ] [ 1876 1662 1896 ] [    0    0    0 ] [      0      0      0 ] [ 0 ],drive [ 83 ] [ 0 ] [ 1881 1652 1896 ] [   22   48   21 ] [  17866   5831   8909 ] [ 0 ],1.10,1.30,1.30,1.10,-20.75,22.93,0.00,0.00,0.00,0.00,0.00,0.00,0.00,0.00,0.00,0.00,0.00,0.00,0.00,0.00,0.00,0
1.02883,-17,21,358,0,DRIVE [ 84 ] [ 1 ] [ 1870 1673 1896 ] [    0    0    0 ] [      0      0      0 ] [ 0 ],drive [ 84 ] [ 0 ] [ 1876 1662 1896 ] [   22   48   21 ] [  17866   5831   8909 ] [ 0 ],1.10,1.30,1.30,1.10,-19.10,23.45,0.00,0.00,0.00,0.00,0.00,0.00,0.00,0.00,0.00,0.00,0.00,0.00,0.00,0.00,0.00,0
1.04067,-16,22,355,0,DRIVE [ 85 ] [ 1 ] [ 1862 1683 1896 ] [    0    0    0 ] [      0      0      0 ] [ 0 ],drive [ 84 ] [ 0 ] [ 1870 1673 1896 ] [   22   48   21 ] [  17862   5831   8909 ] [ 0 ],1.10,1.30,1.30,1.10,-17.31,24.10,0.00,0.00,0.00,0.00,0.00,0.00,0.00,0.00,0.00,0.00,0.00,0.00,0.00,0.00,0.00,0
1.05327,-13,23,350,0,DRIVE [ 85 ] [ 1 ] [ 1850 1698 1896 ] [    0    0    0 ] [      0      0      0 ] [ 0 ],drive [ 85 ] [ 0 ] [ 1862 1683 1896 ] [   23   44   24 ] [  17862   5831   8909 ] [ 0 ],1.10,1.30,1.30,1.10,-14.42,25.00,0.00,0.00,0.00,0.00,0.00,0.00,0.00,0.00,0.00,0.00,0.00,0.00,0.00,0.00,0.00,0
1.06529,-10,24,347,0,DRIVE [ 86 ] [ 1 ] [ 1838 1713 1896 ] [    0    0    0 ] [      0      0      0 ] [ 0 ],drive [ 85 ] [ 0 ] [ 1850 1698 1896 ] [   23   44   24 ] [  17862   5831   8909 ] [ 0 ],1.10,1.30,1.30,1.10,-11.50,25.94,0.00,0.00,0.00,0.00,0.00,0.00,0.00,0.00,0.00,0.00,0.00,0.00,0.00,0.00,0.00,0
1.07776,-8,24,344,0,DRIVE [ 86 ] [ 1 ] [ 1824 1726 1896 ] [    0    0    0 ] [      0      0      0 ] [ 0 ],drive [ 86 ] [ 0 ] [ 1838 1713 1896 ] [   23   44   24 ] [  17862   5831   8909 ] [ 0 ],1.10,1.30,1.30,1.10,-8.57,26.79,0.00,0.00,0.00,0.00,0.00,0.00,0.00,0.00,0.00,0.00,0.00,0.00,0.00,0.00,0.00,0
1.09023,-5,25,342,0,DRIVE [ 87 ] [ 1 ] [ 1810 1739 1896 ] [    0    0    0 ] [      0      0      0 ] [ 0 ],drive [ 86 ] [ 0 ] [ 1824 1726 1896 ] [   23   44   24 ] [  17864   5830   8827 ] [ 0 ],1.10,1.30,1.30,1.10,-5.68,27.60,0.00,0.00,0.00,0.00,0.00,0.00,0.00,0.00,0.00,0.00,0.00,0.00,0.00,0.00,0.00,0
1.10278,-2,26,340,0,DRIVE [ 87 ] [ 1 ] [ 1795 1751 1896 ] [    0    0    0 ] [      0      0      0 ] [ 0 ],drive [ 87 ] [ 0 ] [ 1810 1739 1896 ] [   23   44   24 ] [  17864   5830   8827 ] [ 0 ],1.10,1.30,1.30,1.10,-2.61,28.21,0.00,0.00,0.00,0.00,0.00,0.00,0.00,0.00,0.00,0.00,0.00,0.00,0.00,0.00,0.00,0
1.1152,0,26,337,0,DRIVE [ 88 ] [ 1 ] [ 1779 1762 1896 ] [    0    0    0 ] [      0      0      0 ] [ 0 ],drive [ 87 ] [ 0 ] [ 1795 1751 1896 ] [   28   40    8 ] [  17864   5830   8827 ] [ 0 ],1.10,1.30,1.30,1.10,0.42,28.67,0.00,0.00,0.00,0.00,0.00,0.00,0.00,0.00,0.00,0.00,0.00,0.00,0.00,0.00,0.00,0
1.12748,3,26,334,0,DRIVE [ 88 ] [ 1 ] [ 1759 1775 1896 ] [    0    0    0 ] [      0      0      0 ] [ 0 ],drive [ 88 ] [ 0 ] [ 1779 1762 1896 ] [   28   40    8 ] [  17864   5830   8827 ] [ 0 ],1.10,1.30,1.30,1.10,4.05,29.02,0.00,0.00,0.00,0.00,0.00,0.00,0.00,0.00,0.00,0.00,0.00,0.00,0.00,0.00,0.00,0
1.14028,7,27,331,0,DRIVE [ 89 ] [ 1 ] [ 1727 1789 1896 ] [    0    0    0 ] [      0      0      0 ] [ 0 ],drive [ 88 ] [ 0 ] [ 1759 1775 1896 ] [   28   40    8 ] [  17867   5822   8826 ] [ 0 ],1.10,1.30,1.30,1.10,8.79,29.71,0.00,0.00,0.00,0.00,0.00,0.00,0.00,0.00,0.00,0.00,0.00,0.00,0.00,0.00,0.00,0
1.15293,10,28,327,0,DRIVE [ 89 ] [ 1 ] [ 1695 1800 1896 ] [    0    0    0 ] [      0      0      0 ] [ 0 ],drive [ 89 ] [ 0 ] [ 1727 1789 1896 ] [   28   40    8 ] [  17867   5822   8826 ] [ 0 ],1.10,1.30,1.30,1.10,13.19,30.33,0.00,0.00,0.00,0.00,0.00,0.00,0.00,0.00,0.00,0.00,0.00,0.00,0.00,0.00,0.00,0
1.16558,13,28,325,0,DRIVE [ 90 ] [ 1 ] [ 1660 1810 1896 ] [    0    0    0 ] [      0      0      0 ] [ 0 ],drive [ 89 ] [ 0 ] [ 1695 1800 1896 ] [   36   37    8 ] [  17867   5822   8826 ] [ 0 ],1.10,1.30,1.30,1.10,17.41,30.90,0.00,0.00,0.00,0.00,0.00,0.00,0.00,0.00,0.00,0.00,0.00,0.00,0.00,0.00,0.00,0
1.17789,16,29,322,0,DRIVE [ 90 ] [ 1 ] [ 1626 1819 1896 ] [    0    0    0 ] [      0      0      0 ] [ 0 ],drive [ 90 ] [ 0 ] [ 1660 1810 1896 ] [   36   37    8 ] [  17867   5822   8826 ] [ 0 ],1.10,1.30,1.30,1.10,21.25,31.44,0.00,0.00,0.00,0.00,0.00,0.00,0.00,0.00,0.00,0.00,0.00,0.00,0.00,0.00,0.00,0
1.18983,19,29,318,0,DRIVE [ 91 ] [ 1 ] [ 1591 1828 1896 ] [    0    0    0 ] [      0      0      0 ] [ 0 ],drive [ 90 ] [ 0 ] [ 1626 1819 1896 ] [   36   37    8 ] [  17933   5811   8823 ] [ 0 ],1.10,1.30,1.30,1.10,25.02,31.75,0.00,0.00,0.00,0.00,0.00,0.00,0.00,0.00,0.00,0.00,0.00,0.00,0.00,0.00,0.00,0
1.20234,22,29,316,0,DRIVE [ 91 ] [ 1 ] [ 1556 1837 1896 ] [    0    0    0 ] [      0      0      0 ] [ 0 ],drive [ 91 ] [ 0 ] [ 1591 1828 1896 ] [   36   37    8 ] [  17933   5811   8823 ] [ 0 ],1.10,1.30,1.30,1.10,28.67,32.08,0.00,0.00,0.00,0.00,0.00,0.00,0.00,0.00,0.00,0.00,0.00,0.00,0.00,0.00,0.00,0
1.2149,25,29,315,0,DRIVE [ 92 ] [ 1 ] [ 1522 1846 1896 ] [    0    0    0 ] [      0      0      0 ] [ 0 ],drive [ 91 ] [ 0 ] [ 1556 1837 1896 ] [   35   29   10 ] [  17933   5811   8823 ] [ 0 ],1.10,1.30,1.30,1.10,32.20,32.35,0.00,0.00,0.00,0.00,0.00,0.00,0.00,0.00,0.00,0.00,0.00,0.00,0.00,0.00,0.00,0
1.2284,28,29,311,0,DRIVE [ 92 ] [ 1 ] [ 1478 1858 1896 ] [    0    0    0 ] [      0      0      0 ] [ 0 ],drive [ 92 ] [ 0 ] [ 1522 1846 1896 ] [   35   29   10 ] [  17933   5811   8823 ] [ 0 ],1.10,1.30,1.30,1.10,36.30,32.20,0.00,0.00,0.00,0.00,0.00,0.00,0.00,0.00,0.00,0.00,0.00,0.00,0.00,0.00,0.00,0
1.24041,31,29,308,0,DRIVE [ 93 ] [ 1 ] [ 1436 1869 1896 ] [    0    0    0 ] [      0      0      0 ] [ 0 ],drive [ 92 ] [ 0 ] [ 1478 1858 1896 ] [   35   29   10 ] [  18077   5788   8822 ] [ 0 ],1.10,1.30,1.30,1.10,40.13,32.03,0.00,0.00,0.00,0.00,0.00,0.00,0.00,0.00,0.00,0.00,0.00,0.00,0.00,0.00,0.00,0
1.25294,34,29,306,0,DRIVE [ 93 ] [ 1 ] [ 1397 1880 1896 ] [    0    0    0 ] [      0      0      0 ] [ 0 ],drive [ 93 ] [ 0 ] [ 1436 1869 1896 ] [   44    9   10 ] [  18077   5788   8822 ] [ 0 ],1.10,1.30,1.30,1.10,43.74,31.82,0.00,0.00,0.00,0.00,0.00,0.00,0.00,0.00,0.00,0.00,0.00,0.00,0.00,0.00,0.00,0
1.26492,36,29,302,0,DRIVE [ 94 ] [ 1 ] [ 1369 1880 1901 ] [    0    0    0 ] [      0      0      0 ] [ 0 ],drive [ 93 ] [ 0 ] [ 1397 1880 1896 ] [   44    9   10 ] [  18077   5788   8822 ] [ 0 ],1.10,1.30,1.30,1.10,46.77,31.44,0.00,0.00,0.00,0.00,0.00,0.00,0.00,0.00,0.00,0.00,0.00,0.00,0.00,0.00,0.00,0
1.27747,38,28,299,0,DRIVE [ 94 ] [ 1 ] [ 1353 1880 1892 ] [    0    0    0 ] [      0      0      0 ] [ 0 ],drive [ 94 ] [ 0 ] [ 1369 1880 1901 ] [   44    9   10 ] [  18077   5788   8822 ] [ 0 ],1.10,1.30,1.30,1.10,49.32,30.99,0.00,0.00,0.00,0.00,0.00,0.00,0.00,0.00,0.00,0.00,0.00,0.00,0.00,0.00,0.00,0
1.28995,40,28,295,0,DRIVE [ 95 ] [ 1 ] [ 1337 1880 1884 ] [    0    0    0 ] [      0      0      0 ] [ 0 ],drive [ 94 ] [ 0 ] [ 1353 1880 1892 ] [   44    9   10 ] [  18384   5566   8788 ] [ 0 ],1.10,1.30,1.30,1.10,51.80,30.53,0.00,0.00,0.00,0.00,0.00,0.00,0.00,0.00,0.00,0.00,0.00,0.00,0.00,0.00,0.00,0
1.30237,42,27,292,0,DRIVE [ 95 ] [ 1 ] [ 1324 1880 1876 ] [    0    0    0 ] [      0      0      0 ] [ 0 ],drive [ 95 ] [ 0 ] [ 1337 1880 1884 ] [   44    9   10 ] [  18384   5566   8788 ] [ 0 ],1.10,1.30,1.30,1.10,54.02,29.99,0.00,0.00,0.00,0.00,0.00,0.00,0.00,0.00,0.00,0.00,0.00,0.00,0.00,0.00,0.00,0
1.31488,43,27,290,0,DRIVE [ 96 ] [ 1 ] [ 1312 1880 1869 ] [    0    0    0 ] [      0      0      0 ] [ 0 ],drive [ 95 ] [ 0 ] [ 1324 1880 1876 ] [   66   13    6 ] [  18384   5566   8788 ] [ 0 ],1.10,1.30,1.30,1.10,55.88,29.56,0.00,0.00,0.00,0.00,0.00,0.00,0.00,0.00,0.00,0.00,0.00,0.00,0.00,0.00,0.00,0
1.32662,44,26,288,0,DRIVE [ 96 ] [ 1 ] [ 1305 1880 1863 ] [    0    0    0 ] [      0      0      0 ] [ 0 ],drive [ 96 ] [ 0 ] [ 1312 1880 1869 ] [   66   13    6 ] [  18384   5566   8788 ] [ 0 ],1.10,1.30,1.30,1.10,57.27,28.88,0.00,0.00,0.00,0.00,0.00,0.00,0.00,0.00,0.00,0.00,0.00,0.00,0.00,0.00,0.00,0
1.33902,45,25,286,0,DRIVE [ 97 ] [ 1 ] [ 1300 1880 1856 ] [    0    0    0 ] [      0      0      0 ] [ 0 ],drive [ 96 ] [ 0 ] [ 1305 1880 1863 ] [   66   13    6 ] [  18640   5474   8714 ] [ 0 ],1.10,1.30,1.30,1.10,58.52,28.02,0.00,0.00,0.00,0.00,0.00,0.00,0.00,0.00,0.00,0.00,0.00,0.00,0.00,0.00,0.00,0
1.3513,46,25,283,0,DRIVE [ 97 ] [ 1 ] [ 1296 1880 1849 ] [    0    0    0 ] [      0      0      0 ] [ 0 ],drive [ 97 ] [ 0 ] [ 1300 1880 1856 ] [   66   13    6 ] [  18640   5474   8714 ] [ 0 ],1.10,1.30,1.30,1.10,59.57,27.01,0.00,0.00,0.00,0.00,0.00,0.00,0.00,0.00,0.00,0.00,0.00,0.00,0.00,0.00,0.00,0
1.3636,47,24,281,0,DRIVE [ 98 ] [ 1 ] [ 1288 1880 1839 ] [    0    0    0 ] [      0      0      0 ] [ 0 ],drive [ 97 ] [ 0 ] [ 1296 1880 1849 ] [   70   22   11 ] [  18640   5474   8714 ] [ 0 ],1.10,1.30,1.30,1.10,61.54,25.90,0.00,0.00,0.00,0.00,0.00,0.00,0.00,0.00,0.00,0.00,0.00,0.00,0.00,0.00,0.00,0
1.37534,49,23,279,0,DRIVE [ 98 ] [ 1 ] [ 1278 1880 1829 ] [    0    0    0 ] [      0      0      0 ] [ 0 ],drive [ 98 ] [ 0 ] [ 1288 1880 1839 ] [   70   22   11 ] [  18640   5474   8714 ] [ 0 ],1.10,1.30,1.30,1.10,63.50,24.87,0.00,0.00,0.00,0.00,0.00,0.00,0.00,0.00,0.00,0.00,0.00,0.00,0.00,0.00,0.00,0
1.38771,50,22,277,0,DRIVE [ 99 ] [ 1 ] [ 1269 1880 1819 ] [    0    0    0 ] [      0      0      0 ] [ 0 ],drive [ 98 ] [ 0 ] [ 1278 1880 1829 ] [   70   22   11 ] [  18648   5459   8719 ] [ 0 ],1.10,1.30,1.30,1.10,65.52,23.88,0.00,0.00,0.00,0.00,0.00,0.00,0.00,0.00,0.00,0.00,0.00,0.00,0.00,0.00,0.00,0
1.40017,52,21,274,0,DRIVE [ 99 ] [ 1 ] [ 1257 1880 1809 ] [    0    0    0 ] [      0      0      0 ] [ 0 ],drive [ 99 ] [ 0 ] [ 1269 1880 1819 ] [   70   22   11 ] [  18648   5459   8719 ] [ 0 ],1.10,1.30,1.30,1.10,67.27,22.98,0.00,0.00,0.00,0.00,0.00,0.00,0.00,0.00,0.00,0.00,0.00,0.00,0.00,0.00,0.00,0
1.41192,53,20,271,0,DRIVE [ 00 ] [ 1 ] [ 1245 1880 1799 ] [    0    0    0 ] [      0      0      0 ] [ 0 ],drive [ 99 ] [ 0 ] [ 1257 1880 1809 ] [   82   20   12 ] [  18648   5459   8719 ] [ 0 ],1.10,1.30,1.30,1.10,69.02,22.08,0.00,0.00,0.00,0.00,0.00,0.00,0.00,0.00,0.00,0.00,0.00,0.00,0.00,0.00,0.00,0
1.42419,55,19,269,0,DRIVE [ 00 ] [ 1 ] [ 1233 1880 1789 ] [    0    0    0 ] [      0      0      0 ] [ 0 ],drive [ 00 ] [ 0 ] [ 1245 1880 1799 ] [   82   20   12 ] [  18648   5459   8719 ] [ 0 ],1.10,1.30,1.30,1.10,70.98,21.17,0.00,0.00,0.00,0.00,0.00,0.00,0.00,0.00,0.00,0.00,0.00,0.00,0.00,0.00,0.00,0
1.43634,56,18,267,0,DRIVE [ 01 ] [ 1 ] [ 1225 1880 1779 ] [    0    0    0 ] [      0      0      0 ] [ 0 ],drive [ 00 ] [ 0 ] [ 1233 1880 1789 ] [   82   20   12 ] [  18648   5459   8719 ] [ 0 ],1.10,1.30,1.30,1.10,72.56,20.10,0.00,0.00,0.00,0.00,0.00,0.00,0.00,0.00,0.00,0.00,0.00,0.00,0.00,0.00,0.00,0
1.44852,57,17,265,0,DRIVE [ 01 ] [ 1 ] [ 1216 1880 1769 ] [    0    0    0 ] [      0      0      0 ] [ 0 ],drive [ 01 ] [ 0 ] [ 1225 1880 1779 ] [   82   20   12 ] [  18826   5450   8720 ] [ 0 ],1.10,1.30,1.30,1.10,74.15,18.96,0.00,0.00,0.00,0.00,0.00,0.00,0.00,0.00,0.00,0.00,0.00,0.00,0.00,0.00,0.00,0
1.4606,58,16,262,0,DRIVE [ 02 ] [ 1 ] [ 1213 1880 1759 ] [    0    0    0 ] [      0      0      0 ] [ 0 ],drive [ 01 ] [ 0 ] [ 1216 1880 1769 ] [   76   16   13 ] [  18826   5450   8720 ] [ 0 ],1.10,1.30,1.30,1.10,75.10,17.60,0.00,0.00,0.00,0.00,0.00,0.00,0.00,0.00,0.00,0.00,0.00,0.00,0.00,0.00,0.00,0
1.47695,58,15,260,0,DRIVE [ 02 ] [ 1 ] [ 1212 1880 1749 ] [    0    0    0 ] [      0      0      0 ] [ 0 ],drive [ 02 ] [ 0 ] [ 1213 1880 1759 ] [   76   16   13 ] [  18826   5450   8720 ] [ 0 ],1.10,1.30,1.30,1.10,75.86,16.19,0.00,0.00,0.00,0.00,0.00,0.00,0.00,0.00,0.00,0.00,0.00,0.00,0.00,0.00,0.00,0
1.49431,59,13,258,0,DRIVE [ 03 ] [ 1 ] [ 1216 1880 1739 ] [    0    0    0 ] [      0      0      0 ] [ 0 ],drive [ 02 ] [ 0 ] [ 1212 1880 1749 ] [   76   16   13 ] [  18888   5449   8723 ] [ 0 ],1.10,1.30,1.30,1.10,76.21,14.49,0.00,0.00,0.00,0.00,0.00,0.00,0.00,0.00,0.00,0.00,0.00,0.00,0.00,0.00,0.00,0
1.50656,59,12,257,0,DRIVE [ 03 ] [ 1 ] [ 1220 1880 1731 ] [    0    0    0 ] [      0      0      0 ] [ 0 ],drive [ 03 ] [ 0 ] [ 1216 1880 1739 ] [   81   16   17 ] [  18888   5449   8723 ] [ 0 ],1.10,1.30,1.30,1.10,76.44,12.99,0.00,0.00,0.00,0.00,0.00,0.00,0.00,0.00,0.00,0.00,0.00,0.00,0.00,0.00,0.00,0
1.51852,59,11,257,0,DRIVE [ 04 ] [ 1 ] [ 1226 1880 1723 ] [    0    0    0 ] [      0      0      0 ] [ 0 ],drive [ 03 ] [ 0 ] [ 1220 1880 1731 ] [   81   16   17 ] [  18888   5449   8723 ] [ 0 ],1.10,1.30,1.30,1.10,76.79,11.57,0.00,0.00,0.00,0.00,0.00,0.00,0.00,0.00,0.00,0.00,0.00,0.00,0.00,0.00,0.00,0
1.53011,59,9,255,0,DRIVE [ 04 ] [ 1 ] [ 1238 1880 1713 ] [    0    0    0 ] [      0      0      0 ] [ 0 ],drive [ 04 ] [ 0 ] [ 1226 1880 1723 ] [   81   16   17 ] [  18888   5449   8723 ] [ 0 ],1.10,1.30,1.30,1.10,76.19,9.49,0.00,0.00,0.00,0.00,0.00,0.00,0.00,0.00,0.00,0.00,0.00,0.00,0.00,0.00,0.00,0
1.54211,58,7,253,0,DRIVE [ 05 ] [ 1 ] [ 1253 1880 1705 ] [    0    0    0 ] [      0      0      0 ] [ 0 ],drive [ 04 ] [ 0 ] [ 1238 1880 1713 ] [   81   16   17 ] [  18974   5449   8723 ] [ 0 ],1.10,1.30,1.30,1.10,75.42,7.53,0.00,0.00,0.00,0.00,0.00,0.00,0.00,0.00,0.00,0.00,0.00,0.00,0.00,0.00,0.00,0
1.55419,57,4,252,0,DRIVE [ 05 ] [ 1 ] [ 1278 1880 1697 ] [    0    0    0 ] [      0      0      0 ] [ 0 ],drive [ 05 ] [ 0 ] [ 1253 1880 1705 ] [   63   15   22 ] [  18974   5449   8723 ] [ 0 ],1.10,1.30,1.30,1.10,73.57,4.91,0.00,0.00,0.00,0.00,0.00,0.00,0.00,0.00,0.00,0.00,0.00,0.00,0.00,0.00,0.00,0
1.56607,55,2,250,0,DRIVE [ 06 ] [ 1 ] [ 1302 1880 1690 ] [    0    0    0 ] [      0      0      0 ] [ 0 ],drive [ 05 ] [ 0 ] [ 1278 1880 1697 ] [   63   15   22 ] [  18974   5449   8723 ] [ 0 ],1.10,1.30,1.30,1.10,71.53,2.68,0.00,0.00,0.00,0.00,0.00,0.00,0.00,0.00,0.00,0.00,0.00,0.00,0.00,0.00,0.00,0
1.57792,53,1,248,0,DRIVE [ 06 ] [ 1 ] [ 1327 1880 1685 ] [    0    0    0 ] [      0      0      0 ] [ 0 ],drive [ 06 ] [ 0 ] [ 1302 1880 1690 ] [   63   15   22 ] [  18974   5449   8723 ] [ 0 ],1.10,1.30,1.30,1.10,69.16,0.63,0.00,0.00,0.00,0.00,0.00,0.00,0.00,0.00,0.00,0.00,0.00,0.00,0.00,0.00,0.00,0
1.58918,51,-1,246,0,DRIVE [ 07 ] [ 1 ] [ 1355 1880 1680 ] [    0    0    0 ] [      0      0      0 ] [ 0 ],drive [ 06 ] [ 0 ] [ 1327 1880 1685 ] [   63   15   22 ] [  18974   5449   8723 ] [ 0 ],1.10,1.30,1.30,1.10,66.59,-1.47,0.00,0.00,0.00,0.00,0.00,0.00,0.00,0.00,0.00,0.00,0.00,0.00,0.00,0.00,0.00,0
1.60094,49,-3,244,0,DRIVE [ 07 ] [ 1 ] [ 1382 1880 1676 ] [    0    0    0 ] [      0      0      0 ] [ 0 ],drive [ 07 ] [ 0 ] [ 1355 1880 1680 ] [   63   15   22 ] [  18974   5449   8723 ] [ 0 ],1.10,1.30,1.30,1.10,63.88,-3.43,0.00,0.00,0.00,0.00,0.00,0.00,0.00,0.00,0.00,0.00,0.00,0.00,0.00,0.00,0.00,0
1.61296,47,-4,242,0,DRIVE [ 08 ] [ 1 ] [ 1410 1880 1673 ] [    0    0    0 ] [      0      0      0 ] [ 0 ],drive [ 07 ] [ 0 ] [ 1382 1880 1676 ] [   54   16   22 ] [  18974   5449   8723 ] [ 0 ],1.10,1.30,1.30,1.10,61.09,-5.24,0.00,0.00,0.00,0.00,0.00,0.00,0.00,0.00,0.00,0.00,0.00,0.00,0.00,0.00,0.00,0
1.6258,45,-5,241,0,DRIVE [ 08 ] [ 1 ] [ 1438 1880 1671 ] [    0    0    0 ] [      0      0      0 ] [ 0 ],drive [ 08 ] [ 0 ] [ 1410 1880 1673 ] [   54   16   22 ] [  18974   5449   8723 ] [ 0 ],1.10,1.30,1.30,1.10,58.22,-6.86,0.00,0.00,0.00,0.00,0.00,0.00,0.00,0.00,0.00,0.00,0.00,0.00,0.00,0.00,0.00,0
1.63774,42,-6,239,0,DRIVE [ 09 ] [ 1 ] [ 1467 1880 1671 ] [    0    0    0 ] [      0      0      0 ] [ 0 ],drive [ 08 ] [ 0 ] [ 1438 1880 1671 ] [   54   16   22 ] [  18966   5403   8722 ] [ 0 ],1.10,1.30,1.30,1.10,55.13,-8.30,0.00,0.00,0.00,0.00,0.00,0.00,0.00,0.00,0.00,0.00,0.00,0.00,0.00,0.00,0.00,0
1.64946,40,-7,237,0,DRIVE [ 09 ] [ 1 ] [ 1495 1880 1671 ] [    0    0    0 ] [      0      0      0 ] [ 0 ],drive [ 09 ] [ 0 ] [ 1467 1880 1671 ] [   54   16   22 ] [  18966   5403   8722 ] [ 0 ],1.10,1.30,1.30,1.10,52.07,-9.64,0.00,0.00,0.00,0.00,0.00,0.00,0.00,0.00,0.00,0.00,0.00,0.00,-0.00,0.00,0.00,0
1.66082,38,-8,235,0,DRIVE [ 10 ] [ 1 ] [ 1525 1880 1671 ] [    0    0    0 ] [      0      0      0 ] [ 0 ],drive [ 09 ] [ 0 ] [ 1495 1880 1671 ] [   42    6   25 ] [  18966   5403   8722 ] [ 0 ],1.10,1.30,1.30,1.10,48.80,-10.90,0.00,0.00,0.00,0.00,0.00,0.00,0.00,0.00,0.00,0.00,0.00,0.00,-0.00,0.00,0.00,0
1.67243,35,-9,233,0,DRIVE [ 10 ] [ 1 ] [ 1555 1880 1673 ] [    0    0    0 ] [      0      0      0 ] [ 0 ],drive [ 10 ] [ 0 ] [ 1525 1880 1671 ] [   42    6   25 ] [  18966   5403   8722 ] [ 0 ],1.10,1.30,1.30,1.10,45.41,-12.10,0.00,0.00,0.00,0.00,0.00,0.00,0.00,0.00,0.00,0.00,0.00,0.00,-0.00,0.00,0.00,0
1.6841,32,-10,232,0,DRIVE [ 11 ] [ 1 ] [ 1588 1880 1675 ] [    0    0    0 ] [      0      0      0 ] [ 0 ],drive [ 10 ] [ 0 ] [ 1555 1880 1673 ] [   42    6   25 ] [  18966   5403   8722 ] [ 0 ],1.10,1.30,1.30,1.10,41.83,-13.21,0.00,0.00,0.00,0.00,0.00,0.00,0.00,0.00,0.00,0.00,0.00,0.00,-0.00,0.00,0.00,0
1.69552,29,-11,230,0,DRIVE [ 11 ] [ 1 ] [ 1619 1880 1678 ] [    0    0    0 ] [      0      0      0 ] [ 0 ],drive [ 11 ] [ 0 ] [ 1588 1880 1675 ] [   42    6   25 ] [  18954   5200   8725 ] [ 0 ],1.10,1.30,1.30,1.10,38.18,-14.17,0.00,0.00,0.00,0.00,0.00,0.00,0.00,0.00,0.00,0.00,0.00,0.00,-0.00,0.00,0.00,0
1.70663,26,-12,228,0,DRIVE [ 12 ] [ 1 ] [ 1651 1880 1681 ] [    0    0    0 ] [      0      0      0 ] [ 0 ],drive [ 11 ] [ 0 ] [ 1619 1880 1678 ] [   43   25   21 ] [  18954   5200   8725 ] [ 0 ],1.10,1.30,1.30,1.10,34.40,-15.03,0.00,0.00,0.00,0.00,0.00,0.00,0.00,0.00,0.00,0.00,0.00,0.00,-0.00,0.00,0.00,0
1.71826,24,-12,227,0,DRIVE [ 12 ] [ 1 ] [ 1683 1880 1684 ] [    0    0    0 ] [      0      0      0 ] [ 0 ],drive [ 12 ] [ 0 ] [ 1651 1880 1681 ] [   43   25   21 ] [  18954   5200   8725 ] [ 0 ],1.10,1.30,1.30,1.10,30.59,-15.83,0.00,0.00,0.00,0.00,0.00,0.00,0.00,0.00,0.00,0.00,0.00,0.00,-0.00,0.00,0.00,0
1.72941,21,-13,225,0,DRIVE [ 13 ] [ 1 ] [ 1715 1880 1687 ] [    0    0    0 ] [      0      0      0 ] [ 0 ],drive [ 12 ] [ 0 ] [ 1683 1880 1684 ] [   43   25   21 ] [  18954   5200   8725 ] [ 0 ],1.10,1.30,1.30,1.10,26.79,-16.65,0.00,0.00,0.00,0.00,0.00,0.00,0.00,0.00,0.00,0.00,0.00,0.00,-0.00,0.00,0.00,0
1.74099,18,-14,223,0,DRIVE [ 13 ] [ 1 ] [ 1747 1880 1687 ] [    0    0    0 ] [      0      0      0 ] [ 0 ],drive [ 13 ] [ 0 ] [ 1715 1880 1687 ] [   43   25   21 ] [  18900   5106   8723 ] [ 0 ],1.10,1.30,1.30,1.10,22.95,-17.57,0.00,0.00,0.00,0.00,0.00,0.00,0.00,0.00,0.00,0.00,0.00,0.00,-0.00,0.00,0.00,0
1.75234,15,-14,222,0,DRIVE [ 14 ] [ 1 ] [ 1776 1880 1683 ] [    0    0    0 ] [      0      0      0 ] [ 0 ],drive [ 13 ] [ 0 ] [ 1747 1880 1687 ] [   19   13   22 ] [  18900   5106   8723 ] [ 0 ],1.10,1.30,1.30,1.10,19.17,-18.58,0.00,0.00,0.00,0.00,0.00,0.00,0.00,0.00,0.00,0.00,0.00,0.00,-0.00,0.00,0.00,0
1.76352,12,-15,221,0,DRIVE [ 14 ] [ 1 ] [ 1803 1880 1674 ] [    0    0    0 ] [      0      0      0 ] [ 0 ],drive [ 14 ] [ 0 ] [ 1776 1880 1683 ] [   19   13   22 ] [  18900   5106   8723 ] [ 0 ],1.10,1.30,1.30,1.10,15.57,-19.81,0.00,0.00,0.00,0.00,0.00,0.00,0.00,0.00,0.00,0.00,0.00,0.00,-0.00,0.00,0.00,0
1.77449,9,-16,219,0,DRIVE [ 15 ] [ 1 ] [ 1827 1880 1657 ] [    0    0    0 ] [      0      0      0 ] [ 0 ],drive [ 14 ] [ 0 ] [ 1803 1880 1674 ] [   19   13   22 ] [  18900   5106   8723 ] [ 0 ],1.10,1.30,1.30,1.10,12.24,-21.19,0.00,0.00,0.00,0.00,0.00,0.00,0.00,0.00,0.00,0.00,0.00,0.00,0.00,0.00,0.00,0
1.78604,7,-17,218,0,DRIVE [ 15 ] [ 1 ] [ 1848 1880 1635 ] [    0    0    0 ] [      0      0      0 ] [ 0 ],drive [ 15 ] [ 0 ] [ 1827 1880 1657 ] [   19   13   22 ] [  18900   5106   8723 ] [ 0 ],1.10,1.30,1.30,1.10,9.14,-22.64,0.00,0.00,0.00,0.00,0.00,0.00,0.00,0.00,0.00,0.00,0.00,0.00,0.00,0.00,0.00,0
1.79712,5,-19,216,0,DRIVE [ 16 ] [ 1 ] [ 1866 1880 1609 ] [    0    0    0 ] [      0      0      0 ] [ 0 ],drive [ 15 ] [ 0 ] [ 1848 1880 1635 ] [   19   13   22 ] [  18674   5106   8724 ] [ 0 ],1.10,1.30,1.30,1.10,6.31,-24.09,0.00,0.00,0.00,0.00,0.00,0.00,0.00,0.00,0.00,0.00,0.00,0.00,0.00,0.00,0.00,0
1.80863,3,-20,215,0,DRIVE [ 16 ] [ 1 ] [ 1882 1880 1579 ] [    0    0    0 ] [      0      0      0 ] [ 0 ],drive [ 16 ] [ 0 ] [ 1866 1880 1609 ] [    8   13   22 ] [  18674   5106   8724 ] [ 0 ],1.10,1.30,1.30,1.10,3.66,-25.39,0.00,0.00,0.00,0.00,0.00,0.00,0.00,0.00,0.00,0.00,0.00,0.00,0.00,0.00,0.00,0
1.82006,1,-21,213,0,DRIVE [ 17 ] [ 1 ] [ 1898 1880 1547 ] [    0    0    0 ] [      0      0      0 ] [ 0 ],drive [ 16 ] [ 0 ] [ 1882 1880 1579 ] [    8   13   22 ] [  18674   5106   8724 ] [ 0 ],1.10,1.30,1.30,1.10,1.18,-26.67,0.00,0.00,0.00,0.00,0.00,0.00,0.00,0.00,0.00,0.00,0.00,0.00,0.00,0.00,0.00,0
1.83131,-1,-21,211,0,DRIVE [ 17 ] [ 1 ] [ 1898 1879 1529 ] [    0    0    0 ] [      0      0      0 ] [ 0 ],drive [ 17 ] [ 0 ] [ 1898 1880 1547 ] [    8   13   22 ] [  18674   5106   8724 ] [ 0 ],1.10,1.30,1.30,1.10,-0.83,-27.61,0.00,0.00,0.00,0.00,0.00,0.00,0.00,0.00,0.00,0.00,0.00,0.00,0.00,0.00,0.00,0
1.84351,-2,-22,209,0,DRIVE [ 18 ] [ 1 ] [ 1898 1868 1525 ] [    0    0    0 ] [      0      0      0 ] [ 0 ],drive [ 17 ] [ 0 ] [ 1898 1879 1529 ] [    8   13   22 ] [  18306   5106   8848 ] [ 0 ],1.10,1.30,1.30,1.10,-2.55,-28.36,0.00,0.00,0.00,0.00,0.00,0.00,0.00,0.00,0.00,0.00,0.00,0.00,0.00,0.00,0.00,0
1.85414,-4,-22,208,0,DRIVE [ 18 ] [ 1 ] [ 1898 1858 1522 ] [    0    0    0 ] [      0      0      0 ] [ 0 ],drive [ 18 ] [ 0 ] [ 1898 1868 1525 ] [   29   12   34 ] [  18306   5106   8848 ] [ 0 ],1.10,1.30,1.30,1.10,-4.20,-28.97,0.00,0.00,0.00,0.00,0.00,0.00,0.00,0.00,0.00,0.00,0.00,0.00,0.00,0.00,0.00,0
1.86616,-5,-23,207,0,DRIVE [ 19 ] [ 1 ] [ 1898 1847 1523 ] [    0    0    0 ] [      0      0      0 ] [ 0 ],drive [ 18 ] [ 0 ] [ 1898 1858 1522 ] [   29   12   34 ] [  18306   5106   8848 ] [ 0 ],1.10,1.30,1.30,1.10,-5.86,-29.27,0.00,0.00,0.00,0.00,0.00,0.00,0.00,0.00,0.00,0.00,0.00,0.00,0.00,0.00,0.00,0
1.87716,-7,-22,205,0,DRIVE [ 19 ] [ 1 ] [ 1898 1835 1530 ] [    0    0    0 ] [      0      0      0 ] [ 0 ],drive [ 19 ] [ 0 ] [ 1898 1847 1523 ] [   29   12   34 ] [  18306   5106   8848 ] [ 0 ],1.10,1.30,1.30,1.10,-7.48,-28.90,0.00,0.00,0.00,0.00,0.00,0.00,0.00,0.00,0.00,0.00,0.00,0.00,0.00,0.00,0.00,0
1.88857,-8,-22,203,0,DRIVE [ 20 ] [ 1 ] [ 1898 1823 1540 ] [    0    0    0 ] [      0      0      0 ] [ 0 ],drive [ 19 ] [ 0 ] [ 1898 1835 1530 ] [   29   12   34 ] [  18073   5104   9051 ] [ 0 ],1.10,1.30,1.30,1.10,-9.16,-28.26,0.00,0.00,0.00,0.00,0.00,0.00,0.00,0.00,0.00,0.00,0.00,0.00,0.00,0.00,0.00,0
1.89979,-10,-21,201,0,DRIVE [ 20 ] [ 1 ] [ 1898 1811 1551 ] [    0    0    0 ] [      0      0      0 ] [ 0 ],drive [ 20 ] [ 0 ] [ 1898 1823 1540 ] [   29   12   34 ] [  18073   5104   9051 ] [ 0 ],1.10,1.30,1.30,1.10,-10.82,-27.49,0.00,0.00,0.00,0.00,0.00,0.00,0.00,0.00,0.00,0.00,0.00,0.00,0.00,0.00,0.00,0
1.91089,-11,-21,200,0,DRIVE [ 21 ] [ 1 ] [ 1898 1798 1561 ] [    0    0    0 ] [      0      0      0 ] [ 0 ],drive [ 20 ] [ 0 ] [ 1898 1811 1551 ] [   26   14   60 ] [  18073   5104   9051 ] [ 0 ],1.10,1.30,1.30,1.10,-12.53,-26.77,0.00,0.00,0.00,0.00,0.00,0.00,0.00,0.00,0.00,0.00,0.00,0.00,0.00,0.00,0.00,0
1.92153,-13,-20,199,0,DRIVE [ 21 ] [ 1 ] [ 1898 1785 1574 ] [    0    0    0 ] [      0      0      0 ] [ 0 ],drive [ 21 ] [ 0 ] [ 1898 1798 1561 ] [   26   14   60 ] [  18073   5104   9051 ] [ 0 ],1.10,1.30,1.30,1.10,-14.26,-25.73,0.00,0.00,0.00,0.00,0.00,0.00,0.00,0.00,0.00,0.00,0.00,0.00,0.00,0.00,0.00,0
1.93279,-15,-19,197,0,DRIVE [ 22 ] [ 1 ] [ 1898 1770 1592 ] [    0    0    0 ] [      0      0      0 ] [ 0 ],drive [ 21 ] [ 0 ] [ 1898 1785 1574 ] [   26   14   60 ] [  18073   5104   9051 ] [ 0 ],1.10,1.30,1.30,1.10,-15.99,-24.18,0.00,0.00,0.00,0.00,0.00,0.00,-0.00,0.00,0.00,0.00,0.00,0.00,0.00,0.00,0.00,0
1.94334,-16,-17,196,0,DRIVE [ 22 ] [ 1 ] [ 1898 1755 1609 ] [    0    0    0 ] [      0      0      0 ] [ 0 ],drive [ 22 ] [ 0 ] [ 1898 1770 1592 ] [   26   14   60 ] [  17900   5103   9184 ] [ 0 ],1.10,1.30,1.30,1.10,-17.66,-22.51,0.00,0.00,0.00,0.00,0.00,0.00,-0.00,0.00,0.00,0.00,0.00,0.00,0.00,0.00,0.00,0
1.9546,-18,-16,194,0,DRIVE [ 23 ] [ 1 ] [ 1898 1738 1628 ] [    0    0    0 ] [      0      0      0 ] [ 0 ],drive [ 22 ] [ 0 ] [ 1898 1755 1609 ] [   20   19   32 ] [  17900   5103   9184 ] [ 0 ],1.10,1.30,1.30,1.10,-19.35,-20.59,0.00,0.00,0.00,0.00,0.00,0.00,-0.00,0.00,0.00,0.00,0.00,0.00,0.00,0.00,0.00,0
1.96571,-19,-14,192,0,DRIVE [ 23 ] [ 1 ] [ 1898 1719 1643 ] [    0    0    0 ] [      0      0      0 ] [ 0 ],drive [ 23 ] [ 0 ] [ 1898 1738 1628 ] [   20   19   32 ] [  17900   5103   9184 ] [ 0 ],1.10,1.30,1.30,1.10,-21.13,-18.76,0.00,0.00,0.00,0.00,0.00,0.00,-0.00,0.00,0.00,0.00,0.00,0.00,0.00,0.00,0.00,0
1.9767,-21,-13,191,0,DRIVE [ 24 ] [ 1 ] [ 1898 1698 1658 ] [    0    0    0 ] [      0      0      0 ] [ 0 ],drive [ 23 ] [ 0 ] [ 1898 1719 1643 ] [   20   19   32 ] [  17900   5103   9184 ] [ 0 ],1.10,1.30,1.30,1.10,-22.94,-16.85,0.00,0.00,0.00,0.00,0.00,0.00,-0.00,0.00,0.00,0.00,0.00,0.00,0.00,0.00,0.00,0
1.98693,-23,-11,189,0,DRIVE [ 24 ] [ 1 ] [ 1898 1675 1671 ] [    0    0    0 ] [      0      0      0 ] [ 0 ],drive [ 24 ] [ 0 ] [ 1898 1698 1658 ] [   20   19   32 ] [  17881   5103   9179 ] [ 0 ],1.10,1.30,1.30,1.10,-24.77,-14.90,0.00,0.00,0.00,0.00,0.00,0.00,-0.00,0.00,0.00,0.00,0.00,0.00,0.00,0.00,0.00,0
1.9993,-24,-10,188,0,DRIVE [ 25 ] [ 1 ] [ 1898 1649 1683 ] [    0    0    0 ] [      0      0      0 ] [ 0 ],drive [ 24 ] [ 0 ] [ 1898 1675 1671 ] [   20   19   32 ] [  17881   5103   9179 ] [ 0 ],1.10,1.30,1.30,1.10,-26.64,-12.86,0.00,0.00,0.00,0.00,0.00,0.00,-0.00,0.00,0.00,0.00,0.00,0.00,0.00,0.00,0.00,0
2.01012,-26,-8,186,0,DRIVE [ 25 ] [ 1 ] [ 1898 1621 1694 ] [    0    0    0 ] [      0      0      0 ] [ 0 ],drive [ 25 ] [ 0 ] [ 1898 1649 1683 ] [    8   27   27 ] [  17881   5103   9179 ] [ 0 ],1.10,1.30,1.30,1.10,-28.45,-10.70,0.00,0.00,0.00,0.00,0.00,0.00,-0.00,0.00,0.00,0.00,0.00,0.00,0.00,0.00,0.00,0
2.02136,-27,-6,184,0,DRIVE [ 26 ] [ 1 ] [ 1898 1590 1706 ] [    0    0    0 ] [      0      0      0 ] [ 0 ],drive [ 25 ] [ 0 ] [ 1898 1621 1694 ] [    8   27   27 ] [  17881   5103   9179 ] [ 0 ],1.10,1.30,1.30,1.10,-30.24,-8.34,0.00,0.00,0.00,0.00,0.00,0.00,-0.00,0.00,0.00,0.00,0.00,0.00,0.00,0.00,0.00,0
2.03255,-29,-4,183,0,DRIVE [ 26 ] [ 1 ] [ 1898 1555 1719 ] [    0    0    0 ] [      0      0      0 ] [ 0 ],drive [ 26 ] [ 0 ] [ 1898 1590 1706 ] [    8   27   27 ] [  17881   5103   9179 ] [ 0 ],1.10,1.30,1.30,1.10,-32.00,-5.72,0.00,0.00,0.00,0.00,0.00,0.00,-0.00,0.00,0.00,0.00,0.00,0.00,0.00,0.00,0.00,0
2.04358,-31,-2,181,0,DRIVE [ 27 ] [ 1 ] [ 1898 1517 1733 ] [    0    0    0 ] [      0      0      0 ] [ 0 ],drive [ 26 ] [ 0 ] [ 1898 1555 1719 ] [    8   27   27 ] [  17739   5103   9176 ] [ 0 ],1.10,1.30,1.30,1.10,-33.65,-2.91,0.00,0.00,0.00,0.00,0.00,0.00,-0.00,0.00,0.00,0.00,0.00,0.00,0.00,0.00,0.00,0
2.05391,-32,0,179,0,DRIVE [ 27 ] [ 1 ] [ 1898 1476 1747 ] [    0    0    0 ] [      0      0      0 ] [ 0 ],drive [ 27 ] [ 0 ] [ 1898 1517 1733 ] [    7   38   26 ] [  17739   5103   9176 ] [ 0 ],1.10,1.30,1.30,1.10,-35.08,0.07,0.00,0.00,0.00,0.00,0.00,0.00,-0.00,0.00,0.00,0.00,0.00,0.00,0.00,0.00,0.00,0
2.06834,-33,2,177,0,DRIVE [ 28 ] [ 1 ] [ 1898 1436 1758 ] [    0    0    0 ] [      0      0      0 ] [ 0 ],drive [ 27 ] [ 0 ] [ 1898 1476 1747 ] [    7   38   26 ] [  17739   5103   9176 ] [ 0 ],1.10,1.30,1.30,1.10,-36.44,2.64,0.00,0.00,0.00,0.00,0.00,0.00,-0.00,0.00,0.00,0.00,0.00,0.00,0.00,0.00,0.00,0
2.0794,-34,5,176,0,DRIVE [ 28 ] [ 1 ] [ 1898 1395 1769 ] [    0    0    0 ] [      0      0      0 ] [ 0 ],drive [ 28 ] [ 0 ] [ 1898 1436 1758 ] [    7   38   26 ] [  17739   5103   9176 ] [ 0 ],1.10,1.30,1.30,1.10,-37.74,5.20,0.00,0.00,0.00,0.00,0.00,0.00,-0.00,0.00,0.00,0.00,0.00,0.00,0.00,0.00,0.00,0
2.08987,-35,7,174,0,DRIVE [ 29 ] [ 1 ] [ 1898 1352 1780 ] [    0    0    0 ] [      0      0      0 ] [ 0 ],drive [ 28 ] [ 0 ] [ 1898 1395 1769 ] [    7   38   26 ] [  17727   5120   9155 ] [ 0 ],1.10,1.30,1.30,1.10,-38.91,7.73,0.00,0.00,0.00,0.00,0.00,0.00,-0.00,0.00,0.00,0.00,0.00,0.00,0.00,0.00,0.00,0
2.10148,-36,9,172,0,DRIVE [ 29 ] [ 1 ] [ 1898 1307 1790 ] [    0    0    0 ] [      0      0      0 ] [ 0 ],drive [ 29 ] [ 0 ] [ 1898 1352 1780 ] [    7   38   26 ] [  17727   5120   9155 ] [ 0 ],1.10,1.30,1.30,1.10,-40.01,10.19,0.00,0.00,0.00,0.00,0.00,0.00,-0.00,0.00,0.00,0.00,0.00,0.00,0.00,0.00,0.00,0
2.11225,-37,11,170,0,DRIVE [ 30 ] [ 1 ] [ 1898 1262 1801 ] [    0    0    0 ] [      0      0      0 ] [ 0 ],drive [ 29 ] [ 0 ] [ 1898 1307 1790 ] [    5   72   32 ] [  17727   5120   9155 ] [ 0 ],1.10,1.30,1.30,1.10,-41.14,12.64,0.00,0.00,0.00,0.00,0.00,0.00,-0.00,0.00,0.00,0.00,0.00,0.00,0.00,0.00,0.00,0
2.12273,-38,14,168,0,DRIVE [ 30 ] [ 1 ] [ 1898 1215 1811 ] [    0    0    0 ] [      0      0      0 ] [ 0 ],drive [ 30 ] [ 0 ] [ 1898 1262 1801 ] [    5   72   32 ] [  17727   5120   9155 ] [ 0 ],1.10,1.30,1.30,1.10,-42.20,15.08,0.00,0.00,0.00,0.00,0.00,0.00,-0.00,0.00,0.00,0.00,0.00,0.00,0.00,0.00,0.00,0
2.13369,-39,16,166,0,DRIVE [ 31 ] [ 1 ] [ 1898 1167 1823 ] [    0    0    0 ] [      0      0      0 ] [ 0 ],drive [ 30 ] [ 0 ] [ 1898 1215 1811 ] [    5   72   32 ] [  17727   5120   9155 ] [ 0 ],1.10,1.30,1.30,1.10,-43.11,17.53,0.00,0.00,0.00,0.00,0.00,0.00,-0.00,0.00,0.00,0.00,0.00,0.00,0.00,0.00,0.00,0
2.14543,-40,18,165,0,DRIVE [ 31 ] [ 1 ] [ 1898 1120 1834 ] [    0    0    0 ] [      0      0      0 ] [ 0 ],drive [ 31 ] [ 0 ] [ 1898 1167 1823 ] [    5   72   32 ] [  17641   5277   9151 ] [ 0 ],1.10,1.30,1.30,1.10,-43.94,19.96,0.00,0.00,0.00,0.00,0.00,0.00,0.00,0.00,0.00,0.00,0.00,0.00,0.00,0.00,0.00,0
2.15567,-40,20,163,0,DRIVE [ 32 ] [ 1 ] [ 1898 1074 1847 ] [    0    0    0 ] [      0      0      0 ] [ 0 ],drive [ 31 ] [ 0 ] [ 1898 1120 1834 ] [   25   73   29 ] [  17641   5277   9151 ] [ 0 ],1.10,1.30,1.30,1.10,-44.46,22.32,0.00,0.00,0.00,0.00,0.00,0.00,0.00,0.00,0.00,0.00,0.00,0.00,0.00,0.00,0.00,0
2.16659,-41,22,162,0,DRIVE [ 32 ] [ 1 ] [ 1898 1029 1861 ] [    0    0    0 ] [      0      0      0 ] [ 0 ],drive [ 32 ] [ 0 ] [ 1898 1074 1847 ] [   25   73   29 ] [  17641   5277   9151 ] [ 0 ],1.10,1.30,1.30,1.10,-44.85,24.72,0.00,0.00,0.00,0.00,0.00,0.00,0.00,0.00,0.00,0.00,0.00,0.00,0.00,0.00,0.00,0
2.17723,-41,25,160,0,DRIVE [ 33 ] [ 1 ] [ 1898 0987 1875 ] [    0    0    0 ] [      0      0      0 ] [ 0 ],drive [ 32 ] [ 0 ] [ 1898 1029 1861 ] [   25   73   29 ] [  17641   5277   9151 ] [ 0 ],1.10,1.30,1.30,1.10,-44.92,27.01,0.00,0.00,0.00,0.00,0.00,0.00,0.00,0.00,0.00,0.00,0.00,0.00,0.00,0.00,0.00,0
2.18732,-41,27,159,0,DRIVE [ 33 ] [ 1 ] [ 1898 0947 1891 ] [    0    0    0 ] [      0      0      0 ] [ 0 ],drive [ 33 ] [ 0 ] [ 1898 0987 1875 ] [   25   73   29 ] [  17459   5727   9091 ] [ 0 ],1.10,1.30,1.30,1.10,-44.76,29.22,0.00,0.00,0.00,0.00,0.00,0.00,0.00,0.00,0.00,0.00,0.00,0.00,0.00,0.00,0.00,0
2.1988,-40,28,157,0,DRIVE [ 34 ] [ 1 ] [ 1904 0913 1891 ] [    0    0    0 ] [      0      0      0 ] [ 0 ],drive [ 33 ] [ 0 ] [ 1898 0947 1891 ] [   25   73   29 ] [  17459   5727   9091 ] [ 0 ],1.10,1.30,1.30,1.10,-44.34,31.26,0.00,0.00,0.00,0.00,0.00,0.00,0.00,0.00,0.00,0.00,0.00,0.00,0.00,0.00,0.00,0
2.20896,-40,30,156,0,DRIVE [ 34 ] [ 1 ] [ 1887 0911 1891 ] [    0    0    0 ] [      0      0      0 ] [ 0 ],drive [ 34 ] [ 0 ] [ 1904 0913 1891 ] [   12   89   28 ] [  17459   5727   9091 ] [ 0 ],1.10,1.30,1.30,1.10,-43.84,33.13,0.00,0.00,0.00,0.00,0.00,-0.00,0.00,0.00,0.00,0.00,0.00,0.00,0.00,0.00,0.00,0
2.21967,-39,32,155,0,DRIVE [ 35 ] [ 1 ] [ 1871 0908 1891 ] [    0    0    0 ] [      0      0      0 ] [ 0 ],drive [ 34 ] [ 0 ] [ 1887 0911 1891 ] [   12   89   28 ] [  17459   5727   9091 ] [ 0 ],1.10,1.30,1.30,1.10,-43.32,34.76,0.00,0.00,0.00,0.00,0.00,-0.00,0.00,0.00,0.00,0.00,0.00,0.00,0.00,0.00,0.00,0
2.2301,-39,33,154,0,DRIVE [ 35 ] [ 1 ] [ 1858 0907 1891 ] [    0    0    0 ] [      0      0      0 ] [ 0 ],drive [ 35 ] [ 0 ] [ 1871 0908 1891 ] [   12   89   28 ] [  17459   5727   9091 ] [ 0 ],1.10,1.30,1.30,1.10,-42.83,36.11,0.00,0.00,0.00,0.00,0.00,-0.00,0.00,0.00,0.00,0.00,0.00,0.00,0.00,0.00,0.00,0
2.24037,-38,34,153,0,DRIVE [ 36 ] [ 1 ] [ 1845 0907 1891 ] [    0    0    0 ] [      0      0      0 ] [ 0 ],drive [ 35 ] [ 0 ] [ 1858 0907 1891 ] [   12   89   28 ] [  17422   6242   8847 ] [ 0 ],1.10,1.30,1.30,1.10,-42.29,37.25,0.00,0.00,0.00,0.00,0.00,-0.00,0.00,0.00,0.00,0.00,0.00,0.00,0.00,0.00,0.00,0
2.25085,-38,35,152,0,DRIVE [ 36 ] [ 1 ] [ 1834 0909 1891 ] [    0    0    0 ] [      0      0      0 ] [ 0 ],drive [ 36 ] [ 0 ] [ 1845 0907 1891 ] [   27   96    3 ] [  17422   6242   8847 ] [ 0 ],1.10,1.30,1.30,1.10,-41.68,38.14,0.00,0.00,0.00,0.00,0.00,-0.00,0.00,0.00,0.00,0.00,0.00,0.00,0.00,0.00,0.00,0
2.26086,-37,35,151,0,DRIVE [ 37 ] [ 1 ] [ 1824 0911 1891 ] [    0    0    0 ] [      0      0      0 ] [ 0 ],drive [ 36 ] [ 0 ] [ 1834 0909 1891 ] [   27   96    3 ] [  17422   6242   8847 ] [ 0 ],1.10,1.30,1.30,1.10,-41.10,39.03,0.00,0.00,0.00,0.00,0.00,-0.00,0.00,0.00,0.00,0.00,0.00,0.00,0.00,0.00,0.00,0
2.27262,-37,36,150,0,DRIVE [ 37 ] [ 1 ] [ 1812 0911 1891 ] [    0    0    0 ] [      0      0      0 ] [ 0 ],drive [ 37 ] [ 0 ] [ 1824 0911 1891 ] [   27   96    3 ] [  17422   6242   8847 ] [ 0 ],1.10,1.30,1.30,1.10,-40.56,40.00,0.00,0.00,0.00,0.00,0.00,-0.00,0.00,0.00,0.00,0.00,0.00,0.00,0.00,0.00,0.00,0
2.28286,-37,37,149,0,DRIVE [ 38 ] [ 1 ] [ 1801 0908 1891 ] [    0    0    0 ] [      0      0      0 ] [ 0 ],drive [ 37 ] [ 0 ] [ 1812 0911 1891 ] [   27   96    3 ] [  17422   6242   8847 ] [ 0 ],1.10,1.30,1.30,1.10,-40.16,41.02,0.00,0.00,0.00,0.00,0.00,-0.00,0.00,0.00,0.00,0.00,0.00,0.00,0.00,0.00,0.00,0
2.29296,-36,38,148,0,DRIVE [ 38 ] [ 1 ] [ 1791 0902 1891 ] [    0    0    0 ] [      0      0      0 ] [ 0 ],drive [ 38 ] [ 0 ] [ 1801 0908 1891 ] [   27   96    3 ] [  17427   6354   8828 ] [ 0 ],1.10,1.30,1.30,1.10,-39.94,42.06,0.00,0.00,0.00,0.00,0.00,-0.00,0.00,0.00,0.00,0.00,0.00,0.00,0.00,0.00,0.00,0
2.30308,-36,39,147,0,DRIVE [ 39 ] [ 1 ] [ 1782 0893 1891 ] [    0    0    0 ] [      0      0      0 ] [ 0 ],drive [ 38 ] [ 0 ] [ 1791 0902 1891 ] [   28  109   15 ] [  17427   6354   8828 ] [ 0 ],1.10,1.30,1.30,1.10,-39.82,43.01,0.00,0.00,0.00,0.00,0.00,-0.00,0.00,0.00,0.00,0.00,0.00,0.00,0.00,0.00,0.00,0
2.31356,-36,40,145,0,DRIVE [ 39 ] [ 1 ] [ 1774 0882 1891 ] [    0    0    0 ] [      0      0      0 ] [ 0 ],drive [ 39 ] [ 0 ] [ 1782 0893 1891 ] [   28  109   15 ] [  17427   6354   8828 ] [ 0 ],1.10,1.30,1.30,1.10,-39.82,43.86,0.00,0.00,0.00,0.00,0.00,-0.00,0.00,0.00,0.00,0.00,0.00,0.00,0.00,0.00,0.00,0
2.32342,-36,40,144,0,DRIVE [ 40 ] [ 1 ] [ 1768 0871 1891 ] [    0    0    0 ] [      0      0      0 ] [ 0 ],drive [ 39 ] [ 0 ] [ 1774 0882 1891 ] [   28  109   15 ] [  17427   6354   8828 ] [ 0 ],1.10,1.30,1.30,1.10,-39.82,44.48,0.00,0.00,0.00,0.00,0.00,-0.00,0.00,0.00,0.00,0.00,0.00,0.00,0.00,0.00,0.00,0
2.33368,-36,41,143,0,DRIVE [ 40 ] [ 1 ] [ 1763 0861 1891 ] [    0    0    0 ] [      0      0      0 ] [ 0 ],drive [ 40 ] [ 0 ] [ 1768 0871 1891 ] [   28  109   15 ] [  17427   6354   8828 ] [ 0 ],1.10,1.30,1.30,1.10,-39.83,44.96,0.00,0.00,0.00,0.00,0.00,-0.00,0.00,0.00,0.00,0.00,0.00,0.00,0.00,0.00,0.00,0
2.34512,-36,41,142,0,DRIVE [ 41 ] [ 1 ] [ 1759 0852 1891 ] [    0    0    0 ] [      0      0      0 ] [ 0 ],drive [ 40 ] [ 0 ] [ 1763 0861 1891 ] [   28  109   15 ] [  17457   6526   8754 ] [ 0 ],1.10,1.30,1.30,1.10,-39.84,45.32,0.00,0.00,0.00,0.00,0.00,-0.00,0.00,0.00,0.00,0.00,0.00,0.00,0.00,0.00,0.00,0
2.35508,-36,41,141,0,DRIVE [ 41 ] [ 1 ] [ 1756 0847 1891 ] [    0    0    0 ] [      0      0      0 ] [ 0 ],drive [ 41 ] [ 0 ] [ 1759 0852 1891 ] [   19   98   10 ] [  17457   6526   8754 ] [ 0 ],1.10,1.30,1.30,1.10,-39.76,45.45,0.00,0.00,0.00,0.00,0.00,-0.00,0.00,0.00,0.00,0.00,0.00,0.00,0.00,0.00,0.00,0
2.36546,-36,41,140,0,DRIVE [ 42 ] [ 1 ] [ 1756 0845 1891 ] [    0    0    0 ] [      0      0      0 ] [ 0 ],drive [ 41 ] [ 0 ] [ 1756 0847 1891 ] [   19   98   10 ] [  17457   6526   8754 ] [ 0 ],1.10,1.30,1.30,1.10,-39.66,45.39,0.00,0.00,0.00,0.00,0.00,-0.00,0.00,0.00,0.00,0.00,0.00,0.00,0.00,0.00,0.00,0
2.37566,-36,41,140,0,DRIVE [ 42 ] [ 1 ] [ 1757 0845 1891 ] [    0    0    0 ] [      0      0      0 ] [ 0 ],drive [ 42 ] [ 0 ] [ 1756 0845 1891 ] [   19   98   10 ] [  17457   6526   8754 ] [ 0 ],1.10,1.30,1.30,1.10,-39.48,45.08,0.00,0.00,0.00,0.00,0.00,-0.00,0.00,0.00,0.00,0.00,0.00,0.00,0.00,0.00,0.00,0
2.38529,-36,41,139,0,DRIVE [ 43 ] [ 1 ] [ 1759 0847 1891 ] [    0    0    0 ] [      0      0      0 ] [ 0 ],drive [ 42 ] [ 0 ] [ 1757 0845 1891 ] [   19   98   10 ] [  17486   6930   8656 ] [ 0 ],1.10,1.30,1.30,1.10,-39.25,44.58,0.00,0.00,0.00,0.00,0.00,-0.00,0.00,0.00,0.00,0.00,0.00,0.00,0.00,0.00,0.00,0
2.39512,-36,40,139,0,DRIVE [ 43 ] [ 1 ] [ 1762 0850 1891 ] [    0    0    0 ] [      0      0      0 ] [ 0 ],drive [ 43 ] [ 0 ] [ 1759 0847 1891 ] [   19   98   10 ] [  17486   6930   8656 ] [ 0 ],1.10,1.30,1.30,1.10,-39.08,44.06,0.00,0.00,0.00,0.00,0.00,-0.00,0.00,0.00,0.00,0.00,0.00,0.00,0.00,0.00,0.00,0
2.40562,-35,39,138,0,DRIVE [ 44 ] [ 1 ] [ 1766 0849 1891 ] [    0    0    0 ] [      0      0      0 ] [ 0 ],drive [ 43 ] [ 0 ] [ 1762 0850 1891 ] [   15  111    7 ] [  17486   6930   8656 ] [ 0 ],1.10,1.30,1.30,1.10,-38.99,43.40,0.00,0.00,0.00,0.00,0.00,-0.00,0.00,0.00,0.00,0.00,0.00,0.00,0.00,0.00,0.00,0
2.41583,-36,39,137,0,DRIVE [ 44 ] [ 1 ] [ 1771 0844 1891 ] [    0    0    0 ] [      0      0      0 ] [ 0 ],drive [ 44 ] [ 0 ] [ 1766 0849 1891 ] [   15  111    7 ] [  17486   6930   8656 ] [ 0 ],1.10,1.30,1.30,1.10,-39.13,42.80,0.00,0.00,0.00,0.00,0.00,-0.00,0.00,0.00,0.00,0.00,0.00,0.00,0.00,0.00,0.00,0
2.42591,-36,38,136,0,DRIVE [ 45 ] [ 1 ] [ 1778 0836 1891 ] [    0    0    0 ] [      0      0      0 ] [ 0 ],drive [ 44 ] [ 0 ] [ 1771 0844 1891 ] [   15  111    7 ] [  17486   6930   8656 ] [ 0 ],1.10,1.30,1.30,1.10,-39.47,42.16,0.00,0.00,0.00,0.00,0.00,-0.00,0.00,0.00,0.00,0.00,0.00,0.00,0.00,0.00,0.00,0
2.43539,-36,38,136,0,DRIVE [ 45 ] [ 1 ] [ 1786 0824 1891 ] [    0    0    0 ] [      0      0      0 ] [ 0 ],drive [ 45 ] [ 0 ] [ 1778 0836 1891 ] [   15  111    7 ] [  17493   6949   8612 ] [ 0 ],1.10,1.30,1.30,1.10,-39.96,41.60,0.00,0.00,0.00,0.00,0.00,-0.00,0.00,0.00,0.00,0.00,0.00,0.00,0.00,0.00,0.00,0
2.44687,-37,37,135,0,DRIVE [ 46 ] [ 1 ] [ 1794 0810 1891 ] [    0    0    0 ] [      0      0      0 ] [ 0 ],drive [ 45 ] [ 0 ] [ 1786 0824 1891 ] [   15  111    7 ] [  17493   6949   8612 ] [ 0 ],1.10,1.30,1.30,1.10,-40.54,41.04,0.00,0.00,0.00,0.00,0.00,-0.00,0.00,0.00,0.00,0.00,0.00,0.00,0.00,0.00,0.00,0
2.45658,-37,37,134,0,DRIVE [ 46 ] [ 1 ] [ 1802 0793 1891 ] [    0    0    0 ] [      0      0      0 ] [ 0 ],drive [ 46 ] [ 0 ] [ 1794 0810 1891 ] [   14  125    3 ] [  17493   6949   8612 ] [ 0 ],1.10,1.30,1.30,1.10,-41.24,40.55,0.00,0.00,0.00,0.00,0.00,-0.00,0.00,0.00,0.00,0.00,0.00,0.00,0.00,0.00,0.00,0
2.46669,-38,36,133,0,DRIVE [ 47 ] [ 1 ] [ 1811 0776 1891 ] [    0    0    0 ] [      0      0      0 ] [ 0 ],drive [ 46 ] [ 0 ] [ 1802 0793 1891 ] [   14  125    3 ] [  17493   6949   8612 ] [ 0 ],1.10,1.30,1.30,1.10,-41.86,39.97,0.00,0.00,0.00,0.00,0.00,-0.00,0.00,0.00,0.00,0.00,0.00,0.00,0.00,0.00,0.00,0
2.47874,-39,36,132,0,DRIVE [ 47 ] [ 1 ] [ 1819 0759 1891 ] [    0    0    0 ] [      0      0      0 ] [ 0 ],drive [ 47 ] [ 0 ] [ 1811 0776 1891 ] [   14  125    3 ] [  17493   6949   8612 ] [ 0 ],1.10,1.30,1.30,1.10,-42.42,39.40,0.00,0.00,0.00,0.00,0.00,-0.00,0.00,0.00,0.00,0.00,0.00,0.00,0.00,0.00,0.00,0
2.49102,-39,35,131,0,DRIVE [ 48 ] [ 1 ] [ 1826 0743 1891 ] [    0    0    0 ] [      0      0      0 ] [ 0 ],drive [ 47 ] [ 0 ] [ 1819 0759 1891 ] [   14  125    3 ] [  17491   7029   8606 ] [ 0 ],1.10,1.30,1.30,1.10,-42.90,38.87,0.00,0.00,0.00,0.00,0.00,-0.00,0.00,0.00,0.00,0.00,0.00,0.00,0.00,0.00,0.00,0
2.50309,-39,35,130,0,DRIVE [ 48 ] [ 1 ] [ 1832 0729 1891 ] [    0    0    0 ] [      0      0      0 ] [ 0 ],drive [ 48 ] [ 0 ] [ 1826 0743 1891 ] [   10  108    7 ] [  17491   7029   8606 ] [ 0 ],1.10,1.30,1.30,1.10,-43.28,38.37,0.00,0.00,0.00,0.00,0.00,-0.00,0.00,0.00,0.00,0.00,0.00,0.00,0.00,0.00,0.00,0
2.51504,-40,34,129,0,DRIVE [ 49 ] [ 1 ] [ 1837 0716 1891 ] [    0    0    0 ] [      0      0      0 ] [ 0 ],drive [ 48 ] [ 0 ] [ 1832 0729 1891 ] [   10  108    7 ] [  17491   7029   8606 ] [ 0 ],1.10,1.30,1.30,1.10,-43.49,37.92,0.00,0.00,0.00,0.00,0.00,-0.00,0.00,0.00,0.00,0.00,0.00,0.00,0.00,0.00,0.00,0
2.52486,-40,34,128,0,DRIVE [ 49 ] [ 1 ] [ 1840 0708 1891 ] [    0    0    0 ] [      0      0      0 ] [ 0 ],drive [ 49 ] [ 0 ] [ 1837 0716 1891 ] [   10  108    7 ] [  17491   7029   8606 ] [ 0 ],1.10,1.30,1.30,1.10,-43.53,37.54,0.00,0.00,0.00,0.00,0.00,-0.00,0.00,0.00,0.00,0.00,0.00,0.00,0.00,0.00,0.00,0
2.53491,-39,34,126,0,DRIVE [ 50 ] [ 1 ] [ 1842 0705 1891 ] [    0    0    0 ] [      0      0      0 ] [ 0 ],drive [ 49 ] [ 0 ] [ 1840 0708 1891 ] [   10  108    7 ] [  17491   7029   8606 ] [ 0 ],1.10,1.30,1.30,1.10,-43.28,37.12,0.00,0.00,0.00,0.00,0.00,-0.00,0.00,0.00,0.00,0.00,0.00,0.00,0.00,0.00,0.00,0
2.54662,-39,33,125,0,DRIVE [ 50 ] [ 1 ] [ 1843 0708 1891 ] [    0    0    0 ] [      0      0      0 ] [ 0 ],drive [ 50 ] [ 0 ] [ 1842 0705 1891 ] [   10  108    7 ] [  17462   7228   8594 ] [ 0 ],1.10,1.30,1.30,1.10,-42.83,36.69,0.00,0.00,0.00,0.00,0.00,-0.00,0.00,0.00,0.00,0.00,0.00,0.00,0.00,0.00,0.00,0
2.55829,-38,33,124,0,DRIVE [ 51 ] [ 1 ] [ 1842 0716 1891 ] [    0    0    0 ] [      0      0      0 ] [ 0 ],drive [ 50 ] [ 0 ] [ 1843 0708 1891 ] [   23  112   19 ] [  17462   7228   8594 ] [ 0 ],1.10,1.30,1.30,1.10,-42.17,36.21,0.00,0.00,0.00,0.00,0.00,-0.00,0.00,0.00,0.00,0.00,0.00,0.00,0.00,0.00,0.00,0
2.5706,-38,32,123,0,DRIVE [ 51 ] [ 1 ] [ 1841 0727 1891 ] [    0    0    0 ] [      0      0      0 ] [ 0 ],drive [ 51 ] [ 0 ] [ 1842 0716 1891 ] [   23  112   19 ] [  17462   7228   8594 ] [ 0 ],1.10,1.30,1.30,1.10,-41.33,35.67,0.00,0.00,0.00,0.00,0.00,-0.00,0.00,0.00,0.00,0.00,0.00,0.00,0.00,0.00,0.00,0
2.58038,-37,32,122,0,DRIVE [ 52 ] [ 1 ] [ 1839 0742 1891 ] [    0    0    0 ] [      0      0      0 ] [ 0 ],drive [ 51 ] [ 0 ] [ 1841 0727 1891 ] [   23  112   19 ] [  17462   7228   8594 ] [ 0 ],1.10,1.30,1.30,1.10,-40.36,35.14,0.00,0.00,0.00,0.00,0.00,-0.00,0.00,0.00,0.00,0.00,0.00,0.00,0.00,0.00,0.00,0
2.59041,-36,31,121,0,DRIVE [ 52 ] [ 1 ] [ 1837 0759 1891 ] [    0    0    0 ] [      0      0      0 ] [ 0 ],drive [ 52 ] [ 0 ] [ 1839 0742 1891 ] [   23  112   19 ] [  17437   7475   8528 ] [ 0 ],1.10,1.30,1.30,1.10,-39.22,34.44,0.00,0.00,0.00,0.00,0.00,-0.00,0.00,0.00,0.00,0.00,0.00,0.00,0.00,-0.00,0.00,0
2.60255,-35,31,120,0,DRIVE [ 53 ] [ 1 ] [ 1835 0778 1891 ] [    0    0    0 ] [      0      0      0 ] [ 0 ],drive [ 52 ] [ 0 ] [ 1837 0759 1891 ] [   23  110    1 ] [  17437   7475   8528 ] [ 0 ],1.10,1.30,1.30,1.10,-38.04,33.75,0.00,0.00,0.00,0.00,0.00,-0.00,0.00,0.00,0.00,0.00,0.00,0.00,0.00,-0.00,0.00,0
2.61473,-33,30,119,0,DRIVE [ 53 ] [ 1 ] [ 1832 0801 1891 ] [    0    0    0 ] [      0      0      0 ] [ 0 ],drive [ 53 ] [ 0 ] [ 1835 0778 1891 ] [   23  110    1 ] [  17437   7475   8528 ] [ 0 ],1.10,1.30,1.30,1.10,-36.80,33.10,0.00,0.00,0.00,0.00,0.00,-0.00,0.00,0.00,0.00,0.00,0.00,0.00,0.00,-0.00,0.00,0
2.62669,-32,29,118,0,DRIVE [ 54 ] [ 1 ] [ 1828 0827 1891 ] [    0    0    0 ] [      0      0      0 ] [ 0 ],drive [ 53 ] [ 0 ] [ 1832 0801 1891 ] [   23  110    1 ] [  17437   7475   8528 ] [ 0 ],1.10,1.30,1.30,1.10,-35.41,32.43,0.00,0.00,0.00,0.00,0.00,-0.00,0.00,0.00,0.00,0.00,0.00,0.00,0.00,-0.00,0.00,0
2.63829,-31,29,117,0,DRIVE [ 54 ] [ 1 ] [ 1823 0855 1891 ] [    0    0    0 ] [      0      0      0 ] [ 0 ],drive [ 54 ] [ 0 ] [ 1828 0827 1891 ] [   23  110    1 ] [  17439   7505   8486 ] [ 0 ],1.10,1.30,1.30,1.10,-33.92,31.82,0.00,0.00,0.00,0.00,0.00,-0.00,0.00,0.00,0.00,0.00,0.00,0.00,0.00,-0.00,0.00,0
2.64832,-29,28,116,0,DRIVE [ 55 ] [ 1 ] [ 1817 0887 1891 ] [    0    0    0 ] [      0      0      0 ] [ 0 ],drive [ 54 ] [ 0 ] [ 1823 0855 1891 ] [   23  110    1 ] [  17439   7505   8486 ] [ 0 ],1.10,1.30,1.30,1.10,-32.35,31.25,0.00,0.00,0.00,0.00,0.00,-0.00,0.00,0.00,0.00,0.00,0.00,0.00,0.00,-0.00,0.00,0
2.65853,-28,28,115,0,DRIVE [ 55 ] [ 1 ] [ 1810 0921 1891 ] [    0    0    0 ] [      0      0      0 ] [ 0 ],drive [ 55 ] [ 0 ] [ 1817 0887 1891 ] [   22  113    6 ] [  17439   7505   8486 ] [ 0 ],1.10,1.30,1.30,1.10,-30.67,30.58,0.00,0.00,0.00,0.00,0.00,-0.00,0.00,0.00,0.00,0.00,0.00,0.00,0.00,-0.00,0.00,0
2.67058,-26,27,114,0,DRIVE [ 56 ] [ 1 ] [ 1803 0958 1891 ] [    0    0    0 ] [      0      0      0 ] [ 0 ],drive [ 55 ] [ 0 ] [ 1810 0921 1891 ] [   22  113    6 ] [  17439   7505   8486 ] [ 0 ],1.10,1.30,1.30,1.10,-28.95,29.88,0.00,0.00,0.00,0.00,0.00,-0.00,0.00,0.00,0.00,0.00,0.00,0.00,0.00,-0.00,0.00,0
2.68247,-25,26,113,0,DRIVE [ 56 ] [ 1 ] [ 1797 0996 1891 ] [    0    0    0 ] [      0      0      0 ] [ 0 ],drive [ 56 ] [ 0 ] [ 1803 0958 1891 ] [   22  113    6 ] [  17439   7505   8486 ] [ 0 ],1.10,1.30,1.30,1.10,-27.18,29.09,0.00,0.00,0.00,0.00,0.00,-0.00,0.00,0.00,0.00,0.00,0.00,0.00,0.00,-0.00,0.00,0
2.69452,-23,26,112,0,DRIVE [ 57 ] [ 1 ] [ 1791 1037 1891 ] [    0    0    0 ] [      0      0      0 ] [ 0 ],drive [ 56 ] [ 0 ] [ 1797 0996 1891 ] [   22  113    6 ] [  17470   7506   8462 ] [ 0 ],1.10,1.30,1.30,1.10,-25.40,28.24,0.00,0.00,0.00,0.00,0.00,-0.00,0.00,0.00,0.00,0.00,0.00,0.00,0.00,-0.00,0.00,0
2.70624,-21,25,111,0,DRIVE [ 57 ] [ 1 ] [ 1785 1080 1891 ] [    0    0    0 ] [      0      0      0 ] [ 0 ],drive [ 57 ] [ 0 ] [ 1791 1037 1891 ] [   13  100   20 ] [  17470   7506   8462 ] [ 0 ],1.10,1.30,1.30,1.10,-23.54,27.37,0.00,0.00,0.00,0.00,0.00,-0.00,0.00,0.00,0.00,0.00,0.00,0.00,0.00,-0.00,0.00,0
2.71618,-20,24,110,0,DRIVE [ 58 ] [ 1 ] [ 1778 1125 1891 ] [    0    0    0 ] [      0      0      0 ] [ 0 ],drive [ 57 ] [ 0 ] [ 1785 1080 1891 ] [   13  100   20 ] [  17470   7506   8462 ] [ 0 ],1.10,1.30,1.30,1.10,-21.63,26.50,0.00,0.00,0.00,0.00,0.00,-0.00,0.00,0.00,0.00,0.00,0.00,0.00,0.00,-0.00,0.00,0
2.72628,-18,23,109,0,DRIVE [ 58 ] [ 1 ] [ 1771 1170 1891 ] [    0    0    0 ] [      0      0      0 ] [ 0 ],drive [ 58 ] [ 0 ] [ 1778 1125 1891 ] [   13  100   20 ] [  17470   7506   8462 ] [ 0 ],1.10,1.30,1.30,1.10,-19.71,25.65,0.00,0.00,0.00,0.00,0.00,-0.00,0.00,0.00,0.00,0.00,0.00,0.00,0.00,-0.00,0.00,0
2.73858,-16,23,108,0,DRIVE [ 59 ] [ 1 ] [ 1762 1217 1891 ] [    0    0    0 ] [      0      0      0 ] [ 0 ],drive [ 58 ] [ 0 ] [ 1771 1170 1891 ] [   13  100   20 ] [  17485   7498   8458 ] [ 0 ],1.10,1.30,1.30,1.10,-17.73,24.85,0.00,0.00,0.00,0.00,0.00,-0.00,0.00,0.00,0.00,0.00,0.00,0.00,0.00,-0.00,0.00,0
2.75059,-14,22,106,0,DRIVE [ 59 ] [ 1 ] [ 1752 1264 1891 ] [    0    0    0 ] [      0      0      0 ] [ 0 ],drive [ 59 ] [ 0 ] [ 1762 1217 1891 ] [   13  100   20 ] [  17485   7498   8458 ] [ 0 ],1.10,1.30,1.30,1.10,-15.75,24.06,0.00,0.00,0.00,0.00,0.00,-0.00,0.00,0.00,0.00,0.00,0.00,0.00,0.00,-0.00,0.00,0
2.76241,-13,21,105,0,DRIVE [ 60 ] [ 1 ] [ 1742 1311 1891 ] [    0    0    0 ] [      0      0      0 ] [ 0 ],drive [ 59 ] [ 0 ] [ 1752 1264 1891 ] [   14   70   20 ] [  17485   7498   8458 ] [ 0 ],1.10,1.30,1.30,1.10,-13.78,23.27,0.00,0.00,0.00,0.00,0.00,-0.00,0.00,0.00,0.00,0.00,0.00,0.00,0.00,-0.00,0.00,0
2.77171,-11,20,104,0,DRIVE [ 60 ] [ 1 ] [ 1732 1357 1891 ] [    0    0    0 ] [      0      0      0 ] [ 0 ],drive [ 60 ] [ 0 ] [ 1742 1311 1891 ] [   14   70   20 ] [  17485   7498   8458 ] [ 0 ],1.10,1.30,1.30,1.10,-11.82,22.47,0.00,0.00,0.00,0.00,0.00,-0.00,0.00,0.00,0.00,0.00,0.00,0.00,0.00,-0.00,0.00,0
2.78252,-9,20,103,0,DRIVE [ 61 ] [ 1 ] [ 1721 1400 1891 ] [    0    0    0 ] [      0      0      0 ] [ 0 ],drive [ 60 ] [ 0 ] [ 1732 1357 1891 ] [   14   70   20 ] [  17485   7498   8458 ] [ 0 ],1.10,1.30,1.30,1.10,-9.99,21.75,0.00,0.00,0.00,0.00,0.00,-0.00,0.00,0.00,0.00,0.00,0.00,0.00,0.00,-0.00,0.00,0
2.79445,-7,19,102,0,DRIVE [ 61 ] [ 1 ] [ 1709 1443 1891 ] [    0    0    0 ] [      0      0      0 ] [ 0 ],drive [ 61 ] [ 0 ] [ 1721 1400 1891 ] [   14   70   20 ] [  17495   7464   8458 ] [ 0 ],1.10,1.30,1.30,1.10,-8.13,21.02,0.00,0.00,0.00,0.00,0.00,-0.00,0.00,0.00,0.00,0.00,0.00,0.00,0.00,-0.00,0.00,0
2.8067,-6,19,101,0,DRIVE [ 62 ] [ 1 ] [ 1695 1484 1891 ] [    0    0    0 ] [      0      0      0 ] [ 0 ],drive [ 61 ] [ 0 ] [ 1709 1443 1891 ] [   24   60   19 ] [  17495   7464   8458 ] [ 0 ],1.10,1.30,1.30,1.10,-6.30,20.36,0.00,0.00,0.00,0.00,0.00,-0.00,0.00,0.00,0.00,0.00,0.00,0.00,0.00,-0.00,0.00,0
2.81865,-4,18,100,0,DRIVE [ 62 ] [ 1 ] [ 1680 1522 1891 ] [    0    0    0 ] [      0      0      0 ] [ 0 ],drive [ 62 ] [ 0 ] [ 1695 1484 1891 ] [   24   60   19 ] [  17495   7464   8458 ] [ 0 ],1.10,1.30,1.30,1.10,-4.49,19.74,0.00,0.00,0.00,0.00,0.00,-0.00,0.00,0.00,0.00,0.00,0.00,0.00,0.00,-0.00,0.00,0
2.83042,-2,17,98,0,DRIVE [ 63 ] [ 1 ] [ 1662 1558 1891 ] [    0    0    0 ] [      0      0      0 ] [ 0 ],drive [ 62 ] [ 0 ] [ 1680 1522 1891 ] [   24   60   19 ] [  17495   7464   8458 ] [ 0 ],1.10,1.30,1.30,1.10,-2.71,19.19,0.00,0.00,0.00,0.00,0.00,-0.00,0.00,0.00,0.00,0.00,0.00,0.00,0.00,-0.00,0.00,0
2.83984,-1,17,97,0,DRIVE [ 63 ] [ 1 ] [ 1642 1590 1891 ] [    0    0    0 ] [      0      0      0 ] [ 0 ],drive [ 63 ] [ 0 ] [ 1662 1558 1891 ] [   24   60   19 ] [  17521   7330   8458 ] [ 0 ],1.10,1.30,1.30,1.10,-1.02,18.72,0.00,0.00,0.00,0.00,0.00,-0.00,0.00,0.00,0.00,0.00,0.00,0.00,0.00,-0.00,0.00,0
2.85063,0,17,96,0,DRIVE [ 64 ] [ 1 ] [ 1619 1616 1891 ] [    0    0    0 ] [      0      0      0 ] [ 0 ],drive [ 63 ] [ 0 ] [ 1642 1590 1891 ] [   24   60   19 ] [  17521   7330   8458 ] [ 0 ],1.10,1.30,1.30,1.10,0.56,18.39,0.00,0.00,0.00,0.00,0.00,-0.00,0.00,0.00,0.00,0.00,0.00,0.00,-0.00,-0.00,0.00,0
2.86259,2,16,95,0,DRIVE [ 64 ] [ 1 ] [ 1591 1641 1891 ] [    0    0    0 ] [      0      0      0 ] [ 0 ],drive [ 64 ] [ 0 ] [ 1619 1616 1891 ] [   48   60   19 ] [  17521   7330   8458 ] [ 0 ],1.10,1.30,1.30,1.10,2.23,18.12,0.00,0.00,0.00,0.00,0.00,-0.00,0.00,0.00,0.00,0.00,0.00,0.00,-0.00,-0.00,0.00,0
2.8745,3,16,94,0,DRIVE [ 65 ] [ 1 ] [ 1563 1663 1891 ] [    0    0    0 ] [      0      0      0 ] [ 0 ],drive [ 64 ] [ 0 ] [ 1591 1641 1891 ] [   48   60   19 ] [  17521   7330   8458 ] [ 0 ],1.10,1.30,1.30,1.10,3.69,17.84,0.00,0.00,0.00,0.00,0.00,-0.00,0.00,0.00,0.00,0.00,0.00,0.00,-0.00,-0.00,0.00,0
2.88645,4,16,92,0,DRIVE [ 65 ] [ 1 ] [ 1537 1680 1891 ] [    0    0    0 ] [      0      0      0 ] [ 0 ],drive [ 65 ] [ 0 ] [ 1563 1663 1891 ] [   48   60   19 ] [  17521   7330   8458 ] [ 0 ],1.10,1.30,1.30,1.10,4.95,17.56,0.00,0.00,0.00,0.00,0.00,-0.00,0.00,0.00,0.00,0.00,0.00,0.00,-0.00,-0.00,0.00,0
2.89846,5,16,91,0,DRIVE [ 66 ] [ 1 ] [ 1512 1696 1891 ] [    0    0    0 ] [      0      0      0 ] [ 0 ],drive [ 65 ] [ 0 ] [ 1537 1680 1891 ] [   48   60   19 ] [  17769   6844   8458 ] [ 0 ],1.10,1.30,1.30,1.10,6.06,17.27,0.00,0.00,0.00,0.00,0.00,-0.00,0.00,0.00,0.00,0.00,0.00,0.00,-0.00,-0.00,0.00,0
2.90966,5,15,90,0,DRIVE [ 66 ] [ 1 ] [ 1488 1712 1891 ] [    0    0    0 ] [      0      0      0 ] [ 0 ],drive [ 66 ] [ 0 ] [ 1512 1696 1891 ] [   56   43   19 ] [  17769   6844   8458 ] [ 0 ],1.10,1.30,1.30,1.10,7.09,16.90,0.00,0.00,0.00,0.00,0.00,-0.00,0.00,0.00,0.00,0.00,0.00,0.00,-0.00,-0.00,0.00,0
2.91921,6,15,89,0,DRIVE [ 67 ] [ 1 ] [ 1462 1728 1891 ] [    0    0    0 ] [      0      0      0 ] [ 0 ],drive [ 66 ] [ 0 ] [ 1488 1712 1891 ] [   56   43   19 ] [  17769   6844   8458 ] [ 0 ],1.10,1.30,1.30,1.10,8.14,16.48,0.00,0.00,0.00,0.00,0.00,-0.00,0.00,0.00,0.00,0.00,0.00,0.00,0.00,0.00,0.00,0
2.93139,7,15,88,0,DRIVE [ 67 ] [ 1 ] [ 1437 1745 1891 ] [    0    0    0 ] [      0      0      0 ] [ 0 ],drive [ 67 ] [ 0 ] [ 1462 1728 1891 ] [   56   43   19 ] [  17769   6844   8458 ] [ 0 ],1.10,1.30,1.30,1.10,9.15,15.99,0.00,0.00,0.00,0.00,0.00,-0.00,0.00,0.00,0.00,0.00,0.00,0.00,0.00,0.00,0.00,0
2.94417,8,14,87,0,DRIVE [ 68 ] [ 1 ] [ 1412 1763 1891 ] [    0    0    0 ] [      0      0      0 ] [ 0 ],drive [ 67 ] [ 0 ] [ 1437 1745 1891 ] [   56   43   19 ] [  18094   6610   8443 ] [ 0 ],1.10,1.30,1.30,1.10,10.11,15.42,0.00,0.00,0.00,0.00,0.00,-0.00,0.00,0.00,0.00,0.00,0.00,0.00,0.00,0.00,0.00,0
2.95612,8,13,86,0,DRIVE [ 68 ] [ 1 ] [ 1386 1781 1891 ] [    0    0    0 ] [      0      0      0 ] [ 0 ],drive [ 68 ] [ 0 ] [ 1412 1763 1891 ] [   62   18   10 ] [  18094   6610   8443 ] [ 0 ],1.10,1.30,1.30,1.10,11.03,14.83,0.00,0.00,0.00,0.00,0.00,-0.00,0.00,0.00,0.00,0.00,0.00,0.00,0.00,0.00,0.00,0
2.96689,9,13,85,0,DRIVE [ 69 ] [ 1 ] [ 1359 1798 1891 ] [    0    0    0 ] [      0      0      0 ] [ 0 ],drive [ 68 ] [ 0 ] [ 1386 1781 1891 ] [   62   18   10 ] [  18094   6610   8443 ] [ 0 ],1.10,1.30,1.30,1.10,11.91,14.24,0.00,0.00,0.00,0.00,0.00,-0.00,0.00,0.00,0.00,0.00,0.00,0.00,0.00,0.00,0.00,0
2.97806,10,12,84,0,DRIVE [ 69 ] [ 1 ] [ 1333 1814 1891 ] [    0    0    0 ] [      0      0      0 ] [ 0 ],drive [ 69 ] [ 0 ] [ 1359 1798 1891 ] [   62   18   10 ] [  18094   6610   8443 ] [ 0 ],1.10,1.30,1.30,1.10,12.68,13.67,0.00,0.00,0.00,0.00,0.00,-0.00,0.00,0.00,0.00,0.00,0.00,0.00,0.00,0.00,0.00,0
2.98891,10,12,83,0,DRIVE [ 70 ] [ 1 ] [ 1310 1828 1891 ] [    0    0    0 ] [      0      0      0 ] [ 0 ],drive [ 69 ] [ 0 ] [ 1333 1814 1891 ] [   62   18   10 ] [  18452   6320   8359 ] [ 0 ],1.10,1.30,1.30,1.10,13.32,13.11,0.00,0.00,0.00,0.00,0.00,-0.00,0.00,0.00,0.00,0.00,0.00,0.00,0.00,0.00,0.00,0
3,11,11,82,0,DRIVE [ 70 ] [ 1 ] [ 1292 1840 1891 ] [    0    0    0 ] [      0      0      0 ] [ 0 ],drive [ 70 ] [ 0 ] [ 1310 1828 1891 ] [   62   18   10 ] [  18452   6320   8359 ] [ 0 ],1.10,1.30,1.30,1.10,13.75,12.56,0.00,0.00,0.00,0.00,0.00,-0.00,0.00,0.00,0.00,0.00,0.00,0.00,0.00,0.00,0.00,0
3.01041,11,11,81,0,DRIVE [ 71 ] [ 1 ] [ 1281 1850 1891 ] [    0    0    0 ] [      0      0      0 ] [ 0 ],drive [ 70 ] [ 0 ] [ 1292 1840 1891 ] [   71   29   17 ] [  18452   6320   8359 ] [ 0 ],1.10,1.30,1.30,1.10,13.97,12.09,0.00,0.00,0.00,0.00,0.00,-0.00,0.00,0.00,0.00,0.00,0.00,0.00,0.00,0.00,0.00,0
3.02247,11,11,80,0,DRIVE [ 71 ] [ 1 ] [ 1275 1856 1891 ] [    0    0    0 ] [      0      0      0 ] [ 0 ],drive [ 71 ] [ 0 ] [ 1281 1850 1891 ] [   71   29   17 ] [  18452   6320   8359 ] [ 0 ],1.10,1.30,1.30,1.10,14.02,11.64,0.00,0.00,0.00,0.00,0.00,-0.00,0.00,0.00,0.00,0.00,0.00,0.00,0.00,0.00,0.00,0
3.03254,11,10,79,0,DRIVE [ 72 ] [ 1 ] [ 1272 1863 1891 ] [    0    0    0 ] [      0      0      0 ] [ 0 ],drive [ 71 ] [ 0 ] [ 1275 1856 1891 ] [   71   29   17 ] [  18452   6320   8359 ] [ 0 ],1.10,1.30,1.30,1.10,13.97,11.18,0.00,0.00,0.00,0.00,0.00,-0.00,0.00,0.00,0.00,0.00,0.00,0.00,0.00,0.00,0.00,0
3.0425,11,10,78,0,DRIVE [ 72 ] [ 1 ] [ 1271 1869 1891 ] [    0    0    0 ] [      0      0      0 ] [ 0 ],drive [ 72 ] [ 0 ] [ 1272 1863 1891 ] [   71   29   17 ] [  18835   5879   8351 ] [ 0 ],1.10,1.30,1.30,1.10,13.88,10.69,0.00,0.00,0.00,0.00,0.00,-0.00,0.00,0.00,0.00,0.00,0.00,0.00,0.00,0.00,0.00,0
3.05465,11,9,77,0,DRIVE [ 73 ] [ 1 ] [ 1270 1876 1891 ] [    0    0    0 ] [      0      0      0 ] [ 0 ],drive [ 72 ] [ 0 ] [ 1271 1869 1891 ] [   79   29   23 ] [  18835   5879   8351 ] [ 0 ],1.10,1.30,1.30,1.10,13.79,10.19,0.00,0.00,0.00,0.00,0.00,-0.00,0.00,0.00,0.00,0.00,0.00,0.00,0.00,0.00,0.00,0
3.06698,11,9,76,0,DRIVE [ 73 ] [ 1 ] [ 1267 1883 1891 ] [    0    0    0 ] [      0      0      0 ] [ 0 ],drive [ 73 ] [ 0 ] [ 1270 1876 1891 ] [   79   29   23 ] [  18835   5879   8351 ] [ 0 ],1.10,1.30,1.30,1.10,13.71,9.72,0.00,0.00,0.00,0.00,0.00,-0.00,0.00,0.00,0.00,0.00,0.00,0.00,0.00,0.00,0.00,0
3.07887,11,8,75,0,DRIVE [ 74 ] [ 1 ] [ 1274 1883 1900 ] [    0    0    0 ] [      0      0      0 ] [ 0 ],drive [ 73 ] [ 0 ] [ 1267 1883 1891 ] [   79   29   23 ] [  18835   5879   8351 ] [ 0 ],1.10,1.30,1.30,1.10,13.67,9.23,0.00,0.00,0.00,0.00,0.00,-0.00,0.00,0.00,0.00,0.00,0.00,0.00,0.00,0.00,0.00,0
3.09022,10,8,74,0,DRIVE [ 74 ] [ 1 ] [ 1286 1883 1892 ] [    0    0    0 ] [      0      0      0 ] [ 0 ],drive [ 74 ] [ 0 ] [ 1274 1883 1900 ] [   79   29   23 ] [  18961   5769   8345 ] [ 0 ],1.10,1.30,1.30,1.10,13.64,8.68,0.00,0.00,0.00,0.00,0.00,-0.00,0.00,0.00,0.00,0.00,0.00,0.00,0.00,0.00,0.00,0
3.10039,10,7,73,0,DRIVE [ 75 ] [ 1 ] [ 1301 1883 1884 ] [    0    0    0 ] [      0      0      0 ] [ 0 ],drive [ 74 ] [ 0 ] [ 1286 1883 1892 ] [   65   27   23 ] [  18961   5769   8345 ] [ 0 ],1.10,1.30,1.30,1.10,13.55,8.08,0.00,0.00,0.00,0.00,0.00,-0.00,0.00,0.00,0.00,0.00,0.00,0.00,0.00,0.00,0.00,0
3.11076,10,7,72,0,DRIVE [ 75 ] [ 1 ] [ 1317 1883 1878 ] [    0    0    0 ] [      0      0      0 ] [ 0 ],drive [ 75 ] [ 0 ] [ 1301 1883 1884 ] [   65   27   23 ] [  18961   5769   8345 ] [ 0 ],1.10,1.30,1.30,1.10,13.34,7.52,0.00,0.00,0.00,0.00,0.00,-0.00,0.00,0.00,0.00,0.00,0.00,0.00,0.00,0.00,0.00,0
3.12277,10,6,71,0,DRIVE [ 76 ] [ 1 ] [ 1337 1883 1872 ] [    0    0    0 ] [      0      0      0 ] [ 0 ],drive [ 75 ] [ 0 ] [ 1317 1883 1878 ] [   65   27   23 ] [  18961   5769   8345 ] [ 0 ],1.10,1.30,1.30,1.10,13.01,6.95,0.00,0.00,0.00,0.00,0.00,-0.00,0.00,0.00,0.00,0.00,0.00,0.00,0.00,0.00,0.00,0
3.13468,10,6,70,0,DRIVE [ 76 ] [ 1 ] [ 1360 1883 1867 ] [    0    0    0 ] [      0      0      0 ] [ 0 ],drive [ 76 ] [ 0 ] [ 1337 1883 1872 ] [   65   27   23 ] [  18961   5769   8345 ] [ 0 ],1.10,1.30,1.30,1.10,12.59,6.36,0.00,0.00,0.00,0.00,0.00,-0.00,0.00,0.00,0.00,0.00,0.00,0.00,0.00,0.00,0.00,0
3.14672,9,5,69,0,DRIVE [ 77 ] [ 1 ] [ 1384 1883 1863 ] [    0    0    0 ] [      0      0      0 ] [ 0 ],drive [ 76 ] [ 0 ] [ 1360 1883 1867 ] [   65   27   23 ] [  18989   5562   8299 ] [ 0 ],1.10,1.30,1.30,1.10,12.10,5.81,0.00,0.00,0.00,0.00,0.00,-0.00,0.00,0.00,0.00,0.00,0.00,0.00,0.00,0.00,0.00,0
3.15613,9,5,68,0,DRIVE [ 77 ] [ 1 ] [ 1411 1883 1859 ] [    0    0    0 ] [      0      0      0 ] [ 0 ],drive [ 77 ] [ 0 ] [ 1384 1883 1863 ] [   59    6   15 ] [  18989   5562   8299 ] [ 0 ],1.10,1.30,1.30,1.10,11.56,5.22,0.00,0.00,0.00,0.00,0.00,-0.00,0.00,0.00,0.00,0.00,0.00,0.00,0.00,0.00,0.00,0
3.16668,8,4,67,0,DRIVE [ 78 ] [ 1 ] [ 1442 1883 1856 ] [    0    0    0 ] [      0      0      0 ] [ 0 ],drive [ 77 ] [ 0 ] [ 1411 1883 1859 ] [   59    6   15 ] [  18989   5562   8299 ] [ 0 ],1.10,1.30,1.30,1.10,10.93,4.62,0.00,0.00,0.00,0.00,0.00,-0.00,0.00,0.00,0.00,0.00,0.00,0.00,0.00,0.00,0.00,0
3.17858,8,4,66,0,DRIVE [ 78 ] [ 1 ] [ 1475 1883 1851 ] [    0    0    0 ] [      0      0      0 ] [ 0 ],drive [ 78 ] [ 0 ] [ 1442 1883 1856 ] [   59    6   15 ] [  18989   5562   8299 ] [ 0 ],1.10,1.30,1.30,1.10,10.30,3.97,0.00,0.00,0.00,0.00,0.00,-0.00,0.00,0.00,0.00,0.00,0.00,0.00,0.00,0.00,0.00,0
3.19084,7,3,65,0,DRIVE [ 79 ] [ 1 ] [ 1508 1883 1847 ] [    0    0    0 ] [      0      0      0 ] [ 0 ],drive [ 78 ] [ 0 ] [ 1475 1883 1851 ] [   59    6   15 ] [  18985   5487   8300 ] [ 0 ],1.10,1.30,1.30,1.10,9.64,3.32,0.00,0.00,0.00,0.00,0.00,-0.00,0.00,0.00,0.00,0.00,0.00,0.00,-0.00,-0.00,0.00,0
3.20273,7,2,64,0,DRIVE [ 79 ] [ 1 ] [ 1544 1883 1843 ] [    0    0    0 ] [      0      0      0 ] [ 0 ],drive [ 79 ] [ 0 ] [ 1508 1883 1847 ] [   45   15   17 ] [  18985   5487   8300 ] [ 0 ],1.10,1.30,1.30,1.10,8.95,2.67,0.00,0.00,0.00,0.00,0.00,-0.00,0.00,0.00,0.00,0.00,0.00,0.00,-0.00,-0.00,0.00,0
3.21489,6,2,63,0,DRIVE [ 80 ] [ 1 ] [ 1581 1883 1838 ] [    0    0    0 ] [      0      0      0 ] [ 0 ],drive [ 79 ] [ 0 ] [ 1544 1883 1843 ] [   45   15   17 ] [  18985   5487   8300 ] [ 0 ],1.10,1.30,1.30,1.10,8.26,2.00,0.00,0.00,0.00,0.00,0.00,-0.00,0.00,0.00,0.00,0.00,0.00,0.00,-0.00,-0.00,0.00,0
3.2252,6,1,62,0,DRIVE [ 80 ] [ 1 ] [ 1619 1883 1833 ] [    0    0    0 ] [      0      0      0 ] [ 0 ],drive [ 80 ] [ 0 ] [ 1581 1883 1838 ] [   45   15   17 ] [  18985   5487   8300 ] [ 0 ],1.10,1.30,1.30,1.10,7.56,1.30,0.00,0.00,0.00,0.00,0.00,-0.00,0.00,0.00,0.00,0.00,0.00,0.00,-0.00,-0.00,0.00,0
3.23455,5,1,61,0,DRIVE [ 81 ] [ 1 ] [ 1656 1883 1826 ] [    0    0    0 ] [      0      0      0 ] [ 0 ],drive [ 80 ] [ 0 ] [ 1619 1883 1833 ] [   45   15   17 ] [  18985   5487   8300 ] [ 0 ],1.10,1.30,1.30,1.10,6.87,0.59,0.00,0.00,0.00,0.00,0.00,-0.00,0.00,0.00,0.00,0.00,0.00,0.00,-0.00,-0.00,0.00,0
3.24647,5,0,61,0,DRIVE [ 81 ] [ 1 ] [ 1694 1883 1820 ] [    0    0    0 ] [      0      0      0 ] [ 0 ],drive [ 81 ] [ 0 ] [ 1656 1883 1826 ] [   45   15   17 ] [  18973   5449   8292 ] [ 0 ],1.10,1.30,1.30,1.10,6.14,-0.11,0.00,0.00,0.00,0.00,0.00,-0.00,0.00,0.00,0.00,0.00,0.00,0.00,0.00,0.00,0.00,0
3.25853,4,-1,60,0,DRIVE [ 82 ] [ 1 ] [ 1733 1883 1809 ] [    0    0    0 ] [      0      0      0 ] [ 0 ],drive [ 81 ] [ 0 ] [ 1694 1883 1820 ] [   22   15    8 ] [  18973   5449   8292 ] [ 0 ],1.10,1.30,1.30,1.10,5.41,-0.93,0.00,0.00,0.00,0.00,0.00,-0.00,0.00,0.00,0.00,0.00,0.00,0.00,0.00,0.00,0.00,0
3.27065,4,-1,59,0,DRIVE [ 82 ] [ 1 ] [ 1767 1883 1796 ] [    0    0    0 ] [      0      0      0 ] [ 0 ],drive [ 82 ] [ 0 ] [ 1733 1883 1809 ] [   22   15    8 ] [  18973   5449   8292 ] [ 0 ],1.10,1.30,1.30,1.10,4.67,-1.73,0.00,0.00,0.00,0.00,0.00,-0.00,0.00,0.00,0.00,0.00,0.00,0.00,0.00,0.00,0.00,0
3.28055,3,-2,58,0,DRIVE [ 83 ] [ 1 ] [ 1797 1883 1778 ] [    0    0    0 ] [      0      0      0 ] [ 0 ],drive [ 82 ] [ 0 ] [ 1767 1883 1796 ] [   22   15    8 ] [  18973   5449   8292 ] [ 0 ],1.10,1.30,1.30,1.10,3.94,-2.49,0.00,0.00,0.00,0.00,0.00,-0.00,0.00,0.00,0.00,0.00,0.00,0.00,0.00,0.00,0.00,0
3.29028,2,-3,57,0,DRIVE [ 83 ] [ 1 ] [ 1821 1883 1755 ] [    0    0    0 ] [      0      0      0 ] [ 0 ],drive [ 83 ] [ 0 ] [ 1797 1883 1778 ] [   22   15    8 ] [  18907   5449   8285 ] [ 0 ],1.10,1.30,1.30,1.10,3.22,-3.25,0.00,0.00,0.00,0.00,0.00,-0.00,0.00,0.00,0.00,0.00,0.00,0.00,0.00,0.00,0.00,0
3.30288,2,-3,56,0,DRIVE [ 84 ] [ 1 ] [ 1842 1883 1724 ] [    0    0    0 ] [      0      0      0 ] [ 0 ],drive [ 83 ] [ 0 ] [ 1821 1883 1755 ] [   13   15   11 ] [  18907   5449   8285 ] [ 0 ],1.10,1.30,1.30,1.10,2.52,-3.97,0.00,0.00,0.00,0.00,0.00,-0.00,0.00,0.00,0.00,0.00,0.00,0.00,0.00,0.00,0.00,0
3.31434,1,-4,55,0,DRIVE [ 84 ] [ 1 ] [ 1860 1883 1686 ] [    0    0    0 ] [      0      0      0 ] [ 0 ],drive [ 84 ] [ 0 ] [ 1842 1883 1724 ] [   13   15   11 ] [  18907   5449   8285 ] [ 0 ],1.10,1.30,1.30,1.10,1.84,-4.67,0.00,0.00,0.00,0.00,0.00,-0.00,0.00,0.00,0.00,0.00,0.00,0.00,0.00,0.00,0.00,0
3.32631,1,-4,55,0,DRIVE [ 85 ] [ 1 ] [ 1876 1883 1643 ] [    0    0    0 ] [      0      0      0 ] [ 0 ],drive [ 84 ] [ 0 ] [ 1860 1883 1686 ] [   13   15   11 ] [  18907   5449   8285 ] [ 0 ],1.10,1.30,1.30,1.10,1.18,-5.32,0.00,0.00,0.00,0.00,0.00,-0.00,0.00,0.00,0.00,0.00,0.00,0.00,0.00,0.00,0.00,0
3.33858,0,-5,54,0,DRIVE [ 85 ] [ 1 ] [ 1893 1883 1597 ] [    0    0    0 ] [      0      0      0 ] [ 0 ],drive [ 85 ] [ 0 ] [ 1876 1883 1643 ] [   13   15   11 ] [  18678   5448   8311 ] [ 0 ],1.10,1.30,1.30,1.10,0.51,-5.89,0.00,0.00,0.00,0.00,0.00,-0.00,0.00,0.00,0.00,0.00,0.00,0.00,0.00,0.00,0.00,0
3.34832,0,-5,53,0,DRIVE [ 86 ] [ 1 ] [ 1893 1881 1558 ] [    0    0    0 ] [      0      0      0 ] [ 0 ],drive [ 85 ] [ 0 ] [ 1893 1883 1597 ] [   13   15   11 ] [  18678   5448   8311 ] [ 0 ],1.10,1.30,1.30,1.10,-0.13,-6.36,0.00,0.00,0.00,0.00,0.00,-0.00,0.00,0.00,0.00,0.00,0.00,0.00,0.00,0.00,0.00,0
3.35878,-1,-5,52,0,DRIVE [ 86 ] [ 1 ] [ 1893 1867 1550 ] [    0    0    0 ] [      0      0      0 ] [ 0 ],drive [ 86 ] [ 0 ] [ 1893 1881 1558 ] [   26   14   34 ] [  18678   5448   8311 ] [ 0 ],1.10,1.30,1.30,1.10,-0.67,-6.61,0.00,0.00,0.00,0.00,0.00,-0.00,0.00,0.00,0.00,0.00,0.00,0.00,0.00,0.00,0.00,0
3.3704,-1,-5,51,0,DRIVE [ 87 ] [ 1 ] [ 1893 1853 1549 ] [    0    0    0 ] [      0      0      0 ] [ 0 ],drive [ 86 ] [ 0 ] [ 1893 1867 1550 ] [   26   14   34 ] [  18678   5448   8311 ] [ 0 ],1.10,1.30,1.30,1.10,-1.19,-6.69,0.00,0.00,0.00,0.00,0.00,-0.00,0.00,0.00,0.00,0.00,0.00,0.00,0.00,0.00,0.00,0
3.38259,-2,-5,50,0,DRIVE [ 87 ] [ 1 ] [ 1893 1840 1557 ] [    0    0    0 ] [      0      0      0 ] [ 0 ],drive [ 87 ] [ 0 ] [ 1893 1853 1549 ] [   26   14   34 ] [  18678   5448   8311 ] [ 0 ],1.10,1.30,1.30,1.10,-1.67,-6.55,0.00,0.00,0.00,0.00,0.00,-0.00,0.00,0.00,0.00,0.00,0.00,0.00,0.00,0.00,0.00,0
3.39449,-2,-5,49,0,DRIVE [ 88 ] [ 1 ] [ 1893 1826 1575 ] [    0    0    0 ] [      0      0      0 ] [ 0 ],drive [ 87 ] [ 0 ] [ 1893 1840 1557 ] [   26   14   34 ] [  18264   5415   8682 ] [ 0 ],1.10,1.30,1.30,1.10,-2.13,-6.20,0.00,0.00,0.00,0.00,0.00,-0.00,0.00,0.00,0.00,0.00,0.00,0.00,0.00,0.00,0.00,0
3.4066,-2,-4,48,0,DRIVE [ 88 ] [ 1 ] [ 1893 1810 1602 ] [    0    0    0 ] [      0      0      0 ] [ 0 ],drive [ 88 ] [ 0 ] [ 1893 1826 1575 ] [   13   20   54 ] [  18264   5415   8682 ] [ 0 ],1.10,1.30,1.30,1.10,-2.61,-5.67,0.00,0.00,0.00,0.00,0.00,-0.00,0.00,0.00,0.00,0.00,0.00,0.00,0.00,0.00,0.00,0
3.41626,-3,-4,47,0,DRIVE [ 89 ] [ 1 ] [ 1893 1791 1630 ] [    0    0    0 ] [      0      0      0 ] [ 0 ],drive [ 88 ] [ 0 ] [ 1893 1810 1602 ] [   13   20   54 ] [  18264   5415   8682 ] [ 0 ],1.10,1.30,1.30,1.10,-3.13,-5.07,0.00,0.00,0.00,0.00,0.00,-0.00,0.00,0.00,0.00,0.00,0.00,0.00,0.00,0.00,0.00,0
3.42651,-3,-3,46,0,DRIVE [ 89 ] [ 1 ] [ 1893 1770 1654 ] [    0    0    0 ] [      0      0      0 ] [ 0 ],drive [ 89 ] [ 0 ] [ 1893 1791 1630 ] [   13   20   54 ] [  18264   5415   8682 ] [ 0 ],1.10,1.30,1.30,1.10,-3.66,-4.47,0.00,0.00,0.00,0.00,0.00,-0.00,0.00,0.00,0.00,0.00,0.00,0.00,0.00,0.00,0.00,0
3.4384,-4,-3,45,0,DRIVE [ 90 ] [ 1 ] [ 1893 1748 1669 ] [    0    0    0 ] [      0      0      0 ] [ 0 ],drive [ 89 ] [ 0 ] [ 1893 1770 1654 ] [   13   20   54 ] [  18033   5280   8854 ] [ 0 ],1.10,1.30,1.30,1.10,-4.14,-4.02,0.00,0.00,0.00,0.00,0.00,-0.00,0.00,0.00,0.00,0.00,0.00,0.00,0.00,0.00,0.00,0
3.45064,-4,-3,44,1,DRIVE [ 90 ] [ 1 ] [ 1893 1729 1680 ] [    0    0    0 ] [      0      0      0 ] [ 0 ],drive [ 90 ] [ 0 ] [ 1893 1748 1669 ] [   13   20   54 ] [  18033   5280   8854 ] [ 0 ],1.10,1.30,1.30,1.10,-4.51,-3.63,0.00,0.00,0.00,0.00,0.00,-0.00,0.00,0.00,0.00,0.00,0.00,0.00,0.00,0.00,0.00,0
