timestamp,Xmm,Ymm,Zmm,TouchDetected,OutgoingPacket,IncomingPacket,GainPropAb, GainPropAd, GainPropFl, GainPropEx,PropA, PropB, PropC,GainIntegAb, GainIntegAd, GainIntegFl, GainIntegEx,IntegA, IntegB, IntegC,GainDerivAb, GainDerivAd, GainDerivFl, GainDerivEx,DerivA, DerivB, DerivC,Heading5
0.00591891,220,27,495,0,DRIVE [ 17 ] [ 1 ] [ 1025 1901 1560 ] [    0    0    0 ] [      0      0      0 ] [ 0 ],drive [ 17 ] [ 0 ] [ 1025 1901 1566 ] [   89   26   30 ] [  12962   5694   9534 ] [ 0 ],1.10,1.30,1.10,1.10,285.56,30.24,0.00,0.00,0.00,0.00,0.00,0.00,0.00,0.00,0.00,0.00,0.00,0.00,0.00,0.00,0.00,0
0.0207524,224,28,505,0,DRIVE [ 18 ] [ 1 ] [ 1025 1901 1557 ] [    0    0    0 ] [      0      0      0 ] [ 0 ],drive [ 17 ] [ 0 ] [ 1025 1901 1560 ] [   94   24   32 ] [  12962   5694   9534 ] [ 0 ],1.10,1.30,1.10,1.10,290.82,30.71,0.00,0.00,0.00,0.00,0.00,0.00,0.00,0.00,0.00,0.00,0.00,0.00,0.00,0.00,0.00,0
0.0341533,223,28,504,0,DRIVE [ 18 ] [ 1 ] [ 1025 1901 1553 ] [    0    0    0 ] [      0      0      0 ] [ 0 ],drive [ 18 ] [ 0 ] [ 1025 1901 1557 ] [   94   24   32 ] [  12962   5694   9534 ] [ 0 ],1.10,1.30,1.10,1.10,289.85,30.58,0.00,0.00,0.00,0.00,0.00,0.00,0.00,0.00,0.00,0.00,0.00,0.00,-0.00,-0.00,0.00,0
0.0484744,221,28,501,0,DRIVE [ 19 ] [ 1 ] [ 1025 1901 1549 ] [    0    0    0 ] [      0      0      0 ] [ 0 ],drive [ 18 ] [ 0 ] [ 1025 1901 1553 ] [   94   24   32 ] [  12962   5694   9534 ] [ 0 ],1.10,1.30,1.10,1.10,287.92,30.49,0.00,0.00,0.00,0.00,0.00,0.00,0.00,0.00,0.00,0.00,0.00,0.00,-0.00,-0.00,0.00,0
0.0620216,220,28,499,0,DRIVE [ 19 ] [ 1 ] [ 1025 1901 1549 ] [    0    0    0 ] [      0      0      0 ] [ 0 ],drive [ 19 ] [ 0 ] [ 1025 1901 1549 ] [   94   24   32 ] [  12983   5694   9540 ] [ 0 ],1.10,1.30,1.10,1.10,286.47,30.37,0.00,0.00,0.00,0.00,0.00,0.00,0.00,0.00,0.00,0.00,0.00,0.00,-0.00,-0.00,0.00,0
0.075244,219,27,496,0,DRIVE [ 20 ] [ 1 ] [ 1025 1901 1550 ] [    0    0    0 ] [      0      0      0 ] [ 0 ],drive [ 19 ] [ 0 ] [ 1025 1901 1549 ] [   89   24   41 ] [  12983   5694   9540 ] [ 0 ],1.10,1.30,1.10,1.10,284.49,30.13,0.00,0.00,0.00,0.00,0.00,0.00,0.00,0.00,0.00,0.00,0.00,0.00,-0.00,-0.00,0.00,0
0.0890339,218,27,494,0,DRIVE [ 20 ] [ 1 ] [ 1025 1901 1550 ] [    0    0    0 ] [      0      0      0 ] [ 0 ],drive [ 20 ] [ 0 ] [ 1025 1901 1550 ] [   89   24   41 ] [  12983   5694   9540 ] [ 0 ],1.10,1.30,1.10,1.10,283.38,30.16,0.00,0.00,0.00,0.00,0.00,0.00,0.00,0.00,0.00,0.00,0.00,0.00,-0.00,-0.00,0.00,0
0.10233,217,28,491,0,DRIVE [ 21 ] [ 1 ] [ 1025 1901 1551 ] [    0    0    0 ] [      0      0      0 ] [ 0 ],drive [ 20 ] [ 0 ] [ 1025 1901 1550 ] [   89   24   41 ] [  12983   5694   9540 ] [ 0 ],1.10,1.30,1.10,1.10,281.69,30.28,0.00,0.00,0.00,0.00,0.00,0.00,0.00,0.00,0.00,0.00,0.00,0.00,-0.00,-0.00,0.00,0
0.116031,214,28,486,0,DRIVE [ 21 ] [ 1 ] [ 1025 1901 1552 ] [    0    0    0 ] [      0      0      0 ] [ 0 ],drive [ 21 ] [ 0 ] [ 1025 1901 1551 ] [   89   24   41 ] [  13046   5694   9557 ] [ 0 ],1.10,1.30,1.10,1.10,278.30,30.29,0.00,0.00,0.00,0.00,0.00,0.00,0.00,0.00,0.00,0.00,0.00,0.00,-0.00,-0.00,0.00,0
0.129867,214,28,487,0,DRIVE [ 22 ] [ 1 ] [ 1025 1901 1554 ] [    0    0    0 ] [      0      0      0 ] [ 0 ],drive [ 21 ] [ 0 ] [ 1025 1901 1552 ] [   83   26   49 ] [  13046   5694   9557 ] [ 0 ],1.10,1.30,1.10,1.10,278.28,30.69,0.00,0.00,0.00,0.00,0.00,0.00,0.00,0.00,0.00,0.00,0.00,0.00,-0.00,-0.00,0.00,0
0.145177,214,28,487,0,DRIVE [ 22 ] [ 1 ] [ 1025 1901 1584 ] [    0    0    0 ] [      0      0      0 ] [ 0 ],drive [ 22 ] [ 0 ] [ 1025 1901 1554 ] [   83   26   49 ] [  13046   5694   9557 ] [ 0 ],1.10,1.30,1.10,1.10,250.45,27.62,0.00,0.00,0.00,0.00,0.00,0.00,0.00,0.00,0.00,0.00,0.00,0.00,-0.00,-0.00,0.00,0
0.160727,208,-87,465,0,DRIVE [ 23 ] [ 1 ] [ 1025 1901 1196 ] [    0    0    0 ] [      0      0      0 ] [ 0 ],drive [ 22 ] [ 0 ] [ 1025 1901 1584 ] [   83   26   49 ] [  13045   5694   9564 ] [ 0 ],1.10,1.30,1.10,1.10,270.39,-96.22,0.00,0.00,0.00,0.00,0.00,0.00,0.00,0.00,0.00,0.00,0.00,0.00,0.00,0.00,0.00,0
0.175615,208,-87,462,0,DRIVE [ 23 ] [ 1 ] [ 1025 1901 1196 ] [    0    0    0 ] [      0      0      0 ] [ 0 ],drive [ 23 ] [ 0 ] [ 1025 1901 1196 ] [   83   25   50 ] [  13045   5694   9564 ] [ 0 ],1.10,1.30,1.10,1.10,269.96,-95.79,0.00,0.00,0.00,0.00,0.00,0.00,0.00,0.00,0.00,0.00,0.00,0.00,0.00,0.00,0.00,0
0.189593,207,-87,461,0,DRIVE [ 24 ] [ 1 ] [ 1025 1901 1196 ] [    0    0    0 ] [      0      0      0 ] [ 0 ],drive [ 23 ] [ 0 ] [ 1025 1901 1196 ] [   83   25   50 ] [  13045   5694   9564 ] [ 0 ],1.10,1.30,1.10,1.10,269.34,-95.34,0.00,0.00,0.00,0.00,0.00,0.00,0.00,0.00,0.00,0.00,0.00,0.00,-0.00,0.00,0.00,0
0.205997,207,-87,461,0,DRIVE [ 24 ] [ 1 ] [ 1025 1901 1196 ] [    0    0    0 ] [      0      0      0 ] [ 0 ],drive [ 24 ] [ 0 ] [ 1025 1901 1196 ] [   83   25   50 ] [  13045   5694   9564 ] [ 0 ],1.10,1.30,1.10,1.10,269.25,-95.32,0.00,0.00,0.00,0.00,0.00,0.00,0.00,0.00,0.00,0.00,0.00,0.00,-0.00,0.00,0.00,0
0.226905,206,-86,457,0,DRIVE [ 25 ] [ 1 ] [ 1025 1901 1195 ] [    0    0    0 ] [      0      0      0 ] [ 0 ],drive [ 24 ] [ 0 ] [ 1025 1901 1196 ] [   85   24   92 ] [  13043   5694   9825 ] [ 0 ],1.10,1.30,1.10,1.10,267.26,-94.72,0.00,0.00,0.00,0.00,0.00,0.00,0.00,0.00,0.00,0.00,0.00,0.00,-0.00,0.00,0.00,0
0.240293,207,-87,460,0,DRIVE [ 25 ] [ 1 ] [ 1025 1901 1195 ] [    0    0    0 ] [      0      0      0 ] [ 0 ],drive [ 25 ] [ 0 ] [ 1025 1901 1195 ] [   85   24   92 ] [  13043   5694   9825 ] [ 0 ],1.10,1.30,1.10,1.10,269.23,-95.31,0.00,0.00,0.00,0.00,0.00,0.00,0.00,0.00,0.00,0.00,0.00,0.00,0.00,0.00,0.00,0
0.253433,207,-85,462,0,DRIVE [ 26 ] [ 1 ] [ 1025 1901 1202 ] [    0    0    0 ] [      0      0      0 ] [ 0 ],drive [ 25 ] [ 0 ] [ 1025 1901 1195 ] [   85   24   92 ] [  13042   5694  10059 ] [ 0 ],1.10,1.30,1.10,1.10,269.72,-93.48,0.00,0.00,0.00,0.00,0.00,0.00,0.00,0.00,0.00,0.00,0.00,0.00,0.00,0.00,0.00,0
0.266006,206,-82,460,0,DRIVE [ 26 ] [ 1 ] [ 1025 1901 1212 ] [    0    0    0 ] [      0      0      0 ] [ 0 ],drive [ 26 ] [ 0 ] [ 1025 1901 1202 ] [   85   24   92 ] [  13042   5694  10059 ] [ 0 ],1.10,1.30,1.10,1.10,267.94,-89.99,0.00,0.00,0.00,0.00,0.00,0.00,0.00,0.00,0.00,0.00,0.00,0.00,-0.00,0.00,0.00,0
0.279273,205,-79,458,0,DRIVE [ 27 ] [ 1 ] [ 1025 1901 1222 ] [    0    0    0 ] [      0      0      0 ] [ 0 ],drive [ 26 ] [ 0 ] [ 1025 1901 1212 ] [   84   26   89 ] [  13042   5694  10059 ] [ 0 ],1.10,1.30,1.10,1.10,266.28,-86.69,0.00,0.00,0.00,0.00,0.00,0.00,0.00,0.00,0.00,0.00,0.00,0.00,-0.00,0.00,0.00,0
0.292861,205,-77,459,0,DRIVE [ 27 ] [ 1 ] [ 1025 1901 1229 ] [    0    0    0 ] [      0      0      0 ] [ 0 ],drive [ 27 ] [ 0 ] [ 1025 1901 1222 ] [   84   26   89 ] [  13042   5694  10059 ] [ 0 ],1.10,1.30,1.10,1.10,267.05,-84.82,0.00,0.00,0.00,0.00,0.00,0.00,0.00,0.00,0.00,0.00,0.00,0.00,-0.00,0.00,0.00,0
0.305845,205,-75,457,0,DRIVE [ 28 ] [ 1 ] [ 1025 1901 1235 ] [    0    0    0 ] [      0      0      0 ] [ 0 ],drive [ 27 ] [ 0 ] [ 1025 1901 1229 ] [   84   26   89 ] [  13044   5694  10059 ] [ 0 ],1.10,1.30,1.10,1.10,266.19,-82.44,0.00,0.00,0.00,0.00,0.00,0.00,0.00,0.00,0.00,0.00,0.00,0.00,-0.00,0.00,0.00,0
0.319391,205,-73,457,0,DRIVE [ 28 ] [ 1 ] [ 1025 1901 1239 ] [    0    0    0 ] [      0      0      0 ] [ 0 ],drive [ 28 ] [ 0 ] [ 1025 1901 1235 ] [   83   24   87 ] [  13044   5694  10059 ] [ 0 ],1.10,1.30,1.10,1.10,266.14,-80.83,0.00,0.00,0.00,0.00,0.00,0.00,0.00,0.00,0.00,0.00,0.00,0.00,-0.00,0.00,0.00,0
0.332328,206,-73,460,0,DRIVE [ 29 ] [ 1 ] [ 1025 1901 1242 ] [    0    0    0 ] [      0      0      0 ] [ 0 ],drive [ 28 ] [ 0 ] [ 1025 1901 1239 ] [   83   24   87 ] [  13044   5694  10059 ] [ 0 ],1.10,1.30,1.10,1.10,268.32,-80.15,0.00,0.00,0.00,0.00,0.00,0.00,0.00,0.00,0.00,0.00,0.00,0.00,-0.00,0.00,0.00,0
0.345414,206,-72,458,0,DRIVE [ 29 ] [ 1 ] [ 1025 1901 1245 ] [    0    0    0 ] [      0      0      0 ] [ 0 ],drive [ 29 ] [ 0 ] [ 1025 1901 1242 ] [   83   24   87 ] [  13044   5694  10059 ] [ 0 ],1.10,1.30,1.10,1.10,268.17,-78.85,0.00,0.00,0.00,0.00,0.00,0.00,0.00,0.00,0.00,0.00,0.00,0.00,-0.00,0.00,0.00,0
0.359188,207,-71,458,0,DRIVE [ 30 ] [ 1 ] [ 1025 1901 1247 ] [    0    0    0 ] [      0      0      0 ] [ 0 ],drive [ 29 ] [ 0 ] [ 1025 1901 1245 ] [   83   24   87 ] [  13043   5694  10059 ] [ 0 ],1.10,1.30,1.10,1.10,268.75,-77.84,0.00,0.00,0.00,0.00,0.00,0.00,0.00,0.00,0.00,0.00,0.00,0.00,-0.00,0.00,0.00,0
0.372196,207,-70,458,0,DRIVE [ 30 ] [ 1 ] [ 1025 1901 1249 ] [    0    0    0 ] [      0      0      0 ] [ 0 ],drive [ 30 ] [ 0 ] [ 1025 1901 1247 ] [   83   25   75 ] [  13043   5694  10059 ] [ 0 ],1.10,1.30,1.10,1.10,269.56,-76.87,0.00,0.00,0.00,0.00,0.00,0.00,0.00,0.00,0.00,0.00,0.00,0.00,-0.00,0.00,0.00,0
0.385651,207,-69,456,0,DRIVE [ 31 ] [ 1 ] [ 1025 1901 1251 ] [    0    0    0 ] [      0      0      0 ] [ 0 ],drive [ 30 ] [ 0 ] [ 1025 1901 1249 ] [   83   25   75 ] [  13043   5694  10059 ] [ 0 ],1.10,1.30,1.10,1.10,269.57,-75.73,0.00,0.00,0.00,0.00,0.00,0.00,0.00,0.00,0.00,0.00,0.00,0.00,-0.00,0.00,0.00,0
0.398599,211,-69,463,0,DRIVE [ 31 ] [ 1 ] [ 1025 1901 1253 ] [    0    0    0 ] [      0      0      0 ] [ 0 ],drive [ 31 ] [ 0 ] [ 1025 1901 1251 ] [   83   25   75 ] [  13043   5694  10059 ] [ 0 ],1.10,1.30,1.10,1.10,274.39,-75.95,0.00,0.00,0.00,0.00,0.00,0.00,0.00,0.00,0.00,0.00,0.00,0.00,0.00,0.00,0.00,0
0.411913,210,-68,461,0,DRIVE [ 32 ] [ 1 ] [ 1025 1901 1255 ] [    0    0    0 ] [      0      0      0 ] [ 0 ],drive [ 31 ] [ 0 ] [ 1025 1901 1253 ] [   83   25   75 ] [  13043   5694  10076 ] [ 0 ],1.10,1.30,1.10,1.10,273.57,-74.63,0.00,0.00,0.00,0.00,0.00,0.00,0.00,0.00,0.00,0.00,0.00,0.00,0.00,0.00,0.00,0
0.425677,212,-67,464,0,DRIVE [ 32 ] [ 1 ] [ 1025 1901 1257 ] [    0    0    0 ] [      0      0      0 ] [ 0 ],drive [ 32 ] [ 0 ] [ 1025 1901 1255 ] [   85   24   74 ] [  13043   5694  10076 ] [ 0 ],1.10,1.30,1.10,1.10,275.30,-74.11,0.00,0.00,0.00,0.00,0.00,0.00,0.00,0.00,0.00,0.00,0.00,0.00,0.00,0.00,0.00,0
0.438727,212,-66,463,0,DRIVE [ 33 ] [ 1 ] [ 1025 1901 1260 ] [    0    0    0 ] [      0      0      0 ] [ 0 ],drive [ 32 ] [ 0 ] [ 1025 1901 1257 ] [   85   24   74 ] [  13043   5694  10076 ] [ 0 ],1.10,1.30,1.10,1.10,275.49,-73.11,0.00,0.00,0.00,0.00,0.00,0.00,0.00,0.00,0.00,0.00,0.00,0.00,0.00,0.00,0.00,0
0.452303,209,-65,458,0,DRIVE [ 33 ] [ 1 ] [ 1025 1901 1264 ] [    0    0    0 ] [      0      0      0 ] [ 0 ],drive [ 33 ] [ 0 ] [ 1025 1901 1260 ] [   85   24   74 ] [  13043   5694  10076 ] [ 0 ],1.10,1.30,1.10,1.10,272.26,-71.00,0.00,0.00,0.00,0.00,0.00,0.00,0.00,0.00,0.00,0.00,0.00,0.00,-0.00,0.00,0.00,0
0.465165,209,-63,458,0,DRIVE [ 34 ] [ 1 ] [ 1025 1901 1269 ] [    0    0    0 ] [      0      0      0 ] [ 0 ],drive [ 33 ] [ 0 ] [ 1025 1901 1264 ] [   85   24   74 ] [  13042   5694  10077 ] [ 0 ],1.10,1.30,1.10,1.10,271.50,-69.55,0.00,0.00,0.00,0.00,0.00,0.00,0.00,0.00,0.00,0.00,0.00,0.00,-0.00,0.00,0.00,0
0.479699,210,-63,461,0,DRIVE [ 34 ] [ 1 ] [ 1025 1901 1272 ] [    0    0    0 ] [      0      0      0 ] [ 0 ],drive [ 34 ] [ 0 ] [ 1025 1901 1269 ] [   84   25   73 ] [  13042   5694  10077 ] [ 0 ],1.10,1.30,1.10,1.10,273.01,-68.91,0.00,0.00,0.00,0.00,0.00,0.00,0.00,0.00,0.00,0.00,0.00,0.00,-0.00,0.00,0.00,0
0.495232,209,-61,458,0,DRIVE [ 35 ] [ 1 ] [ 1025 1901 1277 ] [    0    0    0 ] [      0      0      0 ] [ 0 ],drive [ 34 ] [ 0 ] [ 1025 1901 1272 ] [   84   25   73 ] [  13042   5694  10077 ] [ 0 ],1.10,1.30,1.10,1.10,271.24,-67.22,0.00,0.00,0.00,0.00,0.00,0.00,0.00,0.00,0.00,0.00,0.00,0.00,-0.00,0.00,0.00,0
0.508113,208,-60,458,0,DRIVE [ 35 ] [ 1 ] [ 1025 1901 1282 ] [    0    0    0 ] [      0      0      0 ] [ 0 ],drive [ 35 ] [ 0 ] [ 1025 1901 1277 ] [   84   25   73 ] [  13042   5694  10076 ] [ 0 ],1.10,1.30,1.10,1.10,269.96,-65.61,0.00,0.00,0.00,0.00,0.00,0.00,0.00,0.00,0.00,0.00,0.00,0.00,-0.00,0.00,0.00,0
0.521213,208,-58,461,0,DRIVE [ 36 ] [ 1 ] [ 1025 1901 1290 ] [    0    0    0 ] [      0      0      0 ] [ 0 ],drive [ 35 ] [ 0 ] [ 1025 1901 1282 ] [   84   26   71 ] [  13042   5694  10076 ] [ 0 ],1.10,1.30,1.10,1.10,270.64,-64.01,0.00,0.00,0.00,0.00,0.00,0.00,0.00,0.00,0.00,0.00,0.00,0.00,-0.00,0.00,0.00,0
0.53386,208,-57,461,0,DRIVE [ 36 ] [ 1 ] [ 1025 1901 1296 ] [    0    0    0 ] [      0      0      0 ] [ 0 ],drive [ 36 ] [ 0 ] [ 1025 1901 1290 ] [   84   26   71 ] [  13042   5694  10076 ] [ 0 ],1.10,1.30,1.10,1.10,269.76,-62.22,0.00,0.00,0.00,0.00,0.00,0.00,0.00,0.00,0.00,0.00,0.00,0.00,-0.00,0.00,0.00,0
0.546694,207,-55,460,0,DRIVE [ 37 ] [ 1 ] [ 1025 1901 1303 ] [    0    0    0 ] [      0      0      0 ] [ 0 ],drive [ 36 ] [ 0 ] [ 1025 1901 1296 ] [   84   26   71 ] [  13042   5694  10076 ] [ 0 ],1.10,1.30,1.10,1.10,268.69,-60.05,0.00,0.00,0.00,0.00,0.00,0.00,0.00,0.00,0.00,0.00,0.00,0.00,-0.00,0.00,0.00,0
0.560144,206,-53,460,0,DRIVE [ 37 ] [ 1 ] [ 1025 1901 1310 ] [    0    0    0 ] [      0      0      0 ] [ 0 ],drive [ 37 ] [ 0 ] [ 1025 1901 1303 ] [   84   26   71 ] [  13043   5694  10076 ] [ 0 ],1.10,1.30,1.10,1.10,267.95,-57.98,0.00,0.00,0.00,0.00,0.00,0.00,0.00,0.00,0.00,0.00,0.00,0.00,-0.00,0.00,0.00,0
0.572894,205,-50,459,0,DRIVE [ 38 ] [ 1 ] [ 1025 1901 1318 ] [    0    0    0 ] [      0      0      0 ] [ 0 ],drive [ 37 ] [ 0 ] [ 1025 1901 1310 ] [   84   25   70 ] [  13043   5694  10076 ] [ 0 ],1.10,1.30,1.10,1.10,267.02,-55.13,0.00,0.00,0.00,0.00,0.00,0.00,0.00,0.00,0.00,0.00,0.00,0.00,-0.00,0.00,0.00,0
0.586078,205,-48,457,0,DRIVE [ 38 ] [ 1 ] [ 1025 1901 1326 ] [    0    0    0 ] [      0      0      0 ] [ 0 ],drive [ 38 ] [ 0 ] [ 1025 1901 1318 ] [   84   25   70 ] [  13043   5694  10076 ] [ 0 ],1.10,1.30,1.10,1.10,266.21,-52.25,0.00,0.00,0.00,0.00,0.00,0.00,0.00,0.00,0.00,0.00,0.00,0.00,-0.00,0.00,0.00,0
0.59869,205,-45,457,0,DRIVE [ 39 ] [ 1 ] [ 1025 1901 1334 ] [    0    0    0 ] [      0      0      0 ] [ 0 ],drive [ 38 ] [ 0 ] [ 1025 1901 1326 ] [   84   25   70 ] [  13043   5694  10076 ] [ 0 ],1.10,1.30,1.10,1.10,266.18,-49.57,0.00,0.00,0.00,0.00,0.00,0.00,0.00,0.00,0.00,0.00,0.00,0.00,-0.00,0.00,0.00,0
0.611457,204,-42,455,0,DRIVE [ 39 ] [ 1 ] [ 1025 1901 1342 ] [    0    0    0 ] [      0      0      0 ] [ 0 ],drive [ 39 ] [ 0 ] [ 1025 1901 1334 ] [   84   25   70 ] [  13043   5694  10075 ] [ 0 ],1.10,1.30,1.10,1.10,265.10,-46.35,0.00,0.00,0.00,0.00,0.00,0.00,0.00,0.00,0.00,0.00,0.00,0.00,-0.00,0.00,0.00,0
0.624897,206,-40,459,0,DRIVE [ 40 ] [ 1 ] [ 1025 1901 1350 ] [    0    0    0 ] [      0      0      0 ] [ 0 ],drive [ 39 ] [ 0 ] [ 1025 1901 1342 ] [   85   25   66 ] [  13043   5694  10075 ] [ 0 ],1.10,1.30,1.10,1.10,267.66,-43.74,0.00,0.00,0.00,0.00,0.00,0.00,0.00,0.00,0.00,0.00,0.00,0.00,-0.00,0.00,0.00,0
0.637681,205,-37,457,0,DRIVE [ 40 ] [ 1 ] [ 1025 1901 1359 ] [    0    0    0 ] [      0      0      0 ] [ 0 ],drive [ 40 ] [ 0 ] [ 1025 1901 1350 ] [   85   25   66 ] [  13043   5694  10075 ] [ 0 ],1.10,1.30,1.10,1.10,267.04,-40.40,0.00,0.00,0.00,0.00,0.00,0.00,0.00,0.00,0.00,0.00,0.00,0.00,-0.00,0.00,0.00,0
0.650787,207,-34,459,0,DRIVE [ 41 ] [ 1 ] [ 1025 1901 1368 ] [    0    0    0 ] [      0      0      0 ] [ 0 ],drive [ 40 ] [ 0 ] [ 1025 1901 1359 ] [   85   25   66 ] [  13043   5694  10075 ] [ 0 ],1.10,1.30,1.10,1.10,268.59,-37.45,0.00,0.00,0.00,0.00,0.00,0.00,0.00,0.00,0.00,0.00,0.00,0.00,-0.00,0.00,0.00,0
0.663921,206,-31,457,0,DRIVE [ 41 ] [ 1 ] [ 1025 1901 1376 ] [    0    0    0 ] [      0      0      0 ] [ 0 ],drive [ 41 ] [ 0 ] [ 1025 1901 1368 ] [   85   25   66 ] [  13042   5694  10075 ] [ 0 ],1.10,1.30,1.10,1.10,267.96,-34.18,0.00,0.00,0.00,0.00,0.00,0.00,0.00,0.00,0.00,0.00,0.00,0.00,-0.00,0.00,0.00,0
0.676717,207,-28,458,0,DRIVE [ 42 ] [ 1 ] [ 1025 1901 1385 ] [    0    0    0 ] [      0      0      0 ] [ 0 ],drive [ 41 ] [ 0 ] [ 1025 1901 1376 ] [   83   26   66 ] [  13042   5694  10075 ] [ 0 ],1.10,1.30,1.10,1.10,268.77,-30.98,0.00,0.00,0.00,0.00,0.00,0.00,0.00,0.00,0.00,0.00,0.00,0.00,-0.00,0.00,0.00,0
0.689965,205,-24,456,0,DRIVE [ 42 ] [ 1 ] [ 1025 1901 1397 ] [    0    0    0 ] [      0      0      0 ] [ 0 ],drive [ 42 ] [ 0 ] [ 1025 1901 1385 ] [   83   26   66 ] [  13042   5694  10075 ] [ 0 ],1.10,1.30,1.10,1.10,267.07,-26.45,0.00,0.00,0.00,0.00,0.00,0.00,0.00,0.00,0.00,0.00,0.00,0.00,-0.00,0.00,0.00,0
0.702574,204,-20,453,0,DRIVE [ 43 ] [ 1 ] [ 1025 1901 1410 ] [    0    0    0 ] [      0      0      0 ] [ 0 ],drive [ 42 ] [ 0 ] [ 1025 1901 1397 ] [   83   26   66 ] [  13042   5694  10075 ] [ 0 ],1.10,1.30,1.10,1.10,264.60,-22.22,0.00,0.00,0.00,0.00,0.00,0.00,0.00,0.00,0.00,0.00,0.00,0.00,-0.00,0.00,0.00,0
0.715559,203,-17,454,0,DRIVE [ 43 ] [ 1 ] [ 1025 1901 1423 ] [    0    0    0 ] [      0      0      0 ] [ 0 ],drive [ 43 ] [ 0 ] [ 1025 1901 1410 ] [   83   26   66 ] [  13041   5694  10074 ] [ 0 ],1.10,1.30,1.10,1.10,264.05,-18.18,0.00,0.00,0.00,0.00,0.00,0.00,0.00,0.00,0.00,0.00,0.00,0.00,-0.00,0.00,0.00,0
0.728389,200,-13,449,0,DRIVE [ 44 ] [ 1 ] [ 1025 1901 1436 ] [    0    0    0 ] [      0      0      0 ] [ 0 ],drive [ 43 ] [ 0 ] [ 1025 1901 1423 ] [   84   25   62 ] [  13041   5694  10074 ] [ 0 ],1.10,1.30,1.10,1.10,259.76,-14.05,0.00,0.00,0.00,0.00,0.00,0.00,0.00,0.00,0.00,0.00,0.00,0.00,-0.00,0.00,0.00,0
0.741149,197,-9,447,0,DRIVE [ 44 ] [ 1 ] [ 1025 1901 1449 ] [    0    0    0 ] [      0      0      0 ] [ 0 ],drive [ 44 ] [ 0 ] [ 1025 1901 1436 ] [   84   25   62 ] [  13041   5694  10074 ] [ 0 ],1.10,1.30,1.10,1.10,256.40,-10.13,0.00,0.00,0.00,0.00,0.00,0.00,0.00,0.00,0.00,0.00,0.00,0.00,-0.00,0.00,0.00,0
0.754419,197,-6,451,0,DRIVE [ 45 ] [ 1 ] [ 1025 1901 1463 ] [    0    0    0 ] [      0      0      0 ] [ 0 ],drive [ 44 ] [ 0 ] [ 1025 1901 1449 ] [   84   25   62 ] [  13041   5689  10072 ] [ 0 ],1.10,1.30,1.10,1.10,256.29,-6.48,0.00,0.00,0.00,0.00,0.00,0.00,0.00,0.00,0.00,0.00,0.00,0.00,-0.00,0.00,0.00,0
0.766772,194,-2,449,0,DRIVE [ 45 ] [ 1 ] [ 1025 1901 1481 ] [    0    0    0 ] [      0      0      0 ] [ 0 ],drive [ 45 ] [ 0 ] [ 1025 1901 1463 ] [   84   25   62 ] [  13041   5689  10072 ] [ 0 ],1.10,1.30,1.10,1.10,251.84,-1.90,0.00,0.00,0.00,0.00,0.00,0.00,0.00,0.00,0.00,0.00,0.00,0.00,-0.00,0.00,0.00,0
0.77949,191,2,450,0,DRIVE [ 46 ] [ 1 ] [ 1025 1901 1498 ] [    0    0    0 ] [      0      0      0 ] [ 0 ],drive [ 45 ] [ 0 ] [ 1025 1901 1481 ] [   85   22   61 ] [  13041   5689  10072 ] [ 0 ],1.10,1.30,1.10,1.10,248.33,2.38,0.00,0.00,0.00,0.00,0.00,0.00,0.00,0.00,0.00,0.00,0.00,0.00,-0.00,-0.00,0.00,0
0.792752,189,6,453,0,DRIVE [ 46 ] [ 1 ] [ 1025 1901 1515 ] [    0    0    0 ] [      0      0      0 ] [ 0 ],drive [ 46 ] [ 0 ] [ 1025 1901 1498 ] [   85   22   61 ] [  13041   5689  10072 ] [ 0 ],1.10,1.30,1.10,1.10,245.81,6.43,0.00,0.00,0.00,0.00,0.00,0.00,0.00,0.00,0.00,0.00,0.00,0.00,-0.00,-0.00,0.00,0
0.805324,189,6,453,0,DRIVE [ 47 ] [ 1 ] [ 1025 1901 1548 ] [    0    0    0 ] [      0      0      0 ] [ 0 ],drive [ 46 ] [ 0 ] [ 1025 1901 1515 ] [   85   22   61 ] [  13043   5689  10056 ] [ 0 ],1.10,1.30,1.10,1.10,221.22,5.79,0.00,0.00,0.00,0.00,0.00,0.00,0.00,0.00,0.00,0.00,0.00,0.00,-0.00,-0.00,0.00,0
0.818494,186,10,455,0,DRIVE [ 47 ] [ 1 ] [ 1025 1901 1535 ] [    0    0    0 ] [      0      0      0 ] [ 0 ],drive [ 47 ] [ 0 ] [ 1025 1901 1548 ] [   84   21   47 ] [  13043   5689  10056 ] [ 0 ],1.10,1.30,1.10,1.10,241.70,11.33,0.00,0.00,0.00,0.00,0.00,0.00,0.00,0.00,0.00,0.00,0.00,0.00,-0.00,-0.00,0.00,0
0.831025,180,14,450,0,DRIVE [ 48 ] [ 1 ] [ 1025 1901 1553 ] [    0    0    0 ] [      0      0      0 ] [ 0 ],drive [ 47 ] [ 0 ] [ 1025 1901 1535 ] [   84   21   47 ] [  13043   5689  10056 ] [ 0 ],1.10,1.30,1.10,1.10,233.96,15.27,0.00,0.00,0.00,0.00,0.00,0.00,0.00,0.00,0.00,0.00,0.00,0.00,-0.00,-0.00,0.00,0
0.843658,174,17,444,0,DRIVE [ 48 ] [ 1 ] [ 1025 1901 1570 ] [    0    0    0 ] [      0      0      0 ] [ 0 ],drive [ 48 ] [ 0 ] [ 1025 1901 1553 ] [   84   21   47 ] [  13043   5689  10056 ] [ 0 ],1.10,1.30,1.10,1.10,226.73,18.96,0.00,0.00,0.00,0.00,0.00,0.00,0.00,0.00,0.00,0.00,0.00,0.00,-0.00,-0.00,0.00,0
0.856556,170,21,443,0,DRIVE [ 49 ] [ 1 ] [ 1025 1901 1589 ] [    0    0    0 ] [      0      0      0 ] [ 0 ],drive [ 48 ] [ 0 ] [ 1025 1901 1570 ] [   84   21   47 ] [  13045   5689   9969 ] [ 0 ],1.10,1.30,1.10,1.10,220.41,22.98,0.00,0.00,0.00,0.00,0.00,0.00,0.00,0.00,0.00,0.00,0.00,0.00,-0.00,-0.00,0.00,0
0.869158,164,24,439,0,DRIVE [ 49 ] [ 1 ] [ 1025 1901 1607 ] [    0    0    0 ] [      0      0      0 ] [ 0 ],drive [ 49 ] [ 0 ] [ 1025 1901 1589 ] [   83   23   46 ] [  13045   5689   9969 ] [ 0 ],1.10,1.30,1.10,1.10,213.36,26.38,0.00,0.00,0.00,0.00,0.00,0.00,0.00,0.00,0.00,0.00,0.00,0.00,-0.00,-0.00,0.00,0
0.882006,159,27,436,0,DRIVE [ 50 ] [ 1 ] [ 1025 1901 1623 ] [    0    0    0 ] [      0      0      0 ] [ 0 ],drive [ 49 ] [ 0 ] [ 1025 1901 1607 ] [   83   23   46 ] [  13045   5689   9969 ] [ 0 ],1.10,1.30,1.10,1.10,207.31,29.57,0.00,0.00,0.00,0.00,0.00,0.00,0.00,0.00,0.00,0.00,0.00,0.00,-0.00,-0.00,0.00,0
0.894988,155,30,434,0,DRIVE [ 50 ] [ 1 ] [ 1025 1901 1639 ] [    0    0    0 ] [      0      0      0 ] [ 0 ],drive [ 50 ] [ 0 ] [ 1025 1901 1623 ] [   83   23   46 ] [  13045   5689   9969 ] [ 0 ],1.10,1.30,1.10,1.10,201.64,32.55,0.00,0.00,0.00,0.00,0.00,0.00,0.00,0.00,0.00,0.00,0.00,0.00,-0.00,-0.00,0.00,0
0.907844,151,32,432,0,DRIVE [ 51 ] [ 1 ] [ 1025 1901 1654 ] [    0    0    0 ] [      0      0      0 ] [ 0 ],drive [ 50 ] [ 0 ] [ 1025 1901 1639 ] [   83   23   46 ] [  13046   5689   9866 ] [ 0 ],1.10,1.30,1.10,1.10,196.47,35.47,0.00,0.00,0.00,0.00,0.00,0.00,0.00,0.00,0.00,0.00,0.00,0.00,-0.00,-0.00,0.00,0
0.920891,147,35,428,0,DRIVE [ 51 ] [ 1 ] [ 1025 1901 1668 ] [    0    0    0 ] [      0      0      0 ] [ 0 ],drive [ 51 ] [ 0 ] [ 1025 1901 1654 ] [   83   22   48 ] [  13046   5689   9866 ] [ 0 ],1.10,1.30,1.10,1.10,190.72,38.08,0.00,0.00,0.00,0.00,0.00,0.00,0.00,0.00,0.00,0.00,0.00,0.00,-0.00,-0.00,0.00,0
0.933218,144,37,430,0,DRIVE [ 52 ] [ 1 ] [ 1025 1901 1681 ] [    0    0    0 ] [      0      0      0 ] [ 0 ],drive [ 51 ] [ 0 ] [ 1025 1901 1668 ] [   83   22   48 ] [  13046   5689   9866 ] [ 0 ],1.10,1.30,1.10,1.10,187.58,40.78,0.00,0.00,0.00,0.00,0.00,0.00,0.00,0.00,0.00,0.00,0.00,0.00,-0.00,-0.00,0.00,0
0.945484,140,39,425,0,DRIVE [ 52 ] [ 1 ] [ 1025 1901 1693 ] [    0    0    0 ] [      0      0      0 ] [ 0 ],drive [ 52 ] [ 0 ] [ 1025 1901 1681 ] [   83   22   48 ] [  13046   5689   9866 ] [ 0 ],1.10,1.30,1.10,1.10,182.08,42.61,0.00,0.00,0.00,0.00,0.00,0.00,0.00,0.00,0.00,0.00,0.00,0.00,-0.00,-0.00,0.00,0
0.958738,136,41,425,0,DRIVE [ 53 ] [ 1 ] [ 1025 1901 1708 ] [    0    0    0 ] [      0      0      0 ] [ 0 ],drive [ 52 ] [ 0 ] [ 1025 1901 1693 ] [   83   22   48 ] [  13047   5676   9780 ] [ 0 ],1.10,1.30,1.10,1.10,176.96,45.18,0.00,0.00,0.00,0.00,0.00,0.00,0.00,0.00,0.00,0.00,0.00,0.00,-0.00,-0.00,0.00,0
0.970946,132,43,423,0,DRIVE [ 53 ] [ 1 ] [ 1025 1901 1723 ] [    0    0    0 ] [      0      0      0 ] [ 0 ],drive [ 53 ] [ 0 ] [ 1025 1901 1708 ] [   83    4   32 ] [  13047   5676   9780 ] [ 0 ],1.10,1.30,1.10,1.10,171.86,47.66,0.00,0.00,0.00,0.00,0.00,0.00,0.00,0.00,0.00,0.00,0.00,0.00,-0.00,-0.00,0.00,0
0.983548,128,45,421,0,DRIVE [ 54 ] [ 1 ] [ 1025 1901 1738 ] [    0    0    0 ] [      0      0      0 ] [ 0 ],drive [ 53 ] [ 0 ] [ 1025 1901 1723 ] [   83    4   32 ] [  13047   5676   9780 ] [ 0 ],1.10,1.30,1.10,1.10,166.40,50.02,0.00,0.00,0.00,0.00,0.00,0.00,0.00,0.00,0.00,0.00,0.00,0.00,-0.00,-0.00,0.00,0
0.995903,124,47,418,0,DRIVE [ 54 ] [ 1 ] [ 1025 1901 1751 ] [    0    0    0 ] [      0      0      0 ] [ 0 ],drive [ 54 ] [ 0 ] [ 1025 1901 1738 ] [   83    4   32 ] [  13047   5676   9780 ] [ 0 ],1.10,1.30,1.10,1.10,161.12,52.17,0.00,0.00,0.00,0.00,0.00,0.00,0.00,0.00,0.00,0.00,0.00,0.00,-0.00,-0.00,0.00,0
1.00874,120,49,416,0,DRIVE [ 55 ] [ 1 ] [ 1025 1901 1765 ] [    0    0    0 ] [      0      0      0 ] [ 0 ],drive [ 54 ] [ 0 ] [ 1025 1901 1751 ] [   83    4   32 ] [  13046   5609   9728 ] [ 0 ],1.10,1.30,1.10,1.10,156.21,54.22,0.00,0.00,0.00,0.00,0.00,0.00,0.00,0.00,0.00,0.00,0.00,0.00,-0.00,-0.00,0.00,0
1.02152,117,51,415,0,DRIVE [ 55 ] [ 1 ] [ 1025 1901 1778 ] [    0    0    0 ] [      0      0      0 ] [ 0 ],drive [ 55 ] [ 0 ] [ 1025 1901 1765 ] [   83   21   39 ] [  13046   5609   9728 ] [ 0 ],1.10,1.30,1.10,1.10,151.84,56.45,0.00,0.00,0.00,0.00,0.00,0.00,0.00,0.00,0.00,0.00,0.00,0.00,-0.00,-0.00,0.00,0
1.0339,114,53,415,0,DRIVE [ 56 ] [ 1 ] [ 1025 1901 1791 ] [    0    0    0 ] [      0      0      0 ] [ 0 ],drive [ 55 ] [ 0 ] [ 1025 1901 1778 ] [   83   21   39 ] [  13046   5609   9728 ] [ 0 ],1.10,1.30,1.10,1.10,147.98,58.85,0.00,0.00,0.00,0.00,0.00,0.00,0.00,0.00,0.00,0.00,0.00,0.00,-0.00,-0.00,0.00,0
1.04721,111,56,416,0,DRIVE [ 56 ] [ 1 ] [ 1025 1901 1804 ] [    0    0    0 ] [      0      0      0 ] [ 0 ],drive [ 56 ] [ 0 ] [ 1025 1901 1791 ] [   83   21   39 ] [  13046   5609   9728 ] [ 0 ],1.10,1.30,1.10,1.10,144.11,61.26,0.00,0.00,0.00,0.00,0.00,0.00,0.00,0.00,0.00,0.00,0.00,0.00,-0.00,-0.00,0.00,0
1.05939,107,57,413,0,DRIVE [ 57 ] [ 1 ] [ 1025 1901 1817 ] [    0    0    0 ] [      0      0      0 ] [ 0 ],drive [ 56 ] [ 0 ] [ 1025 1901 1804 ] [   83   21   39 ] [  13048   5570   9601 ] [ 0 ],1.10,1.30,1.10,1.10,139.15,63.01,0.00,0.00,0.00,0.00,0.00,0.00,0.00,0.00,0.00,0.00,0.00,0.00,-0.00,-0.00,0.00,0
1.07148,102,59,412,0,DRIVE [ 57 ] [ 1 ] [ 1025 1901 1832 ] [    0    0    0 ] [      0      0      0 ] [ 0 ],drive [ 57 ] [ 0 ] [ 1025 1901 1817 ] [   82   20   14 ] [  13048   5570   9601 ] [ 0 ],1.10,1.30,1.10,1.10,133.21,64.80,0.00,0.00,0.00,0.00,0.00,0.00,0.00,0.00,0.00,0.00,0.00,0.00,-0.00,-0.00,0.00,0
1.08377,97,59,406,0,DRIVE [ 58 ] [ 1 ] [ 1025 1901 1844 ] [    0    0    0 ] [      0      0      0 ] [ 0 ],drive [ 57 ] [ 0 ] [ 1025 1901 1832 ] [   82   20   14 ] [  13048   5570   9601 ] [ 0 ],1.10,1.30,1.10,1.10,126.64,65.22,0.00,0.00,0.00,0.00,0.00,0.00,0.00,0.00,0.00,0.00,0.00,0.00,-0.00,-0.00,0.00,0
1.09612,93,60,403,0,DRIVE [ 58 ] [ 1 ] [ 1025 1901 1854 ] [    0    0    0 ] [      0      0      0 ] [ 0 ],drive [ 58 ] [ 0 ] [ 1025 1901 1844 ] [   82   20   14 ] [  13048   5570   9601 ] [ 0 ],1.10,1.30,1.10,1.10,121.51,65.59,0.00,0.00,0.00,0.00,0.00,0.00,0.00,0.00,0.00,0.00,0.00,0.00,-0.00,-0.00,0.00,0
1.10837,90,59,400,0,DRIVE [ 59 ] [ 1 ] [ 1025 1901 1861 ] [    0    0    0 ] [      0      0      0 ] [ 0 ],drive [ 58 ] [ 0 ] [ 1025 1901 1854 ] [   82   20   14 ] [  13058   5570   9434 ] [ 0 ],1.10,1.30,1.10,1.10,116.99,65.37,0.00,0.00,0.00,0.00,0.00,0.00,0.00,0.00,0.00,0.00,0.00,0.00,-0.00,-0.00,0.00,0
1.12103,87,59,399,0,DRIVE [ 59 ] [ 1 ] [ 1025 1901 1868 ] [    0    0    0 ] [      0      0      0 ] [ 0 ],drive [ 59 ] [ 0 ] [ 1025 1901 1861 ] [   84   20   25 ] [  13058   5570   9434 ] [ 0 ],1.10,1.30,1.10,1.10,113.31,65.25,0.00,0.00,0.00,0.00,0.00,0.00,0.00,0.00,0.00,0.00,0.00,0.00,-0.00,-0.00,0.00,0
1.13318,84,58,393,0,DRIVE [ 60 ] [ 1 ] [ 1026 1901 1873 ] [    0    0    0 ] [      0      0      0 ] [ 0 ],drive [ 59 ] [ 0 ] [ 1025 1901 1868 ] [   84   20   25 ] [  13058   5570   9434 ] [ 0 ],1.10,1.30,1.10,1.10,108.66,64.25,0.00,0.00,0.00,0.00,0.00,0.00,0.00,0.00,0.00,0.00,0.00,0.00,-0.00,-0.00,0.00,0
1.14505,81,58,390,0,DRIVE [ 60 ] [ 1 ] [ 1040 1901 1877 ] [    0    0    0 ] [      0      0      0 ] [ 0 ],drive [ 60 ] [ 0 ] [ 1026 1901 1873 ] [   84   20   25 ] [  13058   5570   9434 ] [ 0 ],1.10,1.30,1.10,1.10,105.05,63.38,0.00,0.00,0.00,0.00,0.00,0.00,0.00,0.00,0.00,0.00,0.00,0.00,-0.00,-0.00,0.00,0
1.15795,79,57,392,0,DRIVE [ 61 ] [ 1 ] [ 1056 1901 1881 ] [    0    0    0 ] [      0      0      0 ] [ 0 ],drive [ 60 ] [ 0 ] [ 1040 1901 1877 ] [   84   20   25 ] [  13196   5570   9243 ] [ 0 ],1.10,1.30,1.10,1.10,102.64,62.81,0.00,0.00,0.00,0.00,0.00,0.00,0.00,0.00,0.00,0.00,0.00,0.00,-0.00,-0.00,0.00,0
1.17004,76,56,390,0,DRIVE [ 61 ] [ 1 ] [ 1078 1901 1883 ] [    0    0    0 ] [      0      0      0 ] [ 0 ],drive [ 61 ] [ 0 ] [ 1056 1901 1881 ] [   80   20    6 ] [  13196   5570   9243 ] [ 0 ],1.10,1.30,1.10,1.10,98.87,61.18,0.00,0.00,0.00,0.00,0.00,0.00,0.00,0.00,0.00,0.00,0.00,0.00,-0.00,-0.00,0.00,0
1.18229,73,54,388,0,DRIVE [ 62 ] [ 1 ] [ 1102 1901 1886 ] [    0    0    0 ] [      0      0      0 ] [ 0 ],drive [ 61 ] [ 0 ] [ 1078 1901 1883 ] [   80   20    6 ] [  13196   5570   9243 ] [ 0 ],1.10,1.30,1.10,1.10,94.78,59.30,0.00,0.00,0.00,0.00,0.00,0.00,0.00,0.00,0.00,0.00,0.00,0.00,-0.00,-0.00,0.00,0
1.19428,70,52,387,0,DRIVE [ 62 ] [ 1 ] [ 1125 1901 1888 ] [    0    0    0 ] [      0      0      0 ] [ 0 ],drive [ 62 ] [ 0 ] [ 1102 1901 1886 ] [   80   20    6 ] [  13196   5570   9243 ] [ 0 ],1.10,1.30,1.10,1.10,91.33,57.68,0.00,0.00,0.00,0.00,0.00,0.00,0.00,0.00,0.00,0.00,0.00,0.00,-0.00,-0.00,0.00,0
1.2066,67,51,385,0,DRIVE [ 63 ] [ 1 ] [ 1149 1901 1891 ] [    0    0    0 ] [      0      0      0 ] [ 0 ],drive [ 62 ] [ 0 ] [ 1125 1901 1888 ] [   80   20    6 ] [  13290   5570   9102 ] [ 0 ],1.10,1.30,1.10,1.10,87.27,55.88,0.00,0.00,0.00,0.00,0.00,0.00,0.00,0.00,0.00,0.00,0.00,0.00,-0.00,-0.00,0.00,0
1.21888,64,49,383,0,DRIVE [ 63 ] [ 1 ] [ 1171 1901 1894 ] [    0    0    0 ] [      0      0      0 ] [ 0 ],drive [ 63 ] [ 0 ] [ 1149 1901 1891 ] [   74   19   10 ] [  13290   5570   9102 ] [ 0 ],1.10,1.30,1.10,1.10,83.41,54.30,0.00,0.00,0.00,0.00,0.00,0.00,0.00,0.00,0.00,0.00,0.00,0.00,-0.00,-0.00,0.00,0
1.23078,61,48,380,0,DRIVE [ 64 ] [ 1 ] [ 1193 1901 1897 ] [    0    0    0 ] [      0      0      0 ] [ 0 ],drive [ 63 ] [ 0 ] [ 1171 1901 1894 ] [   74   19   10 ] [  13290   5570   9102 ] [ 0 ],1.10,1.30,1.10,1.10,79.36,52.55,0.00,0.00,0.00,0.00,0.00,0.00,0.00,0.00,0.00,0.00,0.00,0.00,-0.00,-0.00,0.00,0
1.24276,58,46,377,0,DRIVE [ 64 ] [ 1 ] [ 1215 1901 1899 ] [    0    0    0 ] [      0      0      0 ] [ 0 ],drive [ 64 ] [ 0 ] [ 1193 1901 1897 ] [   74   19   10 ] [  13290   5570   9102 ] [ 0 ],1.10,1.30,1.10,1.10,75.73,50.90,0.00,0.00,0.00,0.00,0.00,0.00,0.00,0.00,0.00,0.00,0.00,0.00,-0.00,-0.00,0.00,0
1.25519,56,45,374,0,DRIVE [ 65 ] [ 1 ] [ 1234 1901 1901 ] [    0    0    0 ] [      0      0      0 ] [ 0 ],drive [ 64 ] [ 0 ] [ 1215 1901 1899 ] [   74   19   10 ] [  13286   5523   9066 ] [ 0 ],1.10,1.30,1.10,1.10,72.35,49.34,0.00,0.00,0.00,0.00,0.00,0.00,0.00,0.00,0.00,0.00,0.00,0.00,-0.00,-0.00,0.00,0
1.26691,53,44,372,0,DRIVE [ 65 ] [ 1 ] [ 1251 1901 1904 ] [    0    0    0 ] [      0      0      0 ] [ 0 ],drive [ 65 ] [ 0 ] [ 1234 1901 1901 ] [   63   22   27 ] [  13286   5523   9066 ] [ 0 ],1.10,1.30,1.10,1.10,69.44,48.15,0.00,0.00,0.00,0.00,0.00,0.00,0.00,0.00,0.00,0.00,0.00,0.00,-0.00,-0.00,0.00,0
1.27879,50,42,368,0,DRIVE [ 66 ] [ 1 ] [ 1278 1903 1904 ] [    0    0    0 ] [      0      0      0 ] [ 0 ],drive [ 65 ] [ 0 ] [ 1251 1901 1904 ] [   63   22   27 ] [  13286   5523   9066 ] [ 0 ],1.10,1.30,1.10,1.10,65.49,46.49,0.00,0.00,0.00,0.00,0.00,0.00,0.00,0.00,0.00,0.00,0.00,0.00,-0.00,-0.00,0.00,0
1.29164,48,41,366,0,DRIVE [ 66 ] [ 1 ] [ 1304 1900 1904 ] [    0    0    0 ] [      0      0      0 ] [ 0 ],drive [ 66 ] [ 0 ] [ 1278 1903 1904 ] [   63   22   27 ] [  13286   5523   9066 ] [ 0 ],1.10,1.30,1.10,1.10,62.09,45.00,0.00,0.00,0.00,0.00,0.00,0.00,0.00,0.00,0.00,0.00,0.00,0.00,-0.00,-0.00,0.00,0
1.30317,45,40,364,0,DRIVE [ 67 ] [ 1 ] [ 1330 1898 1904 ] [    0    0    0 ] [      0      0      0 ] [ 0 ],drive [ 66 ] [ 0 ] [ 1304 1900 1904 ] [   63   22   27 ] [  13283   5465   8972 ] [ 0 ],1.10,1.30,1.10,1.10,58.95,43.49,0.00,0.00,0.00,0.00,0.00,0.00,0.00,0.00,0.00,0.00,0.00,0.00,-0.00,-0.00,0.00,0
1.31547,43,38,361,0,DRIVE [ 67 ] [ 1 ] [ 1355 1896 1904 ] [    0    0    0 ] [      0      0      0 ] [ 0 ],drive [ 67 ] [ 0 ] [ 1330 1898 1904 ] [   63   22   27 ] [  13283   5465   8972 ] [ 0 ],1.10,1.30,1.10,1.10,55.74,41.75,0.00,0.00,0.00,0.00,0.00,0.00,0.00,0.00,0.00,0.00,0.00,0.00,-0.00,-0.00,0.00,0
1.32937,41,36,357,0,DRIVE [ 68 ] [ 1 ] [ 1377 1895 1904 ] [    0    0    0 ] [      0      0      0 ] [ 0 ],drive [ 67 ] [ 0 ] [ 1355 1896 1904 ] [   56   17    5 ] [  13283   5465   8972 ] [ 0 ],1.10,1.30,1.10,1.10,52.84,39.97,0.00,0.00,0.00,0.00,0.00,0.00,0.00,0.00,0.00,0.00,0.00,0.00,-0.00,-0.00,0.00,0
1.34519,39,35,356,0,DRIVE [ 68 ] [ 1 ] [ 1399 1893 1904 ] [    0    0    0 ] [      0      0      0 ] [ 0 ],drive [ 68 ] [ 0 ] [ 1377 1895 1904 ] [   56   17    5 ] [  13283   5465   8972 ] [ 0 ],1.10,1.30,1.10,1.10,50.34,38.62,0.00,0.00,0.00,0.00,0.00,0.00,0.00,0.00,0.00,0.00,0.00,0.00,-0.00,-0.00,0.00,0
1.36112,37,34,353,0,DRIVE [ 69 ] [ 1 ] [ 1422 1892 1904 ] [    0    0    0 ] [      0      0      0 ] [ 0 ],drive [ 68 ] [ 0 ] [ 1399 1893 1904 ] [   56   17    5 ] [  13278   5465   8908 ] [ 0 ],1.10,1.30,1.10,1.10,47.61,37.02,0.00,0.00,0.00,0.00,0.00,0.00,0.00,0.00,0.00,0.00,0.00,0.00,-0.00,-0.00,0.00,0
1.37401,35,32,350,0,DRIVE [ 69 ] [ 1 ] [ 1444 1891 1904 ] [    0    0    0 ] [      0      0      0 ] [ 0 ],drive [ 69 ] [ 0 ] [ 1422 1892 1904 ] [   47   18   13 ] [  13278   5465   8908 ] [ 0 ],1.10,1.30,1.10,1.10,44.88,35.48,0.00,0.00,0.00,0.00,0.00,0.00,0.00,0.00,0.00,0.00,0.00,0.00,-0.00,-0.00,0.00,0
1.38613,32,31,347,0,DRIVE [ 70 ] [ 1 ] [ 1467 1890 1904 ] [    0    0    0 ] [      0      0      0 ] [ 0 ],drive [ 69 ] [ 0 ] [ 1444 1891 1904 ] [   47   18   13 ] [  13278   5465   8908 ] [ 0 ],1.10,1.30,1.10,1.10,42.23,33.94,0.00,0.00,0.00,0.00,0.00,0.00,0.00,0.00,0.00,0.00,0.00,0.00,-0.00,-0.00,0.00,0
1.39823,31,29,344,0,DRIVE [ 70 ] [ 1 ] [ 1488 1890 1904 ] [    0    0    0 ] [      0      0      0 ] [ 0 ],drive [ 70 ] [ 0 ] [ 1467 1890 1904 ] [   47   18   13 ] [  13278   5465   8908 ] [ 0 ],1.10,1.30,1.10,1.10,39.82,32.15,0.00,0.00,0.00,0.00,0.00,0.00,0.00,0.00,0.00,0.00,0.00,0.00,-0.00,-0.00,0.00,0
1.41006,28,27,341,0,DRIVE [ 71 ] [ 1 ] [ 1517 1889 1904 ] [    0    0    0 ] [      0      0      0 ] [ 0 ],drive [ 70 ] [ 0 ] [ 1488 1890 1904 ] [   47   18   13 ] [  13274   5465   8858 ] [ 0 ],1.10,1.30,1.10,1.10,36.64,30.15,0.00,0.00,0.00,0.00,0.00,0.00,0.00,0.00,0.00,0.00,0.00,0.00,-0.00,-0.00,0.00,0
1.4225,26,26,339,0,DRIVE [ 71 ] [ 1 ] [ 1545 1887 1904 ] [    0    0    0 ] [      0      0      0 ] [ 0 ],drive [ 71 ] [ 0 ] [ 1517 1889 1904 ] [   40   18    7 ] [  13274   5465   8858 ] [ 0 ],1.10,1.30,1.10,1.10,33.56,28.45,0.00,0.00,0.00,0.00,0.00,0.00,0.00,0.00,0.00,0.00,0.00,0.00,-0.00,-0.00,0.00,0
1.43452,23,25,337,0,DRIVE [ 72 ] [ 1 ] [ 1574 1884 1904 ] [    0    0    0 ] [      0      0      0 ] [ 0 ],drive [ 71 ] [ 0 ] [ 1545 1887 1904 ] [   40   18    7 ] [  13274   5465   8858 ] [ 0 ],1.10,1.30,1.10,1.10,30.44,26.98,0.00,0.00,0.00,0.00,0.00,0.00,0.00,0.00,0.00,0.00,0.00,0.00,-0.00,-0.00,0.00,0
1.44677,21,23,335,0,DRIVE [ 72 ] [ 1 ] [ 1602 1881 1904 ] [    0    0    0 ] [      0      0      0 ] [ 0 ],drive [ 72 ] [ 0 ] [ 1574 1884 1904 ] [   40   18    7 ] [  13274   5465   8858 ] [ 0 ],1.10,1.30,1.10,1.10,27.38,25.67,0.00,0.00,0.00,0.00,0.00,0.00,0.00,0.00,0.00,0.00,0.00,0.00,-0.00,-0.00,0.00,0
1.45891,19,22,331,0,DRIVE [ 73 ] [ 1 ] [ 1630 1877 1904 ] [    0    0    0 ] [      0      0      0 ] [ 0 ],drive [ 72 ] [ 0 ] [ 1602 1881 1904 ] [   40   18    7 ] [  13256   5465   8765 ] [ 0 ],1.10,1.30,1.10,1.10,24.19,24.39,0.00,0.00,0.00,0.00,0.00,0.00,0.00,0.00,0.00,0.00,0.00,0.00,-0.00,-0.00,0.00,0
1.47097,16,21,328,0,DRIVE [ 73 ] [ 1 ] [ 1658 1873 1904 ] [    0    0    0 ] [      0      0      0 ] [ 0 ],drive [ 73 ] [ 0 ] [ 1630 1877 1904 ] [   50   18   15 ] [  13256   5465   8765 ] [ 0 ],1.10,1.30,1.10,1.10,21.12,23.19,0.00,0.00,0.00,0.00,0.00,0.00,0.00,0.00,0.00,0.00,0.00,0.00,-0.00,-0.00,0.00,0
1.48317,14,20,326,0,DRIVE [ 74 ] [ 1 ] [ 1685 1868 1904 ] [    0    0    0 ] [      0      0      0 ] [ 0 ],drive [ 73 ] [ 0 ] [ 1658 1873 1904 ] [   50   18   15 ] [  13256   5465   8765 ] [ 0 ],1.10,1.30,1.10,1.10,18.12,22.30,0.00,0.00,0.00,0.00,0.00,0.00,0.00,0.00,0.00,0.00,0.00,0.00,-0.00,-0.00,0.00,0
1.49496,12,20,323,0,DRIVE [ 74 ] [ 1 ] [ 1709 1861 1904 ] [    0    0    0 ] [      0      0      0 ] [ 0 ],drive [ 74 ] [ 0 ] [ 1685 1868 1904 ] [   50   18   15 ] [  13256   5465   8765 ] [ 0 ],1.10,1.30,1.10,1.10,15.14,21.67,0.00,0.00,0.00,0.00,0.00,0.00,0.00,0.00,0.00,0.00,0.00,0.00,-0.00,-0.00,0.00,0
1.50716,9,19,318,0,DRIVE [ 75 ] [ 1 ] [ 1733 1854 1904 ] [    0    0    0 ] [      0      0      0 ] [ 0 ],drive [ 74 ] [ 0 ] [ 1709 1861 1904 ] [   50   18   15 ] [  13139   5465   8764 ] [ 0 ],1.10,1.30,1.10,1.10,12.11,21.13,0.00,0.00,0.00,0.00,0.00,0.00,0.00,0.00,0.00,0.00,0.00,0.00,-0.00,-0.00,0.00,0
1.51931,7,19,315,0,DRIVE [ 75 ] [ 1 ] [ 1754 1846 1904 ] [    0    0    0 ] [      0      0      0 ] [ 0 ],drive [ 75 ] [ 0 ] [ 1733 1854 1904 ] [   18   20   14 ] [  13139   5465   8764 ] [ 0 ],1.10,1.30,1.10,1.10,9.15,20.74,0.00,0.00,0.00,0.00,0.00,0.00,0.00,0.00,0.00,0.00,0.00,0.00,-0.00,-0.00,0.00,0
1.53111,4,19,312,0,DRIVE [ 76 ] [ 1 ] [ 1776 1833 1904 ] [    0    0    0 ] [      0      0      0 ] [ 0 ],drive [ 75 ] [ 0 ] [ 1754 1846 1904 ] [   18   20   14 ] [  13139   5465   8764 ] [ 0 ],1.10,1.30,1.10,1.10,5.82,20.73,0.00,0.00,0.00,0.00,0.00,0.00,0.00,0.00,0.00,0.00,0.00,0.00,-0.00,-0.00,0.00,0
1.5429,2,19,309,0,DRIVE [ 76 ] [ 1 ] [ 1791 1820 1904 ] [    0    0    0 ] [      0      0      0 ] [ 0 ],drive [ 76 ] [ 0 ] [ 1776 1833 1904 ] [   18   20   14 ] [  13139   5465   8764 ] [ 0 ],1.10,1.30,1.10,1.10,2.99,20.78,0.00,0.00,0.00,0.00,0.00,0.00,0.00,0.00,0.00,0.00,0.00,0.00,-0.00,-0.00,0.00,0
1.55509,1,19,306,0,DRIVE [ 77 ] [ 1 ] [ 1801 1807 1904 ] [    0    0    0 ] [      0      0      0 ] [ 0 ],drive [ 76 ] [ 0 ] [ 1791 1820 1904 ] [   18   20   14 ] [  12842   5465   8764 ] [ 0 ],1.10,1.30,1.10,1.10,0.67,21.12,0.00,0.00,0.00,0.00,0.00,0.00,0.00,0.00,0.00,0.00,0.00,0.00,-0.00,-0.00,0.00,0
1.56654,-1,20,303,0,DRIVE [ 77 ] [ 1 ] [ 1807 1795 1904 ] [    0    0    0 ] [      0      0      0 ] [ 0 ],drive [ 77 ] [ 0 ] [ 1801 1807 1904 ] [   18   20   14 ] [  12842   5465   8764 ] [ 0 ],1.10,1.30,1.10,1.10,-1.21,21.54,0.00,0.00,0.00,0.00,0.00,0.00,0.00,0.00,0.00,0.00,0.00,0.00,0.00,-0.00,0.00,0
1.57831,-3,20,300,0,DRIVE [ 78 ] [ 1 ] [ 1812 1783 1904 ] [    0    0    0 ] [      0      0      0 ] [ 0 ],drive [ 77 ] [ 0 ] [ 1807 1795 1904 ] [   37   25   14 ] [  12842   5465   8764 ] [ 0 ],1.10,1.30,1.10,1.10,-2.92,21.91,0.00,0.00,0.00,0.00,0.00,0.00,0.00,0.00,0.00,0.00,0.00,0.00,0.00,-0.00,0.00,0
1.5907,-4,20,298,0,DRIVE [ 78 ] [ 1 ] [ 1816 1769 1904 ] [    0    0    0 ] [      0      0      0 ] [ 0 ],drive [ 78 ] [ 0 ] [ 1812 1783 1904 ] [   37   25   14 ] [  12842   5465   8764 ] [ 0 ],1.10,1.30,1.10,1.10,-4.55,22.45,0.00,0.00,0.00,0.00,0.00,0.00,0.00,0.00,0.00,0.00,0.00,0.00,0.00,0.00,0.00,0
1.60231,-6,21,297,0,DRIVE [ 79 ] [ 1 ] [ 1821 1756 1904 ] [    0    0    0 ] [      0      0      0 ] [ 0 ],drive [ 78 ] [ 0 ] [ 1816 1769 1904 ] [   37   25   14 ] [  12703   5475   8761 ] [ 0 ],1.10,1.30,1.10,1.10,-6.25,22.92,0.00,0.00,0.00,0.00,0.00,0.00,0.00,0.00,0.00,0.00,0.00,0.00,0.00,0.00,0.00,0
1.61426,-7,21,293,0,DRIVE [ 79 ] [ 1 ] [ 1824 1740 1904 ] [    0    0    0 ] [      0      0      0 ] [ 0 ],drive [ 79 ] [ 0 ] [ 1821 1756 1904 ] [   37   25   14 ] [  12703   5475   8761 ] [ 0 ],1.10,1.30,1.10,1.10,-7.94,23.31,0.00,0.00,0.00,0.00,0.00,0.00,0.00,0.00,0.00,0.00,0.00,0.00,0.00,0.00,0.00,0
1.62571,-9,22,291,0,DRIVE [ 80 ] [ 1 ] [ 1829 1724 1904 ] [    0    0    0 ] [      0      0      0 ] [ 0 ],drive [ 79 ] [ 0 ] [ 1824 1740 1904 ] [   12   28    3 ] [  12703   5475   8761 ] [ 0 ],1.10,1.30,1.10,1.10,-9.76,23.73,0.00,0.00,0.00,0.00,0.00,0.00,0.00,0.00,0.00,0.00,0.00,0.00,0.00,0.00,0.00,0
1.63868,-10,22,289,0,DRIVE [ 80 ] [ 1 ] [ 1833 1708 1904 ] [    0    0    0 ] [      0      0      0 ] [ 0 ],drive [ 80 ] [ 0 ] [ 1829 1724 1904 ] [   12   28    3 ] [  12703   5475   8761 ] [ 0 ],1.10,1.30,1.10,1.10,-11.50,23.98,0.00,0.00,0.00,0.00,0.00,0.00,0.00,0.00,0.00,0.00,0.00,0.00,0.00,0.00,0.00,0
1.65065,-12,22,286,0,DRIVE [ 81 ] [ 1 ] [ 1838 1690 1904 ] [    0    0    0 ] [      0      0      0 ] [ 0 ],drive [ 80 ] [ 0 ] [ 1833 1708 1904 ] [   12   28    3 ] [  12703   5475   8761 ] [ 0 ],1.10,1.30,1.10,1.10,-13.32,24.26,0.00,0.00,0.00,0.00,0.00,0.00,0.00,0.00,0.00,0.00,0.00,0.00,0.00,0.00,0.00,0
1.66441,-14,23,284,0,DRIVE [ 81 ] [ 1 ] [ 1843 1666 1904 ] [    0    0    0 ] [      0      0      0 ] [ 0 ],drive [ 81 ] [ 0 ] [ 1838 1690 1904 ] [   12   28    3 ] [  12652   5530   8724 ] [ 0 ],1.10,1.30,1.10,1.10,-15.63,24.78,0.00,0.00,0.00,0.00,0.00,0.00,0.00,0.00,0.00,0.00,0.00,0.00,0.00,0.00,0.00,0
1.67841,-16,23,280,0,DRIVE [ 82 ] [ 1 ] [ 1847 1643 1904 ] [    0    0    0 ] [      0      0      0 ] [ 0 ],drive [ 81 ] [ 0 ] [ 1843 1666 1904 ] [   10   20    1 ] [  12652   5530   8724 ] [ 0 ],1.10,1.30,1.10,1.10,-17.64,25.22,0.00,0.00,0.00,0.00,0.00,0.00,0.00,0.00,0.00,0.00,0.00,0.00,0.00,0.00,0.00,0
1.69204,-18,24,278,0,DRIVE [ 82 ] [ 1 ] [ 1849 1620 1904 ] [    0    0    0 ] [      0      0      0 ] [ 0 ],drive [ 82 ] [ 0 ] [ 1847 1643 1904 ] [   10   20    1 ] [  12652   5530   8724 ] [ 0 ],1.10,1.30,1.10,1.10,-19.49,25.90,0.00,0.00,0.00,0.00,0.00,0.00,0.00,0.00,0.00,0.00,0.00,0.00,0.00,0.00,0.00,0
1.70374,-19,24,276,0,DRIVE [ 83 ] [ 1 ] [ 1851 1601 1904 ] [    0    0    0 ] [      0      0      0 ] [ 0 ],drive [ 82 ] [ 0 ] [ 1849 1620 1904 ] [   10   20    1 ] [  12484   5632   8723 ] [ 0 ],1.10,1.30,1.10,1.10,-21.06,26.72,0.00,0.00,0.00,0.00,0.00,0.00,0.00,0.00,0.00,0.00,0.00,0.00,0.00,0.00,0.00,0
1.71573,-20,25,273,0,DRIVE [ 83 ] [ 1 ] [ 1851 1582 1904 ] [    0    0    0 ] [      0      0      0 ] [ 0 ],drive [ 83 ] [ 0 ] [ 1851 1601 1904 ] [   10   20    1 ] [  12484   5632   8723 ] [ 0 ],1.10,1.30,1.10,1.10,-22.36,27.35,0.00,0.00,0.00,0.00,0.00,0.00,0.00,0.00,0.00,0.00,0.00,0.00,0.00,0.00,0.00,0
1.72758,-22,26,272,0,DRIVE [ 84 ] [ 1 ] [ 1851 1565 1904 ] [    0    0    0 ] [      0      0      0 ] [ 0 ],drive [ 83 ] [ 0 ] [ 1851 1582 1904 ] [    8   33    4 ] [  12484   5632   8723 ] [ 0 ],1.10,1.30,1.10,1.10,-23.66,28.26,0.00,0.00,0.00,0.00,0.00,0.00,0.00,0.00,0.00,0.00,0.00,0.00,0.00,0.00,0.00,0
1.73891,-22,26,270,0,DRIVE [ 84 ] [ 1 ] [ 1850 1550 1904 ] [    0    0    0 ] [      0      0      0 ] [ 0 ],drive [ 84 ] [ 0 ] [ 1851 1565 1904 ] [    8   33    4 ] [  12484   5632   8723 ] [ 0 ],1.10,1.30,1.10,1.10,-24.56,28.96,0.00,0.00,0.00,0.00,0.00,0.00,0.00,0.00,0.00,0.00,0.00,0.00,0.00,0.00,0.00,0
1.75113,-23,27,267,0,DRIVE [ 85 ] [ 1 ] [ 1849 1538 1904 ] [    0    0    0 ] [      0      0      0 ] [ 0 ],drive [ 84 ] [ 0 ] [ 1850 1550 1904 ] [    8   33    4 ] [  12484   5632   8723 ] [ 0 ],1.10,1.30,1.10,1.10,-25.21,29.54,0.00,0.00,0.00,0.00,0.00,0.00,0.00,0.00,0.00,0.00,0.00,0.00,0.00,0.00,0.00,0
1.76434,-23,27,265,0,DRIVE [ 85 ] [ 1 ] [ 1847 1529 1904 ] [    0    0    0 ] [      0      0      0 ] [ 0 ],drive [ 85 ] [ 0 ] [ 1849 1538 1904 ] [    8   33    4 ] [  12253   5999   8720 ] [ 0 ],1.10,1.30,1.10,1.10,-25.56,30.12,0.00,0.00,0.00,0.00,0.00,0.00,0.00,0.00,0.00,0.00,0.00,0.00,0.00,0.00,0.00,0
1.77802,-23,28,264,0,DRIVE [ 86 ] [ 1 ] [ 1845 1523 1904 ] [    0    0    0 ] [      0      0      0 ] [ 0 ],drive [ 85 ] [ 0 ] [ 1847 1529 1904 ] [   14   43    4 ] [  12253   5999   8720 ] [ 0 ],1.10,1.30,1.10,1.10,-25.76,30.69,0.00,0.00,0.00,0.00,0.00,0.00,0.00,0.00,0.00,0.00,0.00,0.00,0.00,0.00,0.00,0
1.79022,-23,28,261,0,DRIVE [ 86 ] [ 1 ] [ 1843 1517 1904 ] [    0    0    0 ] [      0      0      0 ] [ 0 ],drive [ 86 ] [ 0 ] [ 1845 1523 1904 ] [   14   43    4 ] [  12253   5999   8720 ] [ 0 ],1.10,1.30,1.10,1.10,-25.80,31.09,0.00,0.00,0.00,0.00,0.00,0.00,0.00,0.00,0.00,0.00,0.00,0.00,0.00,0.00,0.00,0
1.80149,-23,29,259,0,DRIVE [ 87 ] [ 1 ] [ 1840 1513 1904 ] [    0    0    0 ] [      0      0      0 ] [ 0 ],drive [ 86 ] [ 0 ] [ 1843 1517 1904 ] [   14   43    4 ] [  12030   6218   8722 ] [ 0 ],1.10,1.30,1.10,1.10,-25.85,31.57,0.00,0.00,0.00,0.00,0.00,0.00,0.00,0.00,0.00,0.00,0.00,0.00,0.00,0.00,0.00,0
1.81613,-24,29,257,0,DRIVE [ 87 ] [ 1 ] [ 1837 1507 1904 ] [    0    0    0 ] [      0      0      0 ] [ 0 ],drive [ 87 ] [ 0 ] [ 1840 1513 1904 ] [   14   43    4 ] [  12030   6218   8722 ] [ 0 ],1.10,1.30,1.10,1.10,-25.87,32.20,0.00,0.00,0.00,0.00,0.00,0.00,0.00,0.00,0.00,0.00,0.00,0.00,0.00,0.00,0.00,0
1.82756,-24,30,255,0,DRIVE [ 88 ] [ 1 ] [ 1832 1499 1904 ] [    0    0    0 ] [      0      0      0 ] [ 0 ],drive [ 87 ] [ 0 ] [ 1837 1507 1904 ] [   18   38    4 ] [  12030   6218   8722 ] [ 0 ],1.10,1.30,1.10,1.10,-25.93,33.03,0.00,0.00,0.00,0.00,0.00,-0.00,0.00,0.00,0.00,0.00,0.00,0.00,0.00,0.00,0.00,0
1.83895,-23,31,252,0,DRIVE [ 88 ] [ 1 ] [ 1827 1493 1904 ] [    0    0    0 ] [      0      0      0 ] [ 0 ],drive [ 88 ] [ 0 ] [ 1832 1499 1904 ] [   18   38    4 ] [  12030   6218   8722 ] [ 0 ],1.10,1.30,1.10,1.10,-25.80,33.65,0.00,0.00,0.00,0.00,0.00,-0.00,0.00,0.00,0.00,0.00,0.00,0.00,0.00,0.00,0.00,0
1.85054,-24,31,249,0,DRIVE [ 89 ] [ 1 ] [ 1823 1486 1904 ] [    0    0    0 ] [      0      0      0 ] [ 0 ],drive [ 88 ] [ 0 ] [ 1827 1493 1904 ] [   18   38    4 ] [  12030   6218   8722 ] [ 0 ],1.10,1.30,1.10,1.10,-25.88,34.47,0.00,0.00,0.00,0.00,0.00,-0.00,0.00,0.00,0.00,0.00,0.00,0.00,0.00,0.00,0.00,0
1.8618,-24,32,247,0,DRIVE [ 89 ] [ 1 ] [ 1819 1477 1904 ] [    0    0    0 ] [      0      0      0 ] [ 0 ],drive [ 89 ] [ 0 ] [ 1823 1486 1904 ] [   18   38    4 ] [  11995   6238   8721 ] [ 0 ],1.10,1.30,1.10,1.10,-26.14,35.23,0.00,0.00,0.00,0.00,0.00,-0.00,0.00,0.00,0.00,0.00,0.00,0.00,0.00,0.00,0.00,0
1.87356,-24,33,245,0,DRIVE [ 90 ] [ 1 ] [ 1817 1465 1904 ] [    0    0    0 ] [      0      0      0 ] [ 0 ],drive [ 89 ] [ 0 ] [ 1819 1477 1904 ] [   21   62    3 ] [  11995   6238   8721 ] [ 0 ],1.10,1.30,1.10,1.10,-26.61,35.89,0.00,0.00,0.00,0.00,0.00,-0.00,0.00,0.00,0.00,0.00,0.00,0.00,0.00,0.00,0.00,0
1.88566,-25,33,244,0,DRIVE [ 90 ] [ 1 ] [ 1815 1454 1904 ] [    0    0    0 ] [      0      0      0 ] [ 0 ],drive [ 90 ] [ 0 ] [ 1817 1465 1904 ] [   21   62    3 ] [  11995   6238   8721 ] [ 0 ],1.10,1.30,1.10,1.10,-27.19,36.61,0.00,0.00,0.00,0.00,0.00,-0.00,0.00,0.00,0.00,0.00,0.00,0.00,0.00,0.00,0.00,0
1.89898,-25,34,241,0,DRIVE [ 91 ] [ 1 ] [ 1813 1442 1904 ] [    0    0    0 ] [      0      0      0 ] [ 0 ],drive [ 90 ] [ 0 ] [ 1815 1454 1904 ] [   21   62    3 ] [  11995   6238   8721 ] [ 0 ],1.10,1.30,1.10,1.10,-27.58,37.05,0.00,0.00,0.00,0.00,0.00,-0.00,0.00,0.00,0.00,0.00,0.00,0.00,0.00,0.00,0.00,0
1.91024,-25,34,239,0,DRIVE [ 91 ] [ 1 ] [ 1810 1434 1904 ] [    0    0    0 ] [      0      0      0 ] [ 0 ],drive [ 91 ] [ 0 ] [ 1813 1442 1904 ] [   21   62    3 ] [  11982   6543   8704 ] [ 0 ],1.10,1.30,1.10,1.10,-27.84,37.58,0.00,0.00,0.00,0.00,0.00,-0.00,0.00,0.00,0.00,0.00,0.00,0.00,0.00,0.00,0.00,0
1.92229,-25,34,237,0,DRIVE [ 92 ] [ 1 ] [ 1807 1431 1904 ] [    0    0    0 ] [      0      0      0 ] [ 0 ],drive [ 91 ] [ 0 ] [ 1810 1434 1904 ] [   19   57   25 ] [  11982   6543   8704 ] [ 0 ],1.10,1.30,1.10,1.10,-27.62,37.77,0.00,0.00,0.00,0.00,0.00,-0.00,0.00,0.00,0.00,0.00,0.00,0.00,0.00,0.00,0.00,0
1.93557,-24,34,234,0,DRIVE [ 92 ] [ 1 ] [ 1804 1434 1904 ] [    0    0    0 ] [      0      0      0 ] [ 0 ],drive [ 92 ] [ 0 ] [ 1807 1431 1904 ] [   19   57   25 ] [  11982   6543   8704 ] [ 0 ],1.10,1.30,1.10,1.10,-26.88,37.70,0.00,0.00,0.00,0.00,0.00,-0.00,0.00,0.00,0.00,0.00,0.00,0.00,0.00,0.00,0.00,0
1.94844,-23,34,232,0,DRIVE [ 93 ] [ 1 ] [ 1798 1443 1904 ] [    0    0    0 ] [      0      0      0 ] [ 0 ],drive [ 92 ] [ 0 ] [ 1804 1434 1904 ] [   19   57   25 ] [  11982   6543   8704 ] [ 0 ],1.10,1.30,1.10,1.10,-25.69,37.68,0.00,0.00,0.00,0.00,0.00,-0.00,0.00,0.00,0.00,0.00,0.00,0.00,0.00,0.00,0.00,0
1.95972,-22,34,230,0,DRIVE [ 93 ] [ 1 ] [ 1792 1458 1904 ] [    0    0    0 ] [      0      0      0 ] [ 0 ],drive [ 93 ] [ 0 ] [ 1798 1443 1904 ] [   19   57   25 ] [  11907   6926   8649 ] [ 0 ],1.10,1.30,1.10,1.10,-24.09,37.40,0.00,0.00,0.00,0.00,0.00,-0.00,0.00,0.00,0.00,0.00,0.00,0.00,0.00,0.00,0.00,0
1.97081,-20,34,229,0,DRIVE [ 94 ] [ 1 ] [ 1785 1474 1904 ] [    0    0    0 ] [      0      0      0 ] [ 0 ],drive [ 93 ] [ 0 ] [ 1792 1458 1904 ] [   27   50   19 ] [  11907   6926   8649 ] [ 0 ],1.10,1.30,1.10,1.10,-22.40,37.30,0.00,0.00,0.00,0.00,0.00,-0.00,0.00,0.00,0.00,0.00,0.00,0.00,0.00,0.00,0.00,0
1.98263,-18,34,227,0,DRIVE [ 94 ] [ 1 ] [ 1773 1493 1904 ] [    0    0    0 ] [      0      0      0 ] [ 0 ],drive [ 94 ] [ 0 ] [ 1785 1474 1904 ] [   27   50   19 ] [  11907   6926   8649 ] [ 0 ],1.10,1.30,1.10,1.10,-20.18,37.51,0.00,0.00,0.00,0.00,0.00,-0.00,0.00,0.00,0.00,0.00,0.00,0.00,0.00,0.00,0.00,0
1.99372,-16,34,225,0,DRIVE [ 95 ] [ 1 ] [ 1761 1508 1904 ] [    0    0    0 ] [      0      0      0 ] [ 0 ],drive [ 94 ] [ 0 ] [ 1773 1493 1904 ] [   27   50   19 ] [  11907   6926   8649 ] [ 0 ],1.10,1.30,1.10,1.10,-18.14,37.87,0.00,0.00,0.00,0.00,0.00,-0.00,0.00,0.00,0.00,0.00,0.00,0.00,0.00,0.00,0.00,0
2.00461,-15,35,222,0,DRIVE [ 95 ] [ 1 ] [ 1748 1519 1904 ] [    0    0    0 ] [      0      0      0 ] [ 0 ],drive [ 95 ] [ 0 ] [ 1761 1508 1904 ] [   27   50   19 ] [  11880   6928   8649 ] [ 0 ],1.10,1.30,1.10,1.10,-16.39,38.33,0.00,0.00,0.00,0.00,0.00,-0.00,0.00,0.00,0.00,0.00,0.00,0.00,0.00,0.00,0.00,0
2.01595,-13,35,220,0,DRIVE [ 96 ] [ 1 ] [ 1735 1527 1904 ] [    0    0    0 ] [      0      0      0 ] [ 0 ],drive [ 95 ] [ 0 ] [ 1748 1519 1904 ] [   27   50   19 ] [  11880   6928   8649 ] [ 0 ],1.10,1.30,1.10,1.10,-14.82,38.88,0.00,0.00,0.00,0.00,0.00,-0.00,0.00,0.00,0.00,0.00,0.00,0.00,0.00,0.00,0.00,0
2.02886,-12,36,218,0,DRIVE [ 96 ] [ 1 ] [ 1722 1534 1904 ] [    0    0    0 ] [      0      0      0 ] [ 0 ],drive [ 96 ] [ 0 ] [ 1735 1527 1904 ] [   35   43   19 ] [  11880   6928   8649 ] [ 0 ],1.10,1.30,1.10,1.10,-13.34,39.55,0.00,0.00,0.00,0.00,0.00,-0.00,0.00,0.00,0.00,0.00,0.00,0.00,0.00,0.00,0.00,0
2.04172,-11,37,216,0,DRIVE [ 97 ] [ 1 ] [ 1708 1540 1904 ] [    0    0    0 ] [      0      0      0 ] [ 0 ],drive [ 96 ] [ 0 ] [ 1722 1534 1904 ] [   35   43   19 ] [  11880   6928   8649 ] [ 0 ],1.10,1.30,1.10,1.10,-11.84,40.20,0.00,0.00,0.00,0.00,0.00,-0.00,0.00,0.00,0.00,0.00,0.00,0.00,0.00,0.00,0.00,0
2.05315,-9,37,214,0,DRIVE [ 97 ] [ 1 ] [ 1693 1546 1904 ] [    0    0    0 ] [      0      0      0 ] [ 0 ],drive [ 97 ] [ 0 ] [ 1708 1540 1904 ] [   35   43   19 ] [  11883   6928   8650 ] [ 0 ],1.10,1.30,1.10,1.10,-10.35,40.94,0.00,0.00,0.00,0.00,0.00,-0.00,0.00,0.00,0.00,0.00,0.00,0.00,0.00,0.00,0.00,0
2.06398,-8,38,213,0,DRIVE [ 98 ] [ 1 ] [ 1678 1553 1904 ] [    0    0    0 ] [      0      0      0 ] [ 0 ],drive [ 97 ] [ 0 ] [ 1693 1546 1904 ] [   35   43   19 ] [  11883   6928   8650 ] [ 0 ],1.10,1.30,1.10,1.10,-8.78,41.67,0.00,0.00,0.00,0.00,0.00,-0.00,0.00,0.00,0.00,0.00,0.00,0.00,0.00,0.00,0.00,0
2.07655,-6,38,211,0,DRIVE [ 98 ] [ 1 ] [ 1662 1560 1904 ] [    0    0    0 ] [      0      0      0 ] [ 0 ],drive [ 98 ] [ 0 ] [ 1678 1553 1904 ] [   37   39   19 ] [  11883   6928   8650 ] [ 0 ],1.10,1.30,1.10,1.10,-7.10,42.28,0.00,0.00,0.00,0.00,0.00,-0.00,0.00,0.00,0.00,0.00,0.00,0.00,0.00,0.00,0.00,0
2.08779,-5,39,209,0,DRIVE [ 99 ] [ 1 ] [ 1646 1568 1904 ] [    0    0    0 ] [      0      0      0 ] [ 0 ],drive [ 98 ] [ 0 ] [ 1662 1560 1904 ] [   37   39   19 ] [  11883   6928   8650 ] [ 0 ],1.10,1.30,1.10,1.10,-5.38,42.82,0.00,0.00,0.00,0.00,0.00,-0.00,0.00,0.00,0.00,0.00,0.00,0.00,0.00,0.00,0.00,0
2.09862,-3,39,207,0,DRIVE [ 99 ] [ 1 ] [ 1629 1576 1904 ] [    0    0    0 ] [      0      0      0 ] [ 0 ],drive [ 99 ] [ 0 ] [ 1646 1568 1904 ] [   37   39   19 ] [  11883   6928   8650 ] [ 0 ],1.10,1.30,1.10,1.10,-3.63,43.23,0.00,0.00,0.00,0.00,0.00,-0.00,0.00,0.00,0.00,0.00,0.00,0.00,0.00,0.00,0.00,0
2.10951,-2,40,205,0,DRIVE [ 00 ] [ 1 ] [ 1612 1584 1904 ] [    0    0    0 ] [      0      0      0 ] [ 0 ],drive [ 99 ] [ 0 ] [ 1629 1576 1904 ] [   37   39   19 ] [  11890   6928   8650 ] [ 0 ],1.10,1.30,1.10,1.10,-1.87,43.54,0.00,0.00,0.00,0.00,0.00,-0.00,0.00,0.00,0.00,0.00,0.00,0.00,0.00,0.00,0.00,0
2.12077,0,40,203,0,DRIVE [ 00 ] [ 1 ] [ 1595 1593 1904 ] [    0    0    0 ] [      0      0      0 ] [ 0 ],drive [ 00 ] [ 0 ] [ 1612 1584 1904 ] [   37   38   19 ] [  11890   6928   8650 ] [ 0 ],1.10,1.30,1.10,1.10,-0.13,43.88,0.00,0.00,0.00,0.00,0.00,-0.00,0.00,0.00,0.00,0.00,0.00,0.00,0.00,0.00,0.00,0
2.13171,2,40,202,0,DRIVE [ 01 ] [ 1 ] [ 1575 1604 1904 ] [    0    0    0 ] [      0      0      0 ] [ 0 ],drive [ 00 ] [ 0 ] [ 1595 1593 1904 ] [   37   38   19 ] [  11890   6928   8650 ] [ 0 ],1.10,1.30,1.10,1.10,1.96,44.08,0.00,0.00,0.00,0.00,0.00,-0.00,0.00,0.00,0.00,0.00,0.00,0.00,0.00,0.00,0.00,0
2.14246,3,40,200,0,DRIVE [ 01 ] [ 1 ] [ 1554 1615 1904 ] [    0    0    0 ] [      0      0      0 ] [ 0 ],drive [ 01 ] [ 0 ] [ 1575 1604 1904 ] [   37   38   19 ] [  11890   6928   8650 ] [ 0 ],1.10,1.30,1.10,1.10,4.10,44.21,0.00,0.00,0.00,0.00,0.00,-0.00,0.00,0.00,0.00,0.00,0.00,0.00,0.00,0.00,0.00,0
2.15349,5,40,198,0,DRIVE [ 02 ] [ 1 ] [ 1531 1628 1904 ] [    0    0    0 ] [      0      0      0 ] [ 0 ],drive [ 01 ] [ 0 ] [ 1554 1615 1904 ] [   37   38   19 ] [  11911   6928   8650 ] [ 0 ],1.10,1.30,1.10,1.10,6.37,44.30,0.00,0.00,0.00,0.00,0.00,-0.00,0.00,0.00,0.00,0.00,0.00,0.00,0.00,0.00,0.00,0
2.16432,7,40,196,0,DRIVE [ 02 ] [ 1 ] [ 1507 1640 1904 ] [    0    0    0 ] [      0      0      0 ] [ 0 ],drive [ 02 ] [ 0 ] [ 1531 1628 1904 ] [   37   38   19 ] [  11911   6928   8650 ] [ 0 ],1.10,1.30,1.10,1.10,8.66,44.25,0.00,0.00,0.00,0.00,0.00,-0.00,0.00,0.00,0.00,0.00,0.00,0.00,0.00,0.00,0.00,0
2.17667,9,40,194,0,DRIVE [ 03 ] [ 1 ] [ 1480 1653 1904 ] [    0    0    0 ] [      0      0      0 ] [ 0 ],drive [ 02 ] [ 0 ] [ 1507 1640 1904 ] [   33   34   19 ] [  11911   6928   8650 ] [ 0 ],1.10,1.30,1.10,1.10,11.07,44.22,0.00,0.00,0.00,0.00,0.00,-0.00,0.00,0.00,0.00,0.00,0.00,0.00,0.00,0.00,0.00,0
2.18785,10,40,192,0,DRIVE [ 03 ] [ 1 ] [ 1451 1666 1904 ] [    0    0    0 ] [      0      0      0 ] [ 0 ],drive [ 03 ] [ 0 ] [ 1480 1653 1904 ] [   33   34   19 ] [  11911   6928   8650 ] [ 0 ],1.10,1.30,1.10,1.10,13.56,44.26,0.00,0.00,0.00,0.00,0.00,-0.00,0.00,0.00,0.00,0.00,0.00,0.00,0.00,0.00,0.00,0
2.19846,12,40,191,0,DRIVE [ 04 ] [ 1 ] [ 1420 1679 1904 ] [    0    0    0 ] [      0      0      0 ] [ 0 ],drive [ 03 ] [ 0 ] [ 1451 1666 1904 ] [   33   34   19 ] [  11911   6928   8650 ] [ 0 ],1.10,1.30,1.10,1.10,16.15,44.28,0.00,0.00,0.00,0.00,0.00,-0.00,0.00,0.00,0.00,0.00,0.00,0.00,0.00,0.00,0.00,0
2.20896,14,40,188,0,DRIVE [ 04 ] [ 1 ] [ 1386 1693 1904 ] [    0    0    0 ] [      0      0      0 ] [ 0 ],drive [ 04 ] [ 0 ] [ 1420 1679 1904 ] [   33   34   19 ] [  11951   6925   8650 ] [ 0 ],1.10,1.30,1.10,1.10,18.80,44.15,0.00,0.00,0.00,0.00,0.00,-0.00,0.00,0.00,0.00,0.00,0.00,0.00,0.00,0.00,0.00,0
2.2201,17,40,187,0,DRIVE [ 05 ] [ 1 ] [ 1350 1706 1904 ] [    0    0    0 ] [      0      0      0 ] [ 0 ],drive [ 04 ] [ 0 ] [ 1386 1693 1904 ] [   64   27   19 ] [  11951   6925   8650 ] [ 0 ],1.10,1.30,1.10,1.10,21.49,44.10,0.00,0.00,0.00,0.00,0.00,-0.00,0.00,0.00,0.00,0.00,0.00,0.00,0.00,0.00,0.00,0
2.23067,19,40,185,0,DRIVE [ 05 ] [ 1 ] [ 1312 1720 1904 ] [    0    0    0 ] [      0      0      0 ] [ 0 ],drive [ 05 ] [ 0 ] [ 1350 1706 1904 ] [   64   27   19 ] [  11951   6925   8650 ] [ 0 ],1.10,1.30,1.10,1.10,24.25,44.02,0.00,0.00,0.00,0.00,0.00,-0.00,0.00,0.00,0.00,0.00,0.00,0.00,0.00,0.00,0.00,0
2.24136,21,40,183,0,DRIVE [ 06 ] [ 1 ] [ 1270 1734 1904 ] [    0    0    0 ] [      0      0      0 ] [ 0 ],drive [ 05 ] [ 0 ] [ 1312 1720 1904 ] [   64   27   19 ] [  11951   6925   8650 ] [ 0 ],1.10,1.30,1.10,1.10,27.06,43.92,0.00,0.00,0.00,0.00,0.00,-0.00,0.00,0.00,0.00,0.00,0.00,0.00,0.00,0.00,0.00,0
2.25229,23,40,181,0,DRIVE [ 06 ] [ 1 ] [ 1227 1748 1904 ] [    0    0    0 ] [      0      0      0 ] [ 0 ],drive [ 06 ] [ 0 ] [ 1270 1734 1904 ] [   64   27   19 ] [  12237   6921   8649 ] [ 0 ],1.10,1.30,1.10,1.10,29.83,43.79,0.00,0.00,0.00,0.00,0.00,-0.00,0.00,0.00,0.00,0.00,0.00,0.00,0.00,0.00,0.00,0
2.26274,25,40,179,0,DRIVE [ 07 ] [ 1 ] [ 1184 1763 1904 ] [    0    0    0 ] [      0      0      0 ] [ 0 ],drive [ 06 ] [ 0 ] [ 1227 1748 1904 ] [   64   27   19 ] [  12237   6921   8649 ] [ 0 ],1.10,1.30,1.10,1.10,32.58,43.48,0.00,0.00,0.00,0.00,0.00,-0.00,0.00,0.00,0.00,0.00,0.00,0.00,0.00,0.00,0.00,0
2.2736,27,39,177,0,DRIVE [ 07 ] [ 1 ] [ 1141 1777 1904 ] [    0    0    0 ] [      0      0      0 ] [ 0 ],drive [ 07 ] [ 0 ] [ 1184 1763 1904 ] [   64   20   16 ] [  12237   6921   8649 ] [ 0 ],1.10,1.30,1.10,1.10,35.11,43.08,0.00,0.00,0.00,0.00,0.00,-0.00,0.00,0.00,0.00,0.00,0.00,0.00,0.00,0.00,0.00,0
2.28462,29,39,175,0,DRIVE [ 08 ] [ 1 ] [ 1099 1791 1904 ] [    0    0    0 ] [      0      0      0 ] [ 0 ],drive [ 07 ] [ 0 ] [ 1141 1777 1904 ] [   64   20   16 ] [  12237   6921   8649 ] [ 0 ],1.10,1.30,1.10,1.10,37.51,42.65,0.00,0.00,0.00,0.00,0.00,-0.00,0.00,0.00,0.00,0.00,0.00,0.00,0.00,0.00,0.00,0
2.29526,31,38,173,0,DRIVE [ 08 ] [ 1 ] [ 1057 1804 1904 ] [    0    0    0 ] [      0      0      0 ] [ 0 ],drive [ 08 ] [ 0 ] [ 1099 1791 1904 ] [   64   20   16 ] [  12237   6921   8649 ] [ 0 ],1.10,1.30,1.10,1.10,39.80,42.27,0.00,0.00,0.00,0.00,0.00,-0.00,0.00,0.00,0.00,0.00,0.00,0.00,0.00,0.00,0.00,0
2.30644,32,38,171,0,DRIVE [ 09 ] [ 1 ] [ 1025 1817 1904 ] [    0    0    0 ] [      0      0      0 ] [ 0 ],drive [ 08 ] [ 0 ] [ 1057 1804 1904 ] [   64   20   16 ] [  12753   6880   8590 ] [ 0 ],1.10,1.30,1.10,1.10,41.88,41.78,0.00,0.00,0.00,0.00,0.00,-0.00,0.00,0.00,0.00,0.00,0.00,0.00,0.00,0.00,0.00,0
2.31731,34,38,169,0,DRIVE [ 09 ] [ 1 ] [ 1025 1830 1904 ] [    0    0    0 ] [      0      0      0 ] [ 0 ],drive [ 09 ] [ 0 ] [ 1025 1817 1904 ] [   91   31   14 ] [  12753   6880   8590 ] [ 0 ],1.10,1.30,1.10,1.10,43.88,41.29,0.00,0.00,0.00,0.00,0.00,-0.00,0.00,0.00,0.00,0.00,0.00,0.00,0.00,0.00,0.00,0
2.32802,35,37,167,0,DRIVE [ 10 ] [ 1 ] [ 1025 1847 1904 ] [    0    0    0 ] [      0      0      0 ] [ 0 ],drive [ 09 ] [ 0 ] [ 1025 1830 1904 ] [   91   31   14 ] [  12753   6880   8590 ] [ 0 ],1.10,1.30,1.10,1.10,46.09,40.42,0.00,0.00,0.00,0.00,0.00,-0.00,0.00,0.00,0.00,0.00,0.00,0.00,0.00,0.00,0.00,0
2.33858,37,36,165,0,DRIVE [ 10 ] [ 1 ] [ 1025 1863 1904 ] [    0    0    0 ] [      0      0      0 ] [ 0 ],drive [ 10 ] [ 0 ] [ 1025 1847 1904 ] [   91   31   14 ] [  12753   6880   8590 ] [ 0 ],1.10,1.30,1.10,1.10,48.08,39.50,0.00,0.00,0.00,0.00,0.00,-0.00,0.00,0.00,0.00,0.00,0.00,0.00,0.00,0.00,0.00,0
2.34937,38,35,163,0,DRIVE [ 11 ] [ 1 ] [ 1025 1878 1904 ] [    0    0    0 ] [      0      0      0 ] [ 0 ],drive [ 10 ] [ 0 ] [ 1025 1863 1904 ] [   91   31   14 ] [  12753   6880   8590 ] [ 0 ],1.10,1.30,1.10,1.10,50.04,38.75,0.00,0.00,0.00,0.00,0.00,-0.00,0.00,0.00,0.00,0.00,0.00,0.00,0.00,0.00,0.00,0
2.35999,40,35,161,0,DRIVE [ 11 ] [ 1 ] [ 1025 1892 1904 ] [    0    0    0 ] [      0      0      0 ] [ 0 ],drive [ 11 ] [ 0 ] [ 1025 1878 1904 ] [   91   31   14 ] [  12967   6844   8521 ] [ 0 ],1.10,1.30,1.10,1.10,51.88,38.05,0.00,0.00,0.00,0.00,0.00,-0.00,0.00,0.00,0.00,0.00,0.00,0.00,0.00,0.00,0.00,0
2.37056,41,34,159,0,DRIVE [ 12 ] [ 1 ] [ 1025 1892 1903 ] [    0    0    0 ] [      0      0      0 ] [ 0 ],drive [ 11 ] [ 0 ] [ 1025 1892 1904 ] [  106    7    7 ] [  12967   6844   8521 ] [ 0 ],1.10,1.30,1.10,1.10,53.82,37.39,0.00,0.00,0.00,0.00,0.00,-0.00,0.00,0.00,0.00,0.00,0.00,0.00,0.00,0.00,0.00,0
2.38135,43,33,157,0,DRIVE [ 12 ] [ 1 ] [ 1025 1892 1891 ] [    0    0    0 ] [      0      0      0 ] [ 0 ],drive [ 12 ] [ 0 ] [ 1025 1892 1903 ] [  106    7    7 ] [  12967   6844   8521 ] [ 0 ],1.10,1.30,1.10,1.10,55.48,36.67,0.00,0.00,0.00,0.00,0.00,-0.00,0.00,0.00,0.00,0.00,0.00,0.00,0.00,0.00,0.00,0
2.39168,44,33,155,0,DRIVE [ 13 ] [ 1 ] [ 1025 1892 1880 ] [    0    0    0 ] [      0      0      0 ] [ 0 ],drive [ 12 ] [ 0 ] [ 1025 1892 1891 ] [  106    7    7 ] [  12967   6844   8521 ] [ 0 ],1.10,1.30,1.10,1.10,56.90,36.01,0.00,0.00,0.00,0.00,0.00,-0.00,0.00,0.00,0.00,0.00,0.00,0.00,0.00,0.00,0.00,0
2.40215,45,32,154,0,DRIVE [ 13 ] [ 1 ] [ 1025 1892 1870 ] [    0    0    0 ] [      0      0      0 ] [ 0 ],drive [ 13 ] [ 0 ] [ 1025 1892 1880 ] [  106    7    7 ] [  13140   6552   8521 ] [ 0 ],1.10,1.30,1.10,1.10,57.89,35.36,0.00,0.00,0.00,0.00,0.00,-0.00,0.00,0.00,0.00,0.00,0.00,0.00,0.00,0.00,0.00,0
2.41366,45,32,152,0,DRIVE [ 14 ] [ 1 ] [ 1025 1892 1864 ] [    0    0    0 ] [      0      0      0 ] [ 0 ],drive [ 13 ] [ 0 ] [ 1025 1892 1870 ] [  106    7    7 ] [  13140   6552   8521 ] [ 0 ],1.10,1.30,1.10,1.10,58.38,34.89,0.00,0.00,0.00,0.00,0.00,-0.00,0.00,0.00,0.00,0.00,0.00,0.00,0.00,0.00,0.00,0
2.42411,45,31,150,0,DRIVE [ 14 ] [ 1 ] [ 1025 1892 1861 ] [    0    0    0 ] [      0      0      0 ] [ 0 ],drive [ 14 ] [ 0 ] [ 1025 1892 1864 ] [  109   11    9 ] [  13140   6552   8521 ] [ 0 ],1.10,1.30,1.10,1.10,58.34,34.36,0.00,0.00,0.00,0.00,0.00,-0.00,0.00,0.00,0.00,0.00,0.00,0.00,0.00,0.00,0.00,0
2.4343,45,31,149,0,DRIVE [ 15 ] [ 1 ] [ 1025 1892 1858 ] [    0    0    0 ] [      0      0      0 ] [ 0 ],drive [ 14 ] [ 0 ] [ 1025 1892 1861 ] [  109   11    9 ] [  13140   6552   8521 ] [ 0 ],1.10,1.30,1.10,1.10,58.03,33.79,0.00,0.00,0.00,0.00,0.00,-0.00,0.00,0.00,0.00,0.00,0.00,0.00,0.00,0.00,0.00,0
2.4454,44,30,147,0,DRIVE [ 15 ] [ 1 ] [ 1025 1892 1854 ] [    0    0    0 ] [      0      0      0 ] [ 0 ],drive [ 15 ] [ 0 ] [ 1025 1892 1858 ] [  109   11    9 ] [  13140   6552   8521 ] [ 0 ],1.10,1.30,1.10,1.10,57.63,33.03,0.00,0.00,0.00,0.00,0.00,-0.00,0.00,0.00,0.00,0.00,0.00,0.00,0.00,0.00,0.00,0
2.45557,44,29,146,0,DRIVE [ 16 ] [ 1 ] [ 1025 1892 1849 ] [    0    0    0 ] [      0      0      0 ] [ 0 ],drive [ 15 ] [ 0 ] [ 1025 1892 1854 ] [  109   11    9 ] [  13312   6331   8515 ] [ 0 ],1.10,1.30,1.10,1.10,57.28,32.20,0.00,0.00,0.00,0.00,0.00,-0.00,0.00,0.00,0.00,0.00,0.00,0.00,0.00,0.00,0.00,0
2.46561,44,28,144,0,DRIVE [ 16 ] [ 1 ] [ 1025 1892 1844 ] [    0    0    0 ] [      0      0      0 ] [ 0 ],drive [ 16 ] [ 0 ] [ 1025 1892 1849 ] [  100   16    4 ] [  13312   6331   8515 ] [ 0 ],1.10,1.30,1.10,1.10,56.86,31.33,0.00,0.00,0.00,0.00,0.00,-0.00,0.00,0.00,0.00,0.00,0.00,0.00,0.00,0.00,0.00,0
2.47738,43,28,143,0,DRIVE [ 17 ] [ 1 ] [ 1025 1892 1839 ] [    0    0    0 ] [      0      0      0 ] [ 0 ],drive [ 16 ] [ 0 ] [ 1025 1892 1844 ] [  100   16    4 ] [  13312   6331   8515 ] [ 0 ],1.10,1.30,1.10,1.10,56.54,30.47,0.00,0.00,0.00,0.00,0.00,-0.00,0.00,0.00,0.00,0.00,0.00,0.00,0.00,0.00,0.00,0
2.49117,43,27,141,0,DRIVE [ 17 ] [ 1 ] [ 1025 1892 1833 ] [    0    0    0 ] [      0      0      0 ] [ 0 ],drive [ 17 ] [ 0 ] [ 1025 1892 1839 ] [  100   16    4 ] [  13312   6331   8515 ] [ 0 ],1.10,1.30,1.10,1.10,56.27,29.50,0.00,0.00,0.00,0.00,0.00,0.00,0.00,0.00,0.00,0.00,0.00,0.00,0.00,0.00,0.00,0
2.50288,43,26,140,0,DRIVE [ 18 ] [ 1 ] [ 1025 1892 1826 ] [    0    0    0 ] [      0      0      0 ] [ 0 ],drive [ 17 ] [ 0 ] [ 1025 1892 1833 ] [  100   16    4 ] [  13391   6297   8462 ] [ 0 ],1.10,1.30,1.10,1.10,55.95,28.44,0.00,0.00,0.00,0.00,0.00,0.00,0.00,0.00,0.00,0.00,0.00,0.00,0.00,0.00,0.00,0
2.51361,43,25,139,0,DRIVE [ 18 ] [ 1 ] [ 1025 1892 1819 ] [    0    0    0 ] [      0      0      0 ] [ 0 ],drive [ 18 ] [ 0 ] [ 1025 1892 1826 ] [  100   16    4 ] [  13391   6297   8462 ] [ 0 ],1.10,1.30,1.10,1.10,55.49,27.33,0.00,0.00,0.00,0.00,0.00,0.00,0.00,0.00,0.00,0.00,0.00,0.00,0.00,0.00,0.00,0
2.52411,42,24,137,0,DRIVE [ 19 ] [ 1 ] [ 1025 1892 1813 ] [    0    0    0 ] [      0      0      0 ] [ 0 ],drive [ 18 ] [ 0 ] [ 1025 1892 1819 ] [   84   26   28 ] [  13391   6297   8462 ] [ 0 ],1.10,1.30,1.10,1.10,54.88,26.26,0.00,0.00,0.00,0.00,0.00,0.00,0.00,0.00,0.00,0.00,0.00,0.00,0.00,0.00,0.00,0
2.53433,42,23,136,0,DRIVE [ 19 ] [ 1 ] [ 1025 1892 1808 ] [    0    0    0 ] [      0      0      0 ] [ 0 ],drive [ 19 ] [ 0 ] [ 1025 1892 1813 ] [   84   26   28 ] [  13391   6297   8462 ] [ 0 ],1.10,1.30,1.10,1.10,54.14,25.29,0.00,0.00,0.00,0.00,0.00,0.00,0.00,0.00,0.00,0.00,0.00,0.00,0.00,0.00,0.00,0
2.54691,41,22,134,0,DRIVE [ 20 ] [ 1 ] [ 1025 1892 1804 ] [    0    0    0 ] [      0      0      0 ] [ 0 ],drive [ 19 ] [ 0 ] [ 1025 1892 1808 ] [   84   26   28 ] [  13391   6297   8462 ] [ 0 ],1.10,1.30,1.10,1.10,53.39,24.39,0.00,0.00,0.00,0.00,0.00,0.00,0.00,0.00,0.00,0.00,0.00,0.00,0.00,0.00,0.00,0
2.56023,40,21,133,0,DRIVE [ 20 ] [ 1 ] [ 1025 1892 1801 ] [    0    0    0 ] [      0      0      0 ] [ 0 ],drive [ 20 ] [ 0 ] [ 1025 1892 1804 ] [   84   26   28 ] [  13404   6225   8454 ] [ 0 ],1.10,1.30,1.10,1.10,52.42,23.49,0.00,0.00,0.00,0.00,0.00,0.00,0.00,0.00,0.00,0.00,0.00,0.00,0.00,0.00,0.00,0
2.57022,40,21,131,0,DRIVE [ 21 ] [ 1 ] [ 1025 1892 1799 ] [    0    0    0 ] [      0      0      0 ] [ 0 ],drive [ 20 ] [ 0 ] [ 1025 1892 1801 ] [   86   26   30 ] [  13404   6225   8454 ] [ 0 ],1.10,1.30,1.10,1.10,51.36,22.68,0.00,0.00,0.00,0.00,0.00,0.00,0.00,0.00,0.00,0.00,0.00,0.00,0.00,0.00,0.00,0
2.58069,39,20,130,0,DRIVE [ 21 ] [ 1 ] [ 1025 1892 1799 ] [    0    0    0 ] [      0      0      0 ] [ 0 ],drive [ 21 ] [ 0 ] [ 1025 1892 1799 ] [   86   26   30 ] [  13404   6225   8454 ] [ 0 ],1.10,1.30,1.10,1.10,50.17,21.98,0.00,0.00,0.00,0.00,0.00,0.00,0.00,0.00,0.00,0.00,0.00,0.00,-0.00,-0.00,0.00,0
2.5913,38,19,128,0,DRIVE [ 22 ] [ 1 ] [ 1025 1892 1800 ] [    0    0    0 ] [      0      0      0 ] [ 0 ],drive [ 21 ] [ 0 ] [ 1025 1892 1799 ] [   86   26   30 ] [  13404   6225   8454 ] [ 0 ],1.10,1.30,1.10,1.10,48.92,21.34,0.00,0.00,0.00,0.00,0.00,0.00,0.00,0.00,0.00,0.00,0.00,0.00,-0.00,-0.00,0.00,0
2.60117,37,19,127,0,DRIVE [ 22 ] [ 1 ] [ 1025 1892 1800 ] [    0    0    0 ] [      0      0      0 ] [ 0 ],drive [ 22 ] [ 0 ] [ 1025 1892 1800 ] [   86   26   30 ] [  13408   6106   8455 ] [ 0 ],1.10,1.30,1.10,1.10,47.56,20.66,0.00,0.00,0.00,0.00,0.00,0.00,0.00,0.00,0.00,0.00,0.00,0.00,-0.00,-0.00,0.00,0
2.61345,35,18,125,0,DRIVE [ 23 ] [ 1 ] [ 1025 1892 1802 ] [    0    0    0 ] [      0      0      0 ] [ 0 ],drive [ 22 ] [ 0 ] [ 1025 1892 1800 ] [   86   26   30 ] [  13408   6106   8455 ] [ 0 ],1.10,1.30,1.10,1.10,46.09,19.98,0.00,0.00,0.00,0.00,0.00,0.00,0.00,0.00,0.00,0.00,0.00,0.00,-0.00,-0.00,0.00,0
2.62343,34,18,124,0,DRIVE [ 23 ] [ 1 ] [ 1025 1892 1804 ] [    0    0    0 ] [      0      0      0 ] [ 0 ],drive [ 23 ] [ 0 ] [ 1025 1892 1802 ] [   98    6   30 ] [  13408   6106   8455 ] [ 0 ],1.10,1.30,1.10,1.10,44.58,19.36,0.00,0.00,0.00,0.00,0.00,0.00,0.00,0.00,0.00,0.00,0.00,0.00,-0.00,-0.00,0.00,0
2.63302,33,17,122,0,DRIVE [ 24 ] [ 1 ] [ 1025 1892 1807 ] [    0    0    0 ] [      0      0      0 ] [ 0 ],drive [ 23 ] [ 0 ] [ 1025 1892 1804 ] [   98    6   30 ] [  13408   6106   8455 ] [ 0 ],1.10,1.30,1.10,1.10,42.94,18.73,0.00,0.00,0.00,0.00,0.00,0.00,0.00,0.00,0.00,0.00,0.00,0.00,-0.00,-0.00,0.00,0
2.64541,32,17,121,0,DRIVE [ 24 ] [ 1 ] [ 1025 1892 1812 ] [    0    0    0 ] [      0      0      0 ] [ 0 ],drive [ 24 ] [ 0 ] [ 1025 1892 1807 ] [   98    6   30 ] [  13408   6106   8455 ] [ 0 ],1.10,1.30,1.10,1.10,41.19,18.17,0.00,0.00,0.00,0.00,0.00,0.00,0.00,0.00,0.00,0.00,0.00,0.00,-0.00,-0.00,0.00,0
2.65793,30,16,120,0,DRIVE [ 25 ] [ 1 ] [ 1025 1892 1817 ] [    0    0    0 ] [      0      0      0 ] [ 0 ],drive [ 24 ] [ 0 ] [ 1025 1892 1812 ] [   98    6   30 ] [  13421   6077   8455 ] [ 0 ],1.10,1.30,1.10,1.10,39.38,17.68,0.00,0.00,0.00,0.00,0.00,0.00,0.00,0.00,0.00,0.00,0.00,0.00,-0.00,-0.00,0.00,0
2.66968,29,16,118,0,DRIVE [ 25 ] [ 1 ] [ 1025 1892 1824 ] [    0    0    0 ] [      0      0      0 ] [ 0 ],drive [ 25 ] [ 0 ] [ 1025 1892 1817 ] [   96   22   29 ] [  13421   6077   8455 ] [ 0 ],1.10,1.30,1.10,1.10,37.46,17.25,0.00,0.00,0.00,0.00,0.00,0.00,0.00,0.00,0.00,0.00,0.00,0.00,-0.00,-0.00,0.00,0
2.68119,27,15,117,0,DRIVE [ 26 ] [ 1 ] [ 1025 1892 1832 ] [    0    0    0 ] [      0      0      0 ] [ 0 ],drive [ 25 ] [ 0 ] [ 1025 1892 1824 ] [   96   22   29 ] [  13421   6077   8455 ] [ 0 ],1.10,1.30,1.10,1.10,35.50,16.87,0.00,0.00,0.00,0.00,0.00,0.00,0.00,0.00,0.00,0.00,0.00,0.00,-0.00,-0.00,0.00,0
2.69098,26,15,115,0,DRIVE [ 26 ] [ 1 ] [ 1049 1892 1841 ] [    0    0    0 ] [      0      0      0 ] [ 0 ],drive [ 26 ] [ 0 ] [ 1025 1892 1832 ] [   96   22   29 ] [  13421   6077   8455 ] [ 0 ],1.10,1.30,1.10,1.10,33.46,16.55,0.00,0.00,0.00,0.00,0.00,0.00,0.00,0.00,0.00,0.00,0.00,0.00,-0.00,-0.00,0.00,0
2.70075,24,15,114,0,DRIVE [ 27 ] [ 1 ] [ 1074 1892 1851 ] [    0    0    0 ] [      0      0      0 ] [ 0 ],drive [ 26 ] [ 0 ] [ 1049 1892 1841 ] [   96   22   29 ] [  13420   6020   8457 ] [ 0 ],1.10,1.30,1.10,1.10,31.38,16.27,0.00,0.00,0.00,0.00,0.00,0.00,0.00,0.00,0.00,0.00,0.00,0.00,-0.00,-0.00,0.00,0
2.71313,23,15,112,0,DRIVE [ 27 ] [ 1 ] [ 1098 1892 1862 ] [    0    0    0 ] [      0      0      0 ] [ 0 ],drive [ 27 ] [ 0 ] [ 1074 1892 1851 ] [   96   22   29 ] [  13420   6020   8457 ] [ 0 ],1.10,1.30,1.10,1.10,29.30,16.01,0.00,0.00,0.00,0.00,0.00,0.00,0.00,0.00,0.00,0.00,0.00,0.00,-0.00,-0.00,0.00,0
2.72618,21,14,110,0,DRIVE [ 28 ] [ 1 ] [ 1122 1892 1873 ] [    0    0    0 ] [      0      0      0 ] [ 0 ],drive [ 27 ] [ 0 ] [ 1098 1892 1862 ] [   95   15   26 ] [  13420   6020   8457 ] [ 0 ],1.10,1.30,1.10,1.10,27.26,15.79,0.00,0.00,0.00,0.00,0.00,0.00,0.00,0.00,0.00,0.00,0.00,0.00,-0.00,-0.00,0.00,0
2.73842,19,14,109,0,DRIVE [ 28 ] [ 1 ] [ 1144 1892 1885 ] [    0    0    0 ] [      0      0      0 ] [ 0 ],drive [ 28 ] [ 0 ] [ 1122 1892 1873 ] [   95   15   26 ] [  13420   6020   8457 ] [ 0 ],1.10,1.30,1.10,1.10,25.31,15.62,0.00,0.00,0.00,0.00,0.00,0.00,0.00,0.00,0.00,0.00,0.00,0.00,-0.00,-0.00,0.00,0
2.75032,18,14,108,0,DRIVE [ 29 ] [ 1 ] [ 1165 1892 1896 ] [    0    0    0 ] [      0      0      0 ] [ 0 ],drive [ 28 ] [ 0 ] [ 1144 1892 1885 ] [   95   15   26 ] [  13420   6020   8457 ] [ 0 ],1.10,1.30,1.10,1.10,23.42,15.52,0.00,0.00,0.00,0.00,0.00,0.00,0.00,0.00,0.00,0.00,0.00,0.00,-0.00,-0.00,0.00,0
2.76186,17,14,106,0,DRIVE [ 29 ] [ 1 ] [ 1191 1901 1896 ] [    0    0    0 ] [      0      0      0 ] [ 0 ],drive [ 29 ] [ 0 ] [ 1165 1892 1896 ] [   95   15   26 ] [  13416   6019   8455 ] [ 0 ],1.10,1.30,1.10,1.10,21.55,15.44,0.00,0.00,0.00,0.00,0.00,0.00,0.00,0.00,0.00,0.00,0.00,0.00,-0.00,-0.00,0.00,0
2.77233,15,14,105,0,DRIVE [ 30 ] [ 1 ] [ 1237 1886 1896 ] [    0    0    0 ] [      0      0      0 ] [ 0 ],drive [ 29 ] [ 0 ] [ 1191 1901 1896 ] [   83    7   23 ] [  13416   6019   8455 ] [ 0 ],1.10,1.30,1.10,1.10,19.69,15.43,0.00,0.00,0.00,0.00,0.00,0.00,0.00,0.00,0.00,0.00,0.00,0.00,-0.00,-0.00,0.00,0
2.78247,14,14,103,0,DRIVE [ 30 ] [ 1 ] [ 1281 1870 1896 ] [    0    0    0 ] [      0      0      0 ] [ 0 ],drive [ 30 ] [ 0 ] [ 1237 1886 1896 ] [   83    7   23 ] [  13416   6019   8455 ] [ 0 ],1.10,1.30,1.10,1.10,17.85,15.45,0.00,0.00,0.00,0.00,0.00,0.00,0.00,0.00,0.00,0.00,0.00,0.00,-0.00,-0.00,0.00,0
2.79351,12,14,102,0,DRIVE [ 31 ] [ 1 ] [ 1324 1852 1896 ] [    0    0    0 ] [      0      0      0 ] [ 0 ],drive [ 30 ] [ 0 ] [ 1281 1870 1896 ] [   83    7   23 ] [  13416   6019   8455 ] [ 0 ],1.10,1.30,1.10,1.10,16.03,15.56,0.00,0.00,0.00,0.00,0.00,0.00,0.00,0.00,0.00,0.00,0.00,0.00,-0.00,-0.00,0.00,0
2.80536,11,14,100,0,DRIVE [ 31 ] [ 1 ] [ 1364 1834 1896 ] [    0    0    0 ] [      0      0      0 ] [ 0 ],drive [ 31 ] [ 0 ] [ 1324 1852 1896 ] [   83    7   23 ] [  13402   5953   8454 ] [ 0 ],1.10,1.30,1.10,1.10,14.27,15.77,0.00,0.00,0.00,0.00,0.00,0.00,0.00,0.00,0.00,0.00,0.00,0.00,-0.00,-0.00,0.00,0
2.81561,10,15,99,0,DRIVE [ 32 ] [ 1 ] [ 1401 1814 1896 ] [    0    0    0 ] [      0      0      0 ] [ 0 ],drive [ 31 ] [ 0 ] [ 1364 1834 1896 ] [   55   18   22 ] [  13402   5953   8454 ] [ 0 ],1.10,1.30,1.10,1.10,12.57,16.00,0.00,0.00,0.00,0.00,0.00,0.00,0.00,0.00,0.00,0.00,0.00,0.00,-0.00,-0.00,0.00,0
2.82541,8,15,98,0,DRIVE [ 32 ] [ 1 ] [ 1434 1794 1896 ] [    0    0    0 ] [      0      0      0 ] [ 0 ],drive [ 32 ] [ 0 ] [ 1401 1814 1896 ] [   55   18   22 ] [  13402   5953   8454 ] [ 0 ],1.10,1.30,1.10,1.10,10.99,16.31,0.00,0.00,0.00,0.00,0.00,0.00,0.00,0.00,0.00,0.00,0.00,0.00,-0.00,-0.00,0.00,0
2.83719,7,15,96,0,DRIVE [ 33 ] [ 1 ] [ 1461 1773 1896 ] [    0    0    0 ] [      0      0      0 ] [ 0 ],drive [ 32 ] [ 0 ] [ 1434 1794 1896 ] [   55   18   22 ] [  13402   5953   8454 ] [ 0 ],1.10,1.30,1.10,1.10,9.52,16.62,0.00,0.00,0.00,0.00,0.00,0.00,0.00,0.00,0.00,0.00,0.00,0.00,-0.00,-0.00,0.00,0
2.84935,6,15,95,0,DRIVE [ 33 ] [ 1 ] [ 1485 1752 1896 ] [    0    0    0 ] [      0      0      0 ] [ 0 ],drive [ 33 ] [ 0 ] [ 1461 1773 1896 ] [   55   18   22 ] [  13402   5953   8454 ] [ 0 ],1.10,1.30,1.10,1.10,8.13,16.95,0.00,0.00,0.00,0.00,0.00,0.00,0.00,0.00,0.00,0.00,0.00,0.00,-0.00,-0.00,0.00,0
2.86154,5,16,93,0,DRIVE [ 34 ] [ 1 ] [ 1504 1730 1896 ] [    0    0    0 ] [      0      0      0 ] [ 0 ],drive [ 33 ] [ 0 ] [ 1485 1752 1896 ] [   55   18   22 ] [  13341   5959   8453 ] [ 0 ],1.10,1.30,1.10,1.10,6.87,17.29,0.00,0.00,0.00,0.00,0.00,0.00,0.00,0.00,0.00,0.00,0.00,0.00,-0.00,-0.00,0.00,0
2.87351,4,16,92,0,DRIVE [ 34 ] [ 1 ] [ 1517 1709 1896 ] [    0    0    0 ] [      0      0      0 ] [ 0 ],drive [ 34 ] [ 0 ] [ 1504 1730 1896 ] [   47   18   22 ] [  13341   5959   8453 ] [ 0 ],1.10,1.30,1.10,1.10,5.75,17.68,0.00,0.00,0.00,0.00,0.00,0.00,0.00,0.00,0.00,0.00,0.00,0.00,-0.00,-0.00,0.00,0
2.88371,4,16,91,0,DRIVE [ 35 ] [ 1 ] [ 1527 1686 1896 ] [    0    0    0 ] [      0      0      0 ] [ 0 ],drive [ 34 ] [ 0 ] [ 1517 1709 1896 ] [   47   18   22 ] [  13341   5959   8453 ] [ 0 ],1.10,1.30,1.10,1.10,4.76,18.12,0.00,0.00,0.00,0.00,0.00,0.00,0.00,0.00,0.00,0.00,0.00,0.00,-0.00,-0.00,0.00,0
2.89357,3,17,89,0,DRIVE [ 35 ] [ 1 ] [ 1533 1666 1896 ] [    0    0    0 ] [      0      0      0 ] [ 0 ],drive [ 35 ] [ 0 ] [ 1527 1686 1896 ] [   47   18   22 ] [  13341   5959   8453 ] [ 0 ],1.10,1.30,1.10,1.10,3.91,18.50,0.00,0.00,0.00,0.00,0.00,0.00,0.00,0.00,0.00,0.00,0.00,0.00,-0.00,-0.00,0.00,0
2.90645,2,17,88,0,DRIVE [ 36 ] [ 1 ] [ 1537 1646 1896 ] [    0    0    0 ] [      0      0      0 ] [ 0 ],drive [ 35 ] [ 0 ] [ 1533 1666 1896 ] [   47   18   22 ] [  13149   6018   8453 ] [ 0 ],1.10,1.30,1.10,1.10,3.18,18.87,0.00,0.00,0.00,0.00,0.00,0.00,0.00,0.00,0.00,0.00,0.00,0.00,-0.00,-0.00,0.00,0
2.91809,2,17,87,0,DRIVE [ 36 ] [ 1 ] [ 1540 1627 1896 ] [    0    0    0 ] [      0      0      0 ] [ 0 ],drive [ 36 ] [ 0 ] [ 1537 1646 1896 ] [   48   23   22 ] [  13149   6018   8453 ] [ 0 ],1.10,1.30,1.10,1.10,2.49,19.17,0.00,0.00,0.00,0.00,0.00,0.00,0.00,0.00,0.00,0.00,0.00,0.00,-0.00,-0.00,0.00,0
2.93039,1,18,85,0,DRIVE [ 37 ] [ 1 ] [ 1544 1610 1896 ] [    0    0    0 ] [      0      0      0 ] [ 0 ],drive [ 36 ] [ 0 ] [ 1540 1627 1896 ] [   48   23   22 ] [  13149   6018   8453 ] [ 0 ],1.10,1.30,1.10,1.10,1.87,19.35,0.00,0.00,0.00,0.00,0.00,0.00,0.00,0.00,0.00,0.00,0.00,0.00,-0.00,-0.00,0.00,0
2.9411,1,18,84,0,DRIVE [ 37 ] [ 1 ] [ 1549 1596 1896 ] [    0    0    0 ] [      0      0      0 ] [ 0 ],drive [ 37 ] [ 0 ] [ 1544 1610 1896 ] [   48   23   22 ] [  13149   6018   8453 ] [ 0 ],1.10,1.30,1.10,1.10,1.32,19.38,0.00,0.00,0.00,0.00,0.00,0.00,0.00,0.00,0.00,0.00,0.00,0.00,-0.00,-0.00,0.00,0
2.95128,1,17,83,0,DRIVE [ 38 ] [ 1 ] [ 1557 1585 1896 ] [    0    0    0 ] [      0      0      0 ] [ 0 ],drive [ 37 ] [ 0 ] [ 1549 1596 1896 ] [   48   23   22 ] [  13130   6358   8430 ] [ 0 ],1.10,1.30,1.10,1.10,0.77,19.25,0.00,0.00,0.00,0.00,0.00,0.00,0.00,0.00,0.00,0.00,0.00,0.00,-0.00,-0.00,0.00,0
2.96108,0,17,82,0,DRIVE [ 38 ] [ 1 ] [ 1568 1574 1896 ] [    0    0    0 ] [      0      0      0 ] [ 0 ],drive [ 38 ] [ 0 ] [ 1557 1585 1896 ] [   48   23   22 ] [  13130   6358   8430 ] [ 0 ],1.10,1.30,1.10,1.10,0.17,19.00,0.00,0.00,0.00,0.00,0.00,0.00,0.00,0.00,0.00,0.00,0.00,0.00,-0.00,-0.00,0.00,0
2.97555,0,17,81,0,DRIVE [ 39 ] [ 1 ] [ 1580 1565 1896 ] [    0    0    0 ] [      0      0      0 ] [ 0 ],drive [ 38 ] [ 0 ] [ 1568 1574 1896 ] [   49   31   14 ] [  13130   6358   8430 ] [ 0 ],1.10,1.30,1.10,1.10,-0.39,18.66,0.00,0.00,0.00,0.00,0.00,0.00,0.00,0.00,0.00,0.00,0.00,0.00,0.00,-0.00,0.00,0
2.98578,-1,17,80,0,DRIVE [ 39 ] [ 1 ] [ 1592 1556 1896 ] [    0    0    0 ] [      0      0      0 ] [ 0 ],drive [ 39 ] [ 0 ] [ 1580 1565 1896 ] [   49   31   14 ] [  13130   6358   8430 ] [ 0 ],1.10,1.30,1.10,1.10,-0.96,18.32,0.00,0.00,0.00,0.00,0.00,0.00,0.00,0.00,0.00,0.00,0.00,0.00,0.00,-0.00,0.00,0
2.99688,-1,16,79,0,DRIVE [ 40 ] [ 1 ] [ 1606 1544 1896 ] [    0    0    0 ] [      0      0      0 ] [ 0 ],drive [ 39 ] [ 0 ] [ 1592 1556 1896 ] [   49   31   14 ] [  13130   6358   8430 ] [ 0 ],1.10,1.30,1.10,1.10,-1.61,17.97,0.00,0.00,0.00,0.00,0.00,0.00,0.00,0.00,0.00,0.00,0.00,0.00,0.00,-0.00,0.00,0
3.00656,-2,16,78,0,DRIVE [ 40 ] [ 1 ] [ 1621 1532 1896 ] [    0    0    0 ] [      0      0      0 ] [ 0 ],drive [ 40 ] [ 0 ] [ 1606 1544 1896 ] [   49   31   14 ] [  13105   6538   8415 ] [ 0 ],1.10,1.30,1.10,1.10,-2.29,17.59,0.00,0.00,0.00,0.00,0.00,0.00,0.00,0.00,0.00,0.00,0.00,0.00,0.00,0.00,0.00,0
3.01737,-3,16,77,0,DRIVE [ 41 ] [ 1 ] [ 1637 1520 1896 ] [    0    0    0 ] [      0      0      0 ] [ 0 ],drive [ 40 ] [ 0 ] [ 1621 1532 1896 ] [   28   37   14 ] [  13105   6538   8415 ] [ 0 ],1.10,1.30,1.10,1.10,-2.96,17.15,0.00,0.00,0.00,0.00,0.00,0.00,0.00,0.00,0.00,0.00,0.00,0.00,0.00,0.00,0.00,0
3.02911,-3,15,76,0,DRIVE [ 41 ] [ 1 ] [ 1653 1506 1896 ] [    0    0    0 ] [      0      0      0 ] [ 0 ],drive [ 41 ] [ 0 ] [ 1637 1520 1896 ] [   28   37   14 ] [  13105   6538   8415 ] [ 0 ],1.10,1.30,1.10,1.10,-3.67,16.70,0.00,0.00,0.00,0.00,0.00,0.00,0.00,0.00,0.00,0.00,0.00,0.00,0.00,0.00,0.00,0
3.04114,-4,15,75,0,DRIVE [ 42 ] [ 1 ] [ 1671 1492 1896 ] [    0    0    0 ] [      0      0      0 ] [ 0 ],drive [ 41 ] [ 0 ] [ 1653 1506 1896 ] [   28   37   14 ] [  13105   6538   8415 ] [ 0 ],1.10,1.30,1.10,1.10,-4.41,16.21,0.00,0.00,0.00,0.00,0.00,0.00,0.00,0.00,0.00,0.00,0.00,0.00,0.00,0.00,0.00,0
3.05317,-5,14,74,0,DRIVE [ 42 ] [ 1 ] [ 1690 1478 1896 ] [    0    0    0 ] [      0      0      0 ] [ 0 ],drive [ 42 ] [ 0 ] [ 1671 1492 1896 ] [   28   37   14 ] [  12979   6682   8415 ] [ 0 ],1.10,1.30,1.10,1.10,-5.12,15.63,0.00,0.00,0.00,0.00,0.00,0.00,0.00,0.00,0.00,0.00,0.00,0.00,0.00,0.00,0.00,0
3.06484,-5,14,73,0,DRIVE [ 43 ] [ 1 ] [ 1710 1466 1896 ] [    0    0    0 ] [      0      0      0 ] [ 0 ],drive [ 42 ] [ 0 ] [ 1690 1478 1896 ] [   28   37   14 ] [  12979   6682   8415 ] [ 0 ],1.10,1.30,1.10,1.10,-5.77,14.96,0.00,0.00,0.00,0.00,0.00,0.00,0.00,0.00,0.00,0.00,0.00,0.00,0.00,0.00,0.00,0
3.07463,-6,13,72,0,DRIVE [ 43 ] [ 1 ] [ 1728 1456 1896 ] [    0    0    0 ] [      0      0      0 ] [ 0 ],drive [ 43 ] [ 0 ] [ 1710 1466 1896 ] [   39   42   14 ] [  12979   6682   8415 ] [ 0 ],1.10,1.30,1.10,1.10,-6.33,14.27,0.00,0.00,0.00,0.00,0.00,0.00,0.00,0.00,0.00,0.00,0.00,0.00,0.00,0.00,0.00,0
3.08514,-6,12,71,0,DRIVE [ 44 ] [ 1 ] [ 1747 1452 1896 ] [    0    0    0 ] [      0      0      0 ] [ 0 ],drive [ 43 ] [ 0 ] [ 1728 1456 1896 ] [   39   42   14 ] [  12979   6682   8415 ] [ 0 ],1.10,1.30,1.10,1.10,-6.70,13.48,0.00,0.00,0.00,0.00,0.00,0.00,0.00,0.00,0.00,0.00,0.00,0.00,0.00,0.00,0.00,0
3.09707,-6,12,70,0,DRIVE [ 44 ] [ 1 ] [ 1763 1454 1896 ] [    0    0    0 ] [      0      0      0 ] [ 0 ],drive [ 44 ] [ 0 ] [ 1747 1452 1896 ] [   39   42   14 ] [  12979   6682   8415 ] [ 0 ],1.10,1.30,1.10,1.10,-6.93,12.66,0.00,0.00,0.00,0.00,0.00,0.00,0.00,0.00,0.00,0.00,0.00,0.00,0.00,0.00,0.00,0
3.10889,-6,11,70,0,DRIVE [ 45 ] [ 1 ] [ 1778 1459 1896 ] [    0    0    0 ] [      0      0      0 ] [ 0 ],drive [ 44 ] [ 0 ] [ 1763 1454 1896 ] [   39   42   14 ] [  12748   7058   8415 ] [ 0 ],1.10,1.30,1.10,1.10,-7.01,11.85,0.00,0.00,0.00,0.00,0.00,0.00,0.00,0.00,0.00,0.00,0.00,0.00,0.00,0.00,0.00,0
3.12127,-6,10,69,0,DRIVE [ 45 ] [ 1 ] [ 1790 1467 1896 ] [    0    0    0 ] [      0      0      0 ] [ 0 ],drive [ 45 ] [ 0 ] [ 1778 1459 1896 ] [   32   47   13 ] [  12748   7058   8415 ] [ 0 ],1.10,1.30,1.10,1.10,-6.98,11.12,0.00,0.00,0.00,0.00,0.00,0.00,0.00,0.00,0.00,0.00,0.00,0.00,0.00,0.00,0.00,0
3.13279,-6,9,68,0,DRIVE [ 46 ] [ 1 ] [ 1801 1479 1896 ] [    0    0    0 ] [      0      0      0 ] [ 0 ],drive [ 45 ] [ 0 ] [ 1790 1467 1896 ] [   32   47   13 ] [  12748   7058   8415 ] [ 0 ],1.10,1.30,1.10,1.10,-6.84,10.40,0.00,0.00,0.00,0.00,0.00,0.00,0.00,0.00,0.00,0.00,0.00,0.00,0.00,0.00,0.00,0
3.14214,-6,9,67,0,DRIVE [ 46 ] [ 1 ] [ 1809 1491 1896 ] [    0    0    0 ] [      0      0      0 ] [ 0 ],drive [ 46 ] [ 0 ] [ 1801 1479 1896 ] [   32   47   13 ] [  12748   7058   8415 ] [ 0 ],1.10,1.30,1.10,1.10,-6.66,9.76,0.00,0.00,0.00,0.00,0.00,0.00,0.00,0.00,0.00,0.00,0.00,0.00,0.00,-0.00,0.00,0
3.15297,-6,8,66,0,DRIVE [ 47 ] [ 1 ] [ 1816 1504 1896 ] [    0    0    0 ] [      0      0      0 ] [ 0 ],drive [ 46 ] [ 0 ] [ 1809 1491 1896 ] [   32   47   13 ] [  12465   7269   8415 ] [ 0 ],1.10,1.30,1.10,1.10,-6.43,9.17,0.00,0.00,0.00,0.00,0.00,0.00,0.00,0.00,0.00,0.00,0.00,0.00,0.00,-0.00,0.00,0
3.16473,-6,8,66,0,DRIVE [ 47 ] [ 1 ] [ 1823 1517 1896 ] [    0    0    0 ] [      0      0      0 ] [ 0 ],drive [ 47 ] [ 0 ] [ 1816 1504 1896 ] [   32   47   13 ] [  12465   7269   8415 ] [ 0 ],1.10,1.30,1.10,1.10,-6.20,8.62,0.00,0.00,0.00,0.00,0.00,0.00,0.00,0.00,0.00,0.00,0.00,0.00,0.00,-0.00,0.00,0
3.17679,-5,7,65,0,DRIVE [ 48 ] [ 1 ] [ 1828 1527 1896 ] [    0    0    0 ] [      0      0      0 ] [ 0 ],drive [ 47 ] [ 0 ] [ 1823 1517 1896 ] [   13   46   15 ] [  12465   7269   8415 ] [ 0 ],1.10,1.30,1.10,1.10,-6.00,8.17,0.00,0.00,0.00,0.00,0.00,0.00,0.00,0.00,0.00,0.00,0.00,0.00,0.00,-0.00,0.00,0
3.18955,-5,7,64,0,DRIVE [ 48 ] [ 1 ] [ 1832 1537 1896 ] [    0    0    0 ] [      0      0      0 ] [ 0 ],drive [ 48 ] [ 0 ] [ 1828 1527 1896 ] [   13   46   15 ] [  12465   7269   8415 ] [ 0 ],1.10,1.30,1.10,1.10,-5.79,7.78,0.00,0.00,0.00,0.00,0.00,0.00,0.00,0.00,0.00,0.00,0.00,0.00,0.00,-0.00,0.00,0
3.19887,-5,7,63,0,DRIVE [ 49 ] [ 1 ] [ 1835 1548 1896 ] [    0    0    0 ] [      0      0      0 ] [ 0 ],drive [ 48 ] [ 0 ] [ 1832 1537 1896 ] [   13   46   15 ] [  12465   7269   8415 ] [ 0 ],1.10,1.30,1.10,1.10,-5.56,7.40,0.00,0.00,0.00,0.00,0.00,0.00,0.00,0.00,0.00,0.00,0.00,0.00,0.00,-0.00,0.00,0
3.20889,-5,6,62,0,DRIVE [ 49 ] [ 1 ] [ 1836 1563 1896 ] [    0    0    0 ] [      0      0      0 ] [ 0 ],drive [ 49 ] [ 0 ] [ 1835 1548 1896 ] [   13   46   15 ] [  12312   7274   8417 ] [ 0 ],1.10,1.30,1.10,1.10,-5.22,7.07,0.00,0.00,0.00,0.00,0.00,0.00,0.00,0.00,0.00,0.00,0.00,0.00,0.00,-0.00,0.00,0
3.22184,-4,6,61,0,DRIVE [ 50 ] [ 1 ] [ 1835 1582 1896 ] [    0    0    0 ] [      0      0      0 ] [ 0 ],drive [ 49 ] [ 0 ] [ 1836 1563 1896 ] [    8   40   17 ] [  12312   7274   8417 ] [ 0 ],1.10,1.30,1.10,1.10,-4.80,6.76,0.00,0.00,0.00,0.00,0.00,0.00,0.00,0.00,0.00,0.00,0.00,0.00,0.00,-0.00,0.00,0
3.23283,-4,6,61,0,DRIVE [ 50 ] [ 1 ] [ 1832 1605 1896 ] [    0    0    0 ] [      0      0      0 ] [ 0 ],drive [ 50 ] [ 0 ] [ 1835 1582 1896 ] [    8   40   17 ] [  12312   7274   8417 ] [ 0 ],1.10,1.30,1.10,1.10,-4.26,6.47,0.00,0.00,0.00,0.00,0.00,0.00,0.00,0.00,0.00,0.00,0.00,0.00,0.00,-0.00,0.00,0
3.24475,-3,6,60,0,DRIVE [ 51 ] [ 1 ] [ 1825 1635 1896 ] [    0    0    0 ] [      0      0      0 ] [ 0 ],drive [ 50 ] [ 0 ] [ 1832 1605 1896 ] [    8   40   17 ] [  12312   7274   8417 ] [ 0 ],1.10,1.30,1.10,1.10,-3.57,6.22,0.00,0.00,0.00,0.00,0.00,0.00,0.00,0.00,0.00,0.00,0.00,0.00,0.00,-0.00,0.00,0
3.25732,-2,5,59,0,DRIVE [ 51 ] [ 1 ] [ 1815 1669 1896 ] [    0    0    0 ] [      0      0      0 ] [ 0 ],drive [ 51 ] [ 0 ] [ 1825 1635 1896 ] [    8   40   17 ] [  12162   7274   8422 ] [ 0 ],1.10,1.30,1.10,1.10,-2.75,5.99,0.00,0.00,0.00,0.00,0.00,0.00,0.00,0.00,0.00,0.00,0.00,0.00,0.00,-0.00,0.00,0
3.26649,-2,5,58,0,DRIVE [ 52 ] [ 1 ] [ 1801 1706 1896 ] [    0    0    0 ] [      0      0      0 ] [ 0 ],drive [ 51 ] [ 0 ] [ 1815 1669 1896 ] [   20   33   21 ] [  12162   7274   8422 ] [ 0 ],1.10,1.30,1.10,1.10,-1.78,5.77,0.00,0.00,0.00,0.00,0.00,0.00,0.00,0.00,0.00,0.00,0.00,0.00,0.00,-0.00,0.00,0
3.27691,-1,5,57,0,DRIVE [ 52 ] [ 1 ] [ 1781 1744 1896 ] [    0    0    0 ] [      0      0      0 ] [ 0 ],drive [ 52 ] [ 0 ] [ 1801 1706 1896 ] [   20   33   21 ] [  12162   7274   8422 ] [ 0 ],1.10,1.30,1.10,1.10,-0.69,5.57,0.00,0.00,0.00,0.00,0.00,0.00,0.00,0.00,0.00,0.00,0.00,0.00,0.00,-0.00,0.00,0
3.29,0,5,57,0,DRIVE [ 53 ] [ 1 ] [ 1750 1782 1896 ] [    0    0    0 ] [      0      0      0 ] [ 0 ],drive [ 52 ] [ 0 ] [ 1781 1744 1896 ] [   20   33   21 ] [  12162   7274   8422 ] [ 0 ],1.10,1.30,1.10,1.10,0.60,5.35,0.00,0.00,0.00,0.00,0.00,0.00,0.00,0.00,0.00,0.00,0.00,0.00,-0.00,-0.00,0.00,0
3.30111,2,5,56,0,DRIVE [ 53 ] [ 1 ] [ 1700 1820 1896 ] [    0    0    0 ] [      0      0      0 ] [ 0 ],drive [ 53 ] [ 0 ] [ 1750 1782 1896 ] [   20   33   21 ] [  12162   7274   8422 ] [ 0 ],1.10,1.30,1.10,1.10,2.13,5.12,0.00,0.00,0.00,0.00,0.00,0.00,0.00,0.00,0.00,0.00,0.00,0.00,-0.00,-0.00,0.00,0
3.31307,3,4,55,0,DRIVE [ 54 ] [ 1 ] [ 1630 1854 1896 ] [    0    0    0 ] [      0      0      0 ] [ 0 ],drive [ 53 ] [ 0 ] [ 1700 1820 1896 ] [   20   33   21 ] [  12060   7264   8428 ] [ 0 ],1.10,1.30,1.10,1.10,3.77,4.85,0.00,0.00,0.00,0.00,0.00,0.00,0.00,0.00,0.00,0.00,0.00,0.00,-0.00,-0.00,0.00,0
3.32357,4,4,54,0,DRIVE [ 54 ] [ 1 ] [ 1539 1889 1896 ] [    0    0    0 ] [      0      0      0 ] [ 0 ],drive [ 54 ] [ 0 ] [ 1630 1854 1896 ] [   30   16   21 ] [  12060   7264   8428 ] [ 0 ],1.10,1.30,1.10,1.10,5.48,4.55,0.00,0.00,0.00,0.00,0.00,0.00,0.00,0.00,0.00,0.00,0.00,0.00,-0.00,-0.00,0.00,0
3.33313,6,4,53,0,DRIVE [ 55 ] [ 1 ] [ 1467 1889 1888 ] [    0    0    0 ] [      0      0      0 ] [ 0 ],drive [ 54 ] [ 0 ] [ 1539 1889 1896 ] [   30   16   21 ] [  12060   7264   8428 ] [ 0 ],1.10,1.30,1.10,1.10,7.24,4.22,0.00,0.00,0.00,0.00,0.00,0.00,0.00,0.00,0.00,0.00,0.00,0.00,0.00,0.00,0.00,0
3.34497,7,4,53,0,DRIVE [ 55 ] [ 1 ] [ 1415 1889 1855 ] [    0    0    0 ] [      0      0      0 ] [ 0 ],drive [ 55 ] [ 0 ] [ 1467 1889 1888 ] [   30   16   21 ] [  12060   7264   8428 ] [ 0 ],1.10,1.30,1.10,1.10,9.00,3.91,0.00,0.00,0.00,0.00,0.00,0.00,0.00,0.00,0.00,0.00,0.00,0.00,0.00,0.00,0.00,0
3.35833,8,3,52,0,DRIVE [ 56 ] [ 1 ] [ 1362 1889 1821 ] [    0    0    0 ] [      0      0      0 ] [ 0 ],drive [ 55 ] [ 0 ] [ 1415 1889 1855 ] [   30   16   21 ] [  12175   7137   8428 ] [ 0 ],1.10,1.30,1.10,1.10,10.71,3.54,0.00,0.00,0.00,0.00,0.00,0.00,0.00,0.00,0.00,0.00,0.00,0.00,0.00,0.00,0.00,0
3.37009,9,3,51,0,DRIVE [ 56 ] [ 1 ] [ 1311 1889 1787 ] [    0    0    0 ] [      0      0      0 ] [ 0 ],drive [ 56 ] [ 0 ] [ 1362 1889 1821 ] [   54    8   26 ] [  12175   7137   8428 ] [ 0 ],1.10,1.30,1.10,1.10,12.29,3.13,0.00,0.00,0.00,0.00,0.00,0.00,0.00,0.00,0.00,0.00,0.00,0.00,0.00,0.00,0.00,0
3.38594,11,2,51,0,DRIVE [ 57 ] [ 1 ] [ 1268 1889 1754 ] [    0    0    0 ] [      0      0      0 ] [ 0 ],drive [ 56 ] [ 0 ] [ 1311 1889 1787 ] [   54    8   26 ] [  12175   7137   8428 ] [ 0 ],1.10,1.30,1.10,1.10,13.68,2.66,0.00,0.00,0.00,0.00,0.00,0.00,0.00,0.00,0.00,0.00,0.00,0.00,0.00,0.00,0.00,0
3.39577,11,2,50,0,DRIVE [ 57 ] [ 1 ] [ 1230 1889 1720 ] [    0    0    0 ] [      0      0      0 ] [ 0 ],drive [ 57 ] [ 0 ] [ 1268 1889 1754 ] [   54    8   26 ] [  12175   7137   8428 ] [ 0 ],1.10,1.30,1.10,1.10,14.94,2.11,0.00,0.00,0.00,0.00,0.00,0.00,0.00,0.00,0.00,0.00,0.00,0.00,0.00,0.00,0.00,0
3.40582,12,1,49,0,DRIVE [ 58 ] [ 1 ] [ 1197 1889 1684 ] [    0    0    0 ] [      0      0      0 ] [ 0 ],drive [ 57 ] [ 0 ] [ 1230 1889 1720 ] [   54    8   26 ] [  12828   6881   8436 ] [ 0 ],1.10,1.30,1.10,1.10,16.08,1.48,0.00,0.00,0.00,0.00,0.00,0.00,0.00,0.00,0.00,0.00,0.00,0.00,0.00,0.00,0.00,0
3.41587,13,1,49,0,DRIVE [ 58 ] [ 1 ] [ 1164 1889 1647 ] [    0    0    0 ] [      0      0      0 ] [ 0 ],drive [ 58 ] [ 0 ] [ 1197 1889 1684 ] [   65   12   38 ] [  12828   6881   8436 ] [ 0 ],1.10,1.30,1.10,1.10,17.21,0.81,0.00,0.00,0.00,0.00,0.00,0.00,0.00,0.00,0.00,0.00,0.00,0.00,0.00,0.00,0.00,0
3.42557,14,0,48,0,DRIVE [ 59 ] [ 1 ] [ 1129 1889 1609 ] [    0    0    0 ] [      0      0      0 ] [ 0 ],drive [ 58 ] [ 0 ] [ 1164 1889 1647 ] [   65   12   38 ] [  12828   6881   8436 ] [ 0 ],1.10,1.30,1.10,1.10,18.35,0.15,0.00,0.00,0.00,0.00,0.00,0.00,0.00,0.00,0.00,0.00,0.00,0.00,0.00,0.00,0.00,0
3.43707,15,0,47,1,DRIVE [ 59 ] [ 1 ] [ 1096 1889 1573 ] [    0    0    0 ] [      0      0      0 ] [ 0 ],drive [ 59 ] [ 0 ] [ 1129 1889 1609 ] [   65   12   38 ] [  12828   6881   8436 ] [ 0 ],1.10,1.30,1.10,1.10,19.43,-0.46,0.00,0.00,0.00,0.00,0.00,0.00,0.00,0.00,0.00,0.00,0.00,0.00,0.00,0.00,0.00,0
