timestamp,Xmm,Ymm,Zmm,TouchDetected,OutgoingPacket,IncomingPacket,GainPropAb, GainPropAd, GainPropFl, GainPropEx,PropA, PropB, PropC,GainIntegAb, GainIntegAd, GainIntegFl, GainIntegEx,IntegA, IntegB, IntegC,GainDerivAb, GainDerivAd, GainDerivFl, GainDerivEx,DerivA, DerivB, DerivC,Heading5
0.128325,152,-41,372,0,DRIVE [ 33 ] [ 1 ] [ 1896 1765 1898 ] [    0    0    0 ] [      0      0      0 ] [ 0 ],drive [ 32 ] [ 0 ] [ 1905 1765 1905 ] [  165  181  116 ] [  12876  10913  10093 ] [ 2 ],1.00,1.00,1.20,1.40,151.92,-49.25,0.00,0.00,0.00,0.00,0.00,0.00,0.00,0.00,0.00,0.00,0.00,0.00,0.00,0.00,0.00,0
0.140908,160,-43,378,0,DRIVE [ 33 ] [ 1 ] [ 1886 1765 1891 ] [    0    0    0 ] [      0      0      0 ] [ 0 ],drive [ 33 ] [ 0 ] [ 1896 1765 1898 ] [  178  185  141 ] [  12876  10913  10093 ] [ 0 ],1.00,1.00,1.20,1.40,159.63,-51.06,0.00,0.00,0.00,0.00,0.00,0.00,0.00,0.00,0.00,0.00,0.00,0.00,0.00,0.00,0.00,0
0.154395,156,-40,371,0,DRIVE [ 34 ] [ 1 ] [ 1877 1765 1885 ] [    0    0    0 ] [      0      0      0 ] [ 0 ],drive [ 33 ] [ 0 ] [ 1886 1765 1891 ] [  178  185  141 ] [  12876  10913  10093 ] [ 0 ],1.00,1.00,1.20,1.40,155.88,-48.41,0.00,0.00,0.00,0.00,0.00,0.00,0.00,0.00,0.00,0.00,0.00,0.00,-0.00,0.00,0.00,0
0.166643,158,-41,376,0,DRIVE [ 34 ] [ 1 ] [ 1866 1765 1877 ] [    0    0    0 ] [      0      0      0 ] [ 0 ],drive [ 34 ] [ 0 ] [ 1877 1765 1885 ] [  178  185  141 ] [  12876  10913  10093 ] [ 0 ],1.00,1.00,1.20,1.40,158.34,-49.73,0.00,0.00,0.00,0.00,0.00,0.00,0.00,0.00,0.00,0.00,0.00,0.00,0.00,0.00,0.00,0
0.179364,160,-41,376,0,DRIVE [ 35 ] [ 1 ] [ 1857 1765 1871 ] [    0    0    0 ] [      0      0      0 ] [ 0 ],drive [ 34 ] [ 0 ] [ 1866 1765 1877 ] [  178  185  141 ] [  12304  10460   9538 ] [ 0 ],1.00,1.00,1.20,1.40,159.54,-48.90,0.00,0.00,0.00,0.00,0.00,0.00,0.00,0.00,0.00,0.00,0.00,0.00,0.00,0.00,0.00,0
0.192059,159,-41,372,0,DRIVE [ 35 ] [ 1 ] [ 1847 1765 1863 ] [    0    0    0 ] [      0      0      0 ] [ 0 ],drive [ 35 ] [ 0 ] [ 1857 1765 1871 ] [    5   19    4 ] [  12304  10460   9538 ] [ 0 ],1.00,1.00,1.20,1.40,159.32,-49.78,0.00,0.00,0.00,0.00,0.00,0.00,0.00,0.00,0.00,0.00,0.00,0.00,0.00,0.00,0.00,0
0.205227,158,-42,368,0,DRIVE [ 36 ] [ 1 ] [ 1837 1765 1856 ] [    0    0    0 ] [      0      0      0 ] [ 0 ],drive [ 35 ] [ 0 ] [ 1847 1765 1863 ] [    5   19    4 ] [  12304  10460   9538 ] [ 0 ],1.00,1.00,1.20,1.40,157.54,-50.50,0.00,0.00,0.00,0.00,0.00,0.00,0.00,0.00,0.00,0.00,0.00,0.00,-0.00,0.00,0.00,0
0.217215,157,-42,366,0,DRIVE [ 36 ] [ 1 ] [ 1827 1765 1848 ] [    0    0    0 ] [      0      0      0 ] [ 0 ],drive [ 36 ] [ 0 ] [ 1837 1765 1856 ] [    5   19    4 ] [  12304  10460   9538 ] [ 0 ],1.00,1.00,1.20,1.40,157.44,-50.93,0.00,0.00,0.00,0.00,0.00,0.00,0.00,0.00,0.00,0.00,0.00,0.00,-0.00,0.00,0.00,0
0.231122,159,-42,365,0,DRIVE [ 37 ] [ 1 ] [ 1817 1765 1841 ] [    0    0    0 ] [      0      0      0 ] [ 0 ],drive [ 36 ] [ 0 ] [ 1827 1765 1848 ] [    5   19    4 ] [  12013  10329   9431 ] [ 0 ],1.00,1.00,1.20,1.40,158.56,-50.59,0.00,0.00,0.00,0.00,0.00,0.00,0.00,0.00,0.00,0.00,0.00,0.00,0.00,0.00,0.00,0
0.24385,160,-42,363,0,DRIVE [ 37 ] [ 1 ] [ 1805 1765 1832 ] [    0    0    0 ] [      0      0      0 ] [ 0 ],drive [ 37 ] [ 0 ] [ 1817 1765 1841 ] [   14   15   22 ] [  12013  10329   9431 ] [ 0 ],1.00,1.00,1.20,1.40,159.62,-50.44,0.00,0.00,0.00,0.00,0.00,0.00,0.00,0.00,0.00,0.00,0.00,0.00,0.00,0.00,0.00,0
0.255883,160,-42,359,0,DRIVE [ 38 ] [ 1 ] [ 1793 1765 1824 ] [    0    0    0 ] [      0      0      0 ] [ 0 ],drive [ 37 ] [ 0 ] [ 1805 1765 1832 ] [   14   15   22 ] [  12013  10329   9431 ] [ 0 ],1.00,1.00,1.20,1.40,159.77,-50.45,0.00,0.00,0.00,0.00,0.00,0.00,0.00,0.00,0.00,0.00,0.00,0.00,0.00,0.00,0.00,0
0.268986,160,-42,356,0,DRIVE [ 38 ] [ 1 ] [ 1782 1765 1816 ] [    0    0    0 ] [      0      0      0 ] [ 0 ],drive [ 38 ] [ 0 ] [ 1793 1765 1824 ] [   14   15   22 ] [  12013  10329   9431 ] [ 0 ],1.00,1.00,1.20,1.40,160.27,-50.25,0.00,0.00,0.00,0.00,0.00,0.00,0.00,0.00,0.00,0.00,0.00,0.00,0.00,0.00,0.00,0
0.282022,162,-41,352,0,DRIVE [ 39 ] [ 1 ] [ 1769 1765 1808 ] [    0    0    0 ] [      0      0      0 ] [ 0 ],drive [ 38 ] [ 0 ] [ 1782 1765 1816 ] [   14   15   22 ] [  12023  10326   9451 ] [ 0 ],1.00,1.00,1.20,1.40,161.54,-49.70,0.00,0.00,0.00,0.00,0.00,0.00,0.00,0.00,0.00,0.00,0.00,0.00,0.00,0.00,0.00,0
0.294837,163,-41,349,0,DRIVE [ 39 ] [ 1 ] [ 1756 1765 1799 ] [    0    0    0 ] [      0      0      0 ] [ 0 ],drive [ 39 ] [ 0 ] [ 1769 1765 1808 ] [   14   16   25 ] [  12023  10326   9451 ] [ 0 ],1.00,1.00,1.20,1.40,162.80,-49.42,0.00,0.00,0.00,0.00,0.00,0.00,0.00,0.00,0.00,0.00,0.00,0.00,0.00,0.00,0.00,0
0.307805,164,-41,346,0,DRIVE [ 40 ] [ 1 ] [ 1742 1765 1790 ] [    0    0    0 ] [      0      0      0 ] [ 0 ],drive [ 39 ] [ 0 ] [ 1756 1765 1799 ] [   14   16   25 ] [  12023  10326   9451 ] [ 0 ],1.00,1.00,1.20,1.40,164.20,-49.00,0.00,0.00,0.00,0.00,0.00,0.00,0.00,0.00,0.00,0.00,0.00,0.00,0.00,0.00,0.00,0
0.319897,165,-40,343,0,DRIVE [ 40 ] [ 1 ] [ 1727 1765 1781 ] [    0    0    0 ] [      0      0      0 ] [ 0 ],drive [ 40 ] [ 0 ] [ 1742 1765 1790 ] [   14   16   25 ] [  12023  10326   9451 ] [ 0 ],1.00,1.00,1.20,1.40,165.39,-48.40,0.00,0.00,0.00,0.00,0.00,0.00,0.00,0.00,0.00,0.00,0.00,0.00,0.00,0.00,0.00,0
0.332677,166,-40,339,0,DRIVE [ 41 ] [ 1 ] [ 1713 1765 1773 ] [    0    0    0 ] [      0      0      0 ] [ 0 ],drive [ 40 ] [ 0 ] [ 1727 1765 1781 ] [   14   16   25 ] [  12037  10322   9453 ] [ 0 ],1.00,1.00,1.20,1.40,166.50,-47.74,0.00,0.00,0.00,0.00,0.00,0.00,0.00,0.00,0.00,0.00,0.00,0.00,0.00,0.00,0.00,0
0.345383,169,-39,336,0,DRIVE [ 41 ] [ 1 ] [ 1697 1765 1763 ] [    0    0    0 ] [      0      0      0 ] [ 0 ],drive [ 41 ] [ 0 ] [ 1713 1765 1773 ] [   21   16   29 ] [  12037  10322   9453 ] [ 0 ],1.00,1.00,1.20,1.40,168.89,-47.17,0.00,0.00,0.00,0.00,0.00,0.00,0.00,0.00,0.00,0.00,0.00,0.00,0.00,0.00,0.00,0
0.357959,171,-39,332,0,DRIVE [ 42 ] [ 1 ] [ 1679 1765 1754 ] [    0    0    0 ] [      0      0      0 ] [ 0 ],drive [ 41 ] [ 0 ] [ 1697 1765 1763 ] [   21   16   29 ] [  12037  10322   9453 ] [ 0 ],1.00,1.00,1.20,1.40,170.71,-46.46,0.00,0.00,0.00,0.00,0.00,0.00,0.00,0.00,0.00,0.00,0.00,0.00,0.00,0.00,0.00,0
0.371497,173,-38,329,0,DRIVE [ 42 ] [ 1 ] [ 1662 1765 1744 ] [    0    0    0 ] [      0      0      0 ] [ 0 ],drive [ 42 ] [ 0 ] [ 1679 1765 1754 ] [   21   16   29 ] [  12037  10322   9453 ] [ 0 ],1.00,1.00,1.20,1.40,173.30,-45.84,0.00,0.00,0.00,0.00,0.00,0.00,0.00,0.00,0.00,0.00,0.00,0.00,0.00,0.00,0.00,0
0.384259,176,-38,327,0,DRIVE [ 43 ] [ 1 ] [ 1643 1765 1734 ] [    0    0    0 ] [      0      0      0 ] [ 0 ],drive [ 42 ] [ 0 ] [ 1662 1765 1744 ] [   21   16   29 ] [  12086  10295   9501 ] [ 0 ],1.00,1.00,1.20,1.40,175.57,-45.01,0.00,0.00,0.00,0.00,0.00,0.00,0.00,0.00,0.00,0.00,0.00,0.00,0.00,0.00,0.00,0
0.397109,177,-37,323,0,DRIVE [ 43 ] [ 1 ] [ 1623 1765 1724 ] [    0    0    0 ] [      0      0      0 ] [ 0 ],drive [ 43 ] [ 0 ] [ 1643 1765 1734 ] [   35   29   28 ] [  12086  10295   9501 ] [ 0 ],1.00,1.00,1.20,1.40,177.04,-43.84,0.00,0.00,0.00,0.00,0.00,0.00,0.00,0.00,0.00,0.00,0.00,0.00,0.00,0.00,0.00,0
0.409765,179,-36,320,0,DRIVE [ 44 ] [ 1 ] [ 1603 1765 1714 ] [    0    0    0 ] [      0      0      0 ] [ 0 ],drive [ 43 ] [ 0 ] [ 1623 1765 1724 ] [   35   29   28 ] [  12086  10295   9501 ] [ 0 ],1.00,1.00,1.20,1.40,179.39,-42.77,0.00,0.00,0.00,0.00,0.00,0.00,0.00,0.00,0.00,0.00,0.00,0.00,0.00,0.00,0.00,0
0.4222,181,-34,316,0,DRIVE [ 44 ] [ 1 ] [ 1582 1765 1705 ] [    0    0    0 ] [      0      0      0 ] [ 0 ],drive [ 44 ] [ 0 ] [ 1603 1765 1714 ] [   35   29   28 ] [  12086  10295   9501 ] [ 0 ],1.00,1.00,1.20,1.40,181.25,-41.33,0.00,0.00,0.00,0.00,0.00,0.00,0.00,0.00,0.00,0.00,0.00,0.00,0.00,0.00,0.00,0
0.434408,183,-33,312,0,DRIVE [ 45 ] [ 1 ] [ 1561 1765 1696 ] [    0    0    0 ] [      0      0      0 ] [ 0 ],drive [ 44 ] [ 0 ] [ 1582 1765 1705 ] [   35   29   28 ] [  12153  10281   9588 ] [ 0 ],1.00,1.00,1.20,1.40,182.58,-39.74,0.00,0.00,0.00,0.00,0.00,0.00,0.00,0.00,0.00,0.00,0.00,0.00,0.00,0.00,0.00,0
0.447064,184,-32,309,0,DRIVE [ 45 ] [ 1 ] [ 1539 1765 1687 ] [    0    0    0 ] [      0      0      0 ] [ 0 ],drive [ 45 ] [ 0 ] [ 1561 1765 1696 ] [   43   35   35 ] [  12153  10281   9588 ] [ 0 ],1.00,1.00,1.20,1.40,184.43,-38.14,0.00,0.00,0.00,0.00,0.00,0.00,0.00,0.00,0.00,0.00,0.00,0.00,0.00,0.00,0.00,0
0.459764,187,-30,305,0,DRIVE [ 46 ] [ 1 ] [ 1512 1765 1677 ] [    0    0    0 ] [      0      0      0 ] [ 0 ],drive [ 45 ] [ 0 ] [ 1539 1765 1687 ] [   43   35   35 ] [  12153  10281   9588 ] [ 0 ],1.00,1.00,1.20,1.40,186.61,-35.96,0.00,0.00,0.00,0.00,0.00,0.00,0.00,0.00,0.00,0.00,0.00,0.00,0.00,0.00,0.00,0
0.472241,189,-28,301,0,DRIVE [ 46 ] [ 1 ] [ 1486 1765 1668 ] [    0    0    0 ] [      0      0      0 ] [ 0 ],drive [ 46 ] [ 0 ] [ 1512 1765 1677 ] [   43   35   35 ] [  12153  10281   9588 ] [ 0 ],1.00,1.00,1.20,1.40,188.70,-33.89,0.00,0.00,0.00,0.00,0.00,0.00,0.00,0.00,0.00,0.00,0.00,0.00,0.00,0.00,0.00,0
0.484478,191,-27,298,0,DRIVE [ 47 ] [ 1 ] [ 1460 1765 1659 ] [    0    0    0 ] [      0      0      0 ] [ 0 ],drive [ 46 ] [ 0 ] [ 1486 1765 1668 ] [   43   35   35 ] [  12381  10249   9638 ] [ 0 ],1.00,1.00,1.20,1.40,190.92,-32.03,0.00,0.00,0.00,0.00,0.00,0.00,0.00,0.00,0.00,0.00,0.00,0.00,0.00,0.00,0.00,0
0.497174,192,-25,294,0,DRIVE [ 47 ] [ 1 ] [ 1434 1765 1650 ] [    0    0    0 ] [      0      0      0 ] [ 0 ],drive [ 47 ] [ 0 ] [ 1460 1765 1659 ] [   60   14   26 ] [  12381  10249   9638 ] [ 0 ],1.00,1.00,1.20,1.40,192.30,-30.24,0.00,0.00,0.00,0.00,0.00,0.00,0.00,0.00,0.00,0.00,0.00,0.00,0.00,0.00,0.00,0
0.509915,194,-24,292,0,DRIVE [ 48 ] [ 1 ] [ 1408 1765 1641 ] [    0    0    0 ] [      0      0      0 ] [ 0 ],drive [ 47 ] [ 0 ] [ 1434 1765 1650 ] [   60   14   26 ] [  12381  10249   9638 ] [ 0 ],1.00,1.00,1.20,1.40,194.34,-28.65,0.00,0.00,0.00,0.00,0.00,0.00,0.00,0.00,0.00,0.00,0.00,0.00,0.00,0.00,0.00,0
0.521951,195,-22,288,0,DRIVE [ 48 ] [ 1 ] [ 1382 1765 1633 ] [    0    0    0 ] [      0      0      0 ] [ 0 ],drive [ 48 ] [ 0 ] [ 1408 1765 1641 ] [   60   14   26 ] [  12381  10249   9638 ] [ 0 ],1.00,1.00,1.20,1.40,195.05,-26.83,0.00,0.00,0.00,0.00,0.00,0.00,0.00,0.00,0.00,0.00,0.00,0.00,0.00,0.00,0.00,0
0.534538,196,-21,285,0,DRIVE [ 49 ] [ 1 ] [ 1357 1765 1625 ] [    0    0    0 ] [      0      0      0 ] [ 0 ],drive [ 48 ] [ 0 ] [ 1382 1765 1633 ] [   60   14   26 ] [  12783  10052   9640 ] [ 0 ],1.00,1.00,1.20,1.40,195.59,-24.98,0.00,0.00,0.00,0.00,0.00,0.00,0.00,0.00,0.00,0.00,0.00,0.00,0.00,0.00,0.00,0
0.547046,196,-19,282,0,DRIVE [ 49 ] [ 1 ] [ 1331 1765 1618 ] [    0    0    0 ] [      0      0      0 ] [ 0 ],drive [ 49 ] [ 0 ] [ 1357 1765 1625 ] [   52   34   28 ] [  12783  10052   9640 ] [ 0 ],1.00,1.00,1.20,1.40,196.15,-23.09,0.00,0.00,0.00,0.00,0.00,0.00,0.00,0.00,0.00,0.00,0.00,0.00,0.00,0.00,0.00,0
0.559411,197,-17,280,0,DRIVE [ 50 ] [ 1 ] [ 1305 1765 1612 ] [    0    0    0 ] [      0      0      0 ] [ 0 ],drive [ 49 ] [ 0 ] [ 1331 1765 1618 ] [   52   34   28 ] [  12783  10052   9640 ] [ 0 ],1.00,1.00,1.20,1.40,197.31,-20.98,0.00,0.00,0.00,0.00,0.00,0.00,0.00,0.00,0.00,0.00,0.00,0.00,0.00,0.00,0.00,0
0.572887,197,-15,276,0,DRIVE [ 50 ] [ 1 ] [ 1274 1765 1607 ] [    0    0    0 ] [      0      0      0 ] [ 0 ],drive [ 50 ] [ 0 ] [ 1305 1765 1612 ] [   52   34   28 ] [  12783  10052   9640 ] [ 0 ],1.00,1.00,1.20,1.40,197.44,-17.69,0.00,0.00,0.00,0.00,0.00,0.00,0.00,0.00,0.00,0.00,0.00,0.00,0.00,0.00,0.00,0
0.584724,199,-12,273,0,DRIVE [ 51 ] [ 1 ] [ 1239 1765 1601 ] [    0    0    0 ] [      0      0      0 ] [ 0 ],drive [ 50 ] [ 0 ] [ 1274 1765 1607 ] [   52   34   28 ] [  12895  10003   9658 ] [ 0 ],1.00,1.00,1.20,1.40,198.84,-14.63,0.00,0.00,0.00,0.00,0.00,0.00,0.00,0.00,0.00,0.00,0.00,0.00,0.00,0.00,0.00,0
0.597121,200,-10,269,0,DRIVE [ 51 ] [ 1 ] [ 1206 1765 1596 ] [    0    0    0 ] [      0      0      0 ] [ 0 ],drive [ 51 ] [ 0 ] [ 1239 1765 1601 ] [   80   34   30 ] [  12895  10003   9658 ] [ 0 ],1.00,1.00,1.20,1.40,199.61,-11.80,0.00,0.00,0.00,0.00,0.00,0.00,0.00,0.00,0.00,0.00,0.00,0.00,0.00,0.00,0.00,0
0.609368,200,-8,265,0,DRIVE [ 52 ] [ 1 ] [ 1172 1765 1589 ] [    0    0    0 ] [      0      0      0 ] [ 0 ],drive [ 51 ] [ 0 ] [ 1206 1765 1596 ] [   80   34   30 ] [  12895  10003   9658 ] [ 0 ],1.00,1.00,1.20,1.40,200.26,-9.19,0.00,0.00,0.00,0.00,0.00,0.00,0.00,0.00,0.00,0.00,0.00,0.00,0.00,0.00,0.00,0
0.621723,201,-6,262,0,DRIVE [ 52 ] [ 1 ] [ 1138 1765 1583 ] [    0    0    0 ] [      0      0      0 ] [ 0 ],drive [ 52 ] [ 0 ] [ 1172 1765 1589 ] [   80   34   30 ] [  12895  10003   9658 ] [ 0 ],1.00,1.00,1.20,1.40,201.29,-6.92,0.00,0.00,0.00,0.00,0.00,0.00,0.00,0.00,0.00,0.00,0.00,0.00,0.00,0.00,0.00,0
0.633431,202,-4,259,0,DRIVE [ 53 ] [ 1 ] [ 1104 1765 1577 ] [    0    0    0 ] [      0      0      0 ] [ 0 ],drive [ 52 ] [ 0 ] [ 1138 1765 1583 ] [   80   34   30 ] [  13114   9797   9661 ] [ 0 ],1.00,1.00,1.20,1.40,202.06,-4.64,0.00,0.00,0.00,0.00,0.00,0.00,0.00,0.00,0.00,0.00,0.00,0.00,0.00,0.00,0.00,0
0.645707,203,-2,256,0,DRIVE [ 53 ] [ 1 ] [ 1071 1765 1572 ] [    0    0    0 ] [      0      0      0 ] [ 0 ],drive [ 53 ] [ 0 ] [ 1104 1765 1577 ] [   96   34   32 ] [  13114   9797   9661 ] [ 0 ],1.00,1.00,1.20,1.40,202.51,-2.39,0.00,0.00,0.00,0.00,0.00,0.00,0.00,0.00,0.00,0.00,0.00,0.00,0.00,0.00,0.00,0
0.657999,203,0,252,0,DRIVE [ 54 ] [ 1 ] [ 1037 1765 1567 ] [    0    0    0 ] [      0      0      0 ] [ 0 ],drive [ 53 ] [ 0 ] [ 1071 1765 1572 ] [   96   34   32 ] [  13114   9797   9661 ] [ 0 ],1.00,1.00,1.20,1.40,202.70,-0.23,0.00,0.00,0.00,0.00,0.00,0.00,0.00,0.00,0.00,0.00,0.00,0.00,0.00,0.00,0.00,0
0.670707,204,2,249,0,DRIVE [ 54 ] [ 1 ] [ 1005 1765 1561 ] [    0    0    0 ] [      0      0      0 ] [ 0 ],drive [ 54 ] [ 0 ] [ 1037 1765 1567 ] [   96   34   32 ] [  13114   9797   9661 ] [ 0 ],1.00,1.00,1.20,1.40,203.66,2.11,0.00,0.00,0.00,0.00,0.00,0.00,0.00,0.00,0.00,0.00,0.00,0.00,0.00,0.00,0.00,0
0.682435,204,3,246,0,DRIVE [ 55 ] [ 1 ] [ 1005 1765 1555 ] [    0    0    0 ] [      0      0      0 ] [ 0 ],drive [ 54 ] [ 0 ] [ 1005 1765 1561 ] [   96   34   32 ] [  13540   9656   9661 ] [ 0 ],1.00,1.00,1.20,1.40,204.26,3.98,0.00,0.00,0.00,0.00,0.00,0.00,0.00,0.00,0.00,0.00,0.00,0.00,0.00,0.00,0.00,0
0.69471,204,4,243,0,DRIVE [ 55 ] [ 1 ] [ 1005 1765 1548 ] [    0    0    0 ] [      0      0      0 ] [ 0 ],drive [ 55 ] [ 0 ] [ 1005 1765 1555 ] [   99   22   35 ] [  13540   9656   9661 ] [ 0 ],1.00,1.00,1.20,1.40,204.35,5.21,0.00,0.00,0.00,0.00,0.00,0.00,0.00,0.00,0.00,0.00,0.00,0.00,0.00,0.00,0.00,0
0.706703,204,4,241,0,DRIVE [ 56 ] [ 1 ] [ 1005 1765 1542 ] [    0    0    0 ] [      0      0      0 ] [ 0 ],drive [ 55 ] [ 0 ] [ 1005 1765 1548 ] [   99   22   35 ] [  13540   9656   9661 ] [ 0 ],1.00,1.00,1.20,1.40,203.76,5.96,0.00,0.00,0.00,0.00,0.00,0.00,0.00,0.00,0.00,0.00,0.00,0.00,0.00,0.00,0.00,0
0.718277,204,5,240,0,DRIVE [ 56 ] [ 1 ] [ 1005 1765 1536 ] [    0    0    0 ] [      0      0      0 ] [ 0 ],drive [ 56 ] [ 0 ] [ 1005 1765 1542 ] [   99   22   35 ] [  13540   9656   9661 ] [ 0 ],1.00,1.00,1.20,1.40,203.71,6.68,0.00,0.00,0.00,0.00,0.00,0.00,0.00,0.00,0.00,0.00,0.00,0.00,0.00,0.00,0.00,0
0.730248,203,5,238,0,DRIVE [ 57 ] [ 1 ] [ 1005 1765 1533 ] [    0    0    0 ] [      0      0      0 ] [ 0 ],drive [ 56 ] [ 0 ] [ 1005 1765 1536 ] [   99   22   35 ] [  14211   9376   9651 ] [ 0 ],1.00,1.00,1.20,1.40,202.92,7.49,0.00,0.00,0.00,0.00,0.00,0.00,0.00,0.00,0.00,0.00,0.00,0.00,0.00,0.00,0.00,0
0.742215,202,6,237,0,DRIVE [ 57 ] [ 1 ] [ 1005 1765 1529 ] [    0    0    0 ] [      0      0      0 ] [ 0 ],drive [ 57 ] [ 0 ] [ 1005 1765 1533 ] [   85   24   34 ] [  14211   9376   9651 ] [ 0 ],1.00,1.00,1.20,1.40,201.53,8.04,0.00,0.00,0.00,0.00,0.00,0.00,0.00,0.00,0.00,0.00,0.00,0.00,0.00,0.00,0.00,0
0.754306,201,6,236,0,DRIVE [ 58 ] [ 1 ] [ 1005 1765 1524 ] [    0    0    0 ] [      0      0      0 ] [ 0 ],drive [ 57 ] [ 0 ] [ 1005 1765 1529 ] [   85   24   34 ] [  14211   9376   9651 ] [ 0 ],1.00,1.00,1.20,1.40,200.53,8.33,0.00,0.00,0.00,0.00,0.00,0.00,0.00,0.00,0.00,0.00,0.00,0.00,0.00,0.00,0.00,0
0.766342,199,6,234,0,DRIVE [ 58 ] [ 1 ] [ 1005 1765 1519 ] [    0    0    0 ] [      0      0      0 ] [ 0 ],drive [ 58 ] [ 0 ] [ 1005 1765 1524 ] [   85   24   34 ] [  14211   9376   9651 ] [ 0 ],1.00,1.00,1.20,1.40,198.55,8.37,0.00,0.00,0.00,0.00,0.00,0.00,0.00,0.00,0.00,0.00,0.00,0.00,0.00,0.00,0.00,0
0.778789,196,6,232,0,DRIVE [ 59 ] [ 1 ] [ 1005 1765 1513 ] [    0    0    0 ] [      0      0      0 ] [ 0 ],drive [ 58 ] [ 0 ] [ 1005 1765 1519 ] [   85   24   34 ] [  14305   9215   9651 ] [ 0 ],1.00,1.00,1.20,1.40,196.49,8.26,0.00,0.00,0.00,0.00,0.00,0.00,0.00,0.00,0.00,0.00,0.00,0.00,0.00,0.00,0.00,0
0.790702,195,6,230,0,DRIVE [ 59 ] [ 1 ] [ 1005 1765 1506 ] [    0    0    0 ] [      0      0      0 ] [ 0 ],drive [ 59 ] [ 0 ] [ 1005 1765 1513 ] [   88   17   36 ] [  14305   9215   9651 ] [ 0 ],1.00,1.00,1.20,1.40,195.25,7.96,0.00,0.00,0.00,0.00,0.00,0.00,0.00,0.00,0.00,0.00,0.00,0.00,0.00,0.00,0.00,0
0.802158,195,5,229,0,DRIVE [ 60 ] [ 1 ] [ 1005 1765 1497 ] [    0    0    0 ] [      0      0      0 ] [ 0 ],drive [ 59 ] [ 0 ] [ 1005 1765 1506 ] [   88   17   36 ] [  14305   9215   9651 ] [ 0 ],1.00,1.00,1.20,1.40,194.81,7.37,0.00,0.00,0.00,0.00,0.00,0.00,0.00,0.00,0.00,0.00,0.00,0.00,0.00,0.00,0.00,0
0.813975,194,5,227,0,DRIVE [ 60 ] [ 1 ] [ 1005 1765 1488 ] [    0    0    0 ] [      0      0      0 ] [ 0 ],drive [ 60 ] [ 0 ] [ 1005 1765 1497 ] [   88   17   36 ] [  14305   9215   9651 ] [ 0 ],1.00,1.00,1.20,1.40,193.54,6.48,0.00,0.00,0.00,0.00,0.00,0.00,0.00,0.00,0.00,0.00,0.00,0.00,-0.00,-0.00,0.00,0
0.825747,192,4,224,0,DRIVE [ 61 ] [ 1 ] [ 1005 1765 1477 ] [    0    0    0 ] [      0      0      0 ] [ 0 ],drive [ 60 ] [ 0 ] [ 1005 1765 1488 ] [   88   17   36 ] [  14391   9130   9652 ] [ 0 ],1.00,1.00,1.20,1.40,191.89,5.28,0.00,0.00,0.00,0.00,0.00,0.00,0.00,0.00,0.00,0.00,0.00,0.00,-0.00,-0.00,0.00,0
0.837279,190,2,221,0,DRIVE [ 61 ] [ 1 ] [ 1005 1765 1462 ] [    0    0    0 ] [      0      0      0 ] [ 0 ],drive [ 61 ] [ 0 ] [ 1005 1765 1477 ] [   88   17   36 ] [  14391   9130   9652 ] [ 0 ],1.00,1.00,1.20,1.40,189.97,3.39,0.00,0.00,0.00,0.00,0.00,0.00,0.00,0.00,0.00,0.00,0.00,0.00,-0.00,-0.00,0.00,0
0.848177,188,1,219,0,DRIVE [ 62 ] [ 1 ] [ 1005 1765 1448 ] [    0    0    0 ] [      0      0      0 ] [ 0 ],drive [ 61 ] [ 0 ] [ 1005 1765 1462 ] [  109   36   39 ] [  14391   9130   9652 ] [ 0 ],1.00,1.00,1.20,1.40,188.11,1.38,0.00,0.00,0.00,0.00,0.00,0.00,0.00,0.00,0.00,0.00,0.00,0.00,-0.00,-0.00,0.00,0
0.85979,186,-1,217,0,DRIVE [ 62 ] [ 1 ] [ 1005 1765 1433 ] [    0    0    0 ] [      0      0      0 ] [ 0 ],drive [ 62 ] [ 0 ] [ 1005 1765 1448 ] [  109   36   39 ] [  14391   9130   9652 ] [ 0 ],1.00,1.00,1.20,1.40,186.46,-1.02,0.00,0.00,0.00,0.00,0.00,0.00,0.00,0.00,0.00,0.00,0.00,0.00,-0.00,0.00,0.00,0
0.871288,185,-3,215,0,DRIVE [ 63 ] [ 1 ] [ 1005 1765 1419 ] [    0    0    0 ] [      0      0      0 ] [ 0 ],drive [ 62 ] [ 0 ] [ 1005 1765 1433 ] [  109   36   39 ] [  14391   9130   9652 ] [ 0 ],1.00,1.00,1.20,1.40,184.51,-3.19,0.00,0.00,0.00,0.00,0.00,0.00,0.00,0.00,0.00,0.00,0.00,0.00,-0.00,0.00,0.00,0
0.8824,182,-4,213,0,DRIVE [ 63 ] [ 1 ] [ 1005 1765 1406 ] [    0    0    0 ] [      0      0      0 ] [ 0 ],drive [ 63 ] [ 0 ] [ 1005 1765 1419 ] [  109   36   39 ] [  14868   9092   9647 ] [ 0 ],1.00,1.00,1.20,1.40,182.12,-5.23,0.00,0.00,0.00,0.00,0.00,0.00,0.00,0.00,0.00,0.00,0.00,0.00,-0.00,0.00,0.00,0
0.894013,180,-6,212,0,DRIVE [ 64 ] [ 1 ] [ 1005 1765 1393 ] [    0    0    0 ] [      0      0      0 ] [ 0 ],drive [ 63 ] [ 0 ] [ 1005 1765 1406 ] [  105   16   45 ] [  14868   9092   9647 ] [ 0 ],1.00,1.00,1.20,1.40,180.09,-7.21,0.00,0.00,0.00,0.00,0.00,0.00,0.00,0.00,0.00,0.00,0.00,0.00,-0.00,0.00,0.00,0
0.905504,177,-8,211,0,DRIVE [ 64 ] [ 1 ] [ 1005 1765 1382 ] [    0    0    0 ] [      0      0      0 ] [ 0 ],drive [ 64 ] [ 0 ] [ 1005 1765 1393 ] [  105   16   45 ] [  14868   9092   9647 ] [ 0 ],1.00,1.00,1.20,1.40,177.29,-9.06,0.00,0.00,0.00,0.00,0.00,0.00,0.00,0.00,0.00,0.00,0.00,0.00,-0.00,0.00,0.00,0
0.916532,175,-9,209,0,DRIVE [ 65 ] [ 1 ] [ 1005 1765 1370 ] [    0    0    0 ] [      0      0      0 ] [ 0 ],drive [ 64 ] [ 0 ] [ 1005 1765 1382 ] [  105   16   45 ] [  14868   9092   9647 ] [ 0 ],1.00,1.00,1.20,1.40,174.73,-10.81,0.00,0.00,0.00,0.00,0.00,0.00,0.00,0.00,0.00,0.00,0.00,0.00,-0.00,0.00,0.00,0
0.927824,172,-11,208,0,DRIVE [ 65 ] [ 1 ] [ 1005 1765 1360 ] [    0    0    0 ] [      0      0      0 ] [ 0 ],drive [ 65 ] [ 0 ] [ 1005 1765 1370 ] [  105   16   45 ] [  15003   8998   9649 ] [ 0 ],1.00,1.00,1.20,1.40,172.29,-12.62,0.00,0.00,0.00,0.00,0.00,0.00,0.00,0.00,0.00,0.00,0.00,0.00,-0.00,0.00,0.00,0
0.938908,169,-12,207,0,DRIVE [ 66 ] [ 1 ] [ 1005 1765 1349 ] [    0    0    0 ] [      0      0      0 ] [ 0 ],drive [ 65 ] [ 0 ] [ 1005 1765 1360 ] [   93   25   49 ] [  15003   8998   9649 ] [ 0 ],1.00,1.00,1.20,1.40,169.38,-14.32,0.00,0.00,0.00,0.00,0.00,0.00,0.00,0.00,0.00,0.00,0.00,0.00,-0.00,0.00,0.00,0
0.949486,166,-13,205,0,DRIVE [ 66 ] [ 1 ] [ 1005 1765 1339 ] [    0    0    0 ] [      0      0      0 ] [ 0 ],drive [ 66 ] [ 0 ] [ 1005 1765 1349 ] [   93   25   49 ] [  15003   8998   9649 ] [ 0 ],1.00,1.00,1.20,1.40,165.84,-15.71,0.00,0.00,0.00,0.00,0.00,0.00,0.00,0.00,0.00,0.00,0.00,0.00,-0.00,0.00,0.00,0
0.960923,163,-14,204,0,DRIVE [ 67 ] [ 1 ] [ 1005 1765 1330 ] [    0    0    0 ] [      0      0      0 ] [ 0 ],drive [ 66 ] [ 0 ] [ 1005 1765 1339 ] [   93   25   49 ] [  15003   8998   9649 ] [ 0 ],1.00,1.00,1.20,1.40,162.95,-17.12,0.00,0.00,0.00,0.00,0.00,0.00,0.00,0.00,0.00,0.00,0.00,0.00,-0.00,0.00,0.00,0
0.972022,160,-15,203,0,DRIVE [ 67 ] [ 1 ] [ 1005 1765 1321 ] [    0    0    0 ] [      0      0      0 ] [ 0 ],drive [ 67 ] [ 0 ] [ 1005 1765 1330 ] [   93   25   49 ] [  15003   8998   9649 ] [ 0 ],1.00,1.00,1.20,1.40,160.21,-18.50,0.00,0.00,0.00,0.00,0.00,0.00,0.00,0.00,0.00,0.00,0.00,0.00,-0.00,0.00,0.00,0
0.982767,157,-16,202,0,DRIVE [ 68 ] [ 1 ] [ 1005 1765 1313 ] [    0    0    0 ] [      0      0      0 ] [ 0 ],drive [ 67 ] [ 0 ] [ 1005 1765 1321 ] [   93   25   49 ] [  15004   8940   9652 ] [ 0 ],1.00,1.00,1.20,1.40,157.28,-19.72,0.00,0.00,0.00,0.00,0.00,0.00,0.00,0.00,0.00,0.00,0.00,0.00,-0.00,0.00,0.00,0
0.993949,154,-17,201,0,DRIVE [ 68 ] [ 1 ] [ 1005 1765 1306 ] [    0    0    0 ] [      0      0      0 ] [ 0 ],drive [ 68 ] [ 0 ] [ 1005 1765 1313 ] [   92   26   54 ] [  15004   8940   9652 ] [ 0 ],1.00,1.00,1.20,1.40,154.32,-20.84,0.00,0.00,0.00,0.00,0.00,0.00,0.00,0.00,0.00,0.00,0.00,0.00,-0.00,0.00,0.00,0
1.00482,151,-18,200,0,DRIVE [ 69 ] [ 1 ] [ 1005 1765 1299 ] [    0    0    0 ] [      0      0      0 ] [ 0 ],drive [ 68 ] [ 0 ] [ 1005 1765 1306 ] [   92   26   54 ] [  15004   8940   9652 ] [ 0 ],1.00,1.00,1.20,1.40,151.39,-21.87,0.00,0.00,0.00,0.00,0.00,0.00,0.00,0.00,0.00,0.00,0.00,0.00,-0.00,0.00,0.00,0
1.01519,148,-19,199,0,DRIVE [ 69 ] [ 1 ] [ 1005 1765 1293 ] [    0    0    0 ] [      0      0      0 ] [ 0 ],drive [ 69 ] [ 0 ] [ 1005 1765 1299 ] [   92   26   54 ] [  15004   8940   9652 ] [ 0 ],1.00,1.00,1.20,1.40,147.82,-22.75,0.00,0.00,0.00,0.00,0.00,0.00,0.00,0.00,0.00,0.00,0.00,0.00,-0.00,0.00,0.00,0
1.02631,145,-20,198,0,DRIVE [ 70 ] [ 1 ] [ 1005 1765 1288 ] [    0    0    0 ] [      0      0      0 ] [ 0 ],drive [ 69 ] [ 0 ] [ 1005 1765 1293 ] [   92   26   54 ] [  15009   8931   9654 ] [ 0 ],1.00,1.00,1.20,1.40,144.58,-23.69,0.00,0.00,0.00,0.00,0.00,0.00,0.00,0.00,0.00,0.00,0.00,0.00,-0.00,0.00,0.00,0
1.03727,141,-20,197,0,DRIVE [ 70 ] [ 1 ] [ 1005 1765 1283 ] [    0    0    0 ] [      0      0      0 ] [ 0 ],drive [ 70 ] [ 0 ] [ 1005 1765 1288 ] [  113   27   58 ] [  15009   8931   9654 ] [ 0 ],1.00,1.00,1.20,1.40,140.79,-24.50,0.00,0.00,0.00,0.00,0.00,0.00,0.00,0.00,0.00,0.00,0.00,0.00,-0.00,0.00,0.00,0
1.04755,137,-21,196,0,DRIVE [ 71 ] [ 1 ] [ 1005 1765 1278 ] [    0    0    0 ] [      0      0      0 ] [ 0 ],drive [ 70 ] [ 0 ] [ 1005 1765 1283 ] [  113   27   58 ] [  15009   8931   9654 ] [ 0 ],1.00,1.00,1.20,1.40,137.45,-25.27,0.00,0.00,0.00,0.00,0.00,0.00,0.00,0.00,0.00,0.00,0.00,0.00,-0.00,0.00,0.00,0
1.05857,134,-22,195,0,DRIVE [ 71 ] [ 1 ] [ 1005 1765 1276 ] [    0    0    0 ] [      0      0      0 ] [ 0 ],drive [ 71 ] [ 0 ] [ 1005 1765 1278 ] [  113   27   58 ] [  15009   8931   9654 ] [ 0 ],1.00,1.00,1.20,1.40,133.73,-25.81,0.00,0.00,0.00,0.00,0.00,0.00,0.00,0.00,0.00,0.00,0.00,0.00,-0.00,0.00,0.00,0
1.06938,130,-22,193,0,DRIVE [ 72 ] [ 1 ] [ 1005 1765 1274 ] [    0    0    0 ] [      0      0      0 ] [ 0 ],drive [ 71 ] [ 0 ] [ 1005 1765 1276 ] [  113   27   58 ] [  15009   8931   9654 ] [ 0 ],1.00,1.00,1.20,1.40,129.60,-26.28,0.00,0.00,0.00,0.00,0.00,0.00,0.00,0.00,0.00,0.00,0.00,0.00,-0.00,0.00,0.00,0
1.07988,126,-22,192,0,DRIVE [ 72 ] [ 1 ] [ 1005 1765 1274 ] [    0    0    0 ] [      0      0      0 ] [ 0 ],drive [ 72 ] [ 0 ] [ 1005 1765 1274 ] [  113   27   58 ] [  15119   8931   9656 ] [ 0 ],1.00,1.00,1.20,1.40,125.57,-26.67,0.00,0.00,0.00,0.00,0.00,0.00,0.00,0.00,0.00,0.00,0.00,0.00,-0.00,0.00,0.00,0
1.09084,122,-22,191,0,DRIVE [ 73 ] [ 1 ] [ 1005 1765 1275 ] [    0    0    0 ] [      0      0      0 ] [ 0 ],drive [ 72 ] [ 0 ] [ 1005 1765 1274 ] [   91   26   60 ] [  15119   8931   9656 ] [ 0 ],1.00,1.00,1.20,1.40,121.59,-26.85,0.00,0.00,0.00,0.00,0.00,0.00,0.00,0.00,0.00,0.00,0.00,0.00,-0.00,0.00,0.00,0
1.10234,117,-22,190,0,DRIVE [ 73 ] [ 1 ] [ 1005 1765 1276 ] [    0    0    0 ] [      0      0      0 ] [ 0 ],drive [ 73 ] [ 0 ] [ 1005 1765 1275 ] [   91   26   60 ] [  15119   8931   9656 ] [ 0 ],1.00,1.00,1.20,1.40,117.47,-26.96,0.00,0.00,0.00,0.00,0.00,0.00,0.00,0.00,0.00,0.00,0.00,0.00,-0.00,0.00,0.00,0
1.11305,114,-23,190,0,DRIVE [ 74 ] [ 1 ] [ 1005 1765 1279 ] [    0    0    0 ] [      0      0      0 ] [ 0 ],drive [ 73 ] [ 0 ] [ 1005 1765 1276 ] [   91   26   60 ] [  15119   8931   9656 ] [ 0 ],1.00,1.00,1.20,1.40,113.80,-27.05,0.00,0.00,0.00,0.00,0.00,0.00,0.00,0.00,0.00,0.00,0.00,0.00,-0.00,0.00,0.00,0
1.12384,110,-23,189,0,DRIVE [ 74 ] [ 1 ] [ 1005 1765 1287 ] [    0    0    0 ] [      0      0      0 ] [ 0 ],drive [ 74 ] [ 0 ] [ 1005 1765 1279 ] [   91   26   60 ] [  15120   8931   9657 ] [ 0 ],1.00,1.00,1.20,1.40,109.73,-27.08,0.00,0.00,0.00,0.00,0.00,0.00,0.00,0.00,0.00,0.00,0.00,0.00,-0.00,0.00,0.00,0
1.13426,105,-22,188,0,DRIVE [ 75 ] [ 1 ] [ 1005 1765 1297 ] [    0    0    0 ] [      0      0      0 ] [ 0 ],drive [ 74 ] [ 0 ] [ 1005 1765 1287 ] [   91   26   60 ] [  15120   8931   9657 ] [ 0 ],1.00,1.00,1.20,1.40,105.42,-26.94,0.00,0.00,0.00,0.00,0.00,0.00,0.00,0.00,0.00,0.00,0.00,0.00,-0.00,0.00,0.00,0
1.14468,102,-22,187,0,DRIVE [ 75 ] [ 1 ] [ 1005 1765 1308 ] [    0    0    0 ] [      0      0      0 ] [ 0 ],drive [ 75 ] [ 0 ] [ 1005 1765 1297 ] [   91   26   60 ] [  15120   8931   9657 ] [ 0 ],1.00,1.00,1.20,1.40,101.64,-26.82,0.00,0.00,0.00,0.00,0.00,0.00,0.00,0.00,0.00,0.00,0.00,0.00,-0.00,0.00,0.00,0
1.15577,97,-22,186,0,DRIVE [ 76 ] [ 1 ] [ 1033 1765 1319 ] [    0    0    0 ] [      0      0      0 ] [ 0 ],drive [ 75 ] [ 0 ] [ 1005 1765 1308 ] [   91   26   60 ] [  15120   8931   9657 ] [ 0 ],1.00,1.00,1.20,1.40,97.32,-26.49,0.00,0.00,0.00,0.00,0.00,0.00,0.00,0.00,0.00,0.00,0.00,0.00,-0.00,0.00,0.00,0
1.1662,93,-22,185,0,DRIVE [ 76 ] [ 1 ] [ 1063 1765 1332 ] [    0    0    0 ] [      0      0      0 ] [ 0 ],drive [ 76 ] [ 0 ] [ 1033 1765 1319 ] [   91   26   60 ] [  15120   8931   9657 ] [ 0 ],1.00,1.00,1.20,1.40,93.28,-26.14,0.00,0.00,0.00,0.00,0.00,0.00,0.00,0.00,0.00,0.00,0.00,0.00,-0.00,0.00,0.00,0
1.17736,89,-21,184,0,DRIVE [ 77 ] [ 1 ] [ 1095 1765 1344 ] [    0    0    0 ] [      0      0      0 ] [ 0 ],drive [ 76 ] [ 0 ] [ 1063 1765 1332 ] [   91   26   60 ] [  15119   8931   9657 ] [ 0 ],1.00,1.00,1.20,1.40,89.08,-25.76,0.00,0.00,0.00,0.00,0.00,0.00,0.00,0.00,0.00,0.00,0.00,0.00,-0.00,0.00,0.00,0
1.18872,85,-21,183,0,DRIVE [ 77 ] [ 1 ] [ 1127 1765 1359 ] [    0    0    0 ] [      0      0      0 ] [ 0 ],drive [ 77 ] [ 0 ] [ 1095 1765 1344 ] [   85   27   55 ] [  15119   8931   9657 ] [ 0 ],1.00,1.00,1.20,1.40,85.02,-25.29,0.00,0.00,0.00,0.00,0.00,0.00,0.00,0.00,0.00,0.00,0.00,0.00,-0.00,0.00,0.00,0
1.19939,81,-21,182,0,DRIVE [ 78 ] [ 1 ] [ 1159 1765 1373 ] [    0    0    0 ] [      0      0      0 ] [ 0 ],drive [ 77 ] [ 0 ] [ 1127 1765 1359 ] [   85   27   55 ] [  15119   8931   9657 ] [ 0 ],1.00,1.00,1.20,1.40,80.88,-24.77,0.00,0.00,0.00,0.00,0.00,0.00,0.00,0.00,0.00,0.00,0.00,0.00,-0.00,0.00,0.00,0
1.21178,77,-20,181,0,DRIVE [ 78 ] [ 1 ] [ 1192 1765 1389 ] [    0    0    0 ] [      0      0      0 ] [ 0 ],drive [ 78 ] [ 0 ] [ 1159 1765 1373 ] [   85   27   55 ] [  15119   8931   9657 ] [ 0 ],1.00,1.00,1.20,1.40,76.85,-24.22,0.00,0.00,0.00,0.00,0.00,0.00,0.00,0.00,0.00,0.00,0.00,0.00,-0.00,0.00,0.00,0
1.22385,73,-20,180,0,DRIVE [ 79 ] [ 1 ] [ 1225 1765 1405 ] [    0    0    0 ] [      0      0      0 ] [ 0 ],drive [ 78 ] [ 0 ] [ 1192 1765 1389 ] [   85   27   55 ] [  15111   8930   9655 ] [ 0 ],1.00,1.00,1.20,1.40,72.73,-23.61,0.00,0.00,0.00,0.00,0.00,0.00,0.00,0.00,0.00,0.00,0.00,0.00,-0.00,0.00,0.00,0
1.23572,69,-19,178,0,DRIVE [ 79 ] [ 1 ] [ 1258 1765 1421 ] [    0    0    0 ] [      0      0      0 ] [ 0 ],drive [ 79 ] [ 0 ] [ 1225 1765 1405 ] [   85   27   55 ] [  15111   8930   9655 ] [ 0 ],1.00,1.00,1.20,1.40,68.80,-23.02,0.00,0.00,0.00,0.00,0.00,0.00,0.00,0.00,0.00,0.00,0.00,0.00,-0.00,0.00,0.00,0
1.24657,65,-19,177,0,DRIVE [ 80 ] [ 1 ] [ 1290 1765 1436 ] [    0    0    0 ] [      0      0      0 ] [ 0 ],drive [ 79 ] [ 0 ] [ 1258 1765 1421 ] [   69   28   48 ] [  15111   8930   9655 ] [ 0 ],1.00,1.00,1.20,1.40,64.94,-22.48,0.00,0.00,0.00,0.00,0.00,0.00,0.00,0.00,0.00,0.00,0.00,0.00,-0.00,0.00,0.00,0
1.25745,61,-18,176,0,DRIVE [ 80 ] [ 1 ] [ 1322 1765 1450 ] [    0    0    0 ] [      0      0      0 ] [ 0 ],drive [ 80 ] [ 0 ] [ 1290 1765 1436 ] [   69   28   48 ] [  15111   8930   9655 ] [ 0 ],1.00,1.00,1.20,1.40,61.24,-22.07,0.00,0.00,0.00,0.00,0.00,0.00,0.00,0.00,0.00,0.00,0.00,0.00,-0.00,0.00,0.00,0
1.26917,58,-18,174,0,DRIVE [ 81 ] [ 1 ] [ 1353 1765 1463 ] [    0    0    0 ] [      0      0      0 ] [ 0 ],drive [ 80 ] [ 0 ] [ 1322 1765 1450 ] [   69   28   48 ] [  15111   8930   9655 ] [ 0 ],1.00,1.00,1.20,1.40,57.60,-21.66,0.00,0.00,0.00,0.00,0.00,0.00,0.00,0.00,0.00,0.00,0.00,0.00,-0.00,0.00,0.00,0
1.28082,54,-18,173,0,DRIVE [ 81 ] [ 1 ] [ 1383 1765 1475 ] [    0    0    0 ] [      0      0      0 ] [ 0 ],drive [ 81 ] [ 0 ] [ 1353 1765 1463 ] [   69   28   48 ] [  15100   8928   9650 ] [ 0 ],1.00,1.00,1.20,1.40,54.28,-21.33,0.00,0.00,0.00,0.00,0.00,0.00,0.00,0.00,0.00,0.00,0.00,0.00,-0.00,0.00,0.00,0
1.29278,51,-18,172,0,DRIVE [ 82 ] [ 1 ] [ 1412 1765 1486 ] [    0    0    0 ] [      0      0      0 ] [ 0 ],drive [ 81 ] [ 0 ] [ 1383 1765 1475 ] [   55   28   44 ] [  15100   8928   9650 ] [ 0 ],1.00,1.00,1.20,1.40,51.04,-21.01,0.00,0.00,0.00,0.00,0.00,0.00,0.00,0.00,0.00,0.00,0.00,0.00,-0.00,0.00,0.00,0
1.3038,48,-17,171,0,DRIVE [ 82 ] [ 1 ] [ 1440 1765 1497 ] [    0    0    0 ] [      0      0      0 ] [ 0 ],drive [ 82 ] [ 0 ] [ 1412 1765 1486 ] [   55   28   44 ] [  15100   8928   9650 ] [ 0 ],1.00,1.00,1.20,1.40,48.06,-20.76,0.00,0.00,0.00,0.00,0.00,0.00,0.00,0.00,0.00,0.00,0.00,0.00,-0.00,0.00,0.00,0
1.314,45,-17,169,0,DRIVE [ 83 ] [ 1 ] [ 1466 1765 1507 ] [    0    0    0 ] [      0      0      0 ] [ 0 ],drive [ 82 ] [ 0 ] [ 1440 1765 1497 ] [   55   28   44 ] [  15100   8928   9650 ] [ 0 ],1.00,1.00,1.20,1.40,45.10,-20.53,0.00,0.00,0.00,0.00,0.00,0.00,-0.00,0.00,0.00,0.00,0.00,0.00,-0.00,0.00,0.00,0
1.32481,42,-17,167,0,DRIVE [ 83 ] [ 1 ] [ 1492 1765 1515 ] [    0    0    0 ] [      0      0      0 ] [ 0 ],drive [ 83 ] [ 0 ] [ 1466 1765 1507 ] [   55   28   44 ] [  15053   8928   9647 ] [ 0 ],1.00,1.00,1.20,1.40,42.34,-20.38,0.00,0.00,0.00,0.00,0.00,0.00,-0.00,0.00,0.00,0.00,0.00,0.00,-0.00,0.00,0.00,0
1.33746,40,-17,165,0,DRIVE [ 84 ] [ 1 ] [ 1517 1765 1523 ] [    0    0    0 ] [      0      0      0 ] [ 0 ],drive [ 83 ] [ 0 ] [ 1492 1765 1515 ] [   55   28   44 ] [  15053   8928   9647 ] [ 0 ],1.00,1.00,1.20,1.40,39.64,-20.22,0.00,0.00,0.00,0.00,0.00,0.00,-0.00,0.00,0.00,0.00,0.00,0.00,-0.00,0.00,0.00,0
1.34817,37,-17,164,0,DRIVE [ 84 ] [ 1 ] [ 1541 1765 1530 ] [    0    0    0 ] [      0      0      0 ] [ 0 ],drive [ 84 ] [ 0 ] [ 1517 1765 1523 ] [   47   28   39 ] [  15053   8928   9647 ] [ 0 ],1.00,1.00,1.20,1.40,37.15,-20.15,0.00,0.00,0.00,0.00,0.00,0.00,-0.00,0.00,0.00,0.00,0.00,0.00,-0.00,0.00,0.00,0
1.35897,35,-17,162,0,DRIVE [ 85 ] [ 1 ] [ 1564 1765 1536 ] [    0    0    0 ] [      0      0      0 ] [ 0 ],drive [ 84 ] [ 0 ] [ 1541 1765 1530 ] [   47   28   39 ] [  15053   8928   9647 ] [ 0 ],1.00,1.00,1.20,1.40,34.73,-20.05,0.00,0.00,0.00,0.00,0.00,0.00,-0.00,0.00,0.00,0.00,0.00,0.00,-0.00,0.00,0.00,0
1.36968,32,-17,161,0,DRIVE [ 85 ] [ 1 ] [ 1587 1765 1541 ] [    0    0    0 ] [      0      0      0 ] [ 0 ],drive [ 85 ] [ 0 ] [ 1564 1765 1536 ] [   47   28   39 ] [  15053   8928   9647 ] [ 0 ],1.00,1.00,1.20,1.40,32.41,-20.01,0.00,0.00,0.00,0.00,0.00,0.00,-0.00,0.00,0.00,0.00,0.00,0.00,-0.00,0.00,0.00,0
1.38016,30,-17,159,0,DRIVE [ 86 ] [ 1 ] [ 1609 1765 1546 ] [    0    0    0 ] [      0      0      0 ] [ 0 ],drive [ 85 ] [ 0 ] [ 1587 1765 1541 ] [   47   28   39 ] [  14889   8928   9646 ] [ 0 ],1.00,1.00,1.20,1.40,30.08,-19.94,0.00,0.00,0.00,0.00,0.00,0.00,-0.00,0.00,0.00,0.00,0.00,0.00,-0.00,0.00,0.00,0
1.39091,28,-17,157,0,DRIVE [ 86 ] [ 1 ] [ 1632 1765 1549 ] [    0    0    0 ] [      0      0      0 ] [ 0 ],drive [ 86 ] [ 0 ] [ 1609 1765 1546 ] [   51   28   37 ] [  14889   8928   9646 ] [ 0 ],1.00,1.00,1.20,1.40,27.81,-19.98,0.00,0.00,0.00,0.00,0.00,0.00,-0.00,0.00,0.00,0.00,0.00,0.00,-0.00,0.00,0.00,0
1.4024,26,-17,155,0,DRIVE [ 87 ] [ 1 ] [ 1654 1765 1551 ] [    0    0    0 ] [      0      0      0 ] [ 0 ],drive [ 86 ] [ 0 ] [ 1632 1765 1549 ] [   51   28   37 ] [  14889   8928   9646 ] [ 0 ],1.00,1.00,1.20,1.40,25.56,-20.07,0.00,0.00,0.00,0.00,0.00,0.00,-0.00,0.00,0.00,0.00,0.00,0.00,-0.00,0.00,0.00,0
1.41327,23,-17,154,0,DRIVE [ 87 ] [ 1 ] [ 1677 1765 1553 ] [    0    0    0 ] [      0      0      0 ] [ 0 ],drive [ 87 ] [ 0 ] [ 1654 1765 1551 ] [   51   28   37 ] [  14889   8928   9646 ] [ 0 ],1.00,1.00,1.20,1.40,23.29,-20.15,0.00,0.00,0.00,0.00,0.00,0.00,-0.00,0.00,0.00,0.00,0.00,0.00,-0.00,0.00,0.00,0
1.42403,21,-17,152,0,DRIVE [ 88 ] [ 1 ] [ 1700 1765 1555 ] [    0    0    0 ] [      0      0      0 ] [ 0 ],drive [ 87 ] [ 0 ] [ 1677 1765 1553 ] [   51   28   37 ] [  14634   8931   9643 ] [ 0 ],1.00,1.00,1.20,1.40,21.01,-20.18,0.00,0.00,0.00,0.00,0.00,0.00,-0.00,0.00,0.00,0.00,0.00,0.00,-0.00,0.00,0.00,0
1.43545,19,-17,150,0,DRIVE [ 88 ] [ 1 ] [ 1724 1765 1556 ] [    0    0    0 ] [      0      0      0 ] [ 0 ],drive [ 88 ] [ 0 ] [ 1700 1765 1555 ] [   51   28   37 ] [  14634   8931   9643 ] [ 0 ],1.00,1.00,1.20,1.40,18.63,-20.14,0.00,0.00,0.00,0.00,0.00,0.00,-0.00,0.00,0.00,0.00,0.00,0.00,-0.00,0.00,0.00,0
1.44569,16,-17,148,0,DRIVE [ 89 ] [ 1 ] [ 1747 1765 1557 ] [    0    0    0 ] [      0      0      0 ] [ 0 ],drive [ 88 ] [ 0 ] [ 1724 1765 1556 ] [   27   24   35 ] [  14634   8931   9643 ] [ 0 ],1.00,1.00,1.20,1.40,16.26,-20.08,0.00,0.00,0.00,0.00,0.00,0.00,-0.00,0.00,0.00,0.00,0.00,0.00,-0.00,0.00,0.00,0
1.45622,14,-17,146,0,DRIVE [ 89 ] [ 1 ] [ 1770 1765 1556 ] [    0    0    0 ] [      0      0      0 ] [ 0 ],drive [ 89 ] [ 0 ] [ 1747 1765 1557 ] [   27   24   35 ] [  14634   8931   9643 ] [ 0 ],1.00,1.00,1.20,1.40,13.92,-20.03,0.00,0.00,0.00,0.00,0.00,0.00,-0.00,0.00,0.00,0.00,0.00,0.00,-0.00,0.00,0.00,0
1.46636,12,-17,144,0,DRIVE [ 90 ] [ 1 ] [ 1793 1765 1553 ] [    0    0    0 ] [      0      0      0 ] [ 0 ],drive [ 89 ] [ 0 ] [ 1770 1765 1556 ] [   27   24   35 ] [  14634   8931   9643 ] [ 0 ],1.00,1.00,1.20,1.40,11.61,-19.89,0.00,0.00,0.00,0.00,0.00,0.00,-0.00,0.00,0.00,0.00,0.00,0.00,-0.00,0.00,0.00,0
1.47704,9,-16,142,0,DRIVE [ 90 ] [ 1 ] [ 1814 1765 1550 ] [    0    0    0 ] [      0      0      0 ] [ 0 ],drive [ 90 ] [ 0 ] [ 1793 1765 1553 ] [   27   24   35 ] [  14248   8983   9643 ] [ 0 ],1.00,1.00,1.20,1.40,9.42,-19.68,0.00,0.00,0.00,0.00,0.00,0.00,-0.00,0.00,0.00,0.00,0.00,0.00,-0.00,0.00,0.00,0
1.48751,7,-16,140,0,DRIVE [ 91 ] [ 1 ] [ 1833 1765 1548 ] [    0    0    0 ] [      0      0      0 ] [ 0 ],drive [ 90 ] [ 0 ] [ 1814 1765 1550 ] [   12   36   34 ] [  14248   8983   9643 ] [ 0 ],1.00,1.00,1.20,1.40,7.39,-19.31,0.00,0.00,0.00,0.00,0.00,0.00,-0.00,0.00,0.00,0.00,0.00,0.00,-0.00,0.00,0.00,0
1.49768,5,-16,138,0,DRIVE [ 91 ] [ 1 ] [ 1852 1765 1546 ] [    0    0    0 ] [      0      0      0 ] [ 0 ],drive [ 91 ] [ 0 ] [ 1833 1765 1548 ] [   12   36   34 ] [  14248   8983   9643 ] [ 0 ],1.00,1.00,1.20,1.40,5.48,-18.80,0.00,0.00,0.00,0.00,0.00,0.00,-0.00,0.00,0.00,0.00,0.00,0.00,-0.00,0.00,0.00,0
1.50846,4,-15,136,0,DRIVE [ 92 ] [ 1 ] [ 1869 1765 1543 ] [    0    0    0 ] [      0      0      0 ] [ 0 ],drive [ 91 ] [ 0 ] [ 1852 1765 1546 ] [   12   36   34 ] [  14248   8983   9643 ] [ 0 ],1.00,1.00,1.20,1.40,3.71,-18.31,0.00,0.00,0.00,0.00,0.00,0.00,-0.00,0.00,0.00,0.00,0.00,0.00,-0.00,0.00,0.00,0
1.51881,2,-15,135,0,DRIVE [ 92 ] [ 1 ] [ 1885 1765 1539 ] [    0    0    0 ] [      0      0      0 ] [ 0 ],drive [ 92 ] [ 0 ] [ 1869 1765 1543 ] [   12   36   34 ] [  14248   8983   9643 ] [ 0 ],1.00,1.00,1.20,1.40,2.06,-17.73,0.00,0.00,0.00,0.00,0.00,0.00,-0.00,0.00,0.00,0.00,0.00,0.00,-0.00,0.00,0.00,0
1.52954,0,-14,133,0,DRIVE [ 93 ] [ 1 ] [ 1901 1765 1537 ] [    0    0    0 ] [      0      0      0 ] [ 0 ],drive [ 92 ] [ 0 ] [ 1885 1765 1539 ] [   12   36   34 ] [  13849   9066   9645 ] [ 0 ],1.00,1.00,1.20,1.40,0.42,-16.97,0.00,0.00,0.00,0.00,0.00,0.00,-0.00,0.00,0.00,0.00,0.00,0.00,-0.00,0.00,0.00,0
1.53993,-1,-13,131,0,DRIVE [ 93 ] [ 1 ] [ 1901 1893 1560 ] [    0    0    0 ] [      0      0      0 ] [ 0 ],drive [ 93 ] [ 0 ] [ 1901 1765 1537 ] [   20   18   35 ] [  13849   9066   9645 ] [ 0 ],1.00,1.00,1.20,1.40,-1.17,-15.95,0.00,0.00,0.00,0.00,0.00,0.00,-0.00,0.00,0.00,0.00,0.00,0.00,0.00,0.00,0.00,0
1.55056,-3,-12,129,0,DRIVE [ 94 ] [ 1 ] [ 1901 1877 1593 ] [    0    0    0 ] [      0      0      0 ] [ 0 ],drive [ 93 ] [ 0 ] [ 1901 1893 1560 ] [   20   18   35 ] [  13849   9066   9645 ] [ 0 ],1.00,1.00,1.20,1.40,-2.65,-14.72,0.00,0.00,0.00,0.00,0.00,0.00,-0.00,0.00,0.00,0.00,0.00,0.00,0.00,0.00,0.00,0
1.56259,-4,-11,126,0,DRIVE [ 94 ] [ 1 ] [ 1901 1863 1628 ] [    0    0    0 ] [      0      0      0 ] [ 0 ],drive [ 94 ] [ 0 ] [ 1901 1877 1593 ] [   20   18   35 ] [  13849   9066   9645 ] [ 0 ],1.00,1.00,1.20,1.40,-3.94,-13.25,0.00,0.00,0.00,0.00,0.00,0.00,-0.00,0.00,0.00,0.00,0.00,0.00,0.00,0.00,0.00,0
1.57288,-5,-10,124,0,DRIVE [ 95 ] [ 1 ] [ 1901 1849 1662 ] [    0    0    0 ] [      0      0      0 ] [ 0 ],drive [ 94 ] [ 0 ] [ 1901 1863 1628 ] [   20   18   35 ] [  13349   9052   9658 ] [ 0 ],1.00,1.00,1.20,1.40,-5.05,-11.63,0.00,0.00,0.00,0.00,0.00,0.00,-0.00,0.00,0.00,0.00,0.00,0.00,0.00,0.00,0.00,0
1.58253,-6,-8,122,0,DRIVE [ 95 ] [ 1 ] [ 1901 1836 1697 ] [    0    0    0 ] [      0      0      0 ] [ 0 ],drive [ 95 ] [ 0 ] [ 1901 1849 1662 ] [   20   18   35 ] [  13349   9052   9658 ] [ 0 ],1.00,1.00,1.20,1.40,-6.01,-9.88,0.00,0.00,0.00,0.00,0.00,0.00,-0.00,0.00,0.00,0.00,0.00,0.00,0.00,0.00,0.00,0
1.59471,-7,-7,120,0,DRIVE [ 96 ] [ 1 ] [ 1901 1822 1730 ] [    0    0    0 ] [      0      0      0 ] [ 0 ],drive [ 95 ] [ 0 ] [ 1901 1836 1697 ] [   29   14   29 ] [  13349   9052   9658 ] [ 0 ],1.00,1.00,1.20,1.40,-6.80,-8.09,0.00,0.00,0.00,0.00,0.00,0.00,-0.00,0.00,0.00,0.00,0.00,0.00,0.00,0.00,0.00,0
1.60663,-8,-5,117,0,DRIVE [ 96 ] [ 1 ] [ 1901 1807 1760 ] [    0    0    0 ] [      0      0      0 ] [ 0 ],drive [ 96 ] [ 0 ] [ 1901 1822 1730 ] [   29   14   29 ] [  13349   9052   9658 ] [ 0 ],1.00,1.00,1.20,1.40,-7.56,-6.24,0.00,0.00,0.00,0.00,0.00,0.00,-0.00,0.00,0.00,0.00,0.00,0.00,0.00,0.00,0.00,0
1.6161,-8,-4,115,0,DRIVE [ 97 ] [ 1 ] [ 1901 1787 1786 ] [    0    0    0 ] [      0      0      0 ] [ 0 ],drive [ 96 ] [ 0 ] [ 1901 1807 1760 ] [   29   14   29 ] [  13349   9052   9658 ] [ 0 ],1.00,1.00,1.20,1.40,-8.26,-4.37,0.00,0.00,0.00,0.00,0.00,0.00,-0.00,0.00,0.00,0.00,0.00,0.00,0.00,0.00,0.00,0
1.62651,-9,-2,113,0,DRIVE [ 97 ] [ 1 ] [ 1901 1764 1808 ] [    0    0    0 ] [      0      0      0 ] [ 0 ],drive [ 97 ] [ 0 ] [ 1901 1787 1786 ] [   29   14   29 ] [  13054   9049   9656 ] [ 0 ],1.00,1.00,1.20,1.40,-8.85,-2.52,0.00,0.00,0.00,0.00,0.00,0.00,-0.00,0.00,0.00,0.00,0.00,0.00,0.00,0.00,0.00,0
1.63841,-9,-1,111,0,DRIVE [ 98 ] [ 1 ] [ 1901 1734 1826 ] [    0    0    0 ] [      0      0      0 ] [ 0 ],drive [ 97 ] [ 0 ] [ 1901 1764 1808 ] [   17   21   12 ] [  13054   9049   9656 ] [ 0 ],1.00,1.00,1.20,1.40,-9.49,-0.74,0.00,0.00,0.00,0.00,0.00,0.00,-0.00,0.00,0.00,0.00,0.00,0.00,0.00,0.00,0.00,0
1.65035,-10,1,109,0,DRIVE [ 98 ] [ 1 ] [ 1901 1698 1842 ] [    0    0    0 ] [      0      0      0 ] [ 0 ],drive [ 98 ] [ 0 ] [ 1901 1734 1826 ] [   17   21   12 ] [  13054   9049   9656 ] [ 0 ],1.00,1.00,1.20,1.40,-10.06,1.02,0.00,0.00,0.00,0.00,0.00,0.00,-0.00,0.00,0.00,0.00,0.00,0.00,0.00,0.00,0.00,0
1.66236,-11,2,107,0,DRIVE [ 99 ] [ 1 ] [ 1901 1656 1856 ] [    0    0    0 ] [      0      0      0 ] [ 0 ],drive [ 98 ] [ 0 ] [ 1901 1698 1842 ] [   17   21   12 ] [  13054   9049   9656 ] [ 0 ],1.00,1.00,1.20,1.40,-10.60,2.72,0.00,0.00,0.00,0.00,0.00,0.00,-0.00,0.00,0.00,0.00,0.00,0.00,0.00,0.00,0.00,0
1.67433,-11,3,105,0,DRIVE [ 99 ] [ 1 ] [ 1901 1615 1867 ] [    0    0    0 ] [      0      0      0 ] [ 0 ],drive [ 99 ] [ 0 ] [ 1901 1656 1856 ] [   17   21   12 ] [  12924   9061   9633 ] [ 0 ],1.00,1.00,1.20,1.40,-11.10,4.15,0.00,0.00,0.00,0.00,0.00,0.00,-0.00,0.00,0.00,0.00,0.00,0.00,0.00,0.00,0.00,0
1.68475,-12,4,104,0,DRIVE [ 00 ] [ 1 ] [ 1901 1576 1876 ] [    0    0    0 ] [      0      0      0 ] [ 0 ],drive [ 99 ] [ 0 ] [ 1901 1615 1867 ] [   17   21   12 ] [  12924   9061   9633 ] [ 0 ],1.00,1.00,1.20,1.40,-11.53,5.33,0.00,0.00,0.00,0.00,0.00,0.00,-0.00,0.00,0.00,0.00,0.00,0.00,0.00,0.00,0.00,0
1.69423,-12,4,102,0,DRIVE [ 00 ] [ 1 ] [ 1901 1542 1882 ] [    0    0    0 ] [      0      0      0 ] [ 0 ],drive [ 00 ] [ 0 ] [ 1901 1576 1876 ] [   10   36   27 ] [  12924   9061   9633 ] [ 0 ],1.00,1.00,1.20,1.40,-11.96,6.25,0.00,0.00,0.00,0.00,0.00,0.00,-0.00,0.00,0.00,0.00,0.00,0.00,0.00,0.00,0.00,0
1.70669,-12,5,100,0,DRIVE [ 01 ] [ 1 ] [ 1901 1515 1886 ] [    0    0    0 ] [      0      0      0 ] [ 0 ],drive [ 00 ] [ 0 ] [ 1901 1542 1882 ] [   10   36   27 ] [  12924   9061   9633 ] [ 0 ],1.00,1.00,1.20,1.40,-12.28,6.88,0.00,0.00,0.00,0.00,0.00,0.00,-0.00,0.00,0.00,0.00,0.00,0.00,0.00,0.00,0.00,0
1.71852,-13,5,99,0,DRIVE [ 01 ] [ 1 ] [ 1901 1493 1889 ] [    0    0    0 ] [      0      0      0 ] [ 0 ],drive [ 01 ] [ 0 ] [ 1901 1515 1886 ] [   10   36   27 ] [  12924   9061   9633 ] [ 0 ],1.00,1.00,1.20,1.40,-12.54,7.29,0.00,0.00,0.00,0.00,0.00,0.00,-0.00,0.00,0.00,0.00,0.00,0.00,0.00,0.00,0.00,0
1.73151,-13,5,97,0,DRIVE [ 02 ] [ 1 ] [ 1901 1480 1891 ] [    0    0    0 ] [      0      0      0 ] [ 0 ],drive [ 01 ] [ 0 ] [ 1901 1493 1889 ] [   10   36   27 ] [  12834   9345   9522 ] [ 0 ],1.00,1.00,1.20,1.40,-12.59,7.52,0.00,0.00,0.00,0.00,0.00,0.00,-0.00,0.00,0.00,0.00,0.00,0.00,0.00,0.00,0.00,0
1.74288,-12,5,96,0,DRIVE [ 02 ] [ 1 ] [ 1901 1475 1893 ] [    0    0    0 ] [      0      0      0 ] [ 0 ],drive [ 02 ] [ 0 ] [ 1901 1480 1891 ] [    2   41   23 ] [  12834   9345   9522 ] [ 0 ],1.00,1.00,1.20,1.40,-12.38,7.60,0.00,0.00,0.00,0.00,0.00,0.00,-0.00,0.00,0.00,0.00,0.00,0.00,0.00,0.00,0.00,0
1.75285,-12,5,94,0,DRIVE [ 03 ] [ 1 ] [ 1901 1477 1896 ] [    0    0    0 ] [      0      0      0 ] [ 0 ],drive [ 02 ] [ 0 ] [ 1901 1475 1893 ] [    2   41   23 ] [  12834   9345   9522 ] [ 0 ],1.00,1.00,1.20,1.40,-11.92,7.58,0.00,0.00,0.00,0.00,0.00,0.00,-0.00,0.00,0.00,0.00,0.00,0.00,0.00,0.00,0.00,0
1.76242,-11,5,93,0,DRIVE [ 03 ] [ 1 ] [ 1901 1483 1901 ] [    0    0    0 ] [      0      0      0 ] [ 0 ],drive [ 03 ] [ 0 ] [ 1901 1477 1896 ] [    2   41   23 ] [  12834   9345   9522 ] [ 0 ],1.00,1.00,1.20,1.40,-11.30,7.54,0.00,0.00,0.00,0.00,0.00,0.00,-0.00,0.00,0.00,0.00,0.00,0.00,0.00,0.00,0.00,0
1.77468,-11,5,91,0,DRIVE [ 04 ] [ 1 ] [ 1904 1488 1901 ] [    0    0    0 ] [      0      0      0 ] [ 0 ],drive [ 03 ] [ 0 ] [ 1901 1483 1901 ] [    2   41   23 ] [  12552   9687   9446 ] [ 0 ],1.00,1.00,1.20,1.40,-10.68,7.55,0.00,0.00,0.00,0.00,0.00,0.00,-0.00,0.00,0.00,0.00,0.00,0.00,0.00,0.00,0.00,0
1.7865,-10,5,90,0,DRIVE [ 04 ] [ 1 ] [ 1899 1497 1901 ] [    0    0    0 ] [      0      0      0 ] [ 0 ],drive [ 04 ] [ 0 ] [ 1904 1488 1901 ] [    2   41   23 ] [  12552   9687   9446 ] [ 0 ],1.00,1.00,1.20,1.40,-10.21,7.63,0.00,0.00,0.00,0.00,0.00,0.00,-0.00,0.00,0.00,0.00,0.00,0.00,0.00,0.00,0.00,0
1.79853,-10,5,88,0,DRIVE [ 05 ] [ 1 ] [ 1895 1501 1901 ] [    0    0    0 ] [      0      0      0 ] [ 0 ],drive [ 04 ] [ 0 ] [ 1899 1497 1901 ] [    4   55   14 ] [  12552   9687   9446 ] [ 0 ],1.00,1.00,1.20,1.40,-9.88,7.65,0.00,0.00,0.00,0.00,0.00,0.00,-0.00,0.00,0.00,0.00,0.00,0.00,0.00,0.00,0.00,0
1.80831,-10,5,86,0,DRIVE [ 05 ] [ 1 ] [ 1893 1502 1901 ] [    0    0    0 ] [      0      0      0 ] [ 0 ],drive [ 05 ] [ 0 ] [ 1895 1501 1901 ] [    4   55   14 ] [  12552   9687   9446 ] [ 0 ],1.00,1.00,1.20,1.40,-9.67,7.60,0.00,0.00,0.00,0.00,0.00,0.00,-0.00,0.00,0.00,0.00,0.00,0.00,0.00,0.00,0.00,0
1.81854,-10,5,85,0,DRIVE [ 06 ] [ 1 ] [ 1894 1500 1901 ] [    0    0    0 ] [      0      0      0 ] [ 0 ],drive [ 05 ] [ 0 ] [ 1893 1502 1901 ] [    4   55   14 ] [  12552   9687   9446 ] [ 0 ],1.00,1.00,1.20,1.40,-9.54,7.47,0.00,0.00,0.00,0.00,0.00,0.00,-0.00,0.00,0.00,0.00,0.00,0.00,0.00,0.00,0.00,0
1.83007,-9,5,83,0,DRIVE [ 06 ] [ 1 ] [ 1895 1497 1901 ] [    0    0    0 ] [      0      0      0 ] [ 0 ],drive [ 06 ] [ 0 ] [ 1894 1500 1901 ] [    4   55   14 ] [  12426   9725   9441 ] [ 0 ],1.00,1.00,1.20,1.40,-9.44,7.30,0.00,0.00,0.00,0.00,0.00,0.00,-0.00,0.00,0.00,0.00,0.00,0.00,0.00,0.00,0.00,0
1.84228,-9,5,81,0,DRIVE [ 07 ] [ 1 ] [ 1897 1496 1901 ] [    0    0    0 ] [      0      0      0 ] [ 0 ],drive [ 06 ] [ 0 ] [ 1895 1497 1901 ] [   22   46    7 ] [  12426   9725   9441 ] [ 0 ],1.00,1.00,1.20,1.40,-9.30,7.06,0.00,0.00,0.00,0.00,0.00,0.00,-0.00,0.00,0.00,0.00,0.00,0.00,0.00,0.00,0.00,0
1.85392,-9,5,80,0,DRIVE [ 07 ] [ 1 ] [ 1899 1498 1901 ] [    0    0    0 ] [      0      0      0 ] [ 0 ],drive [ 07 ] [ 0 ] [ 1897 1496 1901 ] [   22   46    7 ] [  12426   9725   9441 ] [ 0 ],1.00,1.00,1.20,1.40,-9.09,6.74,0.00,0.00,0.00,0.00,0.00,0.00,-0.00,0.00,0.00,0.00,0.00,0.00,0.00,0.00,0.00,0
1.8663,-9,5,78,0,DRIVE [ 08 ] [ 1 ] [ 1903 1503 1901 ] [    0    0    0 ] [      0      0      0 ] [ 0 ],drive [ 07 ] [ 0 ] [ 1899 1498 1901 ] [   22   46    7 ] [  12426   9725   9441 ] [ 0 ],1.00,1.00,1.20,1.40,-8.80,6.34,0.00,0.00,0.00,0.00,0.00,0.00,-0.00,0.00,0.00,0.00,0.00,0.00,0.00,0.00,0.00,0
1.87611,-8,4,77,0,DRIVE [ 08 ] [ 1 ] [ 1903 1516 1904 ] [    0    0    0 ] [      0      0      0 ] [ 0 ],drive [ 08 ] [ 0 ] [ 1903 1503 1901 ] [   22   46    7 ] [  12404   9743   9377 ] [ 0 ],1.00,1.00,1.20,1.40,-8.45,5.81,0.00,0.00,0.00,0.00,0.00,0.00,-0.00,0.00,0.00,0.00,0.00,0.00,0.00,0.00,0.00,0
1.88629,-8,4,75,0,DRIVE [ 09 ] [ 1 ] [ 1903 1541 1899 ] [    0    0    0 ] [      0      0      0 ] [ 0 ],drive [ 08 ] [ 0 ] [ 1903 1516 1904 ] [   22   46    7 ] [  12404   9743   9377 ] [ 0 ],1.00,1.00,1.20,1.40,-7.99,5.17,0.00,0.00,0.00,0.00,0.00,0.00,-0.00,0.00,0.00,0.00,0.00,0.00,0.00,0.00,0.00,0
1.89816,-7,3,73,0,DRIVE [ 09 ] [ 1 ] [ 1903 1569 1894 ] [    0    0    0 ] [      0      0      0 ] [ 0 ],drive [ 09 ] [ 0 ] [ 1903 1541 1899 ] [    5   42   10 ] [  12404   9743   9377 ] [ 0 ],1.00,1.00,1.20,1.40,-7.46,4.50,0.00,0.00,0.00,0.00,0.00,0.00,-0.00,0.00,0.00,0.00,0.00,0.00,0.00,0.00,0.00,0
1.91042,-7,3,72,0,DRIVE [ 10 ] [ 1 ] [ 1903 1598 1890 ] [    0    0    0 ] [      0      0      0 ] [ 0 ],drive [ 09 ] [ 0 ] [ 1903 1569 1894 ] [    5   42   10 ] [  12404   9743   9377 ] [ 0 ],1.00,1.00,1.20,1.40,-6.88,3.86,0.00,0.00,0.00,0.00,0.00,0.00,-0.00,0.00,0.00,0.00,0.00,0.00,0.00,0.00,0.00,0
1.92239,-6,2,70,0,DRIVE [ 10 ] [ 1 ] [ 1903 1630 1886 ] [    0    0    0 ] [      0      0      0 ] [ 0 ],drive [ 10 ] [ 0 ] [ 1903 1598 1890 ] [    5   42   10 ] [  12404   9743   9377 ] [ 0 ],1.00,1.00,1.20,1.40,-6.29,3.19,0.00,0.00,0.00,0.00,0.00,0.00,-0.00,0.00,0.00,0.00,0.00,0.00,0.00,0.00,0.00,0
1.93406,-6,2,68,0,DRIVE [ 11 ] [ 1 ] [ 1903 1663 1881 ] [    0    0    0 ] [      0      0      0 ] [ 0 ],drive [ 10 ] [ 0 ] [ 1903 1630 1886 ] [    5   42   10 ] [  12382   9776   9314 ] [ 0 ],1.00,1.00,1.20,1.40,-5.71,2.50,0.00,0.00,0.00,0.00,0.00,0.00,-0.00,0.00,0.00,0.00,0.00,0.00,0.00,0.00,0.00,0
1.94435,-5,1,67,0,DRIVE [ 11 ] [ 1 ] [ 1903 1699 1874 ] [    0    0    0 ] [      0      0      0 ] [ 0 ],drive [ 11 ] [ 0 ] [ 1903 1663 1881 ] [    1   43    3 ] [  12382   9776   9314 ] [ 0 ],1.00,1.00,1.20,1.40,-5.14,1.72,0.00,0.00,0.00,0.00,0.00,0.00,-0.00,0.00,0.00,0.00,0.00,0.00,0.00,0.00,0.00,0
1.95568,-5,1,65,0,DRIVE [ 12 ] [ 1 ] [ 1903 1738 1866 ] [    0    0    0 ] [      0      0      0 ] [ 0 ],drive [ 11 ] [ 0 ] [ 1903 1699 1874 ] [    1   43    3 ] [  12382   9776   9314 ] [ 0 ],1.00,1.00,1.20,1.40,-4.52,0.89,0.00,0.00,0.00,0.00,0.00,0.00,-0.00,0.00,0.00,0.00,0.00,0.00,0.00,0.00,0.00,0
1.96623,-4,0,64,0,DRIVE [ 12 ] [ 1 ] [ 1903 1778 1856 ] [    0    0    0 ] [      0      0      0 ] [ 0 ],drive [ 12 ] [ 0 ] [ 1903 1738 1866 ] [    1   43    3 ] [  12382   9776   9314 ] [ 0 ],1.00,1.00,1.20,1.40,-3.86,0.00,0.00,0.00,0.00,0.00,0.00,0.00,-0.00,0.00,0.00,0.00,0.00,0.00,0.00,0.00,0.00,0
1.97871,-3,-1,62,0,DRIVE [ 13 ] [ 1 ] [ 1903 1812 1845 ] [    0    0    0 ] [      0      0      0 ] [ 0 ],drive [ 12 ] [ 0 ] [ 1903 1778 1856 ] [    1   43    3 ] [  12382   9769   9260 ] [ 0 ],1.00,1.00,1.20,1.40,-3.16,-0.79,0.00,0.00,0.00,0.00,0.00,0.00,-0.00,0.00,0.00,0.00,0.00,0.00,0.00,0.00,0.00,0
1.99078,-2,-1,61,0,DRIVE [ 13 ] [ 1 ] [ 1903 1841 1828 ] [    0    0    0 ] [      0      0      0 ] [ 0 ],drive [ 13 ] [ 0 ] [ 1903 1812 1845 ] [    1   16   24 ] [  12382   9769   9260 ] [ 0 ],1.00,1.00,1.20,1.40,-2.46,-1.60,0.00,0.00,0.00,0.00,0.00,0.00,-0.00,0.00,0.00,0.00,0.00,0.00,0.00,0.00,0.00,0
2.00184,-2,-2,59,0,DRIVE [ 14 ] [ 1 ] [ 1903 1862 1799 ] [    0    0    0 ] [      0      0      0 ] [ 0 ],drive [ 13 ] [ 0 ] [ 1903 1841 1828 ] [    1   16   24 ] [  12382   9769   9260 ] [ 0 ],1.00,1.00,1.20,1.40,-1.78,-2.45,0.00,0.00,0.00,0.00,0.00,0.00,-0.00,0.00,0.00,0.00,0.00,0.00,0.00,0.00,0.00,0
2.01133,-1,-3,58,0,DRIVE [ 14 ] [ 1 ] [ 1903 1879 1755 ] [    0    0    0 ] [      0      0      0 ] [ 0 ],drive [ 14 ] [ 0 ] [ 1903 1862 1799 ] [    1   16   24 ] [  12382   9769   9260 ] [ 0 ],1.00,1.00,1.20,1.40,-1.10,-3.29,0.00,0.00,0.00,0.00,0.00,0.00,-0.00,0.00,0.00,0.00,0.00,0.00,0.00,0.00,0.00,0
2.02251,0,-3,56,0,DRIVE [ 15 ] [ 1 ] [ 1903 1895 1703 ] [    0    0    0 ] [      0      0      0 ] [ 0 ],drive [ 14 ] [ 0 ] [ 1903 1879 1755 ] [    1   16   24 ] [  12382   9648   9250 ] [ 0 ],1.00,1.00,1.20,1.40,-0.44,-4.06,0.00,0.00,0.00,0.00,0.00,0.00,-0.00,0.00,0.00,0.00,0.00,0.00,0.00,0.00,0.00,0
2.03443,0,-4,55,0,DRIVE [ 15 ] [ 1 ] [ 1899 1895 1653 ] [    0    0    0 ] [      0      0      0 ] [ 0 ],drive [ 15 ] [ 0 ] [ 1903 1895 1703 ] [    1   16   24 ] [  12382   9648   9250 ] [ 0 ],1.00,1.00,1.20,1.40,0.25,-4.83,0.00,0.00,0.00,0.00,0.00,0.00,-0.00,0.00,0.00,0.00,0.00,0.00,0.00,0.00,0.00,0
2.04671,1,-5,53,0,DRIVE [ 16 ] [ 1 ] [ 1882 1895 1621 ] [    0    0    0 ] [      0      0      0 ] [ 0 ],drive [ 15 ] [ 0 ] [ 1899 1895 1653 ] [    1   22   32 ] [  12382   9648   9250 ] [ 0 ],1.00,1.00,1.20,1.40,0.93,-5.55,0.00,0.00,0.00,0.00,0.00,0.00,-0.00,0.00,0.00,0.00,0.00,0.00,0.00,0.00,0.00,0
2.05861,2,-5,52,0,DRIVE [ 16 ] [ 1 ] [ 1865 1895 1587 ] [    0    0    0 ] [      0      0      0 ] [ 0 ],drive [ 16 ] [ 0 ] [ 1882 1895 1621 ] [    1   22   32 ] [  12382   9648   9250 ] [ 0 ],1.00,1.00,1.20,1.40,1.56,-6.20,0.00,0.00,0.00,0.00,0.00,0.00,-0.00,0.00,0.00,0.00,0.00,0.00,0.00,0.00,0.00,0
2.06854,2,-6,51,0,DRIVE [ 17 ] [ 1 ] [ 1846 1895 1554 ] [    0    0    0 ] [      0      0      0 ] [ 0 ],drive [ 16 ] [ 0 ] [ 1865 1895 1587 ] [    1   22   32 ] [  12382   9648   9250 ] [ 0 ],1.00,1.00,1.20,1.40,2.21,-6.79,0.00,0.00,0.00,0.00,0.00,0.00,-0.00,0.00,0.00,0.00,0.00,0.00,0.00,0.00,0.00,0
2.07836,3,-6,49,0,DRIVE [ 17 ] [ 1 ] [ 1825 1895 1518 ] [    0    0    0 ] [      0      0      0 ] [ 0 ],drive [ 17 ] [ 0 ] [ 1846 1895 1554 ] [    1   22   32 ] [  12384   9486   9385 ] [ 0 ],1.00,1.00,1.20,1.40,2.90,-7.39,0.00,0.00,0.00,0.00,0.00,0.00,-0.00,0.00,0.00,0.00,0.00,0.00,0.00,0.00,0.00,0
2.09049,4,-7,48,0,DRIVE [ 18 ] [ 1 ] [ 1802 1895 1481 ] [    0    0    0 ] [      0      0      0 ] [ 0 ],drive [ 17 ] [ 0 ] [ 1825 1895 1518 ] [    9   20   42 ] [  12384   9486   9385 ] [ 0 ],1.00,1.00,1.20,1.40,3.63,-7.97,0.00,0.00,0.00,0.00,0.00,0.00,-0.00,0.00,0.00,0.00,0.00,0.00,0.00,0.00,0.00,0
2.10265,4,-7,47,0,DRIVE [ 18 ] [ 1 ] [ 1778 1895 1440 ] [    0    0    0 ] [      0      0      0 ] [ 0 ],drive [ 18 ] [ 0 ] [ 1802 1895 1481 ] [    9   20   42 ] [  12384   9486   9385 ] [ 0 ],1.00,1.00,1.20,1.40,4.37,-8.60,0.00,0.00,0.00,0.00,0.00,0.00,-0.00,0.00,0.00,0.00,0.00,0.00,0.00,0.00,0.00,0
2.11443,5,-8,46,1,DRIVE [ 19 ] [ 1 ] [ 1756 1895 1402 ] [    0    0    0 ] [      0      0      0 ] [ 0 ],drive [ 18 ] [ 0 ] [ 1778 1895 1440 ] [    9   20   42 ] [  12384   9486   9385 ] [ 0 ],1.00,1.00,1.20,1.40,5.00,-9.14,0.00,0.00,0.00,0.00,0.00,0.00,-0.00,0.00,0.00,0.00,0.00,0.00,0.00,0.00,0.00,0
