timestamp,Xmm,Ymm,Zmm,TouchDetected,OutgoingPacket,IncomingPacket,GainPropAb, GainPropAd, GainPropFl, GainPropEx,PropA, PropB, PropC,GainIntegAb, GainIntegAd, GainIntegFl, GainIntegEx,IntegA, IntegB, IntegC,GainDerivAb, GainDerivAd, GainDerivFl, GainDerivEx,DerivA, DerivB, DerivC,Heading5
0.00543846,-158,-15,355,0,DRIVE [ 88 ] [ 1 ] [ 1902 1069 1508 ] [    0    0    0 ] [      0      0      0 ] [ 0 ],drive [ 88 ] [ 0 ] [ 1902 1067 1509 ] [   13   82   41 ] [   7620   8504  11574 ] [ 0 ],1.00,1.00,1.00,1.00,-158.12,-14.74,0.00,0.00,0.00,0.00,0.00,0.00,0.00,0.00,0.00,0.00,0.00,0.00,0.00,0.00,0.00,0
0.0192937,-158,-15,355,0,DRIVE [ 89 ] [ 1 ] [ 1902 1070 1506 ] [    0    0    0 ] [      0      0      0 ] [ 0 ],drive [ 88 ] [ 0 ] [ 1902 1069 1508 ] [   13   82   41 ] [   7620   8504  11574 ] [ 0 ],1.00,1.00,1.00,1.00,-158.21,-15.05,0.00,0.00,0.00,0.00,0.00,0.00,0.00,0.00,0.00,0.00,0.00,0.00,0.00,0.00,0.00,0
0.0316314,-159,-15,356,0,DRIVE [ 89 ] [ 1 ] [ 1902 1070 1506 ] [    0    0    0 ] [      0      0      0 ] [ 0 ],drive [ 89 ] [ 0 ] [ 1902 1070 1506 ] [   13   82   41 ] [   7620   8504  11574 ] [ 0 ],1.00,1.00,1.00,1.00,-158.57,-15.08,0.00,0.00,0.00,0.00,0.00,0.00,0.00,0.00,0.00,0.00,0.00,0.00,0.00,0.00,0.00,0
0.044539,-158,-15,356,0,DRIVE [ 90 ] [ 1 ] [ 1902 1070 1507 ] [    0    0    0 ] [      0      0      0 ] [ 0 ],drive [ 89 ] [ 0 ] [ 1902 1070 1506 ] [   12   81   41 ] [   7620   8504  11574 ] [ 0 ],1.00,1.00,1.00,1.00,-158.32,-15.06,0.00,0.00,0.00,0.00,0.00,0.00,0.00,0.00,0.00,0.00,0.00,0.00,0.00,0.00,0.00,0
0.0584381,-158,-15,355,0,DRIVE [ 90 ] [ 1 ] [ 1902 1071 1507 ] [    0    0    0 ] [      0      0      0 ] [ 0 ],drive [ 90 ] [ 0 ] [ 1902 1070 1507 ] [   12   81   41 ] [   7620   8504  11574 ] [ 0 ],1.00,1.00,1.00,1.00,-158.14,-15.04,0.00,0.00,0.00,0.00,0.00,0.00,0.00,0.00,0.00,0.00,0.00,0.00,0.00,0.00,0.00,0
0.0709381,-158,-15,356,0,DRIVE [ 91 ] [ 1 ] [ 1902 1071 1507 ] [    0    0    0 ] [      0      0      0 ] [ 0 ],drive [ 90 ] [ 0 ] [ 1902 1071 1507 ] [   12   81   41 ] [   7620   8504  11574 ] [ 0 ],1.00,1.00,1.00,1.00,-158.24,-15.07,0.00,0.00,0.00,0.00,0.00,0.00,0.00,0.00,0.00,0.00,0.00,0.00,0.00,0.00,0.00,0
0.0838514,-158,-15,355,0,DRIVE [ 91 ] [ 1 ] [ 1902 1071 1507 ] [    0    0    0 ] [      0      0      0 ] [ 0 ],drive [ 91 ] [ 0 ] [ 1902 1071 1507 ] [   12   81   41 ] [   7620   8504  11574 ] [ 0 ],1.00,1.00,1.00,1.00,-158.07,-15.06,0.00,0.00,0.00,0.00,0.00,0.00,0.00,0.00,0.00,0.00,0.00,0.00,0.00,0.00,0.00,0
0.0976697,-159,-15,358,0,DRIVE [ 92 ] [ 1 ] [ 1902 1072 1507 ] [    0    0    0 ] [      0      0      0 ] [ 0 ],drive [ 91 ] [ 0 ] [ 1902 1071 1507 ] [   13   81   41 ] [   7620   8504  11574 ] [ 0 ],1.00,1.00,1.00,1.00,-159.15,-15.12,0.00,0.00,0.00,0.00,0.00,0.00,0.00,0.00,0.00,0.00,0.00,0.00,0.00,0.00,0.00,0
0.112678,-159,-15,359,0,DRIVE [ 92 ] [ 1 ] [ 1902 1071 1508 ] [    0    0    0 ] [      0      0      0 ] [ 0 ],drive [ 92 ] [ 0 ] [ 1902 1072 1507 ] [   13   81   41 ] [   7620   8504  11574 ] [ 0 ],1.00,1.00,1.00,1.00,-159.40,-15.04,0.00,0.00,0.00,0.00,0.00,0.00,0.00,0.00,0.00,0.00,0.00,0.00,0.00,0.00,0.00,0
0.125267,-160,-15,359,0,DRIVE [ 93 ] [ 1 ] [ 1902 1071 1509 ] [    0    0    0 ] [      0      0      0 ] [ 0 ],drive [ 92 ] [ 0 ] [ 1902 1071 1508 ] [   13   81   41 ] [   7620   8504  11574 ] [ 0 ],1.00,1.00,1.00,1.00,-159.62,-14.83,0.00,0.00,0.00,0.00,0.00,0.00,0.00,0.00,0.00,0.00,0.00,0.00,0.00,0.00,0.00,0
0.137604,100,5,325,0,DRIVE [ 93 ] [ 1 ] [ 1255 1071 1679 ] [    0    0    0 ] [      0      0      0 ] [ 0 ],drive [ 93 ] [ 0 ] [ 1902 1071 1509 ] [   13   81   41 ] [   7620   8504  11574 ] [ 0 ],1.00,1.00,1.00,1.00,100.05,4.77,0.00,0.00,0.00,0.00,0.00,0.00,0.00,0.00,0.00,0.00,0.00,0.00,0.00,0.00,0.00,0
0.150557,100,5,324,0,DRIVE [ 94 ] [ 1 ] [ 1255 1071 1679 ] [    0    0    0 ] [      0      0      0 ] [ 0 ],drive [ 93 ] [ 0 ] [ 1255 1071 1679 ] [   12   80   41 ] [   7620   8504  11574 ] [ 0 ],1.00,1.00,1.00,1.00,99.77,4.72,0.00,0.00,0.00,0.00,0.00,0.00,0.00,0.00,0.00,0.00,0.00,0.00,0.00,0.00,0.00,0
0.16368,103,5,333,0,DRIVE [ 94 ] [ 1 ] [ 1255 1071 1678 ] [    0    0    0 ] [      0      0      0 ] [ 0 ],drive [ 94 ] [ 0 ] [ 1255 1071 1679 ] [   12   80   41 ] [   7620   8504  11574 ] [ 0 ],1.00,1.00,1.00,1.00,102.51,4.82,0.00,0.00,0.00,0.00,0.00,0.00,0.00,0.00,0.00,0.00,0.00,0.00,0.00,0.00,0.00,0
0.176364,101,5,329,0,DRIVE [ 95 ] [ 1 ] [ 1254 1071 1679 ] [    0    0    0 ] [      0      0      0 ] [ 0 ],drive [ 94 ] [ 0 ] [ 1255 1071 1678 ] [   12   80   41 ] [   8010   8504  11541 ] [ 0 ],1.00,1.00,1.00,1.00,101.40,4.83,0.00,0.00,0.00,0.00,0.00,0.00,0.00,0.00,0.00,0.00,0.00,0.00,-0.00,-0.00,0.00,0
0.189148,101,5,328,0,DRIVE [ 95 ] [ 1 ] [ 1254 1071 1679 ] [    0    0    0 ] [      0      0      0 ] [ 0 ],drive [ 95 ] [ 0 ] [ 1254 1071 1679 ] [   12   80   41 ] [   8010   8504  11541 ] [ 0 ],1.00,1.00,1.00,1.00,101.14,4.83,0.00,0.00,0.00,0.00,0.00,0.00,0.00,0.00,0.00,0.00,0.00,0.00,-0.00,-0.00,0.00,0
0.20144,101,5,327,0,DRIVE [ 96 ] [ 1 ] [ 1256 1071 1679 ] [    0    0    0 ] [      0      0      0 ] [ 0 ],drive [ 95 ] [ 0 ] [ 1254 1071 1679 ] [   87   81   37 ] [   8010   8504  11541 ] [ 0 ],1.00,1.00,1.00,1.00,100.66,4.81,0.00,0.00,0.00,0.00,0.00,0.00,0.00,0.00,0.00,0.00,0.00,0.00,-0.00,-0.00,0.00,0
0.215885,100,4,329,0,DRIVE [ 96 ] [ 1 ] [ 1265 1071 1678 ] [    0    0    0 ] [      0      0      0 ] [ 0 ],drive [ 96 ] [ 0 ] [ 1256 1071 1679 ] [   87   81   37 ] [   8010   8504  11541 ] [ 0 ],1.00,1.00,1.00,1.00,100.06,3.92,0.00,0.00,0.00,0.00,0.00,0.00,0.00,0.00,0.00,0.00,0.00,0.00,-0.00,-0.00,0.00,0
0.228592,98,2,329,0,DRIVE [ 97 ] [ 1 ] [ 1282 1071 1675 ] [    0    0    0 ] [      0      0      0 ] [ 0 ],drive [ 96 ] [ 0 ] [ 1265 1071 1678 ] [   87   81   37 ] [   9366   8526  11189 ] [ 0 ],1.00,1.00,1.00,1.00,98.33,2.24,0.00,0.00,0.00,0.00,0.00,0.00,0.00,0.00,0.00,0.00,0.00,0.00,-0.00,-0.00,0.00,0
0.241045,96,0,329,0,DRIVE [ 97 ] [ 1 ] [ 1302 1071 1673 ] [    0    0    0 ] [      0      0      0 ] [ 0 ],drive [ 97 ] [ 0 ] [ 1282 1071 1675 ] [   75   90   44 ] [   9366   8526  11189 ] [ 0 ],1.00,1.00,1.00,1.00,96.25,0.41,0.00,0.00,0.00,0.00,0.00,0.00,0.00,0.00,0.00,0.00,0.00,0.00,-0.00,-0.00,0.00,0
0.253748,94,-1,329,0,DRIVE [ 98 ] [ 1 ] [ 1322 1071 1672 ] [    0    0    0 ] [      0      0      0 ] [ 0 ],drive [ 97 ] [ 0 ] [ 1302 1071 1673 ] [   75   90   44 ] [   9366   8526  11189 ] [ 0 ],1.00,1.00,1.00,1.00,93.98,-1.12,0.00,0.00,0.00,0.00,0.00,0.00,0.00,0.00,0.00,0.00,0.00,0.00,-0.00,0.00,0.00,0
0.265972,92,-2,329,0,DRIVE [ 98 ] [ 1 ] [ 1340 1071 1672 ] [    0    0    0 ] [      0      0      0 ] [ 0 ],drive [ 98 ] [ 0 ] [ 1322 1071 1672 ] [   75   90   44 ] [   9366   8526  11189 ] [ 0 ],1.00,1.00,1.00,1.00,91.99,-2.50,0.00,0.00,0.00,0.00,0.00,0.00,0.00,0.00,0.00,0.00,0.00,0.00,-0.00,0.00,0.00,0
0.280495,90,-4,329,0,DRIVE [ 99 ] [ 1 ] [ 1354 1071 1668 ] [    0    0    0 ] [      0      0      0 ] [ 0 ],drive [ 98 ] [ 0 ] [ 1340 1071 1672 ] [   75   90   44 ] [   9366   8730  11169 ] [ 0 ],1.00,1.00,1.00,1.00,90.41,-4.13,0.00,0.00,0.00,0.00,0.00,0.00,0.00,0.00,0.00,0.00,0.00,0.00,-0.00,0.00,0.00,0
0.293232,90,-6,328,0,DRIVE [ 99 ] [ 1 ] [ 1364 1071 1663 ] [    0    0    0 ] [      0      0      0 ] [ 0 ],drive [ 99 ] [ 0 ] [ 1354 1071 1668 ] [   72   77   45 ] [   9366   8730  11169 ] [ 0 ],1.00,1.00,1.00,1.00,89.60,-5.75,0.00,0.00,0.00,0.00,0.00,0.00,0.00,0.00,0.00,0.00,0.00,0.00,-0.00,0.00,0.00,0
0.306167,89,-7,327,0,DRIVE [ 00 ] [ 1 ] [ 1370 1071 1657 ] [    0    0    0 ] [      0      0      0 ] [ 0 ],drive [ 99 ] [ 0 ] [ 1364 1071 1663 ] [   72   77   45 ] [   9366   8730  11169 ] [ 0 ],1.00,1.00,1.00,1.00,89.23,-7.23,0.00,0.00,0.00,0.00,0.00,0.00,0.00,0.00,0.00,0.00,0.00,0.00,-0.00,0.00,0.00,0
0.318467,89,-8,327,0,DRIVE [ 00 ] [ 1 ] [ 1376 1071 1652 ] [    0    0    0 ] [      0      0      0 ] [ 0 ],drive [ 00 ] [ 0 ] [ 1370 1071 1657 ] [   72   77   45 ] [   9366   8730  11169 ] [ 0 ],1.00,1.00,1.00,1.00,89.06,-8.43,0.00,0.00,0.00,0.00,0.00,0.00,0.00,0.00,0.00,0.00,0.00,0.00,-0.00,0.00,0.00,0
0.33101,89,-9,326,0,DRIVE [ 01 ] [ 1 ] [ 1380 1071 1649 ] [    0    0    0 ] [      0      0      0 ] [ 0 ],drive [ 00 ] [ 0 ] [ 1376 1071 1652 ] [   72   77   45 ] [   9363   8730  11169 ] [ 0 ],1.00,1.00,1.00,1.00,88.52,-9.28,0.00,0.00,0.00,0.00,0.00,0.00,0.00,0.00,0.00,0.00,0.00,0.00,-0.00,0.00,0.00,0
0.34374,89,-10,327,0,DRIVE [ 01 ] [ 1 ] [ 1384 1071 1647 ] [    0    0    0 ] [      0      0      0 ] [ 0 ],drive [ 01 ] [ 0 ] [ 1380 1071 1649 ] [   71   79   46 ] [   9363   8730  11169 ] [ 0 ],1.00,1.00,1.00,1.00,88.52,-10.03,0.00,0.00,0.00,0.00,0.00,0.00,0.00,0.00,0.00,0.00,0.00,0.00,-0.00,0.00,0.00,0
0.35637,88,-11,327,0,DRIVE [ 02 ] [ 1 ] [ 1387 1071 1644 ] [    0    0    0 ] [      0      0      0 ] [ 0 ],drive [ 01 ] [ 0 ] [ 1384 1071 1647 ] [   71   79   46 ] [   9363   8730  11169 ] [ 0 ],1.00,1.00,1.00,1.00,88.45,-10.62,0.00,0.00,0.00,0.00,0.00,0.00,0.00,0.00,0.00,0.00,0.00,0.00,-0.00,0.00,0.00,0
0.368543,88,-11,328,0,DRIVE [ 02 ] [ 1 ] [ 1389 1071 1643 ] [    0    0    0 ] [      0      0      0 ] [ 0 ],drive [ 02 ] [ 0 ] [ 1387 1071 1644 ] [   71   79   46 ] [   9363   8730  11169 ] [ 0 ],1.00,1.00,1.00,1.00,88.35,-11.08,0.00,0.00,0.00,0.00,0.00,0.00,0.00,0.00,0.00,0.00,0.00,0.00,-0.00,0.00,0.00,0
0.38142,88,-11,327,0,DRIVE [ 03 ] [ 1 ] [ 1391 1071 1642 ] [    0    0    0 ] [      0      0      0 ] [ 0 ],drive [ 02 ] [ 0 ] [ 1389 1071 1643 ] [   71   79   46 ] [   9361   8730  11170 ] [ 0 ],1.00,1.00,1.00,1.00,88.07,-11.37,0.00,0.00,0.00,0.00,0.00,0.00,0.00,0.00,0.00,0.00,0.00,0.00,-0.00,0.00,0.00,0
0.394268,88,-12,327,0,DRIVE [ 03 ] [ 1 ] [ 1391 1071 1641 ] [    0    0    0 ] [      0      0      0 ] [ 0 ],drive [ 03 ] [ 0 ] [ 1391 1071 1642 ] [   69   77   48 ] [   9361   8730  11170 ] [ 0 ],1.00,1.00,1.00,1.00,88.16,-11.56,0.00,0.00,0.00,0.00,0.00,0.00,0.00,0.00,0.00,0.00,0.00,0.00,-0.00,0.00,0.00,0
0.406488,88,-12,326,0,DRIVE [ 04 ] [ 1 ] [ 1392 1071 1641 ] [    0    0    0 ] [      0      0      0 ] [ 0 ],drive [ 03 ] [ 0 ] [ 1391 1071 1641 ] [   69   77   48 ] [   9361   8730  11170 ] [ 0 ],1.00,1.00,1.00,1.00,87.79,-11.52,0.00,0.00,0.00,0.00,0.00,0.00,0.00,0.00,0.00,0.00,0.00,0.00,-0.00,0.00,0.00,0
0.419289,88,-11,326,0,DRIVE [ 04 ] [ 1 ] [ 1392 1071 1641 ] [    0    0    0 ] [      0      0      0 ] [ 0 ],drive [ 04 ] [ 0 ] [ 1392 1071 1641 ] [   69   77   48 ] [   9361   8730  11170 ] [ 0 ],1.00,1.00,1.00,1.00,87.83,-11.48,0.00,0.00,0.00,0.00,0.00,0.00,0.00,0.00,0.00,0.00,0.00,0.00,-0.00,0.00,0.00,0
0.431895,88,-11,327,0,DRIVE [ 05 ] [ 1 ] [ 1392 1071 1641 ] [    0    0    0 ] [      0      0      0 ] [ 0 ],drive [ 04 ] [ 0 ] [ 1392 1071 1641 ] [   69   77   48 ] [   9361   8730  11170 ] [ 0 ],1.00,1.00,1.00,1.00,87.87,-11.44,0.00,0.00,0.00,0.00,0.00,0.00,0.00,0.00,0.00,0.00,0.00,0.00,-0.00,0.00,0.00,0
0.444704,88,-11,326,0,DRIVE [ 05 ] [ 1 ] [ 1392 1071 1642 ] [    0    0    0 ] [      0      0      0 ] [ 0 ],drive [ 05 ] [ 0 ] [ 1392 1071 1641 ] [   69   78   48 ] [   9361   8730  11170 ] [ 0 ],1.00,1.00,1.00,1.00,87.65,-11.41,0.00,0.00,0.00,0.00,0.00,0.00,0.00,0.00,0.00,0.00,0.00,0.00,-0.00,0.00,0.00,0
0.457511,88,-11,327,0,DRIVE [ 06 ] [ 1 ] [ 1393 1071 1642 ] [    0    0    0 ] [      0      0      0 ] [ 0 ],drive [ 05 ] [ 0 ] [ 1392 1071 1642 ] [   69   78   48 ] [   9361   8730  11170 ] [ 0 ],1.00,1.00,1.00,1.00,87.69,-11.33,0.00,0.00,0.00,0.00,0.00,0.00,0.00,0.00,0.00,0.00,0.00,0.00,-0.00,0.00,0.00,0
0.469575,87,-11,326,0,DRIVE [ 06 ] [ 1 ] [ 1393 1071 1644 ] [    0    0    0 ] [      0      0      0 ] [ 0 ],drive [ 06 ] [ 0 ] [ 1393 1071 1642 ] [   69   78   48 ] [   9361   8730  11170 ] [ 0 ],1.00,1.00,1.00,1.00,87.40,-11.16,0.00,0.00,0.00,0.00,0.00,0.00,0.00,0.00,0.00,0.00,0.00,0.00,-0.00,0.00,0.00,0
0.48249,87,-11,326,0,DRIVE [ 07 ] [ 1 ] [ 1394 1071 1644 ] [    0    0    0 ] [      0      0      0 ] [ 0 ],drive [ 06 ] [ 0 ] [ 1393 1071 1644 ] [   69   78   48 ] [   9360   8730  11170 ] [ 0 ],1.00,1.00,1.00,1.00,87.10,-11.04,0.00,0.00,0.00,0.00,0.00,0.00,0.00,0.00,0.00,0.00,0.00,0.00,-0.00,0.00,0.00,0
0.49531,87,-11,325,0,DRIVE [ 07 ] [ 1 ] [ 1395 1071 1645 ] [    0    0    0 ] [      0      0      0 ] [ 0 ],drive [ 07 ] [ 0 ] [ 1394 1071 1644 ] [   68   78   47 ] [   9360   8730  11170 ] [ 0 ],1.00,1.00,1.00,1.00,86.85,-10.91,0.00,0.00,0.00,0.00,0.00,0.00,0.00,0.00,0.00,0.00,0.00,0.00,-0.00,0.00,0.00,0
0.50804,87,-11,326,0,DRIVE [ 08 ] [ 1 ] [ 1396 1071 1646 ] [    0    0    0 ] [      0      0      0 ] [ 0 ],drive [ 07 ] [ 0 ] [ 1395 1071 1645 ] [   68   78   47 ] [   9360   8730  11170 ] [ 0 ],1.00,1.00,1.00,1.00,86.61,-10.81,0.00,0.00,0.00,0.00,0.00,0.00,0.00,0.00,0.00,0.00,0.00,0.00,-0.00,0.00,0.00,0
0.520783,87,-11,326,0,DRIVE [ 08 ] [ 1 ] [ 1398 1071 1647 ] [    0    0    0 ] [      0      0      0 ] [ 0 ],drive [ 08 ] [ 0 ] [ 1396 1071 1646 ] [   68   78   47 ] [   9360   8730  11170 ] [ 0 ],1.00,1.00,1.00,1.00,86.51,-10.85,0.00,0.00,0.00,0.00,0.00,0.00,0.00,0.00,0.00,0.00,0.00,0.00,-0.00,0.00,0.00,0
0.532884,86,-11,326,0,DRIVE [ 09 ] [ 1 ] [ 1401 1071 1648 ] [    0    0    0 ] [      0      0      0 ] [ 0 ],drive [ 08 ] [ 0 ] [ 1398 1071 1647 ] [   68   78   47 ] [   9361   8730  11170 ] [ 0 ],1.00,1.00,1.00,1.00,85.83,-10.82,0.00,0.00,0.00,0.00,0.00,0.00,0.00,0.00,0.00,0.00,0.00,0.00,-0.00,0.00,0.00,0
0.545676,85,-11,326,0,DRIVE [ 09 ] [ 1 ] [ 1404 1071 1649 ] [    0    0    0 ] [      0      0      0 ] [ 0 ],drive [ 09 ] [ 0 ] [ 1401 1071 1648 ] [   69   78   47 ] [   9361   8730  11170 ] [ 0 ],1.00,1.00,1.00,1.00,85.32,-10.89,0.00,0.00,0.00,0.00,0.00,0.00,0.00,0.00,0.00,0.00,0.00,0.00,-0.00,0.00,0.00,0
0.558407,85,-11,326,0,DRIVE [ 10 ] [ 1 ] [ 1407 1071 1650 ] [    0    0    0 ] [      0      0      0 ] [ 0 ],drive [ 09 ] [ 0 ] [ 1404 1071 1649 ] [   69   78   47 ] [   9361   8730  11170 ] [ 0 ],1.00,1.00,1.00,1.00,84.95,-10.91,0.00,0.00,0.00,0.00,0.00,0.00,0.00,0.00,0.00,0.00,0.00,0.00,-0.00,0.00,0.00,0
0.571057,84,-11,326,0,DRIVE [ 10 ] [ 1 ] [ 1411 1071 1652 ] [    0    0    0 ] [      0      0      0 ] [ 0 ],drive [ 10 ] [ 0 ] [ 1407 1071 1650 ] [   69   78   47 ] [   9361   8730  11170 ] [ 0 ],1.00,1.00,1.00,1.00,84.21,-10.93,0.00,0.00,0.00,0.00,0.00,0.00,0.00,0.00,0.00,0.00,0.00,0.00,-0.00,0.00,0.00,0
0.583303,84,-11,326,0,DRIVE [ 11 ] [ 1 ] [ 1416 1071 1653 ] [    0    0    0 ] [      0      0      0 ] [ 0 ],drive [ 10 ] [ 0 ] [ 1411 1071 1652 ] [   69   78   47 ] [   9361   8730  11170 ] [ 0 ],1.00,1.00,1.00,1.00,83.53,-10.96,0.00,0.00,0.00,0.00,0.00,0.00,0.00,0.00,0.00,0.00,0.00,0.00,-0.00,0.00,0.00,0
0.596417,83,-11,327,0,DRIVE [ 11 ] [ 1 ] [ 1421 1071 1656 ] [    0    0    0 ] [      0      0      0 ] [ 0 ],drive [ 11 ] [ 0 ] [ 1416 1071 1653 ] [   66   78   47 ] [   9361   8730  11170 ] [ 0 ],1.00,1.00,1.00,1.00,82.84,-10.84,0.00,0.00,0.00,0.00,0.00,0.00,0.00,0.00,0.00,0.00,0.00,0.00,-0.00,0.00,0.00,0
0.608696,82,-11,328,0,DRIVE [ 12 ] [ 1 ] [ 1426 1071 1659 ] [    0    0    0 ] [      0      0      0 ] [ 0 ],drive [ 11 ] [ 0 ] [ 1421 1071 1656 ] [   66   78   47 ] [   9361   8730  11170 ] [ 0 ],1.00,1.00,1.00,1.00,81.95,-10.66,0.00,0.00,0.00,0.00,0.00,0.00,0.00,0.00,0.00,0.00,0.00,0.00,-0.00,0.00,0.00,0
0.622858,81,-10,329,0,DRIVE [ 12 ] [ 1 ] [ 1431 1071 1663 ] [    0    0    0 ] [      0      0      0 ] [ 0 ],drive [ 12 ] [ 0 ] [ 1426 1071 1659 ] [   66   78   47 ] [   9361   8730  11170 ] [ 0 ],1.00,1.00,1.00,1.00,81.26,-10.37,0.00,0.00,0.00,0.00,0.00,0.00,0.00,0.00,0.00,0.00,0.00,0.00,-0.00,0.00,0.00,0
0.635086,80,-10,328,0,DRIVE [ 13 ] [ 1 ] [ 1435 1071 1667 ] [    0    0    0 ] [      0      0      0 ] [ 0 ],drive [ 12 ] [ 0 ] [ 1431 1071 1663 ] [   66   78   47 ] [   9360   8730  11170 ] [ 0 ],1.00,1.00,1.00,1.00,80.11,-9.96,0.00,0.00,0.00,0.00,0.00,0.00,0.00,0.00,0.00,0.00,0.00,0.00,-0.00,0.00,0.00,0
0.647886,79,-9,328,0,DRIVE [ 13 ] [ 1 ] [ 1440 1071 1671 ] [    0    0    0 ] [      0      0      0 ] [ 0 ],drive [ 13 ] [ 0 ] [ 1435 1071 1667 ] [   66   77   46 ] [   9360   8730  11170 ] [ 0 ],1.00,1.00,1.00,1.00,79.16,-9.49,0.00,0.00,0.00,0.00,0.00,0.00,0.00,0.00,0.00,0.00,0.00,0.00,-0.00,0.00,0.00,0
0.661241,78,-9,328,0,DRIVE [ 14 ] [ 1 ] [ 1444 1071 1675 ] [    0    0    0 ] [      0      0      0 ] [ 0 ],drive [ 13 ] [ 0 ] [ 1440 1071 1671 ] [   66   77   46 ] [   9360   8730  11170 ] [ 0 ],1.00,1.00,1.00,1.00,78.38,-9.01,0.00,0.00,0.00,0.00,0.00,0.00,0.00,0.00,0.00,0.00,0.00,0.00,-0.00,0.00,0.00,0
0.674564,77,-8,329,0,DRIVE [ 14 ] [ 1 ] [ 1449 1071 1681 ] [    0    0    0 ] [      0      0      0 ] [ 0 ],drive [ 14 ] [ 0 ] [ 1444 1071 1675 ] [   66   77   46 ] [   9360   8730  11170 ] [ 0 ],1.00,1.00,1.00,1.00,77.14,-8.33,0.00,0.00,0.00,0.00,0.00,0.00,0.00,0.00,0.00,0.00,0.00,0.00,-0.00,0.00,0.00,0
0.687252,76,-8,329,0,DRIVE [ 15 ] [ 1 ] [ 1455 1071 1687 ] [    0    0    0 ] [      0      0      0 ] [ 0 ],drive [ 14 ] [ 0 ] [ 1449 1071 1681 ] [   66   77   46 ] [   9359   8730  11168 ] [ 0 ],1.00,1.00,1.00,1.00,75.89,-7.74,0.00,0.00,0.00,0.00,0.00,0.00,0.00,0.00,0.00,0.00,0.00,0.00,-0.00,0.00,0.00,0
0.700177,75,-7,329,0,DRIVE [ 15 ] [ 1 ] [ 1461 1071 1692 ] [    0    0    0 ] [      0      0      0 ] [ 0 ],drive [ 15 ] [ 0 ] [ 1455 1071 1687 ] [   66   79   42 ] [   9359   8730  11168 ] [ 0 ],1.00,1.00,1.00,1.00,74.63,-7.20,0.00,0.00,0.00,0.00,0.00,0.00,0.00,0.00,0.00,0.00,0.00,0.00,-0.00,0.00,0.00,0
0.712808,73,-7,328,0,DRIVE [ 16 ] [ 1 ] [ 1468 1071 1697 ] [    0    0    0 ] [      0      0      0 ] [ 0 ],drive [ 15 ] [ 0 ] [ 1461 1071 1692 ] [   66   79   42 ] [   9359   8730  11168 ] [ 0 ],1.00,1.00,1.00,1.00,73.08,-6.74,0.00,0.00,0.00,0.00,0.00,0.00,0.00,0.00,0.00,0.00,0.00,0.00,-0.00,0.00,0.00,0
0.725223,72,-6,329,0,DRIVE [ 16 ] [ 1 ] [ 1475 1071 1703 ] [    0    0    0 ] [      0      0      0 ] [ 0 ],drive [ 16 ] [ 0 ] [ 1468 1071 1697 ] [   66   79   42 ] [   9358   8730  11156 ] [ 0 ],1.00,1.00,1.00,1.00,71.78,-6.29,0.00,0.00,0.00,0.00,0.00,0.00,0.00,0.00,0.00,0.00,0.00,0.00,-0.00,0.00,0.00,0
0.737019,70,-6,329,0,DRIVE [ 17 ] [ 1 ] [ 1483 1071 1708 ] [    0    0    0 ] [      0      0      0 ] [ 0 ],drive [ 16 ] [ 0 ] [ 1475 1071 1703 ] [   66   79   42 ] [   9358   8730  11156 ] [ 0 ],1.00,1.00,1.00,1.00,70.29,-5.88,0.00,0.00,0.00,0.00,0.00,0.00,0.00,0.00,0.00,0.00,0.00,0.00,-0.00,0.00,0.00,0
0.749948,69,-5,330,0,DRIVE [ 17 ] [ 1 ] [ 1491 1071 1714 ] [    0    0    0 ] [      0      0      0 ] [ 0 ],drive [ 17 ] [ 0 ] [ 1483 1071 1708 ] [   64   78   32 ] [   9358   8730  11156 ] [ 0 ],1.00,1.00,1.00,1.00,68.84,-5.49,0.00,0.00,0.00,0.00,0.00,0.00,0.00,0.00,0.00,0.00,0.00,0.00,-0.00,0.00,0.00,0
0.762588,66,-5,329,0,DRIVE [ 18 ] [ 1 ] [ 1508 1071 1722 ] [    0    0    0 ] [      0      0      0 ] [ 0 ],drive [ 17 ] [ 0 ] [ 1491 1071 1714 ] [   64   78   32 ] [   9358   8730  11156 ] [ 0 ],1.00,1.00,1.00,1.00,65.73,-5.06,0.00,0.00,0.00,0.00,0.00,0.00,0.00,0.00,0.00,0.00,0.00,0.00,-0.00,0.00,0.00,0
0.775222,63,-5,328,0,DRIVE [ 18 ] [ 1 ] [ 1524 1071 1731 ] [    0    0    0 ] [      0      0      0 ] [ 0 ],drive [ 18 ] [ 0 ] [ 1508 1071 1722 ] [   64   78   32 ] [   9355   8730  11153 ] [ 0 ],1.00,1.00,1.00,1.00,62.75,-4.68,0.00,0.00,0.00,0.00,0.00,0.00,0.00,0.00,0.00,0.00,0.00,0.00,-0.00,0.00,0.00,0
0.787819,60,-4,327,0,DRIVE [ 19 ] [ 1 ] [ 1540 1071 1738 ] [    0    0    0 ] [      0      0      0 ] [ 0 ],drive [ 18 ] [ 0 ] [ 1524 1071 1731 ] [   64   78   32 ] [   9355   8730  11153 ] [ 0 ],1.00,1.00,1.00,1.00,59.87,-4.41,0.00,0.00,0.00,0.00,0.00,0.00,0.00,0.00,0.00,0.00,0.00,0.00,-0.00,0.00,0.00,0
0.799747,57,-4,326,0,DRIVE [ 19 ] [ 1 ] [ 1555 1071 1746 ] [    0    0    0 ] [      0      0      0 ] [ 0 ],drive [ 19 ] [ 0 ] [ 1540 1071 1738 ] [   62   78   20 ] [   9355   8730  11153 ] [ 0 ],1.00,1.00,1.00,1.00,57.10,-4.13,0.00,0.00,0.00,0.00,0.00,0.00,0.00,0.00,0.00,0.00,0.00,0.00,-0.00,0.00,0.00,0
0.812489,54,-4,326,0,DRIVE [ 20 ] [ 1 ] [ 1571 1071 1752 ] [    0    0    0 ] [      0      0      0 ] [ 0 ],drive [ 19 ] [ 0 ] [ 1555 1071 1746 ] [   62   78   20 ] [   9355   8730  11153 ] [ 0 ],1.00,1.00,1.00,1.00,54.48,-3.99,0.00,0.00,0.00,0.00,0.00,0.00,0.00,0.00,0.00,0.00,0.00,0.00,-0.00,0.00,0.00,0
0.825081,52,-4,326,0,DRIVE [ 20 ] [ 1 ] [ 1586 1071 1759 ] [    0    0    0 ] [      0      0      0 ] [ 0 ],drive [ 20 ] [ 0 ] [ 1571 1071 1752 ] [   62   78   20 ] [   9351   8730  11036 ] [ 0 ],1.00,1.00,1.00,1.00,51.99,-3.93,0.00,0.00,0.00,0.00,0.00,0.00,0.00,0.00,0.00,0.00,0.00,0.00,-0.00,0.00,0.00,0
0.837641,50,-4,325,0,DRIVE [ 21 ] [ 1 ] [ 1602 1071 1764 ] [    0    0    0 ] [      0      0      0 ] [ 0 ],drive [ 20 ] [ 0 ] [ 1586 1071 1759 ] [   62   78   20 ] [   9351   8730  11036 ] [ 0 ],1.00,1.00,1.00,1.00,49.54,-4.16,0.00,0.00,0.00,0.00,0.00,0.00,-0.00,0.00,0.00,0.00,0.00,0.00,-0.00,0.00,0.00,0
0.85018,48,-5,327,0,DRIVE [ 21 ] [ 1 ] [ 1618 1071 1768 ] [    0    0    0 ] [      0      0      0 ] [ 0 ],drive [ 21 ] [ 0 ] [ 1602 1071 1764 ] [   56   79   22 ] [   9351   8730  11036 ] [ 0 ],1.00,1.00,1.00,1.00,47.54,-4.55,0.00,0.00,0.00,0.00,0.00,0.00,-0.00,0.00,0.00,0.00,0.00,0.00,-0.00,0.00,0.00,0
0.86311,45,-5,327,0,DRIVE [ 22 ] [ 1 ] [ 1632 1071 1771 ] [    0    0    0 ] [      0      0      0 ] [ 0 ],drive [ 21 ] [ 0 ] [ 1618 1071 1768 ] [   56   79   22 ] [   9351   8730  11036 ] [ 0 ],1.00,1.00,1.00,1.00,45.39,-4.86,0.00,0.00,0.00,0.00,0.00,0.00,-0.00,0.00,0.00,0.00,0.00,0.00,-0.00,0.00,0.00,0
0.875858,43,-5,327,0,DRIVE [ 22 ] [ 1 ] [ 1646 1071 1776 ] [    0    0    0 ] [      0      0      0 ] [ 0 ],drive [ 22 ] [ 0 ] [ 1632 1071 1771 ] [   56   79   22 ] [   9339   8730  10959 ] [ 0 ],1.00,1.00,1.00,1.00,43.36,-5.05,0.00,0.00,0.00,0.00,0.00,0.00,-0.00,0.00,0.00,0.00,0.00,0.00,-0.00,0.00,0.00,0
0.888394,41,-5,326,0,DRIVE [ 23 ] [ 1 ] [ 1659 1071 1780 ] [    0    0    0 ] [      0      0      0 ] [ 0 ],drive [ 22 ] [ 0 ] [ 1646 1071 1776 ] [   56   79   22 ] [   9339   8730  10959 ] [ 0 ],1.00,1.00,1.00,1.00,41.26,-5.12,0.00,0.00,0.00,0.00,0.00,0.00,-0.00,0.00,0.00,0.00,0.00,0.00,-0.00,0.00,0.00,0
0.901155,40,-5,329,0,DRIVE [ 23 ] [ 1 ] [ 1671 1071 1784 ] [    0    0    0 ] [      0      0      0 ] [ 0 ],drive [ 23 ] [ 0 ] [ 1659 1071 1780 ] [   27   79   36 ] [   9339   8730  10959 ] [ 0 ],1.00,1.00,1.00,1.00,39.75,-5.26,0.00,0.00,0.00,0.00,0.00,0.00,-0.00,0.00,0.00,0.00,0.00,0.00,-0.00,0.00,0.00,0
0.914173,38,-5,327,0,DRIVE [ 24 ] [ 1 ] [ 1681 1071 1789 ] [    0    0    0 ] [      0      0      0 ] [ 0 ],drive [ 23 ] [ 0 ] [ 1671 1071 1784 ] [   27   79   36 ] [   9339   8730  10959 ] [ 0 ],1.00,1.00,1.00,1.00,37.93,-5.13,0.00,0.00,0.00,0.00,0.00,0.00,-0.00,0.00,0.00,0.00,0.00,0.00,-0.00,0.00,0.00,0
0.926802,36,-5,326,0,DRIVE [ 24 ] [ 1 ] [ 1689 1071 1793 ] [    0    0    0 ] [      0      0      0 ] [ 0 ],drive [ 24 ] [ 0 ] [ 1681 1071 1789 ] [   27   79   36 ] [   9291   8730  10902 ] [ 0 ],1.00,1.00,1.00,1.00,36.33,-4.85,0.00,0.00,0.00,0.00,0.00,0.00,-0.00,0.00,0.00,0.00,0.00,0.00,-0.00,0.00,0.00,0
0.938921,35,-5,325,0,DRIVE [ 25 ] [ 1 ] [ 1697 1071 1798 ] [    0    0    0 ] [      0      0      0 ] [ 0 ],drive [ 24 ] [ 0 ] [ 1689 1071 1793 ] [   23   78   24 ] [   9291   8730  10902 ] [ 0 ],1.00,1.00,1.00,1.00,34.85,-4.56,0.00,0.00,0.00,0.00,0.00,0.00,-0.00,0.00,0.00,0.00,0.00,0.00,-0.00,0.00,0.00,0
0.951579,34,-4,325,0,DRIVE [ 25 ] [ 1 ] [ 1704 1071 1802 ] [    0    0    0 ] [      0      0      0 ] [ 0 ],drive [ 25 ] [ 0 ] [ 1697 1071 1798 ] [   23   78   24 ] [   9291   8730  10902 ] [ 0 ],1.00,1.00,1.00,1.00,33.60,-4.29,0.00,0.00,0.00,0.00,0.00,0.00,-0.00,0.00,0.00,0.00,0.00,0.00,-0.00,0.00,0.00,0
0.964558,32,-4,325,0,DRIVE [ 26 ] [ 1 ] [ 1710 1071 1807 ] [    0    0    0 ] [      0      0      0 ] [ 0 ],drive [ 25 ] [ 0 ] [ 1704 1071 1802 ] [   23   78   24 ] [   9291   8730  10902 ] [ 0 ],1.00,1.00,1.00,1.00,32.38,-3.90,0.00,0.00,0.00,0.00,0.00,0.00,-0.00,0.00,0.00,0.00,0.00,0.00,-0.00,0.00,0.00,0
0.977013,31,-4,323,0,DRIVE [ 26 ] [ 1 ] [ 1719 1071 1813 ] [    0    0    0 ] [      0      0      0 ] [ 0 ],drive [ 26 ] [ 0 ] [ 1710 1071 1807 ] [   23   78   24 ] [   9274   8730  10806 ] [ 0 ],1.00,1.00,1.00,1.00,30.64,-3.51,0.00,0.00,0.00,0.00,0.00,0.00,-0.00,0.00,0.00,0.00,0.00,0.00,-0.00,0.00,0.00,0
0.989497,29,-3,323,0,DRIVE [ 27 ] [ 1 ] [ 1727 1071 1818 ] [    0    0    0 ] [      0      0      0 ] [ 0 ],drive [ 26 ] [ 0 ] [ 1719 1071 1813 ] [   27   77   25 ] [   9274   8730  10806 ] [ 0 ],1.00,1.00,1.00,1.00,29.20,-3.09,0.00,0.00,0.00,0.00,0.00,0.00,-0.00,0.00,0.00,0.00,0.00,0.00,-0.00,0.00,0.00,0
1.0018,28,-3,323,0,DRIVE [ 27 ] [ 1 ] [ 1735 1071 1823 ] [    0    0    0 ] [      0      0      0 ] [ 0 ],drive [ 27 ] [ 0 ] [ 1727 1071 1818 ] [   27   77   25 ] [   9274   8730  10806 ] [ 0 ],1.00,1.00,1.00,1.00,27.82,-2.82,0.00,0.00,0.00,0.00,0.00,0.00,-0.00,0.00,0.00,0.00,0.00,0.00,-0.00,0.00,0.00,0
1.01455,26,-3,321,0,DRIVE [ 28 ] [ 1 ] [ 1741 1071 1827 ] [    0    0    0 ] [      0      0      0 ] [ 0 ],drive [ 27 ] [ 0 ] [ 1735 1071 1823 ] [   27   77   25 ] [   9274   8730  10806 ] [ 0 ],1.00,1.00,1.00,1.00,26.45,-2.58,0.00,0.00,0.00,0.00,0.00,0.00,-0.00,0.00,0.00,0.00,0.00,0.00,-0.00,0.00,0.00,0
1.02695,25,-3,319,0,DRIVE [ 28 ] [ 1 ] [ 1749 1071 1830 ] [    0    0    0 ] [      0      0      0 ] [ 0 ],drive [ 28 ] [ 0 ] [ 1741 1071 1827 ] [   27   77   25 ] [   9265   8730  10679 ] [ 0 ],1.00,1.00,1.00,1.00,25.19,-2.51,0.00,0.00,0.00,0.00,0.00,0.00,-0.00,0.00,0.00,0.00,0.00,0.00,-0.00,0.00,0.00,0
1.03936,24,-2,317,0,DRIVE [ 29 ] [ 1 ] [ 1756 1071 1833 ] [    0    0    0 ] [      0      0      0 ] [ 0 ],drive [ 28 ] [ 0 ] [ 1749 1071 1830 ] [   29   77   17 ] [   9265   8730  10679 ] [ 0 ],1.00,1.00,1.00,1.00,23.91,-2.48,0.00,0.00,0.00,0.00,0.00,0.00,-0.00,0.00,0.00,0.00,0.00,0.00,-0.00,0.00,0.00,0
1.05189,23,-2,316,0,DRIVE [ 29 ] [ 1 ] [ 1763 1071 1835 ] [    0    0    0 ] [      0      0      0 ] [ 0 ],drive [ 29 ] [ 0 ] [ 1756 1071 1833 ] [   29   77   17 ] [   9265   8730  10679 ] [ 0 ],1.00,1.00,1.00,1.00,22.75,-2.47,0.00,0.00,0.00,0.00,0.00,0.00,-0.00,0.00,0.00,0.00,0.00,0.00,-0.00,0.00,0.00,0
1.06474,22,-2,313,0,DRIVE [ 30 ] [ 1 ] [ 1768 1071 1838 ] [    0    0    0 ] [      0      0      0 ] [ 0 ],drive [ 29 ] [ 0 ] [ 1763 1071 1835 ] [   29   77   17 ] [   9265   8730  10679 ] [ 0 ],1.00,1.00,1.00,1.00,21.73,-2.41,0.00,0.00,0.00,0.00,0.00,0.00,-0.00,0.00,0.00,0.00,0.00,0.00,-0.00,0.00,0.00,0
1.07726,21,-2,310,0,DRIVE [ 30 ] [ 1 ] [ 1772 1071 1840 ] [    0    0    0 ] [      0      0      0 ] [ 0 ],drive [ 30 ] [ 0 ] [ 1768 1071 1838 ] [   29   77   17 ] [   9173   8730  10651 ] [ 0 ],1.00,1.00,1.00,1.00,20.86,-2.25,0.00,0.00,0.00,0.00,0.00,0.00,-0.00,0.00,0.00,0.00,0.00,0.00,-0.00,0.00,0.00,0
1.08969,20,-2,309,0,DRIVE [ 31 ] [ 1 ] [ 1775 1071 1842 ] [    0    0    0 ] [      0      0      0 ] [ 0 ],drive [ 30 ] [ 0 ] [ 1772 1071 1840 ] [   35   79   18 ] [   9173   8730  10651 ] [ 0 ],1.00,1.00,1.00,1.00,20.31,-2.03,0.00,0.00,0.00,0.00,0.00,0.00,-0.00,0.00,0.00,0.00,0.00,0.00,-0.00,0.00,0.00,0
1.10203,20,-2,307,0,DRIVE [ 31 ] [ 1 ] [ 1774 1071 1844 ] [    0    0    0 ] [      0      0      0 ] [ 0 ],drive [ 31 ] [ 0 ] [ 1775 1071 1842 ] [   35   79   18 ] [   9173   8730  10651 ] [ 0 ],1.00,1.00,1.00,1.00,20.02,-1.69,0.00,0.00,0.00,0.00,0.00,0.00,-0.00,0.00,0.00,0.00,0.00,0.00,-0.00,0.00,0.00,0
1.11469,20,-1,304,0,DRIVE [ 32 ] [ 1 ] [ 1773 1071 1846 ] [    0    0    0 ] [      0      0      0 ] [ 0 ],drive [ 31 ] [ 0 ] [ 1774 1071 1844 ] [   35   79   18 ] [   9173   8730  10651 ] [ 0 ],1.00,1.00,1.00,1.00,19.87,-1.32,0.00,0.00,0.00,0.00,0.00,0.00,-0.00,0.00,0.00,0.00,0.00,0.00,-0.00,0.00,0.00,0
1.12633,20,-1,301,0,DRIVE [ 32 ] [ 1 ] [ 1771 1071 1846 ] [    0    0    0 ] [      0      0      0 ] [ 0 ],drive [ 32 ] [ 0 ] [ 1773 1071 1846 ] [   35   79   18 ] [   9127   8730  10650 ] [ 0 ],1.00,1.00,1.00,1.00,19.83,-1.12,0.00,0.00,0.00,0.00,0.00,0.00,-0.00,0.00,0.00,0.00,0.00,0.00,-0.00,0.00,0.00,0
1.13832,20,-1,297,0,DRIVE [ 33 ] [ 1 ] [ 1768 1071 1846 ] [    0    0    0 ] [      0      0      0 ] [ 0 ],drive [ 32 ] [ 0 ] [ 1771 1071 1846 ] [   41   77   18 ] [   9127   8730  10650 ] [ 0 ],1.00,1.00,1.00,1.00,19.90,-0.89,0.00,0.00,0.00,0.00,0.00,0.00,-0.00,0.00,0.00,0.00,0.00,0.00,-0.00,0.00,0.00,0
1.1507,20,-1,295,0,DRIVE [ 33 ] [ 1 ] [ 1765 1071 1846 ] [    0    0    0 ] [      0      0      0 ] [ 0 ],drive [ 33 ] [ 0 ] [ 1768 1071 1846 ] [   41   77   18 ] [   9127   8730  10650 ] [ 0 ],1.00,1.00,1.00,1.00,20.16,-0.79,0.00,0.00,0.00,0.00,0.00,0.00,-0.00,0.00,0.00,0.00,0.00,0.00,-0.00,0.00,0.00,0
1.16288,21,-1,293,0,DRIVE [ 34 ] [ 1 ] [ 1761 1071 1844 ] [    0    0    0 ] [      0      0      0 ] [ 0 ],drive [ 33 ] [ 0 ] [ 1765 1071 1846 ] [   41   77   18 ] [   9127   8730  10650 ] [ 0 ],1.00,1.00,1.00,1.00,20.54,-0.78,0.00,0.00,0.00,0.00,0.00,0.00,-0.00,0.00,0.00,0.00,0.00,0.00,-0.00,0.00,0.00,0
1.17499,21,-1,290,0,DRIVE [ 34 ] [ 1 ] [ 1757 1071 1842 ] [    0    0    0 ] [      0      0      0 ] [ 0 ],drive [ 34 ] [ 0 ] [ 1761 1071 1844 ] [   41   77   18 ] [   9120   8730  10607 ] [ 0 ],1.00,1.00,1.00,1.00,20.95,-0.96,0.00,0.00,0.00,0.00,0.00,0.00,-0.00,0.00,0.00,0.00,0.00,0.00,-0.00,0.00,0.00,0
1.18696,22,-1,289,0,DRIVE [ 35 ] [ 1 ] [ 1754 1071 1838 ] [    0    0    0 ] [      0      0      0 ] [ 0 ],drive [ 34 ] [ 0 ] [ 1757 1071 1842 ] [   41   77   18 ] [   9120   8730  10607 ] [ 0 ],1.00,1.00,1.00,1.00,21.52,-1.31,0.00,0.00,0.00,0.00,0.00,0.00,-0.00,0.00,0.00,0.00,0.00,0.00,-0.00,0.00,0.00,0
1.19864,22,-2,286,0,DRIVE [ 35 ] [ 1 ] [ 1751 1071 1833 ] [    0    0    0 ] [      0      0      0 ] [ 0 ],drive [ 35 ] [ 0 ] [ 1754 1071 1838 ] [   43   78   11 ] [   9120   8730  10607 ] [ 0 ],1.00,1.00,1.00,1.00,22.08,-1.88,0.00,0.00,0.00,0.00,0.00,0.00,-0.00,0.00,0.00,0.00,0.00,0.00,-0.00,0.00,0.00,0
1.21064,23,-3,284,0,DRIVE [ 36 ] [ 1 ] [ 1747 1071 1827 ] [    0    0    0 ] [      0      0      0 ] [ 0 ],drive [ 35 ] [ 0 ] [ 1751 1071 1833 ] [   43   78   11 ] [   9120   8730  10607 ] [ 0 ],1.00,1.00,1.00,1.00,22.88,-2.56,0.00,0.00,0.00,0.00,0.00,0.00,-0.00,0.00,0.00,0.00,0.00,0.00,-0.00,0.00,0.00,0
1.22271,24,-3,283,0,DRIVE [ 36 ] [ 1 ] [ 1743 1071 1820 ] [    0    0    0 ] [      0      0      0 ] [ 0 ],drive [ 36 ] [ 0 ] [ 1747 1071 1827 ] [   43   78   11 ] [   9120   8730  10607 ] [ 0 ],1.00,1.00,1.00,1.00,23.77,-3.42,0.00,0.00,0.00,0.00,0.00,0.00,-0.00,0.00,0.00,0.00,0.00,0.00,-0.00,0.00,0.00,0
1.23453,25,-4,280,0,DRIVE [ 37 ] [ 1 ] [ 1738 1071 1810 ] [    0    0    0 ] [      0      0      0 ] [ 0 ],drive [ 36 ] [ 0 ] [ 1743 1071 1820 ] [   43   78   11 ] [   9122   8730  10571 ] [ 0 ],1.00,1.00,1.00,1.00,24.69,-4.50,0.00,0.00,0.00,0.00,0.00,0.00,-0.00,0.00,0.00,0.00,0.00,0.00,-0.00,0.00,0.00,0
1.24675,26,-6,276,0,DRIVE [ 37 ] [ 1 ] [ 1733 1071 1801 ] [    0    0    0 ] [      0      0      0 ] [ 0 ],drive [ 37 ] [ 0 ] [ 1738 1071 1810 ] [   43   77   13 ] [   9122   8730  10571 ] [ 0 ],1.00,1.00,1.00,1.00,25.51,-5.53,0.00,0.00,0.00,0.00,0.00,0.00,-0.00,0.00,0.00,0.00,0.00,0.00,-0.00,0.00,0.00,0
1.25903,26,-7,273,0,DRIVE [ 38 ] [ 1 ] [ 1728 1071 1791 ] [    0    0    0 ] [      0      0      0 ] [ 0 ],drive [ 37 ] [ 0 ] [ 1733 1071 1801 ] [   43   77   13 ] [   9122   8730  10571 ] [ 0 ],1.00,1.00,1.00,1.00,26.40,-6.63,0.00,0.00,0.00,0.00,0.00,0.00,-0.00,0.00,0.00,0.00,0.00,0.00,-0.00,0.00,0.00,0
1.27047,27,-8,270,0,DRIVE [ 38 ] [ 1 ] [ 1723 1071 1781 ] [    0    0    0 ] [      0      0      0 ] [ 0 ],drive [ 38 ] [ 0 ] [ 1728 1071 1791 ] [   43   77   13 ] [   9122   8730  10571 ] [ 0 ],1.00,1.00,1.00,1.00,27.22,-7.60,0.00,0.00,0.00,0.00,0.00,0.00,-0.00,0.00,0.00,0.00,0.00,0.00,-0.00,0.00,0.00,0
1.28268,28,-9,267,0,DRIVE [ 39 ] [ 1 ] [ 1717 1071 1772 ] [    0    0    0 ] [      0      0      0 ] [ 0 ],drive [ 38 ] [ 0 ] [ 1723 1071 1781 ] [   43   77   13 ] [   9124   8730  10535 ] [ 0 ],1.00,1.00,1.00,1.00,28.17,-8.57,0.00,0.00,0.00,0.00,0.00,0.00,-0.00,0.00,0.00,0.00,0.00,0.00,-0.00,0.00,0.00,0
1.29464,29,-10,264,0,DRIVE [ 39 ] [ 1 ] [ 1711 1071 1762 ] [    0    0    0 ] [      0      0      0 ] [ 0 ],drive [ 39 ] [ 0 ] [ 1717 1071 1772 ] [   45   78   26 ] [   9124   8730  10535 ] [ 0 ],1.00,1.00,1.00,1.00,29.05,-9.51,0.00,0.00,0.00,0.00,0.00,0.00,-0.00,0.00,0.00,0.00,0.00,0.00,0.00,0.00,0.00,0
1.30661,30,-10,262,0,DRIVE [ 40 ] [ 1 ] [ 1705 1071 1752 ] [    0    0    0 ] [      0      0      0 ] [ 0 ],drive [ 39 ] [ 0 ] [ 1711 1071 1762 ] [   45   78   26 ] [   9124   8730  10535 ] [ 0 ],1.00,1.00,1.00,1.00,29.94,-10.35,0.00,0.00,0.00,0.00,0.00,0.00,-0.00,0.00,0.00,0.00,0.00,0.00,0.00,0.00,0.00,0
1.31793,31,-11,259,0,DRIVE [ 40 ] [ 1 ] [ 1698 1071 1744 ] [    0    0    0 ] [      0      0      0 ] [ 0 ],drive [ 40 ] [ 0 ] [ 1705 1071 1752 ] [   45   78   26 ] [   9124   8730  10535 ] [ 0 ],1.00,1.00,1.00,1.00,30.81,-11.10,0.00,0.00,0.00,0.00,0.00,0.00,-0.00,0.00,0.00,0.00,0.00,0.00,0.00,0.00,0.00,0
1.32979,32,-12,257,0,DRIVE [ 41 ] [ 1 ] [ 1691 1071 1735 ] [    0    0    0 ] [      0      0      0 ] [ 0 ],drive [ 40 ] [ 0 ] [ 1698 1071 1744 ] [   45   78   26 ] [   9126   8730  10536 ] [ 0 ],1.00,1.00,1.00,1.00,31.77,-11.71,0.00,0.00,0.00,0.00,0.00,0.00,-0.00,0.00,0.00,0.00,0.00,0.00,0.00,0.00,0.00,0
1.34154,33,-12,254,0,DRIVE [ 41 ] [ 1 ] [ 1683 1071 1727 ] [    0    0    0 ] [      0      0      0 ] [ 0 ],drive [ 41 ] [ 0 ] [ 1691 1071 1735 ] [   46   78   29 ] [   9126   8730  10536 ] [ 0 ],1.00,1.00,1.00,1.00,32.70,-12.25,0.00,0.00,0.00,0.00,0.00,0.00,-0.00,0.00,0.00,0.00,0.00,0.00,0.00,0.00,0.00,0
1.35417,34,-13,252,0,DRIVE [ 42 ] [ 1 ] [ 1674 1071 1720 ] [    0    0    0 ] [      0      0      0 ] [ 0 ],drive [ 41 ] [ 0 ] [ 1683 1071 1727 ] [   46   78   29 ] [   9126   8730  10536 ] [ 0 ],1.00,1.00,1.00,1.00,33.64,-12.61,0.00,0.00,0.00,0.00,0.00,0.00,-0.00,0.00,0.00,0.00,0.00,0.00,0.00,0.00,0.00,0
1.36546,35,-13,249,0,DRIVE [ 42 ] [ 1 ] [ 1665 1071 1714 ] [    0    0    0 ] [      0      0      0 ] [ 0 ],drive [ 42 ] [ 0 ] [ 1674 1071 1720 ] [   46   78   29 ] [   9126   8730  10536 ] [ 0 ],1.00,1.00,1.00,1.00,34.59,-12.86,0.00,0.00,0.00,0.00,0.00,0.00,-0.00,0.00,0.00,0.00,0.00,0.00,0.00,0.00,0.00,0
1.37738,35,-13,247,0,DRIVE [ 43 ] [ 1 ] [ 1656 1071 1709 ] [    0    0    0 ] [      0      0      0 ] [ 0 ],drive [ 42 ] [ 0 ] [ 1665 1071 1714 ] [   46   78   29 ] [   9130   8730  10538 ] [ 0 ],1.00,1.00,1.00,1.00,35.48,-12.91,0.00,0.00,0.00,0.00,0.00,0.00,-0.00,0.00,0.00,0.00,0.00,0.00,0.00,0.00,0.00,0
1.38934,36,-13,244,0,DRIVE [ 43 ] [ 1 ] [ 1646 1071 1705 ] [    0    0    0 ] [      0      0      0 ] [ 0 ],drive [ 43 ] [ 0 ] [ 1656 1071 1709 ] [   47   79   31 ] [   9130   8730  10538 ] [ 0 ],1.00,1.00,1.00,1.00,36.40,-12.87,0.00,0.00,0.00,0.00,0.00,0.00,-0.00,0.00,0.00,0.00,0.00,0.00,0.00,0.00,0.00,0
1.40104,37,-13,241,0,DRIVE [ 44 ] [ 1 ] [ 1635 1071 1700 ] [    0    0    0 ] [      0      0      0 ] [ 0 ],drive [ 43 ] [ 0 ] [ 1646 1071 1705 ] [   47   79   31 ] [   9130   8730  10538 ] [ 0 ],1.00,1.00,1.00,1.00,37.29,-12.79,0.00,0.00,0.00,0.00,0.00,0.00,-0.00,0.00,0.00,0.00,0.00,0.00,0.00,0.00,0.00,0
1.41264,38,-13,239,0,DRIVE [ 44 ] [ 1 ] [ 1624 1071 1697 ] [    0    0    0 ] [      0      0      0 ] [ 0 ],drive [ 44 ] [ 0 ] [ 1635 1071 1700 ] [   47   79   31 ] [   9130   8730  10538 ] [ 0 ],1.00,1.00,1.00,1.00,38.18,-12.57,0.00,0.00,0.00,0.00,0.00,0.00,-0.00,0.00,0.00,0.00,0.00,0.00,0.00,0.00,0.00,0
1.42375,39,-12,235,0,DRIVE [ 45 ] [ 1 ] [ 1609 1071 1693 ] [    0    0    0 ] [      0      0      0 ] [ 0 ],drive [ 44 ] [ 0 ] [ 1624 1071 1697 ] [   47   79   31 ] [   9144   8730  10540 ] [ 0 ],1.00,1.00,1.00,1.00,39.36,-12.17,0.00,0.00,0.00,0.00,0.00,0.00,-0.00,0.00,0.00,0.00,0.00,0.00,0.00,0.00,0.00,0
1.43921,40,-12,231,0,DRIVE [ 45 ] [ 1 ] [ 1594 1071 1690 ] [    0    0    0 ] [      0      0      0 ] [ 0 ],drive [ 45 ] [ 0 ] [ 1609 1071 1693 ] [   47   79   31 ] [   9144   8730  10540 ] [ 0 ],1.00,1.00,1.00,1.00,40.28,-11.64,0.00,0.00,0.00,0.00,0.00,0.00,-0.00,0.00,0.00,0.00,0.00,0.00,0.00,0.00,0.00,0
1.45068,41,-11,229,0,DRIVE [ 46 ] [ 1 ] [ 1579 1071 1688 ] [    0    0    0 ] [      0      0      0 ] [ 0 ],drive [ 45 ] [ 0 ] [ 1594 1071 1690 ] [   40   77   32 ] [   9144   8730  10540 ] [ 0 ],1.00,1.00,1.00,1.00,41.38,-11.09,0.00,0.00,0.00,0.00,0.00,0.00,-0.00,0.00,0.00,0.00,0.00,0.00,0.00,0.00,0.00,0
1.4625,42,-10,226,0,DRIVE [ 46 ] [ 1 ] [ 1564 1071 1687 ] [    0    0    0 ] [      0      0      0 ] [ 0 ],drive [ 46 ] [ 0 ] [ 1579 1071 1688 ] [   40   77   32 ] [   9144   8730  10540 ] [ 0 ],1.00,1.00,1.00,1.00,42.38,-10.39,0.00,0.00,0.00,0.00,0.00,0.00,-0.00,0.00,0.00,0.00,0.00,0.00,0.00,0.00,0.00,0
1.4745,43,-10,223,0,DRIVE [ 47 ] [ 1 ] [ 1549 1071 1686 ] [    0    0    0 ] [      0      0      0 ] [ 0 ],drive [ 46 ] [ 0 ] [ 1564 1071 1687 ] [   40   77   32 ] [   9166   8730  10541 ] [ 0 ],1.00,1.00,1.00,1.00,43.35,-9.70,0.00,0.00,0.00,0.00,0.00,0.00,-0.00,0.00,0.00,0.00,0.00,0.00,0.00,0.00,0.00,0
1.48722,44,-9,221,0,DRIVE [ 47 ] [ 1 ] [ 1533 1071 1685 ] [    0    0    0 ] [      0      0      0 ] [ 0 ],drive [ 47 ] [ 0 ] [ 1549 1071 1686 ] [   40   77   32 ] [   9166   8730  10541 ] [ 0 ],1.00,1.00,1.00,1.00,44.25,-8.94,0.00,0.00,0.00,0.00,0.00,0.00,-0.00,0.00,0.00,0.00,0.00,0.00,0.00,0.00,0.00,0
1.49822,45,-8,218,0,DRIVE [ 48 ] [ 1 ] [ 1517 1071 1685 ] [    0    0    0 ] [      0      0      0 ] [ 0 ],drive [ 47 ] [ 0 ] [ 1533 1071 1685 ] [   33   78   33 ] [   9166   8730  10541 ] [ 0 ],1.00,1.00,1.00,1.00,45.24,-8.12,0.00,0.00,0.00,0.00,0.00,0.00,-0.00,0.00,0.00,0.00,0.00,0.00,0.00,0.00,0.00,0
1.50992,46,-7,216,0,DRIVE [ 48 ] [ 1 ] [ 1500 1071 1685 ] [    0    0    0 ] [      0      0      0 ] [ 0 ],drive [ 48 ] [ 0 ] [ 1517 1071 1685 ] [   33   78   33 ] [   9166   8730  10541 ] [ 0 ],1.00,1.00,1.00,1.00,46.20,-7.31,0.00,0.00,0.00,0.00,0.00,0.00,-0.00,0.00,0.00,0.00,0.00,0.00,0.00,0.00,0.00,0
1.52091,47,-6,214,0,DRIVE [ 49 ] [ 1 ] [ 1483 1071 1685 ] [    0    0    0 ] [      0      0      0 ] [ 0 ],drive [ 48 ] [ 0 ] [ 1500 1071 1685 ] [   33   78   33 ] [   9166   8730  10541 ] [ 0 ],1.00,1.00,1.00,1.00,47.26,-6.50,0.00,0.00,0.00,0.00,0.00,0.00,-0.00,0.00,0.00,0.00,0.00,0.00,0.00,0.00,0.00,0
1.53176,48,-6,212,0,DRIVE [ 49 ] [ 1 ] [ 1465 1071 1685 ] [    0    0    0 ] [      0      0      0 ] [ 0 ],drive [ 49 ] [ 0 ] [ 1483 1071 1685 ] [   33   78   33 ] [   9195   8730  10541 ] [ 0 ],1.00,1.00,1.00,1.00,48.27,-5.64,0.00,0.00,0.00,0.00,0.00,0.00,-0.00,0.00,0.00,0.00,0.00,0.00,0.00,0.00,0.00,0
1.54327,49,-5,210,0,DRIVE [ 50 ] [ 1 ] [ 1446 1071 1685 ] [    0    0    0 ] [      0      0      0 ] [ 0 ],drive [ 49 ] [ 0 ] [ 1465 1071 1685 ] [   40   79   33 ] [   9195   8730  10541 ] [ 0 ],1.00,1.00,1.00,1.00,49.29,-4.80,0.00,0.00,0.00,0.00,0.00,0.00,-0.00,0.00,0.00,0.00,0.00,0.00,0.00,0.00,0.00,0
1.55461,50,-4,207,0,DRIVE [ 50 ] [ 1 ] [ 1428 1071 1684 ] [    0    0    0 ] [      0      0      0 ] [ 0 ],drive [ 50 ] [ 0 ] [ 1446 1071 1685 ] [   40   79   33 ] [   9195   8730  10541 ] [ 0 ],1.00,1.00,1.00,1.00,50.15,-3.98,0.00,0.00,0.00,0.00,0.00,0.00,-0.00,0.00,0.00,0.00,0.00,0.00,0.00,0.00,0.00,0
1.56582,51,-3,205,0,DRIVE [ 51 ] [ 1 ] [ 1409 1071 1684 ] [    0    0    0 ] [      0      0      0 ] [ 0 ],drive [ 50 ] [ 0 ] [ 1428 1071 1684 ] [   40   79   33 ] [   9195   8730  10541 ] [ 0 ],1.00,1.00,1.00,1.00,51.00,-3.15,0.00,0.00,0.00,0.00,0.00,0.00,-0.00,0.00,0.00,0.00,0.00,0.00,0.00,0.00,0.00,0
1.57727,52,-2,203,0,DRIVE [ 51 ] [ 1 ] [ 1390 1071 1683 ] [    0    0    0 ] [      0      0      0 ] [ 0 ],drive [ 51 ] [ 0 ] [ 1409 1071 1684 ] [   40   79   33 ] [   9232   8730  10541 ] [ 0 ],1.00,1.00,1.00,1.00,51.97,-2.41,0.00,0.00,0.00,0.00,0.00,0.00,-0.00,0.00,0.00,0.00,0.00,0.00,0.00,0.00,0.00,0
1.5887,53,-2,201,0,DRIVE [ 52 ] [ 1 ] [ 1371 1071 1682 ] [    0    0    0 ] [      0      0      0 ] [ 0 ],drive [ 51 ] [ 0 ] [ 1390 1071 1683 ] [   62   77   33 ] [   9232   8730  10541 ] [ 0 ],1.00,1.00,1.00,1.00,53.00,-1.72,0.00,0.00,0.00,0.00,0.00,0.00,-0.00,0.00,0.00,0.00,0.00,0.00,0.00,0.00,0.00,0
1.59959,54,-1,198,0,DRIVE [ 52 ] [ 1 ] [ 1352 1071 1681 ] [    0    0    0 ] [      0      0      0 ] [ 0 ],drive [ 52 ] [ 0 ] [ 1371 1071 1682 ] [   62   77   33 ] [   9232   8730  10541 ] [ 0 ],1.00,1.00,1.00,1.00,53.83,-1.02,0.00,0.00,0.00,0.00,0.00,0.00,-0.00,0.00,0.00,0.00,0.00,0.00,0.00,0.00,0.00,0
1.61129,55,0,196,0,DRIVE [ 53 ] [ 1 ] [ 1334 1071 1679 ] [    0    0    0 ] [      0      0      0 ] [ 0 ],drive [ 52 ] [ 0 ] [ 1352 1071 1681 ] [   62   77   33 ] [   9232   8730  10541 ] [ 0 ],1.00,1.00,1.00,1.00,54.75,-0.44,0.00,0.00,0.00,0.00,0.00,0.00,-0.00,0.00,0.00,0.00,0.00,0.00,0.00,0.00,0.00,0
1.62269,55,0,194,0,DRIVE [ 53 ] [ 1 ] [ 1317 1071 1677 ] [    0    0    0 ] [      0      0      0 ] [ 0 ],drive [ 53 ] [ 0 ] [ 1334 1071 1679 ] [   62   77   33 ] [   9232   8730  10541 ] [ 0 ],1.00,1.00,1.00,1.00,55.49,-0.00,0.00,0.00,0.00,0.00,0.00,0.00,-0.00,0.00,0.00,0.00,0.00,0.00,0.00,0.00,0.00,0
1.63377,56,0,192,0,DRIVE [ 54 ] [ 1 ] [ 1301 1071 1674 ] [    0    0    0 ] [      0      0      0 ] [ 0 ],drive [ 53 ] [ 0 ] [ 1317 1071 1677 ] [   62   77   33 ] [   9329   8730  10541 ] [ 0 ],1.00,1.00,1.00,1.00,56.33,0.45,0.00,0.00,0.00,0.00,0.00,0.00,-0.00,0.00,0.00,0.00,0.00,0.00,0.00,0.00,0.00,0
1.64514,57,1,191,0,DRIVE [ 54 ] [ 1 ] [ 1285 1071 1672 ] [    0    0    0 ] [      0      0      0 ] [ 0 ],drive [ 54 ] [ 0 ] [ 1301 1071 1674 ] [   70   78   33 ] [   9329   8730  10541 ] [ 0 ],1.00,1.00,1.00,1.00,57.07,0.87,0.00,0.00,0.00,0.00,0.00,0.00,-0.00,0.00,0.00,0.00,0.00,0.00,0.00,0.00,0.00,0
1.65645,58,1,189,0,DRIVE [ 55 ] [ 1 ] [ 1269 1071 1669 ] [    0    0    0 ] [      0      0      0 ] [ 0 ],drive [ 54 ] [ 0 ] [ 1285 1071 1672 ] [   70   78   33 ] [   9329   8730  10541 ] [ 0 ],1.00,1.00,1.00,1.00,57.82,1.19,0.00,0.00,0.00,0.00,0.00,0.00,-0.00,0.00,0.00,0.00,0.00,0.00,0.00,0.00,0.00,0
1.66779,59,1,187,0,DRIVE [ 55 ] [ 1 ] [ 1253 1071 1666 ] [    0    0    0 ] [      0      0      0 ] [ 0 ],drive [ 55 ] [ 0 ] [ 1269 1071 1669 ] [   70   78   33 ] [   9329   8730  10541 ] [ 0 ],1.00,1.00,1.00,1.00,58.64,1.45,0.00,0.00,0.00,0.00,0.00,0.00,-0.00,0.00,0.00,0.00,0.00,0.00,0.00,0.00,0.00,0
1.67934,59,2,185,0,DRIVE [ 56 ] [ 1 ] [ 1237 1071 1662 ] [    0    0    0 ] [      0      0      0 ] [ 0 ],drive [ 55 ] [ 0 ] [ 1253 1071 1666 ] [   70   78   33 ] [   9461   8730  10542 ] [ 0 ],1.00,1.00,1.00,1.00,59.31,1.68,0.00,0.00,0.00,0.00,0.00,0.00,-0.00,0.00,0.00,0.00,0.00,0.00,0.00,0.00,0.00,0
1.69067,60,2,183,0,DRIVE [ 56 ] [ 1 ] [ 1222 1071 1658 ] [    0    0    0 ] [      0      0      0 ] [ 0 ],drive [ 56 ] [ 0 ] [ 1237 1071 1662 ] [   88   78   35 ] [   9461   8730  10542 ] [ 0 ],1.00,1.00,1.00,1.00,60.06,1.84,0.00,0.00,0.00,0.00,0.00,0.00,-0.00,0.00,0.00,0.00,0.00,0.00,0.00,0.00,0.00,0
1.704,61,2,181,0,DRIVE [ 57 ] [ 1 ] [ 1208 1071 1653 ] [    0    0    0 ] [      0      0      0 ] [ 0 ],drive [ 56 ] [ 0 ] [ 1222 1071 1658 ] [   88   78   35 ] [   9461   8730  10542 ] [ 0 ],1.00,1.00,1.00,1.00,60.61,1.92,0.00,0.00,0.00,0.00,0.00,0.00,-0.00,0.00,0.00,0.00,0.00,0.00,0.00,0.00,0.00,0
1.71485,61,2,179,0,DRIVE [ 57 ] [ 1 ] [ 1196 1071 1649 ] [    0    0    0 ] [      0      0      0 ] [ 0 ],drive [ 57 ] [ 0 ] [ 1208 1071 1653 ] [   88   78   35 ] [   9461   8730  10542 ] [ 0 ],1.00,1.00,1.00,1.00,61.19,1.96,0.00,0.00,0.00,0.00,0.00,0.00,-0.00,0.00,0.00,0.00,0.00,0.00,0.00,0.00,0.00,0
1.72624,62,2,177,0,DRIVE [ 58 ] [ 1 ] [ 1186 1071 1645 ] [    0    0    0 ] [      0      0      0 ] [ 0 ],drive [ 57 ] [ 0 ] [ 1196 1071 1649 ] [   88   78   35 ] [   9848   8730  10539 ] [ 0 ],1.00,1.00,1.00,1.00,61.52,1.94,0.00,0.00,0.00,0.00,0.00,0.00,-0.00,0.00,0.00,0.00,0.00,0.00,0.00,0.00,0.00,0
1.73702,62,2,176,0,DRIVE [ 58 ] [ 1 ] [ 1177 1071 1642 ] [    0    0    0 ] [      0      0      0 ] [ 0 ],drive [ 58 ] [ 0 ] [ 1186 1071 1645 ] [   88   78   35 ] [   9848   8730  10539 ] [ 0 ],1.00,1.00,1.00,1.00,61.81,1.91,0.00,0.00,0.00,0.00,0.00,0.00,-0.00,0.00,0.00,0.00,0.00,0.00,0.00,0.00,0.00,0
1.74835,62,2,174,0,DRIVE [ 59 ] [ 1 ] [ 1170 1071 1638 ] [    0    0    0 ] [      0      0      0 ] [ 0 ],drive [ 58 ] [ 0 ] [ 1177 1071 1642 ] [   87   79   39 ] [   9848   8730  10539 ] [ 0 ],1.00,1.00,1.00,1.00,62.06,1.83,0.00,0.00,0.00,0.00,0.00,0.00,-0.00,0.00,0.00,0.00,0.00,0.00,0.00,0.00,0.00,0
1.7597,62,2,173,0,DRIVE [ 59 ] [ 1 ] [ 1164 1071 1635 ] [    0    0    0 ] [      0      0      0 ] [ 0 ],drive [ 59 ] [ 0 ] [ 1170 1071 1638 ] [   87   79   39 ] [   9848   8730  10539 ] [ 0 ],1.00,1.00,1.00,1.00,62.14,1.70,0.00,0.00,0.00,0.00,0.00,0.00,-0.00,0.00,0.00,0.00,0.00,0.00,0.00,0.00,0.00,0
1.77086,62,2,172,0,DRIVE [ 60 ] [ 1 ] [ 1159 1071 1631 ] [    0    0    0 ] [      0      0      0 ] [ 0 ],drive [ 59 ] [ 0 ] [ 1164 1071 1635 ] [   87   79   39 ] [   9848   8730  10539 ] [ 0 ],1.00,1.00,1.00,1.00,62.27,1.53,0.00,0.00,0.00,0.00,0.00,0.00,-0.00,0.00,0.00,0.00,0.00,0.00,0.00,0.00,0.00,0
1.78151,62,1,170,0,DRIVE [ 60 ] [ 1 ] [ 1153 1071 1628 ] [    0    0    0 ] [      0      0      0 ] [ 0 ],drive [ 60 ] [ 0 ] [ 1159 1071 1631 ] [   87   79   39 ] [   9978   8730  10536 ] [ 0 ],1.00,1.00,1.00,1.00,62.43,1.48,0.00,0.00,0.00,0.00,0.00,0.00,-0.00,0.00,0.00,0.00,0.00,0.00,0.00,0.00,0.00,0
1.79278,63,2,168,0,DRIVE [ 61 ] [ 1 ] [ 1142 1071 1625 ] [    0    0    0 ] [      0      0      0 ] [ 0 ],drive [ 60 ] [ 0 ] [ 1153 1071 1628 ] [   69   78   40 ] [   9978   8730  10536 ] [ 0 ],1.00,1.00,1.00,1.00,62.58,1.51,0.00,0.00,0.00,0.00,0.00,0.00,-0.00,0.00,0.00,0.00,0.00,0.00,0.00,0.00,0.00,0
1.80328,63,2,167,0,DRIVE [ 61 ] [ 1 ] [ 1132 1071 1622 ] [    0    0    0 ] [      0      0      0 ] [ 0 ],drive [ 61 ] [ 0 ] [ 1142 1071 1625 ] [   69   78   40 ] [   9978   8730  10536 ] [ 0 ],1.00,1.00,1.00,1.00,62.75,1.62,0.00,0.00,0.00,0.00,0.00,0.00,-0.00,0.00,0.00,0.00,0.00,0.00,0.00,0.00,0.00,0
1.81444,63,2,165,0,DRIVE [ 62 ] [ 1 ] [ 1120 1071 1619 ] [    0    0    0 ] [      0      0      0 ] [ 0 ],drive [ 61 ] [ 0 ] [ 1132 1071 1622 ] [   69   78   40 ] [   9978   8730  10536 ] [ 0 ],1.00,1.00,1.00,1.00,63.02,1.81,0.00,0.00,0.00,0.00,0.00,0.00,-0.00,0.00,0.00,0.00,0.00,0.00,0.00,0.00,0.00,0
1.8256,63,2,164,0,DRIVE [ 62 ] [ 1 ] [ 1110 1071 1618 ] [    0    0    0 ] [      0      0      0 ] [ 0 ],drive [ 62 ] [ 0 ] [ 1120 1071 1619 ] [   69   78   40 ] [   9994   8730  10536 ] [ 0 ],1.00,1.00,1.00,1.00,63.28,2.03,0.00,0.00,0.00,0.00,0.00,0.00,-0.00,0.00,0.00,0.00,0.00,0.00,0.00,0.00,0.00,0
1.83674,63,2,162,0,DRIVE [ 63 ] [ 1 ] [ 1100 1071 1617 ] [    0    0    0 ] [      0      0      0 ] [ 0 ],drive [ 62 ] [ 0 ] [ 1110 1071 1618 ] [   69   78   40 ] [   9994   8730  10536 ] [ 0 ],1.00,1.00,1.00,1.00,63.47,2.30,0.00,0.00,0.00,0.00,0.00,0.00,-0.00,0.00,0.00,0.00,0.00,0.00,0.00,0.00,0.00,0
1.84726,64,3,161,0,DRIVE [ 63 ] [ 1 ] [ 1091 1071 1618 ] [    0    0    0 ] [      0      0      0 ] [ 0 ],drive [ 63 ] [ 0 ] [ 1100 1071 1617 ] [   99   80   41 ] [   9994   8730  10536 ] [ 0 ],1.00,1.00,1.00,1.00,63.51,2.63,0.00,0.00,0.00,0.00,0.00,0.00,-0.00,0.00,0.00,0.00,0.00,0.00,0.00,0.00,0.00,0
1.85825,63,3,160,0,DRIVE [ 64 ] [ 1 ] [ 1083 1071 1619 ] [    0    0    0 ] [      0      0      0 ] [ 0 ],drive [ 63 ] [ 0 ] [ 1091 1071 1618 ] [   99   80   41 ] [   9994   8730  10536 ] [ 0 ],1.00,1.00,1.00,1.00,63.42,3.00,0.00,0.00,0.00,0.00,0.00,0.00,-0.00,0.00,0.00,0.00,0.00,0.00,0.00,0.00,0.00,0
1.86881,63,3,159,0,DRIVE [ 64 ] [ 1 ] [ 1078 1071 1622 ] [    0    0    0 ] [      0      0      0 ] [ 0 ],drive [ 64 ] [ 0 ] [ 1083 1071 1619 ] [   99   80   41 ] [   9994   8730  10536 ] [ 0 ],1.00,1.00,1.00,1.00,63.02,3.38,0.00,0.00,0.00,0.00,0.00,0.00,-0.00,0.00,0.00,0.00,0.00,0.00,0.00,0.00,0.00,0
1.87989,62,4,158,0,DRIVE [ 65 ] [ 1 ] [ 1076 1071 1626 ] [    0    0    0 ] [      0      0      0 ] [ 0 ],drive [ 64 ] [ 0 ] [ 1078 1071 1622 ] [   99   80   41 ] [  10350   8730  10531 ] [ 0 ],1.00,1.00,1.00,1.00,62.44,3.77,0.00,0.00,0.00,0.00,0.00,0.00,-0.00,0.00,0.00,0.00,0.00,0.00,0.00,0.00,0.00,0
1.89084,61,4,156,0,DRIVE [ 65 ] [ 1 ] [ 1078 1071 1631 ] [    0    0    0 ] [      0      0      0 ] [ 0 ],drive [ 65 ] [ 0 ] [ 1076 1071 1626 ] [  102   78   51 ] [  10350   8730  10531 ] [ 0 ],1.00,1.00,1.00,1.00,61.49,4.17,0.00,0.00,0.00,0.00,0.00,0.00,-0.00,0.00,0.00,0.00,0.00,0.00,0.00,0.00,0.00,0
1.90318,60,5,155,0,DRIVE [ 66 ] [ 1 ] [ 1082 1071 1638 ] [    0    0    0 ] [      0      0      0 ] [ 0 ],drive [ 65 ] [ 0 ] [ 1078 1071 1631 ] [  102   78   51 ] [  10350   8730  10531 ] [ 0 ],1.00,1.00,1.00,1.00,60.36,4.60,0.00,0.00,0.00,0.00,0.00,0.00,-0.00,0.00,0.00,0.00,0.00,0.00,0.00,0.00,0.00,0
1.91425,59,5,154,0,DRIVE [ 66 ] [ 1 ] [ 1089 1071 1646 ] [    0    0    0 ] [      0      0      0 ] [ 0 ],drive [ 66 ] [ 0 ] [ 1082 1071 1638 ] [  102   78   51 ] [  10350   8730  10531 ] [ 0 ],1.00,1.00,1.00,1.00,59.10,5.01,0.00,0.00,0.00,0.00,0.00,0.00,-0.00,0.00,0.00,0.00,0.00,0.00,0.00,0.00,0.00,0
1.9259,58,5,153,0,DRIVE [ 67 ] [ 1 ] [ 1098 1071 1654 ] [    0    0    0 ] [      0      0      0 ] [ 0 ],drive [ 66 ] [ 0 ] [ 1089 1071 1646 ] [  102   78   51 ] [  10612   8730  10445 ] [ 0 ],1.00,1.00,1.00,1.00,57.68,5.37,0.00,0.00,0.00,0.00,0.00,0.00,-0.00,0.00,0.00,0.00,0.00,0.00,0.00,0.00,0.00,0
1.93697,56,6,153,0,DRIVE [ 67 ] [ 1 ] [ 1109 1071 1662 ] [    0    0    0 ] [      0      0      0 ] [ 0 ],drive [ 67 ] [ 0 ] [ 1098 1071 1654 ] [  102   78   51 ] [  10612   8730  10445 ] [ 0 ],1.00,1.00,1.00,1.00,56.28,5.66,0.00,0.00,0.00,0.00,0.00,0.00,-0.00,0.00,0.00,0.00,0.00,0.00,-0.00,-0.00,0.00,0
1.94912,55,6,152,0,DRIVE [ 68 ] [ 1 ] [ 1122 1071 1670 ] [    0    0    0 ] [      0      0      0 ] [ 0 ],drive [ 67 ] [ 0 ] [ 1109 1071 1662 ] [   82   78   42 ] [  10612   8730  10445 ] [ 0 ],1.00,1.00,1.00,1.00,54.71,5.91,0.00,0.00,0.00,0.00,0.00,0.00,-0.00,0.00,0.00,0.00,0.00,0.00,-0.00,-0.00,0.00,0
1.95956,53,6,151,0,DRIVE [ 68 ] [ 1 ] [ 1135 1071 1678 ] [    0    0    0 ] [      0      0      0 ] [ 0 ],drive [ 68 ] [ 0 ] [ 1122 1071 1670 ] [   82   78   42 ] [  10612   8730  10445 ] [ 0 ],1.00,1.00,1.00,1.00,53.16,6.09,0.00,0.00,0.00,0.00,0.00,0.00,-0.00,0.00,0.00,0.00,0.00,0.00,-0.00,-0.00,0.00,0
1.96998,52,6,151,0,DRIVE [ 69 ] [ 1 ] [ 1149 1071 1687 ] [    0    0    0 ] [      0      0      0 ] [ 0 ],drive [ 68 ] [ 0 ] [ 1135 1071 1678 ] [   82   78   42 ] [  10612   8730  10445 ] [ 0 ],1.00,1.00,1.00,1.00,51.59,6.34,0.00,0.00,0.00,0.00,0.00,0.00,-0.00,0.00,0.00,0.00,0.00,0.00,-0.00,-0.00,0.00,0
1.98013,50,7,150,0,DRIVE [ 69 ] [ 1 ] [ 1164 1071 1697 ] [    0    0    0 ] [      0      0      0 ] [ 0 ],drive [ 69 ] [ 0 ] [ 1149 1071 1687 ] [   82   78   42 ] [  10674   8730  10396 ] [ 0 ],1.00,1.00,1.00,1.00,49.96,6.60,0.00,0.00,0.00,0.00,0.00,0.00,-0.00,0.00,0.00,0.00,0.00,0.00,-0.00,-0.00,0.00,0
1.99065,48,7,150,0,DRIVE [ 70 ] [ 1 ] [ 1180 1071 1706 ] [    0    0    0 ] [      0      0      0 ] [ 0 ],drive [ 69 ] [ 0 ] [ 1164 1071 1697 ] [   77   77   48 ] [  10674   8730  10396 ] [ 0 ],1.00,1.00,1.00,1.00,48.24,6.85,0.00,0.00,0.00,0.00,0.00,0.00,-0.00,0.00,0.00,0.00,0.00,0.00,-0.00,-0.00,0.00,0
2.00071,46,7,149,0,DRIVE [ 70 ] [ 1 ] [ 1198 1071 1716 ] [    0    0    0 ] [      0      0      0 ] [ 0 ],drive [ 70 ] [ 0 ] [ 1180 1071 1706 ] [   77   77   48 ] [  10674   8730  10396 ] [ 0 ],1.00,1.00,1.00,1.00,46.49,7.08,0.00,0.00,0.00,0.00,0.00,0.00,-0.00,0.00,0.00,0.00,0.00,0.00,-0.00,-0.00,0.00,0
2.01117,45,7,149,0,DRIVE [ 71 ] [ 1 ] [ 1216 1071 1726 ] [    0    0    0 ] [      0      0      0 ] [ 0 ],drive [ 70 ] [ 0 ] [ 1198 1071 1716 ] [   77   77   48 ] [  10674   8730  10396 ] [ 0 ],1.00,1.00,1.00,1.00,44.70,7.27,0.00,0.00,0.00,0.00,0.00,0.00,-0.00,0.00,0.00,0.00,0.00,0.00,-0.00,-0.00,0.00,0
2.02134,43,7,148,0,DRIVE [ 71 ] [ 1 ] [ 1236 1071 1736 ] [    0    0    0 ] [      0      0      0 ] [ 0 ],drive [ 71 ] [ 0 ] [ 1216 1071 1726 ] [   77   77   48 ] [  10674   8730  10396 ] [ 0 ],1.00,1.00,1.00,1.00,42.88,7.41,0.00,0.00,0.00,0.00,0.00,0.00,-0.00,0.00,0.00,0.00,0.00,0.00,-0.00,-0.00,0.00,0
2.03166,41,8,148,0,DRIVE [ 72 ] [ 1 ] [ 1259 1071 1747 ] [    0    0    0 ] [      0      0      0 ] [ 0 ],drive [ 71 ] [ 0 ] [ 1236 1071 1736 ] [   77   77   48 ] [  10673   8730  10318 ] [ 0 ],1.00,1.00,1.00,1.00,40.93,7.51,0.00,0.00,0.00,0.00,0.00,0.00,-0.00,0.00,0.00,0.00,0.00,0.00,-0.00,-0.00,0.00,0
2.04196,39,8,148,0,DRIVE [ 72 ] [ 1 ] [ 1283 1071 1758 ] [    0    0    0 ] [      0      0      0 ] [ 0 ],drive [ 72 ] [ 0 ] [ 1259 1071 1747 ] [   69   77   35 ] [  10673   8730  10318 ] [ 0 ],1.00,1.00,1.00,1.00,38.90,7.57,0.00,0.00,0.00,0.00,0.00,0.00,-0.00,0.00,0.00,0.00,0.00,0.00,-0.00,-0.00,0.00,0
2.05359,37,8,147,0,DRIVE [ 73 ] [ 1 ] [ 1309 1071 1769 ] [    0    0    0 ] [      0      0      0 ] [ 0 ],drive [ 72 ] [ 0 ] [ 1283 1071 1758 ] [   69   77   35 ] [  10673   8730  10318 ] [ 0 ],1.00,1.00,1.00,1.00,36.77,7.66,0.00,0.00,0.00,0.00,0.00,0.00,0.00,0.00,0.00,0.00,0.00,0.00,-0.00,-0.00,0.00,0
2.06325,35,8,147,0,DRIVE [ 73 ] [ 1 ] [ 1336 1071 1781 ] [    0    0    0 ] [      0      0      0 ] [ 0 ],drive [ 73 ] [ 0 ] [ 1309 1071 1769 ] [   69   77   35 ] [  10673   8730  10318 ] [ 0 ],1.00,1.00,1.00,1.00,34.56,7.75,0.00,0.00,0.00,0.00,0.00,0.00,0.00,0.00,0.00,0.00,0.00,0.00,-0.00,-0.00,0.00,0
2.07353,32,8,147,0,DRIVE [ 74 ] [ 1 ] [ 1364 1071 1793 ] [    0    0    0 ] [      0      0      0 ] [ 0 ],drive [ 73 ] [ 0 ] [ 1336 1071 1781 ] [   69   77   35 ] [  10669   8730  10255 ] [ 0 ],1.00,1.00,1.00,1.00,32.31,7.81,0.00,0.00,0.00,0.00,0.00,0.00,0.00,0.00,0.00,0.00,0.00,0.00,-0.00,-0.00,0.00,0
2.08343,30,8,146,0,DRIVE [ 74 ] [ 1 ] [ 1392 1071 1805 ] [    0    0    0 ] [      0      0      0 ] [ 0 ],drive [ 74 ] [ 0 ] [ 1364 1071 1793 ] [   69   77   35 ] [  10669   8730  10255 ] [ 0 ],1.00,1.00,1.00,1.00,30.03,7.83,0.00,0.00,0.00,0.00,0.00,0.00,0.00,0.00,0.00,0.00,0.00,0.00,-0.00,-0.00,0.00,0
2.0953,28,8,146,0,DRIVE [ 75 ] [ 1 ] [ 1422 1071 1817 ] [    0    0    0 ] [      0      0      0 ] [ 0 ],drive [ 74 ] [ 0 ] [ 1392 1071 1805 ] [   54   78   11 ] [  10669   8730  10255 ] [ 0 ],1.00,1.00,1.00,1.00,27.80,7.82,0.00,0.00,0.00,0.00,0.00,0.00,0.00,0.00,0.00,0.00,0.00,0.00,-0.00,-0.00,0.00,0
2.10548,26,8,146,0,DRIVE [ 75 ] [ 1 ] [ 1452 1071 1829 ] [    0    0    0 ] [      0      0      0 ] [ 0 ],drive [ 75 ] [ 0 ] [ 1422 1071 1817 ] [   54   78   11 ] [  10669   8730  10255 ] [ 0 ],1.00,1.00,1.00,1.00,25.53,7.79,0.00,0.00,0.00,0.00,0.00,0.00,0.00,0.00,0.00,0.00,0.00,0.00,-0.00,-0.00,0.00,0
2.11686,23,8,146,0,DRIVE [ 76 ] [ 1 ] [ 1483 1071 1840 ] [    0    0    0 ] [      0      0      0 ] [ 0 ],drive [ 75 ] [ 0 ] [ 1452 1071 1829 ] [   54   78   11 ] [  10669   8730  10255 ] [ 0 ],1.00,1.00,1.00,1.00,23.23,7.67,0.00,0.00,0.00,0.00,0.00,0.00,0.00,0.00,0.00,0.00,0.00,0.00,-0.00,-0.00,0.00,0
2.12779,21,7,145,0,DRIVE [ 76 ] [ 1 ] [ 1514 1071 1851 ] [    0    0    0 ] [      0      0      0 ] [ 0 ],drive [ 76 ] [ 0 ] [ 1483 1071 1840 ] [   54   78   11 ] [  10657   8730  10133 ] [ 0 ],1.00,1.00,1.00,1.00,20.93,7.50,0.00,0.00,0.00,0.00,0.00,0.00,0.00,0.00,0.00,0.00,0.00,0.00,-0.00,-0.00,0.00,0
2.13991,19,7,145,0,DRIVE [ 77 ] [ 1 ] [ 1547 1071 1860 ] [    0    0    0 ] [      0      0      0 ] [ 0 ],drive [ 76 ] [ 0 ] [ 1514 1071 1851 ] [   41   78   19 ] [  10657   8730  10133 ] [ 0 ],1.00,1.00,1.00,1.00,18.71,7.23,0.00,0.00,0.00,0.00,0.00,0.00,0.00,0.00,0.00,0.00,0.00,0.00,-0.00,-0.00,0.00,0
2.15089,17,7,145,0,DRIVE [ 77 ] [ 1 ] [ 1579 1071 1870 ] [    0    0    0 ] [      0      0      0 ] [ 0 ],drive [ 77 ] [ 0 ] [ 1547 1071 1860 ] [   41   78   19 ] [  10657   8730  10133 ] [ 0 ],1.00,1.00,1.00,1.00,16.52,6.94,0.00,0.00,0.00,0.00,0.00,0.00,0.00,0.00,0.00,0.00,0.00,0.00,-0.00,-0.00,0.00,0
2.16245,14,7,145,0,DRIVE [ 78 ] [ 1 ] [ 1612 1071 1879 ] [    0    0    0 ] [      0      0      0 ] [ 0 ],drive [ 77 ] [ 0 ] [ 1579 1071 1870 ] [   41   78   19 ] [  10657   8730  10133 ] [ 0 ],1.00,1.00,1.00,1.00,14.37,6.59,0.00,0.00,0.00,0.00,0.00,0.00,0.00,0.00,0.00,0.00,0.00,0.00,-0.00,-0.00,0.00,0
2.17358,12,6,144,0,DRIVE [ 78 ] [ 1 ] [ 1645 1071 1887 ] [    0    0    0 ] [      0      0      0 ] [ 0 ],drive [ 78 ] [ 0 ] [ 1612 1071 1879 ] [   41   78   19 ] [  10632   8730   9986 ] [ 0 ],1.00,1.00,1.00,1.00,12.22,6.23,0.00,0.00,0.00,0.00,0.00,0.00,0.00,0.00,0.00,0.00,0.00,0.00,-0.00,-0.00,0.00,0
2.18586,10,6,144,0,DRIVE [ 79 ] [ 1 ] [ 1675 1071 1896 ] [    0    0    0 ] [      0      0      0 ] [ 0 ],drive [ 78 ] [ 0 ] [ 1645 1071 1887 ] [   41   78   19 ] [  10632   8730   9986 ] [ 0 ],1.00,1.00,1.00,1.00,10.15,5.91,0.00,0.00,0.00,0.00,0.00,0.00,0.00,0.00,0.00,0.00,0.00,0.00,-0.00,-0.00,0.00,0
2.19559,8,6,144,0,DRIVE [ 79 ] [ 1 ] [ 1705 1071 1904 ] [    0    0    0 ] [      0      0      0 ] [ 0 ],drive [ 79 ] [ 0 ] [ 1675 1071 1896 ] [   43   77   19 ] [  10632   8730   9986 ] [ 0 ],1.00,1.00,1.00,1.00,8.14,5.58,0.00,0.00,0.00,0.00,0.00,0.00,0.00,0.00,0.00,0.00,0.00,0.00,-0.00,-0.00,0.00,0
2.20583,6,5,143,0,DRIVE [ 80 ] [ 1 ] [ 1747 1897 1904 ] [    0    0    0 ] [      0      0      0 ] [ 0 ],drive [ 79 ] [ 0 ] [ 1705 1071 1904 ] [   43   77   19 ] [  10632   8730   9986 ] [ 0 ],1.00,1.00,1.00,1.00,6.19,5.31,0.00,0.00,0.00,0.00,0.00,0.00,0.00,0.00,0.00,0.00,0.00,0.00,-0.00,-0.00,0.00,0
2.21581,4,5,142,0,DRIVE [ 80 ] [ 1 ] [ 1787 1886 1904 ] [    0    0    0 ] [      0      0      0 ] [ 0 ],drive [ 80 ] [ 0 ] [ 1747 1897 1904 ] [   43   77   19 ] [  10632   8730   9986 ] [ 0 ],1.00,1.00,1.00,1.00,4.29,5.12,0.00,0.00,0.00,0.00,0.00,0.00,0.00,0.00,0.00,0.00,0.00,0.00,-0.00,-0.00,0.00,0
2.22626,3,5,142,0,DRIVE [ 81 ] [ 1 ] [ 1819 1875 1904 ] [    0    0    0 ] [      0      0      0 ] [ 0 ],drive [ 80 ] [ 0 ] [ 1787 1886 1904 ] [   43   77   19 ] [  10430   8730   9917 ] [ 0 ],1.00,1.00,1.00,1.00,2.51,5.07,0.00,0.00,0.00,0.00,0.00,0.00,0.00,0.00,0.00,0.00,0.00,0.00,-0.00,-0.00,0.00,0
2.2382,1,5,142,0,DRIVE [ 81 ] [ 1 ] [ 1844 1859 1904 ] [    0    0    0 ] [      0      0      0 ] [ 0 ],drive [ 81 ] [ 0 ] [ 1819 1875 1904 ] [   43   77   19 ] [  10430   8730   9917 ] [ 0 ],1.00,1.00,1.00,1.00,0.69,5.13,0.00,0.00,0.00,0.00,0.00,0.00,0.00,0.00,0.00,0.00,0.00,0.00,-0.00,-0.00,0.00,0
2.25131,-2,6,143,0,DRIVE [ 82 ] [ 1 ] [ 1863 1821 1904 ] [    0    0    0 ] [      0      0      0 ] [ 0 ],drive [ 81 ] [ 0 ] [ 1844 1859 1904 ] [   38   24   23 ] [  10430   8730   9917 ] [ 0 ],1.00,1.00,1.00,1.00,-1.93,5.80,0.00,0.00,0.00,0.00,0.00,0.00,0.00,0.00,0.00,0.00,0.00,0.00,0.00,0.00,0.00,0
2.26174,-5,7,142,0,DRIVE [ 82 ] [ 1 ] [ 1878 1753 1904 ] [    0    0    0 ] [      0      0      0 ] [ 0 ],drive [ 82 ] [ 0 ] [ 1863 1821 1904 ] [   38   24   23 ] [  10430   8730   9917 ] [ 0 ],1.00,1.00,1.00,1.00,-5.41,6.83,0.00,0.00,0.00,0.00,0.00,0.00,0.00,0.00,0.00,0.00,0.00,0.00,0.00,0.00,0.00,0
2.27427,-9,8,141,0,DRIVE [ 83 ] [ 1 ] [ 1893 1663 1904 ] [    0    0    0 ] [      0      0      0 ] [ 0 ],drive [ 82 ] [ 0 ] [ 1878 1753 1904 ] [   38   24   23 ] [   9974   7025   9919 ] [ 0 ],1.00,1.00,1.00,1.00,-9.33,7.88,0.00,0.00,0.00,0.00,0.00,0.00,0.00,0.00,0.00,0.00,0.00,0.00,0.00,0.00,0.00,0
2.28684,-13,9,140,0,DRIVE [ 83 ] [ 1 ] [ 1893 1574 1902 ] [    0    0    0 ] [      0      0      0 ] [ 0 ],drive [ 83 ] [ 0 ] [ 1893 1663 1904 ] [   38   24   23 ] [   9974   7025   9919 ] [ 0 ],1.00,1.00,1.00,1.00,-13.31,8.91,0.00,0.00,0.00,0.00,0.00,0.00,0.00,0.00,0.00,0.00,0.00,0.00,0.00,0.00,0.00,0
2.29658,-17,10,138,0,DRIVE [ 84 ] [ 1 ] [ 1893 1508 1890 ] [    0    0    0 ] [      0      0      0 ] [ 0 ],drive [ 83 ] [ 0 ] [ 1893 1574 1902 ] [   30   18   24 ] [   9974   7025   9919 ] [ 0 ],1.00,1.00,1.00,1.00,-16.86,9.85,0.00,0.00,0.00,0.00,0.00,0.00,0.00,0.00,0.00,0.00,0.00,0.00,0.00,0.00,0.00,0
2.30667,-20,11,136,0,DRIVE [ 84 ] [ 1 ] [ 1893 1454 1878 ] [    0    0    0 ] [      0      0      0 ] [ 0 ],drive [ 84 ] [ 0 ] [ 1893 1508 1890 ] [   30   18   24 ] [   9974   7025   9919 ] [ 0 ],1.00,1.00,1.00,1.00,-19.76,10.51,0.00,0.00,0.00,0.00,0.00,0.00,0.00,0.00,0.00,0.00,0.00,0.00,0.00,0.00,0.00,0
2.31786,-22,11,135,0,DRIVE [ 85 ] [ 1 ] [ 1893 1412 1869 ] [    0    0    0 ] [      0      0      0 ] [ 0 ],drive [ 84 ] [ 0 ] [ 1893 1454 1878 ] [   30   18   24 ] [   9974   7025   9919 ] [ 0 ],1.00,1.00,1.00,1.00,-22.01,10.92,0.00,0.00,0.00,0.00,0.00,0.00,0.00,0.00,0.00,0.00,0.00,0.00,0.00,0.00,0.00,0
2.32804,-24,11,133,0,DRIVE [ 85 ] [ 1 ] [ 1893 1382 1861 ] [    0    0    0 ] [      0      0      0 ] [ 0 ],drive [ 85 ] [ 0 ] [ 1893 1412 1869 ] [   30   18   24 ] [   9470   7112   9918 ] [ 0 ],1.00,1.00,1.00,1.00,-23.63,11.14,0.00,0.00,0.00,0.00,0.00,0.00,0.00,0.00,0.00,0.00,0.00,0.00,0.00,0.00,0.00,0
2.33839,-25,11,132,0,DRIVE [ 86 ] [ 1 ] [ 1893 1364 1855 ] [    0    0    0 ] [      0      0      0 ] [ 0 ],drive [ 85 ] [ 0 ] [ 1893 1382 1861 ] [   21   68   27 ] [   9470   7112   9918 ] [ 0 ],1.00,1.00,1.00,1.00,-24.59,11.18,0.00,0.00,0.00,0.00,0.00,0.00,0.00,0.00,0.00,0.00,0.00,0.00,0.00,0.00,0.00,0
2.34985,-25,11,132,0,DRIVE [ 86 ] [ 1 ] [ 1893 1358 1852 ] [    0    0    0 ] [      0      0      0 ] [ 0 ],drive [ 86 ] [ 0 ] [ 1893 1364 1855 ] [   21   68   27 ] [   9470   7112   9918 ] [ 0 ],1.00,1.00,1.00,1.00,-24.99,11.10,0.00,0.00,0.00,0.00,0.00,0.00,0.00,0.00,0.00,0.00,0.00,0.00,0.00,0.00,0.00,0
2.36236,-25,11,131,0,DRIVE [ 87 ] [ 1 ] [ 1893 1358 1851 ] [    0    0    0 ] [      0      0      0 ] [ 0 ],drive [ 86 ] [ 0 ] [ 1893 1358 1852 ] [   21   68   27 ] [   9470   7112   9918 ] [ 0 ],1.00,1.00,1.00,1.00,-24.95,10.94,0.00,0.00,0.00,0.00,0.00,0.00,0.00,0.00,0.00,0.00,0.00,0.00,0.00,0.00,0.00,0
2.37416,-25,11,130,0,DRIVE [ 87 ] [ 1 ] [ 1893 1361 1851 ] [    0    0    0 ] [      0      0      0 ] [ 0 ],drive [ 87 ] [ 0 ] [ 1893 1358 1851 ] [   21   68   27 ] [   9226   7773   9923 ] [ 0 ],1.00,1.00,1.00,1.00,-24.66,10.82,0.00,0.00,0.00,0.00,0.00,0.00,0.00,0.00,0.00,0.00,0.00,0.00,0.00,0.00,0.00,0
2.38594,-24,11,129,0,DRIVE [ 88 ] [ 1 ] [ 1893 1363 1852 ] [    0    0    0 ] [      0      0      0 ] [ 0 ],drive [ 87 ] [ 0 ] [ 1893 1361 1851 ] [   21   68   27 ] [   9226   7773   9923 ] [ 0 ],1.00,1.00,1.00,1.00,-24.36,10.81,0.00,0.00,0.00,0.00,0.00,0.00,0.00,0.00,0.00,0.00,0.00,0.00,0.00,0.00,0.00,0
2.39565,-24,11,129,0,DRIVE [ 88 ] [ 1 ] [ 1893 1361 1854 ] [    0    0    0 ] [      0      0      0 ] [ 0 ],drive [ 88 ] [ 0 ] [ 1893 1363 1852 ] [    2   59   29 ] [   9226   7773   9923 ] [ 0 ],1.00,1.00,1.00,1.00,-24.17,10.89,0.00,0.00,0.00,0.00,0.00,0.00,0.00,0.00,0.00,0.00,0.00,0.00,0.00,0.00,0.00,0
2.40591,-24,11,128,0,DRIVE [ 89 ] [ 1 ] [ 1893 1355 1856 ] [    0    0    0 ] [      0      0      0 ] [ 0 ],drive [ 88 ] [ 0 ] [ 1893 1361 1854 ] [    2   59   29 ] [   9226   7773   9923 ] [ 0 ],1.00,1.00,1.00,1.00,-24.12,11.12,0.00,0.00,0.00,0.00,0.00,0.00,0.00,0.00,0.00,0.00,0.00,0.00,0.00,0.00,0.00,0
2.41762,-24,11,127,0,DRIVE [ 89 ] [ 1 ] [ 1893 1344 1858 ] [    0    0    0 ] [      0      0      0 ] [ 0 ],drive [ 89 ] [ 0 ] [ 1893 1355 1856 ] [    2   59   29 ] [   9226   7773   9923 ] [ 0 ],1.00,1.00,1.00,1.00,-24.19,11.45,0.00,0.00,0.00,0.00,0.00,0.00,0.00,0.00,0.00,0.00,0.00,0.00,0.00,0.00,0.00,0
2.42998,-24,12,126,0,DRIVE [ 90 ] [ 1 ] [ 1893 1331 1861 ] [    0    0    0 ] [      0      0      0 ] [ 0 ],drive [ 89 ] [ 0 ] [ 1893 1344 1858 ] [    2   59   29 ] [   9086   7800   9960 ] [ 0 ],1.00,1.00,1.00,1.00,-24.29,11.85,0.00,0.00,0.00,0.00,0.00,0.00,0.00,0.00,0.00,0.00,0.00,0.00,0.00,0.00,0.00,0
2.44327,-24,12,125,0,DRIVE [ 90 ] [ 1 ] [ 1893 1318 1863 ] [    0    0    0 ] [      0      0      0 ] [ 0 ],drive [ 90 ] [ 0 ] [ 1893 1331 1861 ] [    5   60   16 ] [   9086   7800   9960 ] [ 0 ],1.00,1.00,1.00,1.00,-24.40,12.24,0.00,0.00,0.00,0.00,0.00,0.00,0.00,0.00,0.00,0.00,0.00,0.00,0.00,0.00,0.00,0
2.45356,-24,13,124,0,DRIVE [ 91 ] [ 1 ] [ 1893 1306 1865 ] [    0    0    0 ] [      0      0      0 ] [ 0 ],drive [ 90 ] [ 0 ] [ 1893 1318 1863 ] [    5   60   16 ] [   9086   7800   9960 ] [ 0 ],1.00,1.00,1.00,1.00,-24.47,12.60,0.00,0.00,0.00,0.00,0.00,0.00,0.00,0.00,0.00,0.00,0.00,0.00,0.00,0.00,0.00,0
2.46311,-24,13,123,0,DRIVE [ 91 ] [ 1 ] [ 1893 1295 1868 ] [    0    0    0 ] [      0      0      0 ] [ 0 ],drive [ 91 ] [ 0 ] [ 1893 1306 1865 ] [    5   60   16 ] [   9086   7800   9960 ] [ 0 ],1.00,1.00,1.00,1.00,-24.47,12.93,0.00,0.00,0.00,0.00,0.00,0.00,0.00,0.00,0.00,0.00,0.00,0.00,0.00,0.00,0.00,0
2.47413,-24,13,122,0,DRIVE [ 92 ] [ 1 ] [ 1893 1286 1871 ] [    0    0    0 ] [      0      0      0 ] [ 0 ],drive [ 91 ] [ 0 ] [ 1893 1295 1868 ] [    5   60   16 ] [   9064   7808   9968 ] [ 0 ],1.00,1.00,1.00,1.00,-24.35,13.23,0.00,0.00,0.00,0.00,0.00,0.00,0.00,0.00,0.00,0.00,0.00,0.00,0.00,0.00,0.00,0
2.48585,-24,14,122,0,DRIVE [ 92 ] [ 1 ] [ 1893 1278 1874 ] [    0    0    0 ] [      0      0      0 ] [ 0 ],drive [ 92 ] [ 0 ] [ 1893 1286 1871 ] [    5   60   16 ] [   9064   7808   9968 ] [ 0 ],1.00,1.00,1.00,1.00,-24.24,13.51,0.00,0.00,0.00,0.00,0.00,0.00,0.00,0.00,0.00,0.00,0.00,0.00,0.00,0.00,0.00,0
2.49808,-24,14,121,0,DRIVE [ 93 ] [ 1 ] [ 1893 1271 1877 ] [    0    0    0 ] [      0      0      0 ] [ 0 ],drive [ 92 ] [ 0 ] [ 1893 1278 1874 ] [    6   59   14 ] [   9064   7808   9968 ] [ 0 ],1.00,1.00,1.00,1.00,-24.06,13.76,0.00,0.00,0.00,0.00,0.00,0.00,0.00,0.00,0.00,0.00,0.00,0.00,0.00,0.00,0.00,0
2.50991,-24,14,120,0,DRIVE [ 93 ] [ 1 ] [ 1893 1265 1881 ] [    0    0    0 ] [      0      0      0 ] [ 0 ],drive [ 93 ] [ 0 ] [ 1893 1271 1877 ] [    6   59   14 ] [   9064   7808   9968 ] [ 0 ],1.00,1.00,1.00,1.00,-23.85,14.01,0.00,0.00,0.00,0.00,0.00,0.00,0.00,0.00,0.00,0.00,0.00,0.00,0.00,0.00,0.00,0
2.51989,-24,14,119,0,DRIVE [ 94 ] [ 1 ] [ 1893 1259 1884 ] [    0    0    0 ] [      0      0      0 ] [ 0 ],drive [ 93 ] [ 0 ] [ 1893 1265 1881 ] [    6   59   14 ] [   9064   7808   9968 ] [ 0 ],1.00,1.00,1.00,1.00,-23.62,14.22,0.00,0.00,0.00,0.00,0.00,0.00,0.00,0.00,0.00,0.00,0.00,0.00,0.00,0.00,0.00,0
2.52948,-23,14,118,0,DRIVE [ 94 ] [ 1 ] [ 1893 1254 1887 ] [    0    0    0 ] [      0      0      0 ] [ 0 ],drive [ 94 ] [ 0 ] [ 1893 1259 1884 ] [    6   59   14 ] [   9033   7831   9969 ] [ 0 ],1.00,1.00,1.00,1.00,-23.39,14.42,0.00,0.00,0.00,0.00,0.00,0.00,0.00,0.00,0.00,0.00,0.00,0.00,0.00,0.00,0.00,0
2.54256,-23,15,118,0,DRIVE [ 95 ] [ 1 ] [ 1893 1250 1890 ] [    0    0    0 ] [      0      0      0 ] [ 0 ],drive [ 94 ] [ 0 ] [ 1893 1254 1887 ] [   19   64   12 ] [   9033   7831   9969 ] [ 0 ],1.00,1.00,1.00,1.00,-23.12,14.60,0.00,0.00,0.00,0.00,0.00,0.00,0.00,0.00,0.00,0.00,0.00,0.00,0.00,0.00,0.00,0
2.55458,-23,15,117,0,DRIVE [ 95 ] [ 1 ] [ 1893 1246 1894 ] [    0    0    0 ] [      0      0      0 ] [ 0 ],drive [ 95 ] [ 0 ] [ 1893 1250 1890 ] [   19   64   12 ] [   9033   7831   9969 ] [ 0 ],1.00,1.00,1.00,1.00,-22.86,14.76,0.00,0.00,0.00,0.00,0.00,0.00,0.00,0.00,0.00,0.00,0.00,0.00,0.00,0.00,0.00,0
2.56591,-23,15,116,0,DRIVE [ 96 ] [ 1 ] [ 1893 1242 1897 ] [    0    0    0 ] [      0      0      0 ] [ 0 ],drive [ 95 ] [ 0 ] [ 1893 1246 1894 ] [   19   64   12 ] [   9033   7831   9969 ] [ 0 ],1.00,1.00,1.00,1.00,-22.54,14.92,0.00,0.00,0.00,0.00,0.00,0.00,0.00,0.00,0.00,0.00,0.00,0.00,0.00,0.00,0.00,0
2.57792,-22,15,115,0,DRIVE [ 96 ] [ 1 ] [ 1893 1239 1901 ] [    0    0    0 ] [      0      0      0 ] [ 0 ],drive [ 96 ] [ 0 ] [ 1893 1242 1897 ] [   19   64   12 ] [   9031   7841   9968 ] [ 0 ],1.00,1.00,1.00,1.00,-22.15,15.05,0.00,0.00,0.00,0.00,0.00,0.00,0.00,0.00,0.00,0.00,0.00,0.00,0.00,0.00,0.00,0
2.5878,-22,15,114,0,DRIVE [ 97 ] [ 1 ] [ 1893 1237 1905 ] [    0    0    0 ] [      0      0      0 ] [ 0 ],drive [ 96 ] [ 0 ] [ 1893 1239 1901 ] [   18   76   11 ] [   9031   7841   9968 ] [ 0 ],1.00,1.00,1.00,1.00,-21.71,15.20,0.00,0.00,0.00,0.00,0.00,0.00,0.00,0.00,0.00,0.00,0.00,0.00,0.00,0.00,0.00,0
2.59757,-21,15,113,0,DRIVE [ 97 ] [ 1 ] [ 1900 1247 1905 ] [    0    0    0 ] [      0      0      0 ] [ 0 ],drive [ 97 ] [ 0 ] [ 1893 1237 1905 ] [   18   76   11 ] [   9031   7841   9968 ] [ 0 ],1.00,1.00,1.00,1.00,-21.15,15.34,0.00,0.00,0.00,0.00,0.00,0.00,0.00,0.00,0.00,0.00,0.00,0.00,0.00,0.00,0.00,0
2.6098,-21,15,113,0,DRIVE [ 98 ] [ 1 ] [ 1893 1260 1905 ] [    0    0    0 ] [      0      0      0 ] [ 0 ],drive [ 97 ] [ 0 ] [ 1900 1247 1905 ] [   18   76   11 ] [   9031   7841   9968 ] [ 0 ],1.00,1.00,1.00,1.00,-20.50,15.46,0.00,0.00,0.00,0.00,0.00,0.00,0.00,0.00,0.00,0.00,0.00,0.00,0.00,0.00,0.00,0
2.62158,-20,16,112,0,DRIVE [ 98 ] [ 1 ] [ 1886 1278 1905 ] [    0    0    0 ] [      0      0      0 ] [ 0 ],drive [ 98 ] [ 0 ] [ 1893 1260 1905 ] [   18   76   11 ] [   9031   7841   9968 ] [ 0 ],1.00,1.00,1.00,1.00,-19.70,15.52,0.00,0.00,0.00,0.00,0.00,0.00,0.00,0.00,0.00,0.00,0.00,0.00,0.00,0.00,0.00,0
2.6335,-19,16,111,0,DRIVE [ 99 ] [ 1 ] [ 1878 1298 1905 ] [    0    0    0 ] [      0      0      0 ] [ 0 ],drive [ 98 ] [ 0 ] [ 1886 1278 1905 ] [   18   76   11 ] [   9031   7948   9964 ] [ 0 ],1.00,1.00,1.00,1.00,-18.78,15.60,0.00,0.00,0.00,0.00,0.00,0.00,0.00,0.00,0.00,0.00,0.00,0.00,0.00,0.00,0.00,0
2.64346,-18,16,110,0,DRIVE [ 99 ] [ 1 ] [ 1870 1319 1905 ] [    0    0    0 ] [      0      0      0 ] [ 0 ],drive [ 99 ] [ 0 ] [ 1878 1298 1905 ] [   19   61   12 ] [   9031   7948   9964 ] [ 0 ],1.00,1.00,1.00,1.00,-17.83,15.69,0.00,0.00,0.00,0.00,0.00,0.00,0.00,0.00,0.00,0.00,0.00,0.00,0.00,0.00,0.00,0
2.65374,-17,16,109,0,DRIVE [ 00 ] [ 1 ] [ 1860 1340 1905 ] [    0    0    0 ] [      0      0      0 ] [ 0 ],drive [ 99 ] [ 0 ] [ 1870 1319 1905 ] [   19   61   12 ] [   9031   7948   9964 ] [ 0 ],1.00,1.00,1.00,1.00,-16.87,15.79,0.00,0.00,0.00,0.00,0.00,0.00,0.00,0.00,0.00,0.00,0.00,0.00,0.00,0.00,0.00,0
2.66572,-16,16,109,0,DRIVE [ 00 ] [ 1 ] [ 1851 1360 1905 ] [    0    0    0 ] [      0      0      0 ] [ 0 ],drive [ 00 ] [ 0 ] [ 1860 1340 1905 ] [   19   61   12 ] [   9031   7948   9964 ] [ 0 ],1.00,1.00,1.00,1.00,-15.92,15.90,0.00,0.00,0.00,0.00,0.00,0.00,0.00,0.00,0.00,0.00,0.00,0.00,0.00,0.00,0.00,0
2.67899,-15,16,108,0,DRIVE [ 01 ] [ 1 ] [ 1841 1381 1905 ] [    0    0    0 ] [      0      0      0 ] [ 0 ],drive [ 00 ] [ 0 ] [ 1851 1360 1905 ] [   19   61   12 ] [   9033   7948   9963 ] [ 0 ],1.00,1.00,1.00,1.00,-14.94,16.00,0.00,0.00,0.00,0.00,0.00,0.00,0.00,0.00,0.00,0.00,0.00,0.00,0.00,0.00,0.00,0
2.69152,-14,16,107,0,DRIVE [ 01 ] [ 1 ] [ 1832 1401 1905 ] [    0    0    0 ] [      0      0      0 ] [ 0 ],drive [ 01 ] [ 0 ] [ 1841 1381 1905 ] [   20   51   13 ] [   9033   7948   9963 ] [ 0 ],1.00,1.00,1.00,1.00,-14.00,16.10,0.00,0.00,0.00,0.00,0.00,0.00,0.00,0.00,0.00,0.00,0.00,0.00,0.00,0.00,0.00,0
2.702,-13,16,106,0,DRIVE [ 02 ] [ 1 ] [ 1822 1421 1905 ] [    0    0    0 ] [      0      0      0 ] [ 0 ],drive [ 01 ] [ 0 ] [ 1832 1401 1905 ] [   20   51   13 ] [   9033   7948   9963 ] [ 0 ],1.00,1.00,1.00,1.00,-13.06,16.20,0.00,0.00,0.00,0.00,0.00,0.00,0.00,0.00,0.00,0.00,0.00,0.00,0.00,0.00,0.00,0
2.71175,-12,16,105,0,DRIVE [ 02 ] [ 1 ] [ 1813 1440 1905 ] [    0    0    0 ] [      0      0      0 ] [ 0 ],drive [ 02 ] [ 0 ] [ 1822 1421 1905 ] [   20   51   13 ] [   9033   7948   9963 ] [ 0 ],1.00,1.00,1.00,1.00,-12.13,16.25,0.00,0.00,0.00,0.00,0.00,0.00,0.00,0.00,0.00,0.00,0.00,0.00,0.00,-0.00,0.00,0
2.72185,-11,16,104,0,DRIVE [ 03 ] [ 1 ] [ 1803 1459 1905 ] [    0    0    0 ] [      0      0      0 ] [ 0 ],drive [ 02 ] [ 0 ] [ 1813 1440 1905 ] [   20   51   13 ] [   9037   7940   9961 ] [ 0 ],1.00,1.00,1.00,1.00,-11.18,16.29,0.00,0.00,0.00,0.00,0.00,0.00,0.00,0.00,0.00,0.00,0.00,0.00,0.00,-0.00,0.00,0
2.73363,-10,16,104,0,DRIVE [ 03 ] [ 1 ] [ 1793 1477 1905 ] [    0    0    0 ] [      0      0      0 ] [ 0 ],drive [ 03 ] [ 0 ] [ 1803 1459 1905 ] [   20   51   13 ] [   9037   7940   9961 ] [ 0 ],1.00,1.00,1.00,1.00,-10.25,16.34,0.00,0.00,0.00,0.00,0.00,0.00,0.00,0.00,0.00,0.00,0.00,0.00,0.00,-0.00,0.00,0
2.74604,-9,16,103,0,DRIVE [ 04 ] [ 1 ] [ 1782 1496 1905 ] [    0    0    0 ] [      0      0      0 ] [ 0 ],drive [ 03 ] [ 0 ] [ 1793 1477 1905 ] [   22   42   14 ] [   9037   7940   9961 ] [ 0 ],1.00,1.00,1.00,1.00,-9.30,16.39,0.00,0.00,0.00,0.00,0.00,0.00,0.00,0.00,0.00,0.00,0.00,0.00,0.00,-0.00,0.00,0
2.7576,-8,16,102,0,DRIVE [ 04 ] [ 1 ] [ 1771 1514 1905 ] [    0    0    0 ] [      0      0      0 ] [ 0 ],drive [ 04 ] [ 0 ] [ 1782 1496 1905 ] [   22   42   14 ] [   9037   7940   9961 ] [ 0 ],1.00,1.00,1.00,1.00,-8.33,16.43,0.00,0.00,0.00,0.00,0.00,0.00,0.00,0.00,0.00,0.00,0.00,0.00,0.00,-0.00,0.00,0
2.76928,-7,16,101,0,DRIVE [ 05 ] [ 1 ] [ 1760 1532 1905 ] [    0    0    0 ] [      0      0      0 ] [ 0 ],drive [ 04 ] [ 0 ] [ 1771 1514 1905 ] [   22   42   14 ] [   9037   7940   9961 ] [ 0 ],1.00,1.00,1.00,1.00,-7.36,16.46,0.00,0.00,0.00,0.00,0.00,0.00,0.00,0.00,0.00,0.00,0.00,0.00,0.00,-0.00,0.00,0
2.77898,-6,16,100,0,DRIVE [ 05 ] [ 1 ] [ 1747 1550 1905 ] [    0    0    0 ] [      0      0      0 ] [ 0 ],drive [ 05 ] [ 0 ] [ 1760 1532 1905 ] [   22   42   14 ] [   9044   7920   9961 ] [ 0 ],1.00,1.00,1.00,1.00,-6.36,16.47,0.00,0.00,0.00,0.00,0.00,0.00,0.00,0.00,0.00,0.00,0.00,0.00,0.00,-0.00,0.00,0
2.78951,-5,16,99,0,DRIVE [ 06 ] [ 1 ] [ 1735 1568 1905 ] [    0    0    0 ] [      0      0      0 ] [ 0 ],drive [ 05 ] [ 0 ] [ 1747 1550 1905 ] [   22   43   14 ] [   9044   7920   9961 ] [ 0 ],1.00,1.00,1.00,1.00,-5.37,16.46,0.00,0.00,0.00,0.00,0.00,0.00,0.00,0.00,0.00,0.00,0.00,0.00,0.00,-0.00,0.00,0
2.8016,-4,16,98,0,DRIVE [ 06 ] [ 1 ] [ 1721 1585 1905 ] [    0    0    0 ] [      0      0      0 ] [ 0 ],drive [ 06 ] [ 0 ] [ 1735 1568 1905 ] [   22   43   14 ] [   9044   7920   9961 ] [ 0 ],1.00,1.00,1.00,1.00,-4.35,16.43,0.00,0.00,0.00,0.00,0.00,0.00,0.00,0.00,0.00,0.00,0.00,0.00,0.00,-0.00,0.00,0
2.8135,-3,16,97,0,DRIVE [ 07 ] [ 1 ] [ 1708 1602 1905 ] [    0    0    0 ] [      0      0      0 ] [ 0 ],drive [ 06 ] [ 0 ] [ 1721 1585 1905 ] [   22   43   14 ] [   9044   7920   9961 ] [ 0 ],1.00,1.00,1.00,1.00,-3.35,16.39,0.00,0.00,0.00,0.00,0.00,0.00,0.00,0.00,0.00,0.00,0.00,0.00,0.00,-0.00,0.00,0
2.82571,-2,16,96,0,DRIVE [ 07 ] [ 1 ] [ 1693 1618 1905 ] [    0    0    0 ] [      0      0      0 ] [ 0 ],drive [ 07 ] [ 0 ] [ 1708 1602 1905 ] [   22   43   14 ] [   9070   7903   9960 ] [ 0 ],1.00,1.00,1.00,1.00,-2.37,16.34,0.00,0.00,0.00,0.00,0.00,0.00,0.00,0.00,0.00,0.00,0.00,0.00,0.00,0.00,0.00,0
2.83545,-1,16,95,0,DRIVE [ 08 ] [ 1 ] [ 1679 1633 1905 ] [    0    0    0 ] [      0      0      0 ] [ 0 ],drive [ 07 ] [ 0 ] [ 1693 1618 1905 ] [   22   43   14 ] [   9070   7903   9960 ] [ 0 ],1.00,1.00,1.00,1.00,-1.43,16.25,0.00,0.00,0.00,0.00,0.00,0.00,0.00,0.00,0.00,0.00,0.00,0.00,0.00,0.00,0.00,0
2.84542,-1,16,94,0,DRIVE [ 08 ] [ 1 ] [ 1664 1648 1905 ] [    0    0    0 ] [      0      0      0 ] [ 0 ],drive [ 08 ] [ 0 ] [ 1679 1633 1905 ] [   21   49   14 ] [   9070   7903   9960 ] [ 0 ],1.00,1.00,1.00,1.00,-0.50,16.15,0.00,0.00,0.00,0.00,0.00,0.00,0.00,0.00,0.00,0.00,0.00,0.00,0.00,0.00,0.00,0
2.85769,0,16,93,0,DRIVE [ 09 ] [ 1 ] [ 1648 1662 1905 ] [    0    0    0 ] [      0      0      0 ] [ 0 ],drive [ 08 ] [ 0 ] [ 1664 1648 1905 ] [   21   49   14 ] [   9070   7903   9960 ] [ 0 ],1.00,1.00,1.00,1.00,0.41,16.04,0.00,0.00,0.00,0.00,0.00,0.00,0.00,0.00,0.00,0.00,0.00,0.00,0.00,0.00,0.00,0
2.86937,1,16,92,0,DRIVE [ 09 ] [ 1 ] [ 1632 1675 1905 ] [    0    0    0 ] [      0      0      0 ] [ 0 ],drive [ 09 ] [ 0 ] [ 1648 1662 1905 ] [   21   49   14 ] [   9070   7903   9960 ] [ 0 ],1.00,1.00,1.00,1.00,1.29,15.91,0.00,0.00,0.00,0.00,0.00,0.00,0.00,0.00,0.00,0.00,0.00,0.00,0.00,0.00,0.00,0
2.88151,2,16,91,0,DRIVE [ 10 ] [ 1 ] [ 1617 1686 1905 ] [    0    0    0 ] [      0      0      0 ] [ 0 ],drive [ 09 ] [ 0 ] [ 1632 1675 1905 ] [   21   49   14 ] [   9091   7806   9960 ] [ 0 ],1.00,1.00,1.00,1.00,2.09,15.79,0.00,0.00,0.00,0.00,0.00,0.00,0.00,0.00,0.00,0.00,0.00,0.00,0.00,0.00,0.00,0
2.8937,3,16,90,0,DRIVE [ 10 ] [ 1 ] [ 1601 1696 1905 ] [    0    0    0 ] [      0      0      0 ] [ 0 ],drive [ 10 ] [ 0 ] [ 1617 1686 1905 ] [   46   45   14 ] [   9091   7806   9960 ] [ 0 ],1.00,1.00,1.00,1.00,2.80,15.67,0.00,0.00,0.00,0.00,0.00,0.00,0.00,0.00,0.00,0.00,0.00,0.00,0.00,0.00,0.00,0
2.90344,3,15,89,0,DRIVE [ 11 ] [ 1 ] [ 1587 1705 1905 ] [    0    0    0 ] [      0      0      0 ] [ 0 ],drive [ 10 ] [ 0 ] [ 1601 1696 1905 ] [   46   45   14 ] [   9091   7806   9960 ] [ 0 ],1.00,1.00,1.00,1.00,3.46,15.50,0.00,0.00,0.00,0.00,0.00,0.00,0.00,0.00,0.00,0.00,0.00,0.00,0.00,0.00,0.00,0
2.91343,4,15,88,0,DRIVE [ 11 ] [ 1 ] [ 1573 1716 1905 ] [    0    0    0 ] [      0      0      0 ] [ 0 ],drive [ 11 ] [ 0 ] [ 1587 1705 1905 ] [   46   45   14 ] [   9091   7806   9960 ] [ 0 ],1.00,1.00,1.00,1.00,4.10,15.28,0.00,0.00,0.00,0.00,0.00,0.00,0.00,0.00,0.00,0.00,0.00,0.00,0.00,0.00,0.00,0
2.92555,5,15,87,0,DRIVE [ 12 ] [ 1 ] [ 1561 1726 1905 ] [    0    0    0 ] [      0      0      0 ] [ 0 ],drive [ 11 ] [ 0 ] [ 1573 1716 1905 ] [   46   45   14 ] [   9225   7747   9952 ] [ 0 ],1.00,1.00,1.00,1.00,4.67,14.97,0.00,0.00,0.00,0.00,0.00,0.00,0.00,0.00,0.00,0.00,0.00,0.00,0.00,0.00,0.00,0
2.93744,5,15,86,0,DRIVE [ 12 ] [ 1 ] [ 1551 1736 1905 ] [    0    0    0 ] [      0      0      0 ] [ 0 ],drive [ 12 ] [ 0 ] [ 1561 1726 1905 ] [   46   45   14 ] [   9225   7747   9952 ] [ 0 ],1.00,1.00,1.00,1.00,5.18,14.63,0.00,0.00,0.00,0.00,0.00,0.00,0.00,0.00,0.00,0.00,0.00,0.00,0.00,0.00,0.00,0
2.94964,6,14,85,0,DRIVE [ 13 ] [ 1 ] [ 1543 1745 1905 ] [    0    0    0 ] [      0      0      0 ] [ 0 ],drive [ 12 ] [ 0 ] [ 1551 1736 1905 ] [   35   21   23 ] [   9225   7747   9952 ] [ 0 ],1.00,1.00,1.00,1.00,5.57,14.29,0.00,0.00,0.00,0.00,0.00,0.00,0.00,0.00,0.00,0.00,0.00,0.00,0.00,0.00,0.00,0
2.95975,6,14,84,0,DRIVE [ 13 ] [ 1 ] [ 1537 1751 1905 ] [    0    0    0 ] [      0      0      0 ] [ 0 ],drive [ 13 ] [ 0 ] [ 1543 1745 1905 ] [   35   21   23 ] [   9225   7747   9952 ] [ 0 ],1.00,1.00,1.00,1.00,5.80,14.01,0.00,0.00,0.00,0.00,0.00,0.00,0.00,0.00,0.00,0.00,0.00,0.00,0.00,0.00,0.00,0
2.96967,6,14,83,0,DRIVE [ 14 ] [ 1 ] [ 1534 1752 1905 ] [    0    0    0 ] [      0      0      0 ] [ 0 ],drive [ 13 ] [ 0 ] [ 1537 1751 1905 ] [   35   21   23 ] [   9225   7747   9952 ] [ 0 ],1.00,1.00,1.00,1.00,5.84,13.83,0.00,0.00,0.00,0.00,0.00,0.00,0.00,0.00,0.00,0.00,0.00,0.00,0.00,0.00,0.00,0
2.98159,6,14,82,0,DRIVE [ 14 ] [ 1 ] [ 1533 1751 1905 ] [    0    0    0 ] [      0      0      0 ] [ 0 ],drive [ 14 ] [ 0 ] [ 1534 1752 1905 ] [   35   21   23 ] [   9324   7487   9928 ] [ 0 ],1.00,1.00,1.00,1.00,5.78,13.75,0.00,0.00,0.00,0.00,0.00,0.00,0.00,0.00,0.00,0.00,0.00,0.00,0.00,0.00,0.00,0
2.99368,6,14,81,0,DRIVE [ 15 ] [ 1 ] [ 1531 1749 1905 ] [    0    0    0 ] [      0      0      0 ] [ 0 ],drive [ 14 ] [ 0 ] [ 1533 1751 1905 ] [   48   38   25 ] [   9324   7487   9928 ] [ 0 ],1.00,1.00,1.00,1.00,5.73,13.70,0.00,0.00,0.00,0.00,0.00,0.00,0.00,0.00,0.00,0.00,0.00,0.00,0.00,0.00,0.00,0
3.0061,6,14,80,0,DRIVE [ 15 ] [ 1 ] [ 1527 1748 1905 ] [    0    0    0 ] [      0      0      0 ] [ 0 ],drive [ 15 ] [ 0 ] [ 1531 1749 1905 ] [   48   38   25 ] [   9324   7487   9928 ] [ 0 ],1.00,1.00,1.00,1.00,5.72,13.67,0.00,0.00,0.00,0.00,0.00,0.00,0.00,0.00,0.00,0.00,0.00,0.00,0.00,0.00,0.00,0
3.01783,6,14,79,0,DRIVE [ 16 ] [ 1 ] [ 1521 1747 1905 ] [    0    0    0 ] [      0      0      0 ] [ 0 ],drive [ 15 ] [ 0 ] [ 1527 1748 1905 ] [   48   38   25 ] [   9324   7487   9928 ] [ 0 ],1.00,1.00,1.00,1.00,5.76,13.63,0.00,0.00,0.00,0.00,0.00,0.00,0.00,0.00,0.00,0.00,0.00,0.00,0.00,0.00,0.00,0
3.02779,6,14,78,0,DRIVE [ 16 ] [ 1 ] [ 1516 1746 1905 ] [    0    0    0 ] [      0      0      0 ] [ 0 ],drive [ 16 ] [ 0 ] [ 1521 1747 1905 ] [   48   38   25 ] [   9324   7383   9928 ] [ 0 ],1.00,1.00,1.00,1.00,5.81,13.65,0.00,0.00,0.00,0.00,0.00,0.00,0.00,0.00,0.00,0.00,0.00,0.00,0.00,0.00,0.00,0
3.0375,6,14,77,0,DRIVE [ 17 ] [ 1 ] [ 1508 1744 1905 ] [    0    0    0 ] [      0      0      0 ] [ 0 ],drive [ 16 ] [ 0 ] [ 1516 1746 1905 ] [   49   21   25 ] [   9324   7383   9928 ] [ 0 ],1.00,1.00,1.00,1.00,5.86,13.68,0.00,0.00,0.00,0.00,0.00,0.00,0.00,0.00,0.00,0.00,0.00,0.00,0.00,0.00,0.00,0
3.04949,6,14,76,0,DRIVE [ 17 ] [ 1 ] [ 1500 1741 1905 ] [    0    0    0 ] [      0      0      0 ] [ 0 ],drive [ 17 ] [ 0 ] [ 1508 1744 1905 ] [   49   21   25 ] [   9324   7383   9928 ] [ 0 ],1.00,1.00,1.00,1.00,5.93,13.78,0.00,0.00,0.00,0.00,0.00,0.00,0.00,0.00,0.00,0.00,0.00,0.00,0.00,0.00,0.00,0
3.06166,6,14,75,0,DRIVE [ 18 ] [ 1 ] [ 1489 1738 1905 ] [    0    0    0 ] [      0      0      0 ] [ 0 ],drive [ 17 ] [ 0 ] [ 1500 1741 1905 ] [   49   21   25 ] [   9324   7383   9928 ] [ 0 ],1.00,1.00,1.00,1.00,6.03,13.92,0.00,0.00,0.00,0.00,0.00,0.00,0.00,0.00,0.00,0.00,0.00,0.00,0.00,0.00,0.00,0
3.07358,6,14,74,0,DRIVE [ 18 ] [ 1 ] [ 1477 1734 1905 ] [    0    0    0 ] [      0      0      0 ] [ 0 ],drive [ 18 ] [ 0 ] [ 1489 1738 1905 ] [   49   21   25 ] [   9325   7314   9928 ] [ 0 ],1.00,1.00,1.00,1.00,6.15,14.12,0.00,0.00,0.00,0.00,0.00,0.00,0.00,0.00,0.00,0.00,0.00,0.00,0.00,0.00,0.00,0
3.0855,6,14,73,0,DRIVE [ 19 ] [ 1 ] [ 1464 1729 1905 ] [    0    0    0 ] [      0      0      0 ] [ 0 ],drive [ 18 ] [ 0 ] [ 1477 1734 1905 ] [   49   21   25 ] [   9325   7314   9928 ] [ 0 ],1.00,1.00,1.00,1.00,6.27,14.36,0.00,0.00,0.00,0.00,0.00,0.00,0.00,0.00,0.00,0.00,0.00,0.00,0.00,0.00,0.00,0
3.09563,6,15,72,0,DRIVE [ 19 ] [ 1 ] [ 1450 1723 1905 ] [    0    0    0 ] [      0      0      0 ] [ 0 ],drive [ 19 ] [ 0 ] [ 1464 1729 1905 ] [   52   35   25 ] [   9325   7314   9928 ] [ 0 ],1.00,1.00,1.00,1.00,6.38,14.64,0.00,0.00,0.00,0.00,0.00,0.00,0.00,0.00,0.00,0.00,0.00,0.00,0.00,0.00,0.00,0
3.10561,7,15,71,0,DRIVE [ 20 ] [ 1 ] [ 1434 1716 1905 ] [    0    0    0 ] [      0      0      0 ] [ 0 ],drive [ 19 ] [ 0 ] [ 1450 1723 1905 ] [   52   35   25 ] [   9325   7314   9928 ] [ 0 ],1.00,1.00,1.00,1.00,6.51,14.96,0.00,0.00,0.00,0.00,0.00,0.00,0.00,0.00,0.00,0.00,0.00,0.00,0.00,0.00,0.00,0
3.11731,7,15,70,0,DRIVE [ 20 ] [ 1 ] [ 1418 1710 1905 ] [    0    0    0 ] [      0      0      0 ] [ 0 ],drive [ 20 ] [ 0 ] [ 1434 1716 1905 ] [   52   35   25 ] [   9325   7314   9928 ] [ 0 ],1.00,1.00,1.00,1.00,6.65,15.29,0.00,0.00,0.00,0.00,0.00,0.00,0.00,0.00,0.00,0.00,0.00,0.00,0.00,0.00,0.00,0
3.12967,7,16,69,0,DRIVE [ 21 ] [ 1 ] [ 1399 1703 1905 ] [    0    0    0 ] [      0      0      0 ] [ 0 ],drive [ 20 ] [ 0 ] [ 1418 1710 1905 ] [   52   35   25 ] [   9329   7313   9914 ] [ 0 ],1.00,1.00,1.00,1.00,6.82,15.63,0.00,0.00,0.00,0.00,0.00,0.00,0.00,0.00,0.00,0.00,0.00,0.00,0.00,0.00,0.00,0
3.14156,7,16,68,0,DRIVE [ 21 ] [ 1 ] [ 1378 1694 1905 ] [    0    0    0 ] [      0      0      0 ] [ 0 ],drive [ 21 ] [ 0 ] [ 1399 1703 1905 ] [   61   38   15 ] [   9329   7313   9914 ] [ 0 ],1.00,1.00,1.00,1.00,7.00,16.02,0.00,0.00,0.00,0.00,0.00,0.00,0.00,0.00,0.00,0.00,0.00,0.00,0.00,0.00,0.00,0
3.15206,7,16,67,0,DRIVE [ 22 ] [ 1 ] [ 1355 1686 1905 ] [    0    0    0 ] [      0      0      0 ] [ 0 ],drive [ 21 ] [ 0 ] [ 1378 1694 1905 ] [   61   38   15 ] [   9329   7313   9914 ] [ 0 ],1.00,1.00,1.00,1.00,7.20,16.43,0.00,0.00,0.00,0.00,0.00,0.00,0.00,0.00,0.00,0.00,0.00,0.00,0.00,0.00,0.00,0
3.16142,7,17,66,0,DRIVE [ 22 ] [ 1 ] [ 1332 1677 1905 ] [    0    0    0 ] [      0      0      0 ] [ 0 ],drive [ 22 ] [ 0 ] [ 1355 1686 1905 ] [   61   38   15 ] [   9329   7313   9914 ] [ 0 ],1.00,1.00,1.00,1.00,7.39,16.85,0.00,0.00,0.00,0.00,0.00,0.00,0.00,0.00,0.00,0.00,0.00,0.00,0.00,0.00,0.00,0
3.17349,8,17,65,0,DRIVE [ 23 ] [ 1 ] [ 1310 1668 1905 ] [    0    0    0 ] [      0      0      0 ] [ 0 ],drive [ 22 ] [ 0 ] [ 1332 1677 1905 ] [   61   38   15 ] [   9507   7311   9889 ] [ 0 ],1.00,1.00,1.00,1.00,7.54,17.25,0.00,0.00,0.00,0.00,0.00,0.00,0.00,0.00,0.00,0.00,0.00,0.00,0.00,0.00,0.00,0
3.18561,8,18,63,0,DRIVE [ 23 ] [ 1 ] [ 1289 1656 1905 ] [    0    0    0 ] [      0      0      0 ] [ 0 ],drive [ 23 ] [ 0 ] [ 1310 1668 1905 ] [   61   38   15 ] [   9507   7311   9889 ] [ 0 ],1.00,1.00,1.00,1.00,7.63,17.64,0.00,0.00,0.00,0.00,0.00,0.00,0.00,0.00,0.00,0.00,0.00,0.00,0.00,0.00,0.00,0
3.1975,8,18,62,0,DRIVE [ 24 ] [ 1 ] [ 1271 1643 1905 ] [    0    0    0 ] [      0      0      0 ] [ 0 ],drive [ 23 ] [ 0 ] [ 1289 1656 1905 ] [   70   43    1 ] [   9507   7311   9889 ] [ 0 ],1.00,1.00,1.00,1.00,7.60,18.02,0.00,0.00,0.00,0.00,0.00,0.00,0.00,0.00,0.00,0.00,0.00,0.00,0.00,0.00,0.00,0
3.20956,7,18,61,0,DRIVE [ 24 ] [ 1 ] [ 1258 1627 1905 ] [    0    0    0 ] [      0      0      0 ] [ 0 ],drive [ 24 ] [ 0 ] [ 1271 1643 1905 ] [   70   43    1 ] [   9507   7311   9889 ] [ 0 ],1.00,1.00,1.00,1.00,7.42,18.38,0.00,0.00,0.00,0.00,0.00,0.00,0.00,0.00,0.00,0.00,0.00,0.00,0.00,0.00,0.00,0
3.2194,7,19,59,0,DRIVE [ 25 ] [ 1 ] [ 1249 1610 1905 ] [    0    0    0 ] [      0      0      0 ] [ 0 ],drive [ 24 ] [ 0 ] [ 1258 1627 1905 ] [   70   43    1 ] [   9507   7311   9889 ] [ 0 ],1.00,1.00,1.00,1.00,7.12,18.68,0.00,0.00,0.00,0.00,0.00,0.00,0.00,0.00,0.00,0.00,0.00,0.00,0.00,0.00,0.00,0
3.22931,7,19,58,0,DRIVE [ 25 ] [ 1 ] [ 1245 1591 1905 ] [    0    0    0 ] [      0      0      0 ] [ 0 ],drive [ 25 ] [ 0 ] [ 1249 1610 1905 ] [   70   43    1 ] [   9979   7186   9819 ] [ 0 ],1.00,1.00,1.00,1.00,6.71,18.93,0.00,0.00,0.00,0.00,0.00,0.00,0.00,0.00,0.00,0.00,0.00,0.00,0.00,0.00,0.00,0
3.24187,6,19,57,0,DRIVE [ 26 ] [ 1 ] [ 1242 1571 1905 ] [    0    0    0 ] [      0      0      0 ] [ 0 ],drive [ 25 ] [ 0 ] [ 1245 1591 1905 ] [   83   44    1 ] [   9979   7186   9819 ] [ 0 ],1.00,1.00,1.00,1.00,6.27,19.15,0.00,0.00,0.00,0.00,0.00,0.00,0.00,0.00,0.00,0.00,0.00,0.00,0.00,0.00,0.00,0
3.25358,6,19,56,0,DRIVE [ 26 ] [ 1 ] [ 1237 1550 1905 ] [    0    0    0 ] [      0      0      0 ] [ 0 ],drive [ 26 ] [ 0 ] [ 1242 1571 1905 ] [   83   44    1 ] [   9979   7186   9819 ] [ 0 ],1.00,1.00,1.00,1.00,5.86,19.35,0.00,0.00,0.00,0.00,0.00,0.00,0.00,0.00,0.00,0.00,0.00,0.00,0.00,0.00,0.00,0
3.26552,5,20,54,0,DRIVE [ 27 ] [ 1 ] [ 1231 1530 1905 ] [    0    0    0 ] [      0      0      0 ] [ 0 ],drive [ 26 ] [ 0 ] [ 1237 1550 1905 ] [   83   44    1 ] [   9979   7186   9819 ] [ 0 ],1.00,1.00,1.00,1.00,5.47,19.52,0.00,0.00,0.00,0.00,0.00,0.00,0.00,0.00,0.00,0.00,0.00,0.00,0.00,0.00,0.00,0
3.27755,5,20,53,0,DRIVE [ 27 ] [ 1 ] [ 1223 1508 1905 ] [    0    0    0 ] [      0      0      0 ] [ 0 ],drive [ 27 ] [ 0 ] [ 1231 1530 1905 ] [   83   44    1 ] [  10286   7111   9710 ] [ 0 ],1.00,1.00,1.00,1.00,5.12,19.75,0.00,0.00,0.00,0.00,0.00,0.00,0.00,0.00,0.00,0.00,0.00,0.00,0.00,0.00,0.00,0
3.28731,5,20,52,0,DRIVE [ 28 ] [ 1 ] [ 1213 1487 1905 ] [    0    0    0 ] [      0      0      0 ] [ 0 ],drive [ 27 ] [ 0 ] [ 1223 1508 1905 ] [   83   43   22 ] [  10286   7111   9710 ] [ 0 ],1.00,1.00,1.00,1.00,4.82,19.98,0.00,0.00,0.00,0.00,0.00,0.00,0.00,0.00,0.00,0.00,0.00,0.00,0.00,0.00,0.00,0
3.29747,5,20,51,1,DRIVE [ 28 ] [ 1 ] [ 1202 1465 1905 ] [    0    0    0 ] [      0      0      0 ] [ 0 ],drive [ 28 ] [ 0 ] [ 1213 1487 1905 ] [   83   43   22 ] [  10286   7111   9710 ] [ 0 ],1.00,1.00,1.00,1.00,4.55,20.27,0.00,0.00,0.00,0.00,0.00,0.00,0.00,0.00,0.00,0.00,0.00,0.00,0.00,0.00,0.00,0
