timestamp,Xmm,Ymm,Zmm,TouchDetected,OutgoingPacket,IncomingPacket,GainPropAb, GainPropAd, GainPropFl, GainPropEx,PropA, PropB, PropC,GainIntegAb, GainIntegAd, GainIntegFl, GainIntegEx,IntegA, IntegB, IntegC,GainDerivAb, GainDerivAd, GainDerivFl, GainDerivEx,DerivA, DerivB, DerivC,Heading5
0.106806,38,91,336,0,DRIVE [ 26 ] [ 1 ] [ 1894 1899 1905 ] [    0    0    0 ] [      0      0      0 ] [ 0 ],drive [ 25 ] [ 0 ] [ 1905 1905 1905 ] [    4    3    1 ] [  12391  10265  11670 ] [ 0 ],1.00,1.00,1.20,1.40,37.85,127.74,0.00,0.00,0.00,0.00,0.00,0.00,0.00,0.00,0.00,0.00,0.00,0.00,0.00,0.00,0.00,0
0.118885,36,87,319,0,DRIVE [ 26 ] [ 1 ] [ 1885 1894 1905 ] [    0    0    0 ] [      0      0      0 ] [ 0 ],drive [ 26 ] [ 0 ] [ 1894 1899 1905 ] [    5   25   26 ] [  12391  10265  11670 ] [ 0 ],1.00,1.00,1.20,1.40,36.02,121.77,0.00,0.00,0.00,0.00,0.00,0.00,0.00,0.00,0.00,0.00,0.00,0.00,0.00,0.00,0.00,0
0.130909,36,88,321,0,DRIVE [ 27 ] [ 1 ] [ 1876 1889 1905 ] [    0    0    0 ] [      0      0      0 ] [ 0 ],drive [ 26 ] [ 0 ] [ 1885 1894 1905 ] [    5   25   26 ] [  12391  10265  11670 ] [ 0 ],1.00,1.00,1.20,1.40,36.39,123.82,0.00,0.00,0.00,0.00,0.00,0.00,0.00,0.00,0.00,0.00,0.00,0.00,0.00,0.00,0.00,0
0.143165,36,88,320,0,DRIVE [ 27 ] [ 1 ] [ 1867 1884 1905 ] [    0    0    0 ] [      0      0      0 ] [ 0 ],drive [ 27 ] [ 0 ] [ 1876 1889 1905 ] [    5   25   26 ] [  12391  10265  11670 ] [ 0 ],1.00,1.00,1.20,1.40,36.24,123.67,0.00,0.00,0.00,0.00,0.00,0.00,0.00,0.00,0.00,0.00,0.00,0.00,-0.00,-0.00,0.00,0
0.155157,36,88,320,0,DRIVE [ 28 ] [ 1 ] [ 1857 1879 1905 ] [    0    0    0 ] [      0      0      0 ] [ 0 ],drive [ 27 ] [ 0 ] [ 1867 1884 1905 ] [    5   25   26 ] [  12391  10259  11754 ] [ 0 ],1.00,1.00,1.20,1.40,36.16,123.55,0.00,0.00,0.00,0.00,0.00,0.00,0.00,0.00,0.00,0.00,0.00,0.00,-0.00,-0.00,0.00,0
0.167463,36,89,321,0,DRIVE [ 28 ] [ 1 ] [ 1848 1874 1905 ] [    0    0    0 ] [      0      0      0 ] [ 0 ],drive [ 28 ] [ 0 ] [ 1857 1879 1905 ] [    7   27   26 ] [  12391  10259  11754 ] [ 0 ],1.00,1.00,1.20,1.40,36.25,124.26,0.00,0.00,0.00,0.00,0.00,0.00,0.00,0.00,0.00,0.00,0.00,0.00,0.00,0.00,0.00,0
0.179923,36,89,321,0,DRIVE [ 29 ] [ 1 ] [ 1838 1869 1905 ] [    0    0    0 ] [      0      0      0 ] [ 0 ],drive [ 28 ] [ 0 ] [ 1848 1874 1905 ] [    7   27   26 ] [  12391  10259  11754 ] [ 0 ],1.00,1.00,1.20,1.40,36.10,124.75,0.00,0.00,0.00,0.00,0.00,0.00,0.00,0.00,0.00,0.00,0.00,0.00,0.00,0.00,0.00,0
0.191437,36,90,322,0,DRIVE [ 29 ] [ 1 ] [ 1829 1863 1905 ] [    0    0    0 ] [      0      0      0 ] [ 0 ],drive [ 29 ] [ 0 ] [ 1838 1869 1905 ] [    7   27   26 ] [  12391  10259  11754 ] [ 0 ],1.00,1.00,1.20,1.40,35.96,125.50,0.00,0.00,0.00,0.00,0.00,0.00,0.00,0.00,0.00,0.00,0.00,0.00,0.00,0.00,0.00,0
0.203874,35,89,321,0,DRIVE [ 30 ] [ 1 ] [ 1820 1858 1905 ] [    0    0    0 ] [      0      0      0 ] [ 0 ],drive [ 29 ] [ 0 ] [ 1829 1863 1905 ] [    7   27   26 ] [  12392  10230  11739 ] [ 0 ],1.00,1.00,1.20,1.40,35.50,125.28,0.00,0.00,0.00,0.00,0.00,0.00,0.00,0.00,0.00,0.00,0.00,0.00,0.00,0.00,0.00,0
0.215937,35,89,318,0,DRIVE [ 30 ] [ 1 ] [ 1811 1853 1905 ] [    0    0    0 ] [      0      0      0 ] [ 0 ],drive [ 30 ] [ 0 ] [ 1820 1858 1905 ] [   21   16   22 ] [  12392  10230  11739 ] [ 0 ],1.00,1.00,1.20,1.40,34.86,124.32,0.00,0.00,0.00,0.00,0.00,0.00,0.00,0.00,0.00,0.00,0.00,0.00,-0.00,-0.00,0.00,0
0.228263,35,89,318,0,DRIVE [ 31 ] [ 1 ] [ 1802 1847 1905 ] [    0    0    0 ] [      0      0      0 ] [ 0 ],drive [ 30 ] [ 0 ] [ 1811 1853 1905 ] [   21   16   22 ] [  12392  10230  11739 ] [ 0 ],1.00,1.00,1.20,1.40,34.61,124.73,0.00,0.00,0.00,0.00,0.00,0.00,0.00,0.00,0.00,0.00,0.00,0.00,-0.00,-0.00,0.00,0
0.240598,34,89,317,0,DRIVE [ 31 ] [ 1 ] [ 1792 1842 1905 ] [    0    0    0 ] [      0      0      0 ] [ 0 ],drive [ 31 ] [ 0 ] [ 1802 1847 1905 ] [   21   16   22 ] [  12392  10230  11739 ] [ 0 ],1.00,1.00,1.20,1.40,34.20,124.30,0.00,0.00,0.00,0.00,0.00,0.00,0.00,0.00,0.00,0.00,0.00,0.00,-0.00,-0.00,0.00,0
0.252193,34,89,316,0,DRIVE [ 32 ] [ 1 ] [ 1783 1836 1905 ] [    0    0    0 ] [      0      0      0 ] [ 0 ],drive [ 31 ] [ 0 ] [ 1792 1842 1905 ] [   21   16   22 ] [  12536  10063  11725 ] [ 0 ],1.00,1.00,1.20,1.40,33.65,124.12,0.00,0.00,0.00,0.00,0.00,0.00,0.00,0.00,0.00,0.00,0.00,0.00,-0.00,-0.00,0.00,0
0.264417,33,88,313,0,DRIVE [ 32 ] [ 1 ] [ 1775 1830 1905 ] [    0    0    0 ] [      0      0      0 ] [ 0 ],drive [ 32 ] [ 0 ] [ 1783 1836 1905 ] [   26   18    0 ] [  12536  10063  11725 ] [ 0 ],1.00,1.00,1.20,1.40,32.80,123.26,0.00,0.00,0.00,0.00,0.00,0.00,0.00,0.00,0.00,0.00,0.00,0.00,-0.00,-0.00,0.00,0
0.27656,32,88,313,0,DRIVE [ 33 ] [ 1 ] [ 1766 1825 1905 ] [    0    0    0 ] [      0      0      0 ] [ 0 ],drive [ 32 ] [ 0 ] [ 1775 1830 1905 ] [   26   18    0 ] [  12536  10063  11725 ] [ 0 ],1.00,1.00,1.20,1.40,32.26,123.28,0.00,0.00,0.00,0.00,0.00,0.00,0.00,0.00,0.00,0.00,0.00,0.00,-0.00,-0.00,0.00,0
0.288384,32,87,310,0,DRIVE [ 33 ] [ 1 ] [ 1758 1819 1905 ] [    0    0    0 ] [      0      0      0 ] [ 0 ],drive [ 33 ] [ 0 ] [ 1766 1825 1905 ] [   26   18    0 ] [  12536  10063  11725 ] [ 0 ],1.00,1.00,1.20,1.40,31.52,122.13,0.00,0.00,0.00,0.00,0.00,0.00,0.00,0.00,0.00,0.00,0.00,0.00,-0.00,-0.00,0.00,0
0.300629,31,87,308,0,DRIVE [ 34 ] [ 1 ] [ 1749 1814 1905 ] [    0    0    0 ] [      0      0      0 ] [ 0 ],drive [ 33 ] [ 0 ] [ 1758 1819 1905 ] [   26   18    0 ] [  12751  10050  11561 ] [ 0 ],1.00,1.00,1.20,1.40,31.02,121.23,0.00,0.00,0.00,0.00,0.00,0.00,0.00,0.00,0.00,0.00,0.00,0.00,-0.00,-0.00,0.00,0
0.312656,31,85,305,0,DRIVE [ 34 ] [ 1 ] [ 1741 1809 1905 ] [    0    0    0 ] [      0      0      0 ] [ 0 ],drive [ 34 ] [ 0 ] [ 1749 1814 1905 ] [   31   20    3 ] [  12751  10050  11561 ] [ 0 ],1.00,1.00,1.20,1.40,30.60,119.55,0.00,0.00,0.00,0.00,0.00,0.00,0.00,0.00,0.00,0.00,0.00,0.00,-0.00,-0.00,0.00,0
0.324369,30,84,303,0,DRIVE [ 35 ] [ 1 ] [ 1733 1804 1905 ] [    0    0    0 ] [      0      0      0 ] [ 0 ],drive [ 34 ] [ 0 ] [ 1741 1809 1905 ] [   31   20    3 ] [  12751  10050  11561 ] [ 0 ],1.00,1.00,1.20,1.40,30.42,117.88,0.00,0.00,0.00,0.00,0.00,0.00,0.00,0.00,0.00,0.00,0.00,0.00,-0.00,-0.00,0.00,0
0.336593,31,83,301,0,DRIVE [ 35 ] [ 1 ] [ 1724 1800 1905 ] [    0    0    0 ] [      0      0      0 ] [ 0 ],drive [ 35 ] [ 0 ] [ 1733 1804 1905 ] [   31   20    3 ] [  12751  10050  11561 ] [ 0 ],1.00,1.00,1.20,1.40,30.55,116.52,0.00,0.00,0.00,0.00,0.00,0.00,0.00,0.00,0.00,0.00,0.00,0.00,-0.00,-0.00,0.00,0
0.348744,31,82,299,0,DRIVE [ 36 ] [ 1 ] [ 1715 1796 1905 ] [    0    0    0 ] [      0      0      0 ] [ 0 ],drive [ 35 ] [ 0 ] [ 1724 1800 1905 ] [   31   20    3 ] [  12861  10048  11466 ] [ 0 ],1.00,1.00,1.20,1.40,30.87,115.27,0.00,0.00,0.00,0.00,0.00,0.00,0.00,0.00,0.00,0.00,0.00,0.00,-0.00,-0.00,0.00,0
0.360633,31,82,297,0,DRIVE [ 36 ] [ 1 ] [ 1705 1793 1905 ] [    0    0    0 ] [      0      0      0 ] [ 0 ],drive [ 36 ] [ 0 ] [ 1715 1796 1905 ] [   32   26    4 ] [  12861  10048  11466 ] [ 0 ],1.00,1.00,1.20,1.40,31.43,114.32,0.00,0.00,0.00,0.00,0.00,0.00,0.00,0.00,0.00,0.00,0.00,0.00,-0.00,-0.00,0.00,0
0.373179,32,81,295,0,DRIVE [ 37 ] [ 1 ] [ 1694 1788 1905 ] [    0    0    0 ] [      0      0      0 ] [ 0 ],drive [ 36 ] [ 0 ] [ 1705 1793 1905 ] [   32   26    4 ] [  12861  10048  11466 ] [ 0 ],1.00,1.00,1.20,1.40,32.13,113.74,0.00,0.00,0.00,0.00,0.00,0.00,0.00,0.00,0.00,0.00,0.00,0.00,-0.00,-0.00,0.00,0
0.384807,33,81,292,0,DRIVE [ 37 ] [ 1 ] [ 1683 1784 1905 ] [    0    0    0 ] [      0      0      0 ] [ 0 ],drive [ 37 ] [ 0 ] [ 1694 1788 1905 ] [   32   26    4 ] [  12861  10048  11466 ] [ 0 ],1.00,1.00,1.20,1.40,32.79,112.99,0.00,0.00,0.00,0.00,0.00,0.00,0.00,0.00,0.00,0.00,0.00,0.00,-0.00,-0.00,0.00,0
0.39701,34,81,290,0,DRIVE [ 38 ] [ 1 ] [ 1671 1780 1905 ] [    0    0    0 ] [      0      0      0 ] [ 0 ],drive [ 37 ] [ 0 ] [ 1683 1784 1905 ] [   32   26    4 ] [  12871  10039  11405 ] [ 0 ],1.00,1.00,1.20,1.40,33.69,112.79,0.00,0.00,0.00,0.00,0.00,0.00,0.00,0.00,0.00,0.00,0.00,0.00,-0.00,-0.00,0.00,0
0.408981,34,80,287,0,DRIVE [ 38 ] [ 1 ] [ 1658 1775 1905 ] [    0    0    0 ] [      0      0      0 ] [ 0 ],drive [ 38 ] [ 0 ] [ 1671 1780 1905 ] [   41   30    1 ] [  12871  10039  11405 ] [ 0 ],1.00,1.00,1.20,1.40,34.31,112.11,0.00,0.00,0.00,0.00,0.00,0.00,0.00,0.00,0.00,0.00,0.00,0.00,-0.00,-0.00,0.00,0
0.420345,35,80,285,0,DRIVE [ 39 ] [ 1 ] [ 1645 1770 1905 ] [    0    0    0 ] [      0      0      0 ] [ 0 ],drive [ 38 ] [ 0 ] [ 1658 1775 1905 ] [   41   30    1 ] [  12871  10039  11405 ] [ 0 ],1.00,1.00,1.20,1.40,35.09,112.20,0.00,0.00,0.00,0.00,0.00,0.00,0.00,0.00,0.00,0.00,0.00,0.00,-0.00,-0.00,0.00,0
0.432486,36,80,282,0,DRIVE [ 39 ] [ 1 ] [ 1633 1766 1905 ] [    0    0    0 ] [      0      0      0 ] [ 0 ],drive [ 39 ] [ 0 ] [ 1645 1770 1905 ] [   41   30    1 ] [  12871  10039  11405 ] [ 0 ],1.00,1.00,1.20,1.40,35.72,111.74,0.00,0.00,0.00,0.00,0.00,0.00,0.00,0.00,0.00,0.00,0.00,0.00,-0.00,-0.00,0.00,0
0.446506,36,80,279,0,DRIVE [ 40 ] [ 1 ] [ 1620 1761 1905 ] [    0    0    0 ] [      0      0      0 ] [ 0 ],drive [ 39 ] [ 0 ] [ 1633 1766 1905 ] [   41   30    1 ] [  13103   9997  11273 ] [ 0 ],1.00,1.00,1.20,1.40,36.32,111.53,0.00,0.00,0.00,0.00,0.00,0.00,0.00,0.00,0.00,0.00,0.00,0.00,-0.00,-0.00,0.00,0
0.45808,37,80,277,0,DRIVE [ 40 ] [ 1 ] [ 1605 1754 1905 ] [    0    0    0 ] [      0      0      0 ] [ 0 ],drive [ 40 ] [ 0 ] [ 1620 1761 1905 ] [   31   17    3 ] [  13103   9997  11273 ] [ 0 ],1.00,1.00,1.20,1.40,36.68,111.36,0.00,0.00,0.00,0.00,0.00,0.00,0.00,0.00,0.00,0.00,0.00,0.00,-0.00,-0.00,0.00,0
0.471634,37,79,273,0,DRIVE [ 41 ] [ 1 ] [ 1592 1748 1905 ] [    0    0    0 ] [      0      0      0 ] [ 0 ],drive [ 40 ] [ 0 ] [ 1605 1754 1905 ] [   31   17    3 ] [  13103   9997  11273 ] [ 0 ],1.00,1.00,1.20,1.40,36.75,110.86,0.00,0.00,0.00,0.00,0.00,0.00,0.00,0.00,0.00,0.00,0.00,0.00,-0.00,-0.00,0.00,0
0.4838,37,79,271,0,DRIVE [ 41 ] [ 1 ] [ 1577 1742 1905 ] [    0    0    0 ] [      0      0      0 ] [ 0 ],drive [ 41 ] [ 0 ] [ 1592 1748 1905 ] [   31   17    3 ] [  13103   9997  11273 ] [ 0 ],1.00,1.00,1.20,1.40,36.99,111.16,0.00,0.00,0.00,0.00,0.00,0.00,0.00,0.00,0.00,0.00,0.00,0.00,-0.00,-0.00,0.00,0
0.495524,37,79,268,0,DRIVE [ 42 ] [ 1 ] [ 1564 1735 1905 ] [    0    0    0 ] [      0      0      0 ] [ 0 ],drive [ 41 ] [ 0 ] [ 1577 1742 1905 ] [   31   17    3 ] [  13200   9946  11146 ] [ 0 ],1.00,1.00,1.20,1.40,36.91,110.99,0.00,0.00,0.00,0.00,0.00,0.00,0.00,0.00,0.00,0.00,0.00,0.00,-0.00,-0.00,0.00,0
0.507718,37,79,264,0,DRIVE [ 42 ] [ 1 ] [ 1550 1728 1905 ] [    0    0    0 ] [      0      0      0 ] [ 0 ],drive [ 42 ] [ 0 ] [ 1564 1735 1905 ] [   31   17    3 ] [  13200   9946  11146 ] [ 0 ],1.00,1.00,1.20,1.40,36.76,110.75,0.00,0.00,0.00,0.00,0.00,0.00,0.00,0.00,0.00,0.00,0.00,0.00,-0.00,-0.00,0.00,0
0.519296,37,79,261,0,DRIVE [ 43 ] [ 1 ] [ 1535 1720 1905 ] [    0    0    0 ] [      0      0      0 ] [ 0 ],drive [ 42 ] [ 0 ] [ 1550 1728 1905 ] [   48   31    6 ] [  13200   9946  11146 ] [ 0 ],1.00,1.00,1.20,1.40,36.65,110.91,0.00,0.00,0.00,0.00,0.00,0.00,0.00,0.00,0.00,0.00,0.00,0.00,-0.00,-0.00,0.00,0
0.531154,37,79,258,0,DRIVE [ 43 ] [ 1 ] [ 1522 1713 1905 ] [    0    0    0 ] [      0      0      0 ] [ 0 ],drive [ 43 ] [ 0 ] [ 1535 1720 1905 ] [   48   31    6 ] [  13200   9946  11146 ] [ 0 ],1.00,1.00,1.20,1.40,36.51,110.89,0.00,0.00,0.00,0.00,0.00,0.00,0.00,0.00,0.00,0.00,0.00,0.00,-0.00,-0.00,0.00,0
0.542854,36,79,255,0,DRIVE [ 44 ] [ 1 ] [ 1509 1706 1905 ] [    0    0    0 ] [      0      0      0 ] [ 0 ],drive [ 43 ] [ 0 ] [ 1522 1713 1905 ] [   48   31    6 ] [  13200   9946  11146 ] [ 0 ],1.00,1.00,1.20,1.40,36.29,110.54,0.00,0.00,0.00,0.00,0.00,0.00,0.00,0.00,0.00,0.00,0.00,0.00,-0.00,-0.00,0.00,0
0.554173,36,79,253,0,DRIVE [ 44 ] [ 1 ] [ 1498 1700 1905 ] [    0    0    0 ] [      0      0      0 ] [ 0 ],drive [ 44 ] [ 0 ] [ 1509 1706 1905 ] [   48   31    6 ] [  13598   9942  10878 ] [ 0 ],1.00,1.00,1.20,1.40,36.05,110.34,0.00,0.00,0.00,0.00,0.00,0.00,0.00,0.00,0.00,0.00,0.00,0.00,-0.00,-0.00,0.00,0
0.566064,35,78,250,0,DRIVE [ 45 ] [ 1 ] [ 1488 1693 1905 ] [    0    0    0 ] [      0      0      0 ] [ 0 ],drive [ 44 ] [ 0 ] [ 1498 1700 1905 ] [   55   41   10 ] [  13598   9942  10878 ] [ 0 ],1.00,1.00,1.20,1.40,35.37,109.62,0.00,0.00,0.00,0.00,0.00,0.00,0.00,0.00,0.00,0.00,0.00,0.00,-0.00,-0.00,0.00,0
0.577254,34,78,246,0,DRIVE [ 45 ] [ 1 ] [ 1477 1682 1905 ] [    0    0    0 ] [      0      0      0 ] [ 0 ],drive [ 45 ] [ 0 ] [ 1488 1693 1905 ] [   55   41   10 ] [  13598   9942  10878 ] [ 0 ],1.00,1.00,1.20,1.40,34.10,109.20,0.00,0.00,0.00,0.00,0.00,0.00,0.00,0.00,0.00,0.00,0.00,0.00,-0.00,-0.00,0.00,0
0.588913,33,78,242,0,DRIVE [ 46 ] [ 1 ] [ 1466 1671 1905 ] [    0    0    0 ] [      0      0      0 ] [ 0 ],drive [ 45 ] [ 0 ] [ 1477 1682 1905 ] [   55   41   10 ] [  13598   9942  10878 ] [ 0 ],1.00,1.00,1.20,1.40,32.82,109.09,0.00,0.00,0.00,0.00,0.00,0.00,0.00,0.00,0.00,0.00,0.00,0.00,-0.00,-0.00,0.00,0
0.600998,32,78,240,0,DRIVE [ 46 ] [ 1 ] [ 1454 1659 1905 ] [    0    0    0 ] [      0      0      0 ] [ 0 ],drive [ 46 ] [ 0 ] [ 1466 1671 1905 ] [   55   41   10 ] [  13859   9908  10761 ] [ 0 ],1.00,1.00,1.20,1.40,31.82,109.88,0.00,0.00,0.00,0.00,0.00,0.00,0.00,0.00,0.00,0.00,0.00,0.00,-0.00,-0.00,0.00,0
0.612892,31,79,238,0,DRIVE [ 47 ] [ 1 ] [ 1439 1645 1905 ] [    0    0    0 ] [      0      0      0 ] [ 0 ],drive [ 46 ] [ 0 ] [ 1454 1659 1905 ] [   49   45   11 ] [  13859   9908  10761 ] [ 0 ],1.00,1.00,1.20,1.40,31.03,111.28,0.00,0.00,0.00,0.00,0.00,0.00,0.00,0.00,0.00,0.00,0.00,0.00,-0.00,-0.00,0.00,0
0.624432,30,81,235,0,DRIVE [ 47 ] [ 1 ] [ 1421 1630 1905 ] [    0    0    0 ] [      0      0      0 ] [ 0 ],drive [ 47 ] [ 0 ] [ 1439 1645 1905 ] [   49   45   11 ] [  13859   9908  10761 ] [ 0 ],1.00,1.00,1.20,1.40,30.39,112.75,0.00,0.00,0.00,0.00,0.00,0.00,0.00,0.00,0.00,0.00,0.00,0.00,-0.00,-0.00,0.00,0
0.635718,30,82,232,0,DRIVE [ 48 ] [ 1 ] [ 1402 1614 1905 ] [    0    0    0 ] [      0      0      0 ] [ 0 ],drive [ 47 ] [ 0 ] [ 1421 1630 1905 ] [   49   45   11 ] [  13859   9908  10761 ] [ 0 ],1.00,1.00,1.20,1.40,30.03,114.55,0.00,0.00,0.00,0.00,0.00,0.00,0.00,0.00,0.00,0.00,0.00,0.00,-0.00,-0.00,0.00,0
0.647507,30,83,228,0,DRIVE [ 48 ] [ 1 ] [ 1380 1597 1905 ] [    0    0    0 ] [      0      0      0 ] [ 0 ],drive [ 48 ] [ 0 ] [ 1402 1614 1905 ] [   49   45   11 ] [  13870   9903  10762 ] [ 0 ],1.00,1.00,1.20,1.40,29.75,116.36,0.00,0.00,0.00,0.00,0.00,0.00,0.00,0.00,0.00,0.00,0.00,0.00,0.00,0.00,0.00,0
0.659138,30,85,225,0,DRIVE [ 49 ] [ 1 ] [ 1356 1579 1905 ] [    0    0    0 ] [      0      0      0 ] [ 0 ],drive [ 48 ] [ 0 ] [ 1380 1597 1905 ] [   47   49   14 ] [  13870   9903  10762 ] [ 0 ],1.00,1.00,1.20,1.40,29.63,118.46,0.00,0.00,0.00,0.00,0.00,0.00,0.00,0.00,0.00,0.00,0.00,0.00,0.00,0.00,0.00,0
0.670587,30,86,222,0,DRIVE [ 49 ] [ 1 ] [ 1331 1562 1905 ] [    0    0    0 ] [      0      0      0 ] [ 0 ],drive [ 49 ] [ 0 ] [ 1356 1579 1905 ] [   47   49   14 ] [  13870   9903  10762 ] [ 0 ],1.00,1.00,1.20,1.40,29.64,120.43,0.00,0.00,0.00,0.00,0.00,0.00,0.00,0.00,0.00,0.00,0.00,0.00,0.00,0.00,0.00,0
0.683138,30,87,219,0,DRIVE [ 50 ] [ 1 ] [ 1305 1544 1905 ] [    0    0    0 ] [      0      0      0 ] [ 0 ],drive [ 49 ] [ 0 ] [ 1331 1562 1905 ] [   47   49   14 ] [  13870   9903  10762 ] [ 0 ],1.00,1.00,1.20,1.40,29.79,122.38,0.00,0.00,0.00,0.00,0.00,0.00,0.00,0.00,0.00,0.00,0.00,0.00,0.00,0.00,0.00,0
0.694678,30,89,215,0,DRIVE [ 50 ] [ 1 ] [ 1278 1526 1905 ] [    0    0    0 ] [      0      0      0 ] [ 0 ],drive [ 50 ] [ 0 ] [ 1305 1544 1905 ] [   47   49   14 ] [  14225   9903  10606 ] [ 0 ],1.00,1.00,1.20,1.40,29.94,124.01,0.00,0.00,0.00,0.00,0.00,0.00,0.00,0.00,0.00,0.00,0.00,0.00,0.00,0.00,0.00,0
0.706154,30,90,213,0,DRIVE [ 51 ] [ 1 ] [ 1253 1510 1905 ] [    0    0    0 ] [      0      0      0 ] [ 0 ],drive [ 50 ] [ 0 ] [ 1278 1526 1905 ] [   47   49   14 ] [  14225   9903  10606 ] [ 0 ],1.00,1.00,1.20,1.40,30.24,125.74,0.00,0.00,0.00,0.00,0.00,0.00,0.00,0.00,0.00,0.00,0.00,0.00,0.00,0.00,0.00,0
0.717043,30,91,210,0,DRIVE [ 51 ] [ 1 ] [ 1230 1495 1905 ] [    0    0    0 ] [      0      0      0 ] [ 0 ],drive [ 51 ] [ 0 ] [ 1253 1510 1905 ] [   59   55   28 ] [  14225   9903  10606 ] [ 0 ],1.00,1.00,1.20,1.40,30.38,126.93,0.00,0.00,0.00,0.00,0.00,0.00,0.00,0.00,0.00,0.00,0.00,0.00,0.00,0.00,0.00,0
0.728791,30,91,208,0,DRIVE [ 52 ] [ 1 ] [ 1210 1481 1905 ] [    0    0    0 ] [      0      0      0 ] [ 0 ],drive [ 51 ] [ 0 ] [ 1230 1495 1905 ] [   59   55   28 ] [  14225   9903  10606 ] [ 0 ],1.00,1.00,1.20,1.40,30.23,127.52,0.00,0.00,0.00,0.00,0.00,0.00,0.00,0.00,0.00,0.00,0.00,0.00,0.00,0.00,0.00,0
0.740017,30,91,205,0,DRIVE [ 52 ] [ 1 ] [ 1191 1467 1905 ] [    0    0    0 ] [      0      0      0 ] [ 0 ],drive [ 52 ] [ 0 ] [ 1210 1481 1905 ] [   59   55   28 ] [  14225   9903  10606 ] [ 0 ],1.00,1.00,1.20,1.40,29.95,127.69,0.00,0.00,0.00,0.00,0.00,0.00,0.00,0.00,0.00,0.00,0.00,0.00,0.00,0.00,0.00,0
0.750713,30,91,203,0,DRIVE [ 53 ] [ 1 ] [ 1175 1455 1905 ] [    0    0    0 ] [      0      0      0 ] [ 0 ],drive [ 52 ] [ 0 ] [ 1191 1467 1905 ] [   59   55   28 ] [  14496   9907  10325 ] [ 0 ],1.00,1.00,1.20,1.40,29.54,127.44,0.00,0.00,0.00,0.00,0.00,0.00,0.00,0.00,0.00,0.00,0.00,0.00,0.00,0.00,0.00,0
0.762237,29,91,200,0,DRIVE [ 53 ] [ 1 ] [ 1161 1444 1905 ] [    0    0    0 ] [      0      0      0 ] [ 0 ],drive [ 53 ] [ 0 ] [ 1175 1455 1905 ] [   85   63    2 ] [  14496   9907  10325 ] [ 0 ],1.00,1.00,1.20,1.40,29.04,126.75,0.00,0.00,0.00,0.00,0.00,0.00,0.00,0.00,0.00,0.00,0.00,0.00,0.00,0.00,0.00,0
0.773333,28,90,197,0,DRIVE [ 54 ] [ 1 ] [ 1149 1434 1905 ] [    0    0    0 ] [      0      0      0 ] [ 0 ],drive [ 53 ] [ 0 ] [ 1161 1444 1905 ] [   85   63    2 ] [  14496   9907  10325 ] [ 0 ],1.00,1.00,1.20,1.40,28.44,125.59,0.00,0.00,0.00,0.00,0.00,0.00,0.00,0.00,0.00,0.00,0.00,0.00,0.00,0.00,0.00,0
0.784128,28,89,195,0,DRIVE [ 54 ] [ 1 ] [ 1141 1426 1905 ] [    0    0    0 ] [      0      0      0 ] [ 0 ],drive [ 54 ] [ 0 ] [ 1149 1434 1905 ] [   85   63    2 ] [  14496   9907  10325 ] [ 0 ],1.00,1.00,1.20,1.40,27.76,124.25,0.00,0.00,0.00,0.00,0.00,0.00,0.00,0.00,0.00,0.00,0.00,0.00,0.00,0.00,0.00,0
0.795454,27,88,194,0,DRIVE [ 55 ] [ 1 ] [ 1138 1420 1905 ] [    0    0    0 ] [      0      0      0 ] [ 0 ],drive [ 54 ] [ 0 ] [ 1141 1426 1905 ] [   85   63    2 ] [  15151   9912   9915 ] [ 0 ],1.00,1.00,1.20,1.40,26.97,122.66,0.00,0.00,0.00,0.00,0.00,0.00,0.00,0.00,0.00,0.00,0.00,0.00,0.00,0.00,0.00,0
0.806515,26,86,193,0,DRIVE [ 55 ] [ 1 ] [ 1140 1417 1905 ] [    0    0    0 ] [      0      0      0 ] [ 0 ],drive [ 55 ] [ 0 ] [ 1138 1420 1905 ] [   85   63    2 ] [  15151   9912   9915 ] [ 0 ],1.00,1.00,1.20,1.40,25.93,120.33,0.00,0.00,0.00,0.00,0.00,0.00,0.00,0.00,0.00,0.00,0.00,0.00,-0.00,-0.00,0.00,0
0.817176,25,84,192,0,DRIVE [ 56 ] [ 1 ] [ 1146 1415 1905 ] [    0    0    0 ] [      0      0      0 ] [ 0 ],drive [ 55 ] [ 0 ] [ 1140 1417 1905 ] [   69   69    2 ] [  15151   9912   9915 ] [ 0 ],1.00,1.00,1.20,1.40,24.62,117.22,0.00,0.00,0.00,0.00,0.00,0.00,0.00,0.00,0.00,0.00,0.00,0.00,-0.00,-0.00,0.00,0
0.828182,23,81,190,0,DRIVE [ 56 ] [ 1 ] [ 1156 1415 1905 ] [    0    0    0 ] [      0      0      0 ] [ 0 ],drive [ 56 ] [ 0 ] [ 1146 1415 1905 ] [   69   69    2 ] [  15151   9912   9915 ] [ 0 ],1.00,1.00,1.20,1.40,23.12,113.44,0.00,0.00,0.00,0.00,0.00,0.00,0.00,0.00,0.00,0.00,0.00,0.00,-0.00,-0.00,0.00,0
0.840282,22,78,189,0,DRIVE [ 57 ] [ 1 ] [ 1169 1417 1905 ] [    0    0    0 ] [      0      0      0 ] [ 0 ],drive [ 56 ] [ 0 ] [ 1156 1415 1905 ] [   69   69    2 ] [  15151   9912   9915 ] [ 0 ],1.00,1.00,1.20,1.40,21.58,109.82,0.00,0.00,0.00,0.00,0.00,0.00,0.00,0.00,0.00,0.00,0.00,0.00,-0.00,-0.00,0.00,0
0.851073,20,76,187,0,DRIVE [ 57 ] [ 1 ] [ 1182 1417 1905 ] [    0    0    0 ] [      0      0      0 ] [ 0 ],drive [ 57 ] [ 0 ] [ 1169 1417 1905 ] [   69   69    2 ] [  15365   9959   9639 ] [ 0 ],1.00,1.00,1.20,1.40,20.02,106.04,0.00,0.00,0.00,0.00,0.00,0.00,0.00,0.00,0.00,0.00,0.00,0.00,-0.00,-0.00,0.00,0
0.862219,19,73,186,0,DRIVE [ 58 ] [ 1 ] [ 1196 1418 1905 ] [    0    0    0 ] [      0      0      0 ] [ 0 ],drive [ 57 ] [ 0 ] [ 1182 1417 1905 ] [   90   55    4 ] [  15365   9959   9639 ] [ 0 ],1.00,1.00,1.20,1.40,18.50,102.42,0.00,0.00,0.00,0.00,0.00,0.00,0.00,0.00,0.00,0.00,0.00,0.00,-0.00,-0.00,0.00,0
0.873302,17,70,184,0,DRIVE [ 58 ] [ 1 ] [ 1210 1419 1905 ] [    0    0    0 ] [      0      0      0 ] [ 0 ],drive [ 58 ] [ 0 ] [ 1196 1418 1905 ] [   90   55    4 ] [  15365   9959   9639 ] [ 0 ],1.00,1.00,1.20,1.40,16.92,98.70,0.00,0.00,0.00,0.00,0.00,0.00,0.00,0.00,0.00,0.00,0.00,0.00,-0.00,-0.00,0.00,0
0.883972,15,68,182,0,DRIVE [ 59 ] [ 1 ] [ 1224 1418 1905 ] [    0    0    0 ] [      0      0      0 ] [ 0 ],drive [ 58 ] [ 0 ] [ 1210 1419 1905 ] [   90   55    4 ] [  15365   9959   9639 ] [ 0 ],1.00,1.00,1.20,1.40,15.39,95.34,0.00,0.00,0.00,0.00,0.00,0.00,0.00,0.00,0.00,0.00,0.00,0.00,-0.00,-0.00,0.00,0
0.89497,14,66,180,0,DRIVE [ 59 ] [ 1 ] [ 1240 1418 1905 ] [    0    0    0 ] [      0      0      0 ] [ 0 ],drive [ 59 ] [ 0 ] [ 1224 1418 1905 ] [   90   55    4 ] [  15456   9959   9599 ] [ 0 ],1.00,1.00,1.20,1.40,13.80,91.99,0.00,0.00,0.00,0.00,0.00,0.00,0.00,0.00,0.00,0.00,0.00,0.00,-0.00,-0.00,0.00,0
0.905833,12,63,179,0,DRIVE [ 60 ] [ 1 ] [ 1258 1420 1905 ] [    0    0    0 ] [      0      0      0 ] [ 0 ],drive [ 59 ] [ 0 ] [ 1240 1418 1905 ] [   90   55    4 ] [  15456   9959   9599 ] [ 0 ],1.00,1.00,1.20,1.40,12.21,88.48,0.00,0.00,0.00,0.00,0.00,0.00,0.00,0.00,0.00,0.00,0.00,0.00,-0.00,-0.00,0.00,0
0.916175,11,60,177,0,DRIVE [ 60 ] [ 1 ] [ 1279 1423 1905 ] [    0    0    0 ] [      0      0      0 ] [ 0 ],drive [ 60 ] [ 0 ] [ 1258 1420 1905 ] [   75   52    0 ] [  15456   9959   9599 ] [ 0 ],1.00,1.00,1.20,1.40,10.66,84.58,0.00,0.00,0.00,0.00,0.00,0.00,0.00,0.00,0.00,0.00,0.00,0.00,-0.00,-0.00,0.00,0
0.927143,9,58,176,0,DRIVE [ 61 ] [ 1 ] [ 1302 1428 1905 ] [    0    0    0 ] [      0      0      0 ] [ 0 ],drive [ 60 ] [ 0 ] [ 1279 1423 1905 ] [   75   52    0 ] [  15456   9959   9599 ] [ 0 ],1.00,1.00,1.20,1.40,9.11,80.56,0.00,0.00,0.00,0.00,0.00,0.00,0.00,0.00,0.00,0.00,0.00,0.00,-0.00,-0.00,0.00,0
0.938808,8,55,174,0,DRIVE [ 61 ] [ 1 ] [ 1327 1435 1905 ] [    0    0    0 ] [      0      0      0 ] [ 0 ],drive [ 61 ] [ 0 ] [ 1302 1428 1905 ] [   75   52    0 ] [  15456   9959   9599 ] [ 0 ],1.00,1.00,1.20,1.40,7.59,76.53,0.00,0.00,0.00,0.00,0.00,0.00,0.00,0.00,0.00,0.00,0.00,0.00,-0.00,-0.00,0.00,0
0.949003,6,52,173,0,DRIVE [ 62 ] [ 1 ] [ 1355 1443 1905 ] [    0    0    0 ] [      0      0      0 ] [ 0 ],drive [ 61 ] [ 0 ] [ 1327 1435 1905 ] [   75   52    0 ] [  15600   9978   9446 ] [ 0 ],1.00,1.00,1.20,1.40,6.06,72.25,0.00,0.00,0.00,0.00,0.00,0.00,0.00,0.00,0.00,0.00,0.00,0.00,-0.00,-0.00,0.00,0
0.95966,5,48,171,0,DRIVE [ 62 ] [ 1 ] [ 1385 1452 1905 ] [    0    0    0 ] [      0      0      0 ] [ 0 ],drive [ 62 ] [ 0 ] [ 1355 1443 1905 ] [   67   47   -3 ] [  15600   9978   9446 ] [ 0 ],1.00,1.00,1.20,1.40,4.50,67.65,0.00,0.00,0.00,0.00,0.00,0.00,0.00,0.00,0.00,0.00,0.00,0.00,-0.00,-0.00,0.00,0
0.969622,3,45,169,0,DRIVE [ 63 ] [ 1 ] [ 1419 1464 1905 ] [    0    0    0 ] [      0      0      0 ] [ 0 ],drive [ 62 ] [ 0 ] [ 1385 1452 1905 ] [   67   47   -3 ] [  15600   9978   9446 ] [ 0 ],1.00,1.00,1.20,1.40,2.97,63.00,0.00,0.00,0.00,0.00,0.00,0.00,0.00,0.00,0.00,0.00,0.00,0.00,-0.00,-0.00,0.00,0
0.980115,1,42,168,0,DRIVE [ 63 ] [ 1 ] [ 1453 1476 1905 ] [    0    0    0 ] [      0      0      0 ] [ 0 ],drive [ 63 ] [ 0 ] [ 1419 1464 1905 ] [   67   47   -3 ] [  15600   9978   9446 ] [ 0 ],1.00,1.00,1.20,1.40,1.45,58.56,0.00,0.00,0.00,0.00,0.00,0.00,0.00,0.00,0.00,0.00,0.00,0.00,-0.00,-0.00,0.00,0
0.99461,0,39,167,0,DRIVE [ 64 ] [ 1 ] [ 1488 1488 1905 ] [    0    0    0 ] [      0      0      0 ] [ 0 ],drive [ 63 ] [ 0 ] [ 1453 1476 1905 ] [   67   47   -3 ] [  15600   9978   9446 ] [ 0 ],1.00,1.00,1.20,1.40,-0.01,54.16,0.00,0.00,0.00,0.00,0.00,0.00,0.00,0.00,0.00,0.00,0.00,0.00,0.00,-0.00,0.00,0
1.0052,-1,36,165,0,DRIVE [ 64 ] [ 1 ] [ 1521 1499 1905 ] [    0    0    0 ] [      0      0      0 ] [ 0 ],drive [ 64 ] [ 0 ] [ 1488 1488 1905 ] [   67   47   -3 ] [  15650   9978   9365 ] [ 0 ],1.00,1.00,1.20,1.40,-1.34,49.82,0.00,0.00,0.00,0.00,0.00,0.00,0.00,0.00,0.00,0.00,0.00,0.00,0.00,-0.00,0.00,0
1.01513,-3,33,163,0,DRIVE [ 65 ] [ 1 ] [ 1557 1512 1905 ] [    0    0    0 ] [      0      0      0 ] [ 0 ],drive [ 64 ] [ 0 ] [ 1521 1499 1905 ] [   51   43   20 ] [  15650   9978   9365 ] [ 0 ],1.00,1.00,1.20,1.40,-2.68,45.53,0.00,0.00,0.00,0.00,0.00,0.00,0.00,0.00,0.00,0.00,0.00,0.00,0.00,-0.00,0.00,0
1.02556,-4,30,162,0,DRIVE [ 65 ] [ 1 ] [ 1594 1525 1905 ] [    0    0    0 ] [      0      0      0 ] [ 0 ],drive [ 65 ] [ 0 ] [ 1557 1512 1905 ] [   51   43   20 ] [  15650   9978   9365 ] [ 0 ],1.00,1.00,1.20,1.40,-4.01,41.37,0.00,0.00,0.00,0.00,0.00,-0.00,0.00,0.00,0.00,0.00,0.00,0.00,0.00,-0.00,0.00,0
1.03546,-5,27,160,0,DRIVE [ 66 ] [ 1 ] [ 1632 1536 1905 ] [    0    0    0 ] [      0      0      0 ] [ 0 ],drive [ 65 ] [ 0 ] [ 1594 1525 1905 ] [   51   43   20 ] [  15650   9978   9365 ] [ 0 ],1.00,1.00,1.20,1.40,-5.39,37.33,0.00,0.00,0.00,0.00,0.00,-0.00,0.00,0.00,0.00,0.00,0.00,0.00,0.00,-0.00,0.00,0
1.0463,-7,24,159,0,DRIVE [ 66 ] [ 1 ] [ 1671 1547 1905 ] [    0    0    0 ] [      0      0      0 ] [ 0 ],drive [ 66 ] [ 0 ] [ 1632 1536 1905 ] [   51   43   20 ] [  15638   9978   9330 ] [ 0 ],1.00,1.00,1.20,1.40,-6.79,33.45,0.00,0.00,0.00,0.00,0.00,-0.00,0.00,0.00,0.00,0.00,0.00,0.00,0.00,-0.00,0.00,0
1.05736,-8,21,158,0,DRIVE [ 67 ] [ 1 ] [ 1710 1554 1905 ] [    0    0    0 ] [      0      0      0 ] [ 0 ],drive [ 66 ] [ 0 ] [ 1671 1547 1905 ] [   42   37    9 ] [  15638   9978   9330 ] [ 0 ],1.00,1.00,1.20,1.40,-8.29,29.60,0.00,0.00,0.00,0.00,0.00,-0.00,0.00,0.00,0.00,0.00,0.00,0.00,0.00,-0.00,0.00,0
1.06759,-10,18,156,0,DRIVE [ 67 ] [ 1 ] [ 1750 1559 1905 ] [    0    0    0 ] [      0      0      0 ] [ 0 ],drive [ 67 ] [ 0 ] [ 1710 1554 1905 ] [   42   37    9 ] [  15638   9978   9330 ] [ 0 ],1.00,1.00,1.20,1.40,-9.85,25.78,0.00,0.00,0.00,0.00,0.00,-0.00,0.00,0.00,0.00,0.00,0.00,0.00,0.00,-0.00,0.00,0
1.07915,-11,16,155,0,DRIVE [ 68 ] [ 1 ] [ 1789 1560 1905 ] [    0    0    0 ] [      0      0      0 ] [ 0 ],drive [ 67 ] [ 0 ] [ 1750 1559 1905 ] [   42   37    9 ] [  15638   9978   9330 ] [ 0 ],1.00,1.00,1.20,1.40,-11.42,22.06,0.00,0.00,0.00,0.00,0.00,-0.00,0.00,0.00,0.00,0.00,0.00,0.00,0.00,-0.00,0.00,0
1.089,-13,13,153,0,DRIVE [ 68 ] [ 1 ] [ 1827 1553 1905 ] [    0    0    0 ] [      0      0      0 ] [ 0 ],drive [ 68 ] [ 0 ] [ 1789 1560 1905 ] [   42   37    9 ] [  15638   9978   9330 ] [ 0 ],1.00,1.00,1.20,1.40,-13.01,18.56,0.00,0.00,0.00,0.00,0.00,-0.00,0.00,0.00,0.00,0.00,0.00,0.00,0.00,-0.00,0.00,0
1.09907,-15,11,152,0,DRIVE [ 69 ] [ 1 ] [ 1864 1541 1905 ] [    0    0    0 ] [      0      0      0 ] [ 0 ],drive [ 68 ] [ 0 ] [ 1827 1553 1905 ] [   42   37    9 ] [  15553   9979   9307 ] [ 0 ],1.00,1.00,1.20,1.40,-14.61,15.19,0.00,0.00,0.00,0.00,0.00,-0.00,0.00,0.00,0.00,0.00,0.00,0.00,0.00,-0.00,0.00,0
1.10928,-16,9,150,0,DRIVE [ 69 ] [ 1 ] [ 1900 1517 1905 ] [    0    0    0 ] [      0      0      0 ] [ 0 ],drive [ 69 ] [ 0 ] [ 1864 1541 1905 ] [   22   35    1 ] [  15553   9979   9307 ] [ 0 ],1.00,1.00,1.20,1.40,-16.27,12.04,0.00,0.00,0.00,0.00,0.00,-0.00,0.00,0.00,0.00,0.00,0.00,0.00,0.00,0.00,0.00,0
1.11932,-18,7,149,0,DRIVE [ 70 ] [ 1 ] [ 1900 1536 1879 ] [    0    0    0 ] [      0      0      0 ] [ 0 ],drive [ 69 ] [ 0 ] [ 1900 1517 1905 ] [   22   35    1 ] [  15553   9979   9307 ] [ 0 ],1.00,1.00,1.20,1.40,-17.97,9.11,0.00,0.00,0.00,0.00,0.00,-0.00,0.00,0.00,0.00,0.00,0.00,0.00,0.00,0.00,0.00,0
1.12974,-20,5,147,0,DRIVE [ 70 ] [ 1 ] [ 1900 1552 1849 ] [    0    0    0 ] [      0      0      0 ] [ 0 ],drive [ 70 ] [ 0 ] [ 1900 1536 1879 ] [   22   35    1 ] [  15553   9979   9307 ] [ 0 ],1.00,1.00,1.20,1.40,-19.63,6.34,0.00,0.00,0.00,0.00,0.00,-0.00,0.00,0.00,0.00,0.00,0.00,0.00,0.00,0.00,0.00,0
1.13995,-21,3,145,0,DRIVE [ 71 ] [ 1 ] [ 1900 1560 1818 ] [    0    0    0 ] [      0      0      0 ] [ 0 ],drive [ 70 ] [ 0 ] [ 1900 1552 1849 ] [   22   35    1 ] [  15553   9979   9307 ] [ 0 ],1.00,1.00,1.20,1.40,-21.25,3.70,0.00,0.00,0.00,0.00,0.00,-0.00,0.00,0.00,0.00,0.00,0.00,0.00,0.00,0.00,0.00,0
1.14983,-23,1,144,0,DRIVE [ 71 ] [ 1 ] [ 1900 1565 1787 ] [    0    0    0 ] [      0      0      0 ] [ 0 ],drive [ 71 ] [ 0 ] [ 1900 1560 1818 ] [   22   35    1 ] [  15008  10122   9308 ] [ 0 ],1.00,1.00,1.20,1.40,-22.64,1.14,0.00,0.00,0.00,0.00,0.00,-0.00,0.00,0.00,0.00,0.00,0.00,0.00,0.00,0.00,0.00,0
1.16025,-24,-1,142,0,DRIVE [ 72 ] [ 1 ] [ 1900 1565 1757 ] [    0    0    0 ] [      0      0      0 ] [ 0 ],drive [ 71 ] [ 0 ] [ 1900 1565 1787 ] [   12   51    9 ] [  15008  10122   9308 ] [ 0 ],1.00,1.00,1.20,1.40,-23.88,-1.23,0.00,0.00,0.00,0.00,0.00,-0.00,0.00,0.00,0.00,0.00,0.00,0.00,0.00,0.00,0.00,0
1.17001,-25,-3,141,0,DRIVE [ 72 ] [ 1 ] [ 1900 1562 1727 ] [    0    0    0 ] [      0      0      0 ] [ 0 ],drive [ 72 ] [ 0 ] [ 1900 1565 1757 ] [   12   51    9 ] [  15008  10122   9308 ] [ 0 ],1.00,1.00,1.20,1.40,-25.02,-3.37,0.00,0.00,0.00,0.00,0.00,-0.00,0.00,0.00,0.00,0.00,0.00,0.00,0.00,0.00,0.00,0
1.18038,-26,-5,139,0,DRIVE [ 73 ] [ 1 ] [ 1900 1557 1697 ] [    0    0    0 ] [      0      0      0 ] [ 0 ],drive [ 72 ] [ 0 ] [ 1900 1562 1727 ] [   12   51    9 ] [  15008  10122   9308 ] [ 0 ],1.00,1.00,1.20,1.40,-26.17,-5.45,0.00,0.00,0.00,0.00,0.00,-0.00,0.00,0.00,0.00,0.00,0.00,0.00,0.00,0.00,0.00,0
1.19074,-27,-6,138,0,DRIVE [ 73 ] [ 1 ] [ 1900 1548 1666 ] [    0    0    0 ] [      0      0      0 ] [ 0 ],drive [ 73 ] [ 0 ] [ 1900 1557 1697 ] [   12   51    9 ] [  15008  10122   9308 ] [ 0 ],1.00,1.00,1.20,1.40,-27.41,-7.47,0.00,0.00,0.00,0.00,0.00,-0.00,0.00,0.00,0.00,0.00,0.00,0.00,0.00,0.00,0.00,0
1.20061,-29,-8,136,0,DRIVE [ 74 ] [ 1 ] [ 1900 1536 1633 ] [    0    0    0 ] [      0      0      0 ] [ 0 ],drive [ 73 ] [ 0 ] [ 1900 1548 1666 ] [   12   51    9 ] [  14761  10299   9366 ] [ 0 ],1.00,1.00,1.20,1.40,-28.84,-9.37,0.00,0.00,0.00,0.00,0.00,-0.00,0.00,0.00,0.00,0.00,0.00,0.00,0.00,0.00,0.00,0
1.2111,-30,-9,135,0,DRIVE [ 74 ] [ 1 ] [ 1900 1519 1603 ] [    0    0    0 ] [      0      0      0 ] [ 0 ],drive [ 74 ] [ 0 ] [ 1900 1536 1633 ] [    3   43   41 ] [  14761  10299   9366 ] [ 0 ],1.00,1.00,1.20,1.40,-30.36,-11.00,0.00,0.00,0.00,0.00,0.00,-0.00,0.00,0.00,0.00,0.00,0.00,0.00,0.00,0.00,0.00,0
1.2228,-32,-10,134,0,DRIVE [ 75 ] [ 1 ] [ 1900 1500 1574 ] [    0    0    0 ] [      0      0      0 ] [ 0 ],drive [ 74 ] [ 0 ] [ 1900 1519 1603 ] [    3   43   41 ] [  14761  10299   9366 ] [ 0 ],1.00,1.00,1.20,1.40,-31.96,-12.44,0.00,0.00,0.00,0.00,0.00,-0.00,0.00,0.00,0.00,0.00,0.00,0.00,0.00,0.00,0.00,0
1.23271,-34,-11,133,0,DRIVE [ 75 ] [ 1 ] [ 1900 1479 1548 ] [    0    0    0 ] [      0      0      0 ] [ 0 ],drive [ 75 ] [ 0 ] [ 1900 1500 1574 ] [    3   43   41 ] [  14761  10299   9366 ] [ 0 ],1.00,1.00,1.20,1.40,-33.61,-13.61,0.00,0.00,0.00,0.00,0.00,-0.00,0.00,0.00,0.00,0.00,0.00,0.00,0.00,0.00,0.00,0
1.24304,-35,-12,131,0,DRIVE [ 76 ] [ 1 ] [ 1900 1458 1525 ] [    0    0    0 ] [      0      0      0 ] [ 0 ],drive [ 75 ] [ 0 ] [ 1900 1479 1548 ] [    3   43   41 ] [  14700  10299   9723 ] [ 0 ],1.00,1.00,1.20,1.40,-35.15,-14.53,0.00,0.00,0.00,0.00,0.00,-0.00,0.00,0.00,0.00,0.00,0.00,0.00,0.00,0.00,0.00,0
1.25443,-37,-13,130,0,DRIVE [ 76 ] [ 1 ] [ 1900 1436 1503 ] [    0    0    0 ] [      0      0      0 ] [ 0 ],drive [ 76 ] [ 0 ] [ 1900 1458 1525 ] [    3   43   41 ] [  14700  10299   9723 ] [ 0 ],1.00,1.00,1.20,1.40,-36.68,-15.37,0.00,0.00,0.00,0.00,0.00,-0.00,0.00,0.00,0.00,0.00,0.00,0.00,0.00,0.00,0.00,0
1.26682,-38,-13,128,0,DRIVE [ 77 ] [ 1 ] [ 1900 1415 1481 ] [    0    0    0 ] [      0      0      0 ] [ 0 ],drive [ 76 ] [ 0 ] [ 1900 1436 1503 ] [    6   46   46 ] [  14700  10299   9723 ] [ 0 ],1.00,1.00,1.20,1.40,-38.05,-16.15,0.00,0.00,0.00,0.00,0.00,-0.00,0.00,0.00,0.00,0.00,0.00,0.00,0.00,0.00,0.00,0
1.27867,-39,-14,127,0,DRIVE [ 77 ] [ 1 ] [ 1900 1396 1461 ] [    0    0    0 ] [      0      0      0 ] [ 0 ],drive [ 77 ] [ 0 ] [ 1900 1415 1481 ] [    6   46   46 ] [  14700  10299   9723 ] [ 0 ],1.00,1.00,1.20,1.40,-39.29,-16.91,0.00,0.00,0.00,0.00,0.00,-0.00,0.00,0.00,0.00,0.00,0.00,0.00,0.00,0.00,0.00,0
1.29073,-40,-15,126,0,DRIVE [ 78 ] [ 1 ] [ 1900 1381 1440 ] [    0    0    0 ] [      0      0      0 ] [ 0 ],drive [ 77 ] [ 0 ] [ 1900 1396 1461 ] [    6   46   46 ] [  14700  10299   9723 ] [ 0 ],1.00,1.00,1.20,1.40,-40.31,-17.79,0.00,0.00,0.00,0.00,0.00,-0.00,0.00,0.00,0.00,0.00,0.00,0.00,0.00,0.00,0.00,0
1.30039,-41,-16,124,0,DRIVE [ 78 ] [ 1 ] [ 1900 1369 1419 ] [    0    0    0 ] [      0      0      0 ] [ 0 ],drive [ 78 ] [ 0 ] [ 1900 1381 1440 ] [    6   46   46 ] [  14556  10374   9951 ] [ 0 ],1.00,1.00,1.20,1.40,-41.13,-18.71,0.00,0.00,0.00,0.00,0.00,-0.00,0.00,0.00,0.00,0.00,0.00,0.00,0.00,0.00,0.00,0
1.31039,-42,-16,123,0,DRIVE [ 79 ] [ 1 ] [ 1900 1362 1401 ] [    0    0    0 ] [      0      0      0 ] [ 0 ],drive [ 78 ] [ 0 ] [ 1900 1369 1419 ] [   24   63   61 ] [  14556  10374   9951 ] [ 0 ],1.00,1.00,1.20,1.40,-41.61,-19.55,0.00,0.00,0.00,0.00,0.00,-0.00,0.00,0.00,0.00,0.00,0.00,0.00,0.00,0.00,0.00,0
1.32224,-42,-17,122,0,DRIVE [ 79 ] [ 1 ] [ 1900 1357 1386 ] [    0    0    0 ] [      0      0      0 ] [ 0 ],drive [ 79 ] [ 0 ] [ 1900 1362 1401 ] [   24   63   61 ] [  14556  10374   9951 ] [ 0 ],1.00,1.00,1.20,1.40,-41.83,-20.27,0.00,0.00,0.00,0.00,0.00,-0.00,0.00,0.00,0.00,0.00,0.00,0.00,0.00,0.00,0.00,0
1.33468,-42,-17,121,0,DRIVE [ 80 ] [ 1 ] [ 1900 1354 1375 ] [    0    0    0 ] [      0      0      0 ] [ 0 ],drive [ 79 ] [ 0 ] [ 1900 1357 1386 ] [   24   63   61 ] [  14556  10374   9951 ] [ 0 ],1.00,1.00,1.20,1.40,-41.91,-20.73,0.00,0.00,0.00,0.00,0.00,-0.00,0.00,0.00,0.00,0.00,0.00,0.00,0.00,0.00,0.00,0
1.34663,-42,-17,120,0,DRIVE [ 80 ] [ 1 ] [ 1900 1351 1368 ] [    0    0    0 ] [      0      0      0 ] [ 0 ],drive [ 80 ] [ 0 ] [ 1900 1354 1375 ] [   24   63   61 ] [  14288  10658  10254 ] [ 0 ],1.00,1.00,1.20,1.40,-41.83,-20.91,0.00,0.00,0.00,0.00,0.00,-0.00,0.00,0.00,0.00,0.00,0.00,0.00,0.00,0.00,0.00,0
1.35631,-42,-17,119,0,DRIVE [ 81 ] [ 1 ] [ 1900 1347 1365 ] [    0    0    0 ] [      0      0      0 ] [ 0 ],drive [ 80 ] [ 0 ] [ 1900 1351 1368 ] [   18   52   76 ] [  14288  10658  10254 ] [ 0 ],1.00,1.00,1.20,1.40,-41.78,-20.83,0.00,0.00,0.00,0.00,0.00,-0.00,0.00,0.00,0.00,0.00,0.00,0.00,0.00,0.00,0.00,0
1.36643,-42,-17,118,0,DRIVE [ 81 ] [ 1 ] [ 1900 1341 1364 ] [    0    0    0 ] [      0      0      0 ] [ 0 ],drive [ 81 ] [ 0 ] [ 1900 1347 1365 ] [   18   52   76 ] [  14288  10658  10254 ] [ 0 ],1.00,1.00,1.20,1.40,-41.74,-20.56,0.00,0.00,0.00,0.00,0.00,-0.00,0.00,0.00,0.00,0.00,0.00,0.00,0.00,0.00,0.00,0
1.37847,-42,-17,116,0,DRIVE [ 82 ] [ 1 ] [ 1900 1334 1365 ] [    0    0    0 ] [      0      0      0 ] [ 0 ],drive [ 81 ] [ 0 ] [ 1900 1341 1364 ] [   18   52   76 ] [  14288  10658  10254 ] [ 0 ],1.00,1.00,1.20,1.40,-41.72,-20.20,0.00,0.00,0.00,0.00,0.00,-0.00,0.00,0.00,0.00,0.00,0.00,0.00,0.00,0.00,0.00,0
1.3904,-42,-17,115,0,DRIVE [ 82 ] [ 1 ] [ 1900 1328 1365 ] [    0    0    0 ] [      0      0      0 ] [ 0 ],drive [ 82 ] [ 0 ] [ 1900 1334 1365 ] [   18   52   76 ] [  14288  10658  10254 ] [ 0 ],1.00,1.00,1.20,1.40,-41.68,-19.80,0.00,0.00,0.00,0.00,0.00,-0.00,0.00,0.00,0.00,0.00,0.00,0.00,0.00,0.00,0.00,0
1.40251,-42,-16,114,0,DRIVE [ 83 ] [ 1 ] [ 1900 1321 1369 ] [    0    0    0 ] [      0      0      0 ] [ 0 ],drive [ 82 ] [ 0 ] [ 1900 1328 1365 ] [   18   52   76 ] [  14194  10658  10564 ] [ 0 ],1.00,1.00,1.20,1.40,-41.59,-19.30,0.00,0.00,0.00,0.00,0.00,-0.00,0.00,0.00,0.00,0.00,0.00,0.00,0.00,0.00,0.00,0
1.41448,-41,-16,113,0,DRIVE [ 83 ] [ 1 ] [ 1900 1316 1372 ] [    0    0    0 ] [      0      0      0 ] [ 0 ],drive [ 83 ] [ 0 ] [ 1900 1321 1369 ] [   28   53   68 ] [  14194  10658  10564 ] [ 0 ],1.00,1.00,1.20,1.40,-41.34,-18.75,0.00,0.00,0.00,0.00,0.00,-0.00,0.00,0.00,0.00,0.00,0.00,0.00,0.00,0.00,0.00,0
1.42464,-41,-15,111,0,DRIVE [ 84 ] [ 1 ] [ 1900 1312 1376 ] [    0    0    0 ] [      0      0      0 ] [ 0 ],drive [ 83 ] [ 0 ] [ 1900 1316 1372 ] [   28   53   68 ] [  14194  10658  10564 ] [ 0 ],1.00,1.00,1.20,1.40,-40.98,-18.20,0.00,0.00,0.00,0.00,0.00,-0.00,0.00,0.00,0.00,0.00,0.00,0.00,0.00,0.00,0.00,0
1.4342,-41,-15,110,0,DRIVE [ 84 ] [ 1 ] [ 1900 1310 1382 ] [    0    0    0 ] [      0      0      0 ] [ 0 ],drive [ 84 ] [ 0 ] [ 1900 1312 1376 ] [   28   53   68 ] [  14194  10658  10564 ] [ 0 ],1.00,1.00,1.20,1.40,-40.57,-17.65,0.00,0.00,0.00,0.00,0.00,-0.00,0.00,0.00,0.00,0.00,0.00,0.00,0.00,0.00,0.00,0
1.44654,-40,-14,109,0,DRIVE [ 85 ] [ 1 ] [ 1900 1308 1389 ] [    0    0    0 ] [      0      0      0 ] [ 0 ],drive [ 84 ] [ 0 ] [ 1900 1310 1382 ] [   28   53   68 ] [  14024  10690  10615 ] [ 0 ],1.00,1.00,1.20,1.40,-40.03,-16.97,0.00,0.00,0.00,0.00,0.00,-0.00,0.00,0.00,0.00,0.00,0.00,0.00,0.00,0.00,0.00,0
1.45844,-39,-13,108,0,DRIVE [ 85 ] [ 1 ] [ 1900 1307 1399 ] [    0    0    0 ] [      0      0      0 ] [ 0 ],drive [ 85 ] [ 0 ] [ 1900 1308 1389 ] [    3   58   54 ] [  14024  10690  10615 ] [ 0 ],1.00,1.00,1.20,1.40,-39.43,-16.18,0.00,0.00,0.00,0.00,0.00,-0.00,0.00,0.00,0.00,0.00,0.00,0.00,0.00,0.00,0.00,0
1.47033,-39,-13,107,0,DRIVE [ 86 ] [ 1 ] [ 1900 1307 1414 ] [    0    0    0 ] [      0      0      0 ] [ 0 ],drive [ 85 ] [ 0 ] [ 1900 1307 1399 ] [    3   58   54 ] [  14024  10690  10615 ] [ 0 ],1.00,1.00,1.20,1.40,-38.66,-15.16,0.00,0.00,0.00,0.00,0.00,-0.00,0.00,0.00,0.00,0.00,0.00,0.00,0.00,0.00,0.00,0
1.48251,-38,-12,105,0,DRIVE [ 86 ] [ 1 ] [ 1900 1305 1432 ] [    0    0    0 ] [      0      0      0 ] [ 0 ],drive [ 86 ] [ 0 ] [ 1900 1307 1414 ] [    3   58   54 ] [  14024  10690  10615 ] [ 0 ],1.00,1.00,1.20,1.40,-37.89,-13.90,0.00,0.00,0.00,0.00,0.00,-0.00,0.00,0.00,0.00,0.00,0.00,0.00,0.00,0.00,0.00,0
1.49236,-37,-10,104,0,DRIVE [ 87 ] [ 1 ] [ 1900 1302 1452 ] [    0    0    0 ] [      0      0      0 ] [ 0 ],drive [ 86 ] [ 0 ] [ 1900 1305 1432 ] [    3   58   54 ] [  13899  10791  10694 ] [ 0 ],1.00,1.00,1.20,1.40,-37.18,-12.57,0.00,0.00,0.00,0.00,0.00,-0.00,0.00,0.00,0.00,0.00,0.00,0.00,0.00,0.00,0.00,0
1.50218,-37,-9,103,0,DRIVE [ 87 ] [ 1 ] [ 1900 1297 1472 ] [    0    0    0 ] [      0      0      0 ] [ 0 ],drive [ 87 ] [ 0 ] [ 1900 1302 1452 ] [    3   58   54 ] [  13899  10791  10694 ] [ 0 ],1.00,1.00,1.20,1.40,-36.51,-11.16,0.00,0.00,0.00,0.00,0.00,-0.00,0.00,0.00,0.00,0.00,0.00,0.00,0.00,0.00,0.00,0
1.51443,-36,-8,102,0,DRIVE [ 88 ] [ 1 ] [ 1900 1288 1493 ] [    0    0    0 ] [      0      0      0 ] [ 0 ],drive [ 87 ] [ 0 ] [ 1900 1297 1472 ] [   27   58   48 ] [  13899  10791  10694 ] [ 0 ],1.00,1.00,1.20,1.40,-35.94,-9.68,0.00,0.00,0.00,0.00,0.00,-0.00,0.00,0.00,0.00,0.00,0.00,0.00,0.00,0.00,0.00,0
1.52637,-35,-7,101,0,DRIVE [ 88 ] [ 1 ] [ 1900 1278 1516 ] [    0    0    0 ] [      0      0      0 ] [ 0 ],drive [ 88 ] [ 0 ] [ 1900 1288 1493 ] [   27   58   48 ] [  13899  10791  10694 ] [ 0 ],1.00,1.00,1.20,1.40,-35.40,-8.11,0.00,0.00,0.00,0.00,0.00,-0.00,0.00,0.00,0.00,0.00,0.00,0.00,0.00,0.00,0.00,0
1.53827,-35,-5,99,0,DRIVE [ 89 ] [ 1 ] [ 1900 1265 1540 ] [    0    0    0 ] [      0      0      0 ] [ 0 ],drive [ 88 ] [ 0 ] [ 1900 1278 1516 ] [   27   58   48 ] [  13899  10791  10694 ] [ 0 ],1.00,1.00,1.20,1.40,-34.85,-6.41,0.00,0.00,0.00,0.00,0.00,-0.00,0.00,0.00,0.00,0.00,0.00,0.00,0.00,0.00,0.00,0
1.54841,-34,-4,98,0,DRIVE [ 89 ] [ 1 ] [ 1900 1249 1565 ] [    0    0    0 ] [      0      0      0 ] [ 0 ],drive [ 89 ] [ 0 ] [ 1900 1265 1540 ] [   27   58   48 ] [  13894  10790  10693 ] [ 0 ],1.00,1.00,1.20,1.40,-34.30,-4.62,0.00,0.00,0.00,0.00,0.00,-0.00,0.00,0.00,0.00,0.00,0.00,0.00,0.00,0.00,0.00,0
1.55831,-34,-2,97,0,DRIVE [ 90 ] [ 1 ] [ 1900 1229 1592 ] [    0    0    0 ] [      0      0      0 ] [ 0 ],drive [ 89 ] [ 0 ] [ 1900 1249 1565 ] [   28   63   37 ] [  13894  10790  10693 ] [ 0 ],1.00,1.00,1.20,1.40,-33.80,-2.72,0.00,0.00,0.00,0.00,0.00,-0.00,0.00,0.00,0.00,0.00,0.00,0.00,0.00,0.00,0.00,0
1.57037,-33,-1,95,0,DRIVE [ 90 ] [ 1 ] [ 1900 1206 1619 ] [    0    0    0 ] [      0      0      0 ] [ 0 ],drive [ 90 ] [ 0 ] [ 1900 1229 1592 ] [   28   63   37 ] [  13894  10790  10693 ] [ 0 ],1.00,1.00,1.20,1.40,-33.33,-0.77,0.00,0.00,0.00,0.00,0.00,-0.00,0.00,0.00,0.00,0.00,0.00,0.00,0.00,0.00,0.00,0
1.58316,-33,1,94,0,DRIVE [ 91 ] [ 1 ] [ 1900 1176 1649 ] [    0    0    0 ] [      0      0      0 ] [ 0 ],drive [ 90 ] [ 0 ] [ 1900 1206 1619 ] [   28   63   37 ] [  13894  10790  10693 ] [ 0 ],1.00,1.00,1.20,1.40,-32.82,1.44,0.00,0.00,0.00,0.00,0.00,-0.00,0.00,0.00,0.00,0.00,0.00,0.00,0.00,-0.00,0.00,0
1.5941,-32,3,93,0,DRIVE [ 91 ] [ 1 ] [ 1900 1139 1682 ] [    0    0    0 ] [      0      0      0 ] [ 0 ],drive [ 91 ] [ 0 ] [ 1900 1176 1649 ] [   28   63   37 ] [  13893  10795  10683 ] [ 0 ],1.00,1.00,1.20,1.40,-32.30,3.89,0.00,0.00,0.00,0.00,0.00,-0.00,0.00,0.00,0.00,0.00,0.00,0.00,0.00,-0.00,0.00,0
1.60649,-32,5,92,0,DRIVE [ 92 ] [ 1 ] [ 1900 1096 1717 ] [    0    0    0 ] [      0      0      0 ] [ 0 ],drive [ 91 ] [ 0 ] [ 1900 1139 1682 ] [   28   63   37 ] [  13893  10795  10683 ] [ 0 ],1.00,1.00,1.20,1.40,-31.75,6.41,0.00,0.00,0.00,0.00,0.00,-0.00,0.00,0.00,0.00,0.00,0.00,0.00,0.00,-0.00,0.00,0
1.61614,-31,6,90,0,DRIVE [ 92 ] [ 1 ] [ 1900 1048 1752 ] [    0    0    0 ] [      0      0      0 ] [ 0 ],drive [ 92 ] [ 0 ] [ 1900 1096 1717 ] [   27   90   25 ] [  13893  10795  10683 ] [ 0 ],1.00,1.00,1.20,1.40,-31.12,8.97,0.00,0.00,0.00,0.00,0.00,-0.00,0.00,0.00,0.00,0.00,0.00,0.00,0.00,-0.00,0.00,0
1.62623,-30,8,89,0,DRIVE [ 93 ] [ 1 ] [ 1900 1005 1788 ] [    0    0    0 ] [      0      0      0 ] [ 0 ],drive [ 92 ] [ 0 ] [ 1900 1048 1752 ] [   27   90   25 ] [  13893  10795  10683 ] [ 0 ],1.00,1.00,1.20,1.40,-30.36,11.51,0.00,0.00,0.00,0.00,0.00,-0.00,0.00,0.00,0.00,0.00,0.00,0.00,0.00,0.00,0.00,0
1.63816,-29,10,88,0,DRIVE [ 93 ] [ 1 ] [ 1900 1005 1826 ] [    0    0    0 ] [      0      0      0 ] [ 0 ],drive [ 93 ] [ 0 ] [ 1900 1005 1788 ] [   27   90   25 ] [  13893  10795  10683 ] [ 0 ],1.00,1.00,1.20,1.40,-29.49,14.06,0.00,0.00,0.00,0.00,0.00,-0.00,0.00,0.00,0.00,0.00,0.00,0.00,0.00,0.00,0.00,0
1.65042,-29,12,87,0,DRIVE [ 94 ] [ 1 ] [ 1900 1005 1864 ] [    0    0    0 ] [      0      0      0 ] [ 0 ],drive [ 93 ] [ 0 ] [ 1900 1005 1826 ] [   27   90   25 ] [  13783  11087  10639 ] [ 0 ],1.00,1.00,1.20,1.40,-28.52,16.56,0.00,0.00,0.00,0.00,0.00,-0.00,0.00,0.00,0.00,0.00,0.00,0.00,0.00,0.00,0.00,0
1.66234,-28,14,86,0,DRIVE [ 94 ] [ 1 ] [ 1900 1005 1901 ] [    0    0    0 ] [      0      0      0 ] [ 0 ],drive [ 94 ] [ 0 ] [ 1900 1005 1864 ] [   27   95   12 ] [  13783  11087  10639 ] [ 0 ],1.00,1.00,1.20,1.40,-27.52,18.95,0.00,0.00,0.00,0.00,0.00,-0.00,0.00,0.00,0.00,0.00,0.00,0.00,0.00,0.00,0.00,0
1.6743,-26,15,84,0,DRIVE [ 95 ] [ 1 ] [ 1870 1005 1901 ] [    0    0    0 ] [      0      0      0 ] [ 0 ],drive [ 94 ] [ 0 ] [ 1900 1005 1901 ] [   27   95   12 ] [  13783  11087  10639 ] [ 0 ],1.00,1.00,1.20,1.40,-26.48,21.08,0.00,0.00,0.00,0.00,0.00,-0.00,0.00,0.00,0.00,0.00,0.00,0.00,0.00,0.00,0.00,0
1.68412,-25,16,83,0,DRIVE [ 95 ] [ 1 ] [ 1834 1005 1901 ] [    0    0    0 ] [      0      0      0 ] [ 0 ],drive [ 95 ] [ 0 ] [ 1870 1005 1901 ] [   27   95   12 ] [  13783  11087  10639 ] [ 0 ],1.00,1.00,1.20,1.40,-25.46,22.81,0.00,0.00,0.00,0.00,0.00,-0.00,0.00,0.00,0.00,0.00,0.00,0.00,0.00,0.00,0.00,0
1.69444,-25,17,82,0,DRIVE [ 96 ] [ 1 ] [ 1804 1005 1901 ] [    0    0    0 ] [      0      0      0 ] [ 0 ],drive [ 95 ] [ 0 ] [ 1834 1005 1901 ] [   27   95   12 ] [  13624  11388  10276 ] [ 0 ],1.00,1.00,1.20,1.40,-24.61,24.26,0.00,0.00,0.00,0.00,0.00,-0.00,0.00,0.00,0.00,0.00,0.00,0.00,0.00,0.00,0.00,0
1.70642,-24,18,81,0,DRIVE [ 96 ] [ 1 ] [ 1778 1005 1901 ] [    0    0    0 ] [      0      0      0 ] [ 0 ],drive [ 96 ] [ 0 ] [ 1804 1005 1901 ] [   27   95   12 ] [  13624  11388  10276 ] [ 0 ],1.00,1.00,1.20,1.40,-23.93,25.48,0.00,0.00,0.00,0.00,0.00,-0.00,0.00,0.00,0.00,0.00,0.00,0.00,0.00,0.00,0.00,0
1.71807,-23,19,81,0,DRIVE [ 97 ] [ 1 ] [ 1755 1005 1901 ] [    0    0    0 ] [      0      0      0 ] [ 0 ],drive [ 96 ] [ 0 ] [ 1778 1005 1901 ] [   12   95    5 ] [  13624  11388  10276 ] [ 0 ],1.00,1.00,1.20,1.40,-23.37,26.56,0.00,0.00,0.00,0.00,0.00,-0.00,0.00,0.00,0.00,0.00,0.00,0.00,0.00,0.00,0.00,0
1.73055,-23,20,80,0,DRIVE [ 97 ] [ 1 ] [ 1732 1005 1901 ] [    0    0    0 ] [      0      0      0 ] [ 0 ],drive [ 97 ] [ 0 ] [ 1755 1005 1901 ] [   12   95    5 ] [  13624  11388  10276 ] [ 0 ],1.00,1.00,1.20,1.40,-22.80,27.57,0.00,0.00,0.00,0.00,0.00,-0.00,0.00,0.00,0.00,0.00,0.00,0.00,0.00,0.00,0.00,0
1.74059,-22,20,79,0,DRIVE [ 98 ] [ 1 ] [ 1708 1005 1901 ] [    0    0    0 ] [      0      0      0 ] [ 0 ],drive [ 97 ] [ 0 ] [ 1732 1005 1901 ] [   12   95    5 ] [  13624  11388  10276 ] [ 0 ],1.00,1.00,1.20,1.40,-22.24,28.67,0.00,0.00,0.00,0.00,0.00,-0.00,0.00,0.00,0.00,0.00,0.00,0.00,0.00,0.00,0.00,0
1.75046,-22,21,78,0,DRIVE [ 98 ] [ 1 ] [ 1683 1005 1901 ] [    0    0    0 ] [      0      0      0 ] [ 0 ],drive [ 98 ] [ 0 ] [ 1708 1005 1901 ] [   12   95    5 ] [  13657  11477  10003 ] [ 0 ],1.00,1.00,1.20,1.40,-21.67,29.76,0.00,0.00,0.00,0.00,0.00,-0.00,0.00,0.00,0.00,0.00,0.00,0.00,0.00,0.00,0.00,0
1.76266,-21,22,77,0,DRIVE [ 99 ] [ 1 ] [ 1659 1005 1901 ] [    0    0    0 ] [      0      0      0 ] [ 0 ],drive [ 98 ] [ 0 ] [ 1683 1005 1901 ] [   31   93    4 ] [  13657  11477  10003 ] [ 0 ],1.00,1.00,1.20,1.40,-21.09,30.71,0.00,0.00,0.00,0.00,0.00,-0.00,0.00,0.00,0.00,0.00,0.00,0.00,0.00,0.00,0.00,0
1.77473,-20,22,76,0,DRIVE [ 99 ] [ 1 ] [ 1640 1005 1901 ] [    0    0    0 ] [      0      0      0 ] [ 0 ],drive [ 99 ] [ 0 ] [ 1659 1005 1901 ] [   31   93    4 ] [  13657  11477  10003 ] [ 0 ],1.00,1.00,1.20,1.40,-20.49,31.39,0.00,0.00,0.00,0.00,0.00,-0.00,0.00,0.00,0.00,0.00,0.00,0.00,0.00,0.00,0.00,0
1.78623,-20,23,76,0,DRIVE [ 00 ] [ 1 ] [ 1624 1005 1901 ] [    0    0    0 ] [      0      0      0 ] [ 0 ],drive [ 99 ] [ 0 ] [ 1640 1005 1901 ] [   31   93    4 ] [  13657  11477  10003 ] [ 0 ],1.00,1.00,1.20,1.40,-19.79,31.73,0.00,0.00,0.00,0.00,0.00,-0.00,0.00,0.00,0.00,0.00,0.00,0.00,0.00,0.00,0.00,0
1.79849,-19,23,75,0,DRIVE [ 00 ] [ 1 ] [ 1613 1005 1901 ] [    0    0    0 ] [      0      0      0 ] [ 0 ],drive [ 00 ] [ 0 ] [ 1624 1005 1901 ] [   31   93    4 ] [  13950  11645   9831 ] [ 0 ],1.00,1.00,1.20,1.40,-18.92,31.63,0.00,0.00,0.00,0.00,0.00,-0.00,0.00,0.00,0.00,0.00,0.00,0.00,0.00,0.00,0.00,0
1.80839,-18,22,75,0,DRIVE [ 01 ] [ 1 ] [ 1606 1005 1901 ] [    0    0    0 ] [      0      0      0 ] [ 0 ],drive [ 00 ] [ 0 ] [ 1613 1005 1901 ] [   47  106   25 ] [  13950  11645   9831 ] [ 0 ],1.00,1.00,1.20,1.40,-17.87,31.18,0.00,0.00,0.00,0.00,0.00,-0.00,0.00,0.00,0.00,0.00,0.00,0.00,0.00,0.00,0.00,0
1.81812,-17,22,75,0,DRIVE [ 01 ] [ 1 ] [ 1601 1005 1901 ] [    0    0    0 ] [      0      0      0 ] [ 0 ],drive [ 01 ] [ 0 ] [ 1606 1005 1901 ] [   47  106   25 ] [  13950  11645   9831 ] [ 0 ],1.00,1.00,1.20,1.40,-16.64,30.43,0.00,0.00,0.00,0.00,0.00,-0.00,0.00,0.00,0.00,0.00,0.00,0.00,0.00,0.00,0.00,0
1.83039,-15,21,75,0,DRIVE [ 02 ] [ 1 ] [ 1598 1005 1901 ] [    0    0    0 ] [      0      0      0 ] [ 0 ],drive [ 01 ] [ 0 ] [ 1601 1005 1901 ] [   47  106   25 ] [  13950  11645   9831 ] [ 0 ],1.00,1.00,1.20,1.40,-15.27,29.43,0.00,0.00,0.00,0.00,0.00,-0.00,0.00,0.00,0.00,0.00,0.00,0.00,0.00,0.00,0.00,0
1.84246,-14,20,74,0,DRIVE [ 02 ] [ 1 ] [ 1595 1037 1901 ] [    0    0    0 ] [      0      0      0 ] [ 0 ],drive [ 02 ] [ 0 ] [ 1598 1005 1901 ] [   47  106   25 ] [  13950  11645   9831 ] [ 0 ],1.00,1.00,1.20,1.40,-13.86,28.35,0.00,0.00,0.00,0.00,0.00,-0.00,0.00,0.00,0.00,0.00,0.00,0.00,0.00,0.00,0.00,0
1.85473,-12,19,74,0,DRIVE [ 03 ] [ 1 ] [ 1594 1089 1901 ] [    0    0    0 ] [      0      0      0 ] [ 0 ],drive [ 02 ] [ 0 ] [ 1595 1037 1901 ] [   47  106   25 ] [  14127  11822   9465 ] [ 0 ],1.00,1.00,1.20,1.40,-12.47,27.23,0.00,0.00,0.00,0.00,0.00,-0.00,0.00,0.00,0.00,0.00,0.00,0.00,0.00,-0.00,0.00,0
1.86688,-11,19,74,0,DRIVE [ 03 ] [ 1 ] [ 1593 1141 1901 ] [    0    0    0 ] [      0      0      0 ] [ 0 ],drive [ 03 ] [ 0 ] [ 1594 1089 1901 ] [   41   90    1 ] [  14127  11822   9465 ] [ 0 ],1.00,1.00,1.20,1.40,-11.11,26.09,0.00,0.00,0.00,0.00,0.00,-0.00,0.00,0.00,0.00,0.00,0.00,0.00,0.00,-0.00,0.00,0
1.87679,-10,18,73,0,DRIVE [ 04 ] [ 1 ] [ 1590 1193 1901 ] [    0    0    0 ] [      0      0      0 ] [ 0 ],drive [ 03 ] [ 0 ] [ 1593 1141 1901 ] [   41   90    1 ] [  14127  11822   9465 ] [ 0 ],1.00,1.00,1.20,1.40,-9.72,24.98,0.00,0.00,0.00,0.00,0.00,-0.00,0.00,0.00,0.00,0.00,0.00,0.00,0.00,-0.00,0.00,0
1.88756,-8,17,73,0,DRIVE [ 04 ] [ 1 ] [ 1586 1242 1901 ] [    0    0    0 ] [      0      0      0 ] [ 0 ],drive [ 04 ] [ 0 ] [ 1590 1193 1901 ] [   41   90    1 ] [  14127  11822   9465 ] [ 0 ],1.00,1.00,1.20,1.40,-8.37,23.95,0.00,0.00,0.00,0.00,0.00,-0.00,0.00,0.00,0.00,0.00,0.00,0.00,0.00,-0.00,0.00,0
1.89897,-7,16,72,0,DRIVE [ 05 ] [ 1 ] [ 1580 1289 1901 ] [    0    0    0 ] [      0      0      0 ] [ 0 ],drive [ 04 ] [ 0 ] [ 1586 1242 1901 ] [   41   90    1 ] [  14258  11822   9350 ] [ 0 ],1.00,1.00,1.20,1.40,-7.03,23.00,0.00,0.00,0.00,0.00,0.00,-0.00,0.00,0.00,0.00,0.00,0.00,0.00,0.00,-0.00,0.00,0
1.91036,-6,16,72,0,DRIVE [ 05 ] [ 1 ] [ 1573 1334 1901 ] [    0    0    0 ] [      0      0      0 ] [ 0 ],drive [ 05 ] [ 0 ] [ 1580 1289 1901 ] [   38   65   22 ] [  14258  11822   9350 ] [ 0 ],1.00,1.00,1.20,1.40,-5.74,22.14,0.00,0.00,0.00,0.00,0.00,-0.00,0.00,0.00,0.00,0.00,0.00,0.00,0.00,-0.00,0.00,0
1.92242,-4,15,71,0,DRIVE [ 06 ] [ 1 ] [ 1564 1375 1901 ] [    0    0    0 ] [      0      0      0 ] [ 0 ],drive [ 05 ] [ 0 ] [ 1573 1334 1901 ] [   38   65   22 ] [  14258  11822   9350 ] [ 0 ],1.00,1.00,1.20,1.40,-4.50,21.31,0.00,0.00,0.00,0.00,0.00,-0.00,0.00,0.00,0.00,0.00,0.00,0.00,0.00,-0.00,0.00,0
1.93254,-3,15,71,0,DRIVE [ 06 ] [ 1 ] [ 1555 1415 1901 ] [    0    0    0 ] [      0      0      0 ] [ 0 ],drive [ 06 ] [ 0 ] [ 1564 1375 1901 ] [   38   65   22 ] [  14258  11822   9350 ] [ 0 ],1.00,1.00,1.20,1.40,-3.31,20.49,0.00,0.00,0.00,0.00,0.00,-0.00,0.00,0.00,0.00,0.00,0.00,0.00,0.00,-0.00,0.00,0
1.9425,-2,14,70,0,DRIVE [ 07 ] [ 1 ] [ 1547 1453 1901 ] [    0    0    0 ] [      0      0      0 ] [ 0 ],drive [ 06 ] [ 0 ] [ 1555 1415 1901 ] [   38   65   22 ] [  14289  11775   9351 ] [ 0 ],1.00,1.00,1.20,1.40,-2.20,19.72,0.00,0.00,0.00,0.00,0.00,-0.00,0.00,0.00,0.00,0.00,0.00,0.00,0.00,-0.00,0.00,0
1.95445,-1,14,69,0,DRIVE [ 07 ] [ 1 ] [ 1538 1487 1901 ] [    0    0    0 ] [      0      0      0 ] [ 0 ],drive [ 07 ] [ 0 ] [ 1547 1453 1901 ] [   38   65   22 ] [  14289  11775   9351 ] [ 0 ],1.00,1.00,1.20,1.40,-1.18,18.95,0.00,0.00,0.00,0.00,0.00,-0.00,0.00,0.00,0.00,0.00,0.00,0.00,0.00,-0.00,0.00,0
1.96664,0,13,69,0,DRIVE [ 08 ] [ 1 ] [ 1530 1519 1901 ] [    0    0    0 ] [      0      0      0 ] [ 0 ],drive [ 07 ] [ 0 ] [ 1538 1487 1901 ] [   37   69   23 ] [  14289  11775   9351 ] [ 0 ],1.00,1.00,1.20,1.40,-0.25,18.18,0.00,0.00,0.00,0.00,0.00,-0.00,0.00,0.00,0.00,0.00,0.00,0.00,0.00,-0.00,0.00,0
1.97868,1,12,68,0,DRIVE [ 08 ] [ 1 ] [ 1524 1548 1901 ] [    0    0    0 ] [      0      0      0 ] [ 0 ],drive [ 08 ] [ 0 ] [ 1530 1519 1901 ] [   37   69   23 ] [  14289  11775   9351 ] [ 0 ],1.00,1.00,1.20,1.40,0.54,17.43,0.00,0.00,0.00,0.00,0.00,-0.00,0.00,0.00,0.00,0.00,0.00,0.00,-0.00,-0.00,0.00,0
1.99035,1,12,67,0,DRIVE [ 09 ] [ 1 ] [ 1520 1571 1901 ] [    0    0    0 ] [      0      0      0 ] [ 0 ],drive [ 08 ] [ 0 ] [ 1524 1548 1901 ] [   37   69   23 ] [  14289  11775   9351 ] [ 0 ],1.00,1.00,1.20,1.40,1.15,16.74,0.00,0.00,0.00,0.00,0.00,-0.00,0.00,0.00,0.00,0.00,0.00,0.00,-0.00,-0.00,0.00,0
2.00035,2,11,66,0,DRIVE [ 09 ] [ 1 ] [ 1519 1589 1901 ] [    0    0    0 ] [      0      0      0 ] [ 0 ],drive [ 09 ] [ 0 ] [ 1520 1571 1901 ] [   37   69   23 ] [  14320  11578   9336 ] [ 0 ],1.00,1.00,1.20,1.40,1.55,16.07,0.00,0.00,0.00,0.00,0.00,-0.00,0.00,0.00,0.00,0.00,0.00,0.00,-0.00,-0.00,0.00,0
2.01064,2,11,65,0,DRIVE [ 10 ] [ 1 ] [ 1523 1604 1901 ] [    0    0    0 ] [      0      0      0 ] [ 0 ],drive [ 09 ] [ 0 ] [ 1519 1589 1901 ] [   43   32   16 ] [  14320  11578   9336 ] [ 0 ],1.00,1.00,1.20,1.40,1.77,15.42,0.00,0.00,0.00,0.00,0.00,-0.00,0.00,0.00,0.00,0.00,0.00,0.00,-0.00,-0.00,0.00,0
2.02258,2,11,65,0,DRIVE [ 10 ] [ 1 ] [ 1533 1616 1901 ] [    0    0    0 ] [      0      0      0 ] [ 0 ],drive [ 10 ] [ 0 ] [ 1523 1604 1901 ] [   43   32   16 ] [  14320  11578   9336 ] [ 0 ],1.00,1.00,1.20,1.40,1.77,14.71,0.00,0.00,0.00,0.00,0.00,-0.00,0.00,0.00,0.00,0.00,0.00,0.00,-0.00,-0.00,0.00,0
2.03424,2,10,64,0,DRIVE [ 11 ] [ 1 ] [ 1550 1625 1901 ] [    0    0    0 ] [      0      0      0 ] [ 0 ],drive [ 10 ] [ 0 ] [ 1533 1616 1901 ] [   43   32   16 ] [  14320  11578   9336 ] [ 0 ],1.00,1.00,1.20,1.40,1.59,13.94,0.00,0.00,0.00,0.00,0.00,-0.00,0.00,0.00,0.00,0.00,0.00,0.00,-0.00,-0.00,0.00,0
2.04663,1,9,63,0,DRIVE [ 11 ] [ 1 ] [ 1576 1634 1901 ] [    0    0    0 ] [      0      0      0 ] [ 0 ],drive [ 11 ] [ 0 ] [ 1550 1625 1901 ] [   43   32   16 ] [  14728  11184   9252 ] [ 0 ],1.00,1.00,1.20,1.40,1.22,13.02,0.00,0.00,0.00,0.00,0.00,-0.00,0.00,0.00,0.00,0.00,0.00,0.00,-0.00,-0.00,0.00,0
2.05829,1,9,62,0,DRIVE [ 12 ] [ 1 ] [ 1609 1645 1901 ] [    0    0    0 ] [      0      0      0 ] [ 0 ],drive [ 11 ] [ 0 ] [ 1576 1634 1901 ] [   41   25   16 ] [  14728  11184   9252 ] [ 0 ],1.00,1.00,1.20,1.40,0.76,11.94,0.00,0.00,0.00,0.00,0.00,-0.00,0.00,0.00,0.00,0.00,0.00,0.00,-0.00,-0.00,0.00,0
2.06793,0,8,62,0,DRIVE [ 12 ] [ 1 ] [ 1644 1659 1901 ] [    0    0    0 ] [      0      0      0 ] [ 0 ],drive [ 12 ] [ 0 ] [ 1609 1645 1901 ] [   41   25   16 ] [  14728  11184   9252 ] [ 0 ],1.00,1.00,1.20,1.40,0.31,10.77,0.00,0.00,0.00,0.00,0.00,-0.00,0.00,0.00,0.00,0.00,0.00,0.00,-0.00,-0.00,0.00,0
2.07869,0,7,61,0,DRIVE [ 13 ] [ 1 ] [ 1678 1676 1901 ] [    0    0    0 ] [      0      0      0 ] [ 0 ],drive [ 12 ] [ 0 ] [ 1644 1659 1901 ] [   41   25   16 ] [  14728  11184   9252 ] [ 0 ],1.00,1.00,1.20,1.40,-0.05,9.56,0.00,0.00,0.00,0.00,0.00,-0.00,0.00,0.00,0.00,0.00,0.00,0.00,0.00,-0.00,0.00,0
2.09056,0,6,60,0,DRIVE [ 13 ] [ 1 ] [ 1707 1696 1901 ] [    0    0    0 ] [      0      0      0 ] [ 0 ],drive [ 13 ] [ 0 ] [ 1678 1676 1901 ] [   41   25   16 ] [  14728  11184   9252 ] [ 0 ],1.00,1.00,1.20,1.40,-0.22,8.42,0.00,0.00,0.00,0.00,0.00,-0.00,0.00,0.00,0.00,0.00,0.00,0.00,0.00,-0.00,0.00,0
2.10241,0,5,60,0,DRIVE [ 14 ] [ 1 ] [ 1733 1718 1901 ] [    0    0    0 ] [      0      0      0 ] [ 0 ],drive [ 13 ] [ 0 ] [ 1707 1696 1901 ] [   41   25   16 ] [  14901  11077   9074 ] [ 0 ],1.00,1.00,1.20,1.40,-0.29,7.33,0.00,0.00,0.00,0.00,0.00,-0.00,0.00,0.00,0.00,0.00,0.00,0.00,0.00,-0.00,0.00,0
2.11447,0,4,59,0,DRIVE [ 14 ] [ 1 ] [ 1757 1742 1901 ] [    0    0    0 ] [      0      0      0 ] [ 0 ],drive [ 14 ] [ 0 ] [ 1733 1718 1901 ] [   33   35    6 ] [  14901  11077   9074 ] [ 0 ],1.00,1.00,1.20,1.40,-0.28,6.27,0.00,0.00,0.00,0.00,0.00,-0.00,0.00,0.00,0.00,0.00,0.00,0.00,0.00,-0.00,0.00,0
2.12417,0,4,58,0,DRIVE [ 15 ] [ 1 ] [ 1780 1767 1901 ] [    0    0    0 ] [      0      0      0 ] [ 0 ],drive [ 14 ] [ 0 ] [ 1757 1742 1901 ] [   33   35    6 ] [  14901  11077   9074 ] [ 0 ],1.00,1.00,1.20,1.40,-0.25,5.23,0.00,0.00,0.00,0.00,0.00,-0.00,0.00,0.00,0.00,0.00,0.00,0.00,0.00,-0.00,0.00,0
2.13415,0,3,58,0,DRIVE [ 15 ] [ 1 ] [ 1804 1792 1901 ] [    0    0    0 ] [      0      0      0 ] [ 0 ],drive [ 15 ] [ 0 ] [ 1780 1767 1901 ] [   33   35    6 ] [  14901  11077   9074 ] [ 0 ],1.00,1.00,1.20,1.40,-0.23,4.20,0.00,0.00,0.00,0.00,0.00,-0.00,0.00,0.00,0.00,0.00,0.00,0.00,0.00,-0.00,0.00,0
2.14664,0,2,57,0,DRIVE [ 16 ] [ 1 ] [ 1829 1816 1901 ] [    0    0    0 ] [      0      0      0 ] [ 0 ],drive [ 15 ] [ 0 ] [ 1804 1792 1901 ] [   33   35    6 ] [  14883  11049   9043 ] [ 0 ],1.00,1.00,1.20,1.40,-0.26,3.20,0.00,0.00,0.00,0.00,0.00,-0.00,0.00,0.00,0.00,0.00,0.00,0.00,0.00,-0.00,0.00,0
2.15842,0,2,56,0,DRIVE [ 16 ] [ 1 ] [ 1855 1835 1901 ] [    0    0    0 ] [      0      0      0 ] [ 0 ],drive [ 16 ] [ 0 ] [ 1829 1816 1901 ] [   11   26   16 ] [  14883  11049   9043 ] [ 0 ],1.00,1.00,1.20,1.40,-0.35,2.28,0.00,0.00,0.00,0.00,0.00,-0.00,0.00,0.00,0.00,0.00,0.00,0.00,0.00,-0.00,0.00,0
2.1703,-1,1,55,0,DRIVE [ 17 ] [ 1 ] [ 1879 1850 1901 ] [    0    0    0 ] [      0      0      0 ] [ 0 ],drive [ 16 ] [ 0 ] [ 1855 1835 1901 ] [   11   26   16 ] [  14883  11049   9043 ] [ 0 ],1.00,1.00,1.20,1.40,-0.53,1.45,0.00,0.00,0.00,0.00,0.00,-0.00,0.00,0.00,0.00,0.00,0.00,0.00,0.00,-0.00,0.00,0
2.18253,-1,1,55,0,DRIVE [ 17 ] [ 1 ] [ 1901 1853 1901 ] [    0    0    0 ] [      0      0      0 ] [ 0 ],drive [ 17 ] [ 0 ] [ 1879 1850 1901 ] [   11   26   16 ] [  14883  11049   9043 ] [ 0 ],1.00,1.00,1.20,1.40,-0.76,0.70,0.00,0.00,0.00,0.00,0.00,-0.00,0.00,0.00,0.00,0.00,0.00,0.00,0.00,-0.00,0.00,0
2.19246,-1,0,54,0,DRIVE [ 18 ] [ 1 ] [ 1901 1862 1891 ] [    0    0    0 ] [      0      0      0 ] [ 0 ],drive [ 17 ] [ 0 ] [ 1901 1853 1901 ] [   11   26   16 ] [  14834  10745   9046 ] [ 0 ],1.00,1.00,1.20,1.40,-1.05,0.09,0.00,0.00,0.00,0.00,0.00,-0.00,0.00,0.00,0.00,0.00,0.00,0.00,0.00,-0.00,0.00,0
2.20234,-1,0,53,0,DRIVE [ 18 ] [ 1 ] [ 1901 1857 1875 ] [    0    0    0 ] [      0      0      0 ] [ 0 ],drive [ 18 ] [ 0 ] [ 1901 1862 1891 ] [   11   26   16 ] [  14834  10745   9046 ] [ 0 ],1.00,1.00,1.20,1.40,-1.38,-0.32,0.00,0.00,0.00,0.00,0.00,-0.00,0.00,0.00,0.00,0.00,0.00,0.00,0.00,0.00,0.00,0
2.21459,-2,0,52,0,DRIVE [ 19 ] [ 1 ] [ 1901 1846 1862 ] [    0    0    0 ] [      0      0      0 ] [ 0 ],drive [ 18 ] [ 0 ] [ 1901 1857 1875 ] [    5   20    9 ] [  14834  10745   9046 ] [ 0 ],1.00,1.00,1.20,1.40,-1.73,-0.55,0.00,0.00,0.00,0.00,0.00,-0.00,0.00,0.00,0.00,0.00,0.00,0.00,0.00,0.00,0.00,0
2.22658,-2,-1,51,0,DRIVE [ 19 ] [ 1 ] [ 1901 1833 1852 ] [    0    0    0 ] [      0      0      0 ] [ 0 ],drive [ 19 ] [ 0 ] [ 1901 1846 1862 ] [    5   20    9 ] [  14834  10745   9046 ] [ 0 ],1.00,1.00,1.20,1.40,-2.08,-0.68,0.00,0.00,0.00,0.00,0.00,-0.00,0.00,0.00,0.00,0.00,0.00,0.00,0.00,0.00,0.00,0
2.23836,-2,-1,50,0,DRIVE [ 20 ] [ 1 ] [ 1901 1819 1844 ] [    0    0    0 ] [      0      0      0 ] [ 0 ],drive [ 19 ] [ 0 ] [ 1901 1833 1852 ] [    5   20    9 ] [  14834  10745   9046 ] [ 0 ],1.00,1.00,1.20,1.40,-2.41,-0.73,0.00,0.00,0.00,0.00,0.00,-0.00,0.00,0.00,0.00,0.00,0.00,0.00,0.00,0.00,0.00,0
2.2485,-3,-1,49,1,DRIVE [ 20 ] [ 1 ] [ 1901 1806 1841 ] [    0    0    0 ] [      0      0      0 ] [ 0 ],drive [ 20 ] [ 0 ] [ 1901 1819 1844 ] [    5   20    9 ] [  14678  10477   9106 ] [ 0 ],1.00,1.00,1.20,1.40,-2.67,-0.66,0.00,0.00,0.00,0.00,0.00,-0.00,0.00,0.00,0.00,0.00,0.00,0.00,0.00,0.00,0.00,0
